6_Funeral_Funeral_6_909
25
407 249 95 110 0.8849
807 252 98 120 0.8745
718 336 12 17 0.2990
703 332 11 15 0.2274
785 340 16 20 0.1637
790 340 16 21 0.1587
699 332 11 15 0.1452
762 348 16 29 0.1228
716 337 13 17 0.0964
722 336 12 17 0.0899
784 338 15 20 0.0656
765 349 18 32 0.0505
676 328 12 16 0.0464
757 349 17 28 0.0464
792 336 13 21 0.0461
700 334 10 15 0.0330
1006 305 17 39 0.0330
758 349 19 29 0.0297
1008 305 16 45 0.0257
1002 307 18 44 0.0223
679 328 11 14 0.0155
1002 305 16 41 0.0141
678 326 13 17 0.0139
757 352 18 30 0.0117
699 332 10 12 0.0115
