6_Funeral_Funeral_6_733
24
829 127 132 169 0.8768
134 205 81 85 0.8762
657 151 81 100 0.8655
27 279 27 40 0.7519
212 289 30 39 0.7241
332 301 17 19 0.6569
298 306 14 16 0.3545
302 306 14 16 0.3435
259 308 12 16 0.2432
390 305 8 12 0.1057
262 307 12 15 0.0805
393 304 9 13 0.0728
316 308 11 15 0.0709
276 297 13 17 0.0683
272 298 12 15 0.0640
604 275 12 20 0.0567
279 300 13 16 0.0457
261 306 14 19 0.0322
259 309 14 19 0.0311
337 301 15 18 0.0262
318 312 10 13 0.0215
262 306 9 10 0.0127
309 307 12 15 0.0121
602 276 9 18 0.0106
