6_Funeral_Funeral_6_618
77
540 2024 224 212 0.8796
733 460 125 165 0.8657
913 4304 111 132 0.7618
635 3342 134 150 0.7590
347 483 54 67 0.5580
251 2464 76 104 0.5021
259 479 57 70 0.4859
537 1191 91 106 0.3410
269 477 58 69 0.2775
527 1192 85 97 0.2749
266 2468 72 99 0.2706
149 507 53 67 0.2267
163 517 46 58 0.2125
148 520 46 57 0.1896
163 4411 68 71 0.1823
189 476 49 60 0.1780
72 478 48 64 0.1597
60 478 47 65 0.1597
190 2464 56 74 0.1209
668 1169 60 80 0.1139
231 4380 70 89 0.1133
417 4371 77 98 0.1063
140 482 52 67 0.0977
349 4413 69 74 0.0841
330 1166 50 57 0.0653
238 4392 72 85 0.0644
533 1194 87 103 0.0601
184 2458 53 70 0.0595
70 470 45 57 0.0588
338 4416 63 68 0.0585
346 1170 49 58 0.0546
155 4404 62 71 0.0506
443 1167 39 45 0.0496
269 477 55 68 0.0468
70 4403 59 74 0.0457
687 1172 51 75 0.0453
425 4385 78 92 0.0400
534 4413 70 76 0.0391
58 470 44 57 0.0390
405 530 47 59 0.0368
56 4401 59 76 0.0362
893 2573 39 51 0.0333
319 1158 49 54 0.0327
864 574 94 126 0.0325
66 517 44 58 0.0324
593 4369 74 96 0.0303
432 1167 38 43 0.0296
112 2443 41 53 0.0291
254 478 54 62 0.0288
341 4398 61 74 0.0282
49 2479 58 85 0.0281
68 4391 55 72 0.0275
545 1194 88 104 0.0264
383 519 50 61 0.0259
398 519 46 55 0.0244
880 2572 39 51 0.0243
71 2470 62 84 0.0240
341 1157 46 51 0.0219
305 1172 41 47 0.0216
454 2677 36 43 0.0213
592 486 74 92 0.0206
52 4389 58 77 0.0192
609 4369 73 97 0.0187
425 1166 46 55 0.0177
523 453 48 49 0.0170
333 4403 56 64 0.0143
110 2586 41 54 0.0139
531 461 57 68 0.0138
444 2677 34 39 0.0135
287 496 49 59 0.0132
59 2460 42 56 0.0129
317 1167 50 53 0.0128
231 494 53 64 0.0127
362 482 49 64 0.0125
346 478 50 60 0.0123
337 468 50 64 0.0116
120 2594 37 47 0.0105
