6_Funeral_Funeral_6_531
109
135 323 18 23 0.7986
44 337 20 24 0.7865
163 318 16 20 0.7607
81 331 20 25 0.7263
229 326 13 18 0.5964
384 267 11 14 0.5676
322 279 12 15 0.5646
447 248 10 12 0.5096
352 278 11 13 0.5068
261 290 13 17 0.4934
411 264 11 14 0.4790
337 278 10 14 0.4692
196 315 12 16 0.4499
247 307 12 16 0.4170
179 320 11 16 0.4169
435 252 10 12 0.3946
433 252 10 13 0.3874
458 258 9 11 0.3445
340 278 10 13 0.3422
115 325 13 17 0.2964
461 258 9 11 0.2758
270 285 11 15 0.2605
414 263 11 14 0.2560
199 315 12 16 0.2502
538 232 10 12 0.2335
287 300 11 17 0.2236
249 307 12 16 0.2230
525 233 9 11 0.1944
270 283 10 14 0.1771
403 260 10 13 0.1659
233 327 11 17 0.1620
282 286 11 14 0.1518
290 302 10 15 0.1475
325 280 11 14 0.1475
513 228 9 10 0.1459
510 228 8 9 0.1456
222 309 12 15 0.1342
288 291 11 15 0.1331
458 257 9 11 0.1212
478 241 9 11 0.1163
523 232 9 10 0.1159
488 250 8 11 0.1057
400 259 9 11 0.1006
247 292 11 15 0.0972
535 232 9 11 0.0969
445 248 9 11 0.0955
225 309 13 15 0.0912
287 306 11 14 0.0893
482 242 8 10 0.0878
108 326 12 16 0.0861
264 291 12 17 0.0848
389 267 9 12 0.0799
220 306 11 13 0.0769
177 318 12 16 0.0764
601 227 7 10 0.0742
287 293 11 15 0.0736
491 249 8 11 0.0727
386 267 11 14 0.0677
403 259 9 11 0.0676
603 227 8 10 0.0655
481 243 8 10 0.0654
314 284 10 13 0.0613
273 283 9 13 0.0590
161 318 15 20 0.0578
227 326 12 17 0.0567
557 224 7 9 0.0564
382 267 11 13 0.0555
246 302 13 18 0.0523
223 306 11 14 0.0509
522 232 9 11 0.0500
102 333 12 17 0.0493
262 291 12 17 0.0484
483 261 9 10 0.0460
291 306 10 13 0.0457
560 224 7 9 0.0415
491 248 8 10 0.0414
111 323 14 19 0.0411
79 331 21 26 0.0355
541 232 9 11 0.0342
437 253 10 11 0.0339
487 260 8 11 0.0309
605 228 7 9 0.0305
355 280 10 11 0.0287
511 230 8 9 0.0282
443 246 10 13 0.0280
189 316 13 17 0.0247
445 248 9 12 0.0238
476 244 8 10 0.0220
522 235 8 10 0.0206
318 280 10 13 0.0196
588 232 6 8 0.0177
584 233 7 8 0.0173
115 320 13 18 0.0157
413 264 11 13 0.0157
513 244 8 10 0.0150
160 318 15 20 0.0143
584 231 7 9 0.0139
416 266 10 11 0.0134
383 268 10 13 0.0131
244 295 11 14 0.0129
461 259 9 10 0.0129
905 249 9 10 0.0127
514 229 8 9 0.0121
204 315 11 15 0.0114
457 245 9 11 0.0114
358 277 10 12 0.0112
489 262 8 10 0.0107
553 260 6 8 0.0102
338 276 11 14 0.0101
