6_Funeral_Funeral_6_77
220
585 362 22 24 0.7872
86 355 19 22 0.7475
943 504 19 29 0.6757
551 360 16 19 0.6588
112 367 19 20 0.6462
608 354 19 20 0.5920
282 376 15 17 0.5172
336 340 22 23 0.4967
494 352 18 20 0.4633
334 340 22 23 0.4464
900 512 25 26 0.4421
220 366 15 15 0.4091
363 353 19 19 0.3983
38 374 16 19 0.3826
182 368 15 18 0.3647
360 352 19 21 0.3550
12 374 17 18 0.3511
797 375 11 14 0.3421
920 357 10 13 0.3332
916 357 11 13 0.3244
429 364 17 19 0.3185
800 376 11 13 0.3147
987 431 11 13 0.3022
426 364 16 19 0.2992
913 468 13 16 0.2685
827 373 10 12 0.2651
444 356 14 18 0.2645
927 496 16 23 0.2645
185 368 16 19 0.2608
855 360 12 14 0.2506
815 374 10 11 0.2173
991 431 9 13 0.2172
305 369 16 18 0.2150
639 376 13 15 0.2119
917 467 12 17 0.2090
858 361 11 14 0.2084
924 495 16 24 0.2063
224 366 14 15 0.1899
719 365 16 18 0.1833
819 375 9 11 0.1794
925 497 16 23 0.1784
892 444 9 11 0.1737
908 435 12 14 0.1735
909 440 11 13 0.1684
1006 565 18 21 0.1606
491 352 16 19 0.1599
928 540 18 20 0.1559
895 444 9 11 0.1556
940 443 9 12 0.1540
969 519 19 27 0.1475
854 362 11 14 0.1402
896 513 25 25 0.1345
204 367 13 15 0.1322
943 443 9 12 0.1304
0 394 8 18 0.1302
768 360 10 13 0.1233
984 431 10 14 0.1232
478 374 14 16 0.1195
853 360 11 13 0.1192
977 532 23 32 0.1180
10 372 15 17 0.1176
738 370 13 16 0.1169
602 107 13 14 0.1109
36 373 15 17 0.1086
831 374 9 11 0.1068
638 371 13 15 0.1036
1004 563 18 20 0.1034
925 540 17 20 0.1006
548 359 16 20 0.0943
306 371 17 20 0.0931
902 431 9 11 0.0888
670 364 10 12 0.0885
913 435 10 13 0.0877
929 498 16 23 0.0855
972 529 24 35 0.0817
970 520 24 36 0.0811
770 362 10 12 0.0787
534 376 13 17 0.0785
691 371 13 14 0.0771
252 376 19 21 0.0743
980 395 7 9 0.0729
984 395 7 9 0.0720
976 518 20 29 0.0708
482 374 14 16 0.0688
729 368 15 17 0.0674
954 382 8 11 0.0660
772 361 10 12 0.0649
827 373 9 12 0.0643
439 355 15 20 0.0628
252 372 16 17 0.0621
673 364 10 12 0.0612
605 354 19 21 0.0599
744 373 14 16 0.0599
447 358 13 17 0.0596
1002 564 18 21 0.0589
44 375 13 17 0.0588
458 381 9 12 0.0525
668 363 10 11 0.0502
765 360 10 12 0.0492
754 375 11 13 0.0489
945 382 8 10 0.0487
407 357 13 16 0.0467
949 382 9 11 0.0438
246 378 17 20 0.0435
531 376 13 16 0.0430
279 374 15 17 0.0424
636 376 11 14 0.0424
8 375 15 18 0.0408
642 372 14 17 0.0408
9 374 13 16 0.0405
722 368 15 17 0.0404
476 372 14 16 0.0398
945 503 19 31 0.0395
1008 569 16 33 0.0384
286 376 14 17 0.0374
309 369 16 19 0.0361
902 508 22 25 0.0356
672 362 10 12 0.0355
452 357 10 14 0.0353
894 440 9 11 0.0343
668 379 10 12 0.0337
773 362 10 12 0.0334
286 375 14 17 0.0331
699 383 14 17 0.0325
442 353 14 16 0.0317
1006 455 11 14 0.0313
1000 560 18 21 0.0313
312 368 16 17 0.0311
906 402 6 9 0.0303
972 520 24 33 0.0301
975 523 24 38 0.0300
481 373 13 15 0.0294
185 369 15 17 0.0280
259 373 15 17 0.0276
942 442 8 10 0.0269
985 430 10 13 0.0267
747 371 12 15 0.0266
795 374 11 14 0.0264
938 441 8 11 0.0263
1004 455 10 13 0.0263
751 373 11 14 0.0261
33 375 16 18 0.0258
454 381 10 12 0.0251
644 371 11 13 0.0247
907 403 7 8 0.0243
610 358 19 21 0.0241
991 539 21 27 0.0241
51 342 14 15 0.0232
446 352 11 13 0.0231
409 363 13 15 0.0230
952 384 8 10 0.0226
694 371 13 15 0.0226
732 372 15 17 0.0223
1000 563 24 36 0.0222
996 573 24 31 0.0220
800 374 10 13 0.0220
908 433 9 12 0.0218
510 364 15 18 0.0214
695 385 16 19 0.0211
213 368 14 16 0.0209
189 347 10 10 0.0209
923 497 20 27 0.0208
1 391 13 20 0.0208
721 373 15 16 0.0202
903 403 7 9 0.0199
186 346 9 11 0.0196
694 381 14 19 0.0193
671 379 9 12 0.0192
717 361 15 18 0.0191
493 352 15 17 0.0190
894 508 19 25 0.0189
600 106 12 14 0.0185
275 376 14 18 0.0183
902 402 7 9 0.0181
404 357 12 14 0.0178
600 107 12 13 0.0174
109 367 18 20 0.0174
613 353 17 18 0.0174
0 396 10 19 0.0173
624 355 13 15 0.0172
700 384 16 19 0.0166
791 374 10 13 0.0157
800 374 11 14 0.0156
1010 422 10 13 0.0153
480 355 11 13 0.0152
953 381 9 10 0.0152
219 372 15 18 0.0151
901 428 9 11 0.0151
714 366 11 14 0.0148
986 429 9 13 0.0147
632 359 11 13 0.0143
671 372 10 13 0.0141
202 370 17 20 0.0140
905 418 9 9 0.0139
948 380 8 10 0.0139
914 438 11 13 0.0139
404 363 13 15 0.0136
60 378 16 18 0.0132
957 384 8 10 0.0130
43 373 13 15 0.0127
982 393 7 9 0.0126
473 373 11 15 0.0126
634 366 11 16 0.0125
500 357 17 20 0.0124
895 404 7 9 0.0121
974 533 26 34 0.0120
771 360 9 10 0.0118
911 515 17 23 0.0114
453 360 10 13 0.0112
181 362 13 15 0.0108
119 367 16 19 0.0107
979 393 7 9 0.0105
530 370 12 16 0.0104
980 427 9 12 0.0104
905 403 8 9 0.0103
904 519 24 24 0.0103
981 396 9 10 0.0103
8 373 11 14 0.0102
426 359 14 18 0.0102
926 535 17 22 0.0101
