6_Funeral_Funeral_6_760
54
209 125 101 122 0.8793
667 359 25 31 0.7672
632 157 22 25 0.5961
961 159 16 19 0.5612
672 426 18 24 0.5364
673 426 19 24 0.5245
924 163 12 16 0.5146
757 162 15 25 0.4991
963 159 16 20 0.4085
413 320 25 31 0.3953
576 355 10 12 0.3312
667 359 26 31 0.3239
905 156 14 21 0.3047
603 355 9 11 0.2764
926 164 12 15 0.2172
863 328 11 13 0.2046
578 355 10 12 0.2035
866 328 11 13 0.1949
908 160 12 20 0.1673
605 354 9 11 0.1566
761 162 14 25 0.1514
898 162 14 21 0.1320
605 356 8 10 0.1273
575 356 9 11 0.1251
574 354 10 12 0.1093
863 331 12 13 0.1010
980 164 10 15 0.0852
632 157 21 25 0.0772
601 354 9 12 0.0646
866 331 12 13 0.0607
602 356 8 11 0.0574
902 156 14 21 0.0541
903 158 14 20 0.0441
655 370 10 14 0.0432
550 364 9 12 0.0401
892 165 12 16 0.0401
562 354 8 11 0.0386
979 164 10 15 0.0323
652 371 9 11 0.0297
548 364 8 12 0.0263
65 312 18 23 0.0258
550 288 11 16 0.0222
920 147 12 14 0.0216
607 356 8 10 0.0201
654 366 12 16 0.0190
634 339 9 11 0.0164
630 339 10 12 0.0163
885 160 13 17 0.0157
652 368 12 16 0.0156
922 162 12 17 0.0133
602 353 8 10 0.0128
979 164 9 14 0.0123
752 162 16 24 0.0104
625 341 10 11 0.0103
