6_Funeral_Funeral_6_160
35
872 249 65 90 0.8884
200 178 64 87 0.8726
156 217 60 89 0.8680
750 167 48 76 0.8636
833 124 53 67 0.8591
899 96 59 83 0.8582
26 229 57 99 0.8575
783 206 49 74 0.8550
362 307 43 54 0.8541
0 132 49 138 0.8369
865 206 53 74 0.8295
47 78 45 93 0.8236
264 202 44 71 0.8229
720 157 41 58 0.8178
614 374 37 51 0.8123
361 221 31 42 0.7190
90 194 39 59 0.7070
293 184 36 55 0.6085
140 181 36 48 0.5633
723 181 36 67 0.4822
293 185 36 56 0.4296
1000 81 24 96 0.0763
1011 51 13 62 0.0620
993 114 30 75 0.0527
299 185 34 51 0.0503
1003 80 21 96 0.0481
994 92 30 95 0.0440
1005 72 19 86 0.0394
1008 63 15 73 0.0389
727 195 33 56 0.0379
258 182 34 56 0.0379
281 219 37 55 0.0373
1003 73 19 85 0.0274
299 186 34 51 0.0192
134 186 38 52 0.0103
