6_Funeral_Funeral_6_252
32
350 188 114 140 0.8595
163 242 58 66 0.8550
2 126 39 64 0.8535
658 151 126 140 0.8531
981 282 42 72 0.8510
880 202 54 68 0.8494
924 250 53 64 0.8458
99 154 44 57 0.8351
52 202 53 63 0.8250
208 183 52 64 0.8247
173 147 47 58 0.8243
38 131 40 56 0.8190
25 272 59 73 0.8152
979 202 43 67 0.8150
237 228 50 71 0.8142
807 213 61 79 0.8051
542 177 44 54 0.8018
739 219 58 68 0.6841
733 289 61 82 0.6456
894 177 38 48 0.4030
579 189 56 73 0.3175
731 287 63 85 0.1575
2 172 28 51 0.1332
469 187 37 52 0.0491
0 160 29 59 0.0281
807 212 63 80 0.0198
462 184 51 66 0.0191
2 169 35 53 0.0160
476 187 38 52 0.0155
720 192 88 96 0.0132
877 249 44 55 0.0124
436 240 58 72 0.0108
