6_Funeral_Funeral_6_696
71
459 171 62 81 0.8831
817 144 50 70 0.8769
161 189 34 45 0.8760
559 206 57 87 0.8724
563 65 63 89 0.8696
897 132 44 57 0.8683
970 170 53 63 0.8659
678 119 63 80 0.8658
268 151 27 32 0.8618
332 175 27 35 0.8611
61 195 26 32 0.8529
6 174 27 33 0.8499
24 200 24 32 0.8485
118 185 31 36 0.8455
410 90 54 57 0.8435
390 146 27 39 0.8302
95 183 25 35 0.8275
366 176 21 27 0.8095
92 156 20 25 0.7752
60 174 21 24 0.7419
23 163 20 23 0.7184
807 161 19 24 0.7027
550 147 22 37 0.6868
222 172 20 28 0.6757
960 156 24 36 0.6221
294 162 17 24 0.5277
172 162 19 21 0.4478
537 172 13 19 0.4172
520 162 15 19 0.3669
348 161 14 18 0.3525
368 168 15 18 0.3356
221 157 16 19 0.2992
223 158 16 17 0.2579
221 172 19 27 0.2496
298 162 16 23 0.1888
296 162 18 24 0.1670
296 48 8 10 0.1621
95 183 24 34 0.1511
516 161 17 21 0.1459
781 157 15 17 0.1377
169 162 19 22 0.1275
162 170 21 25 0.1202
293 49 8 9 0.1171
307 46 9 11 0.0900
781 155 13 16 0.0610
0 188 10 25 0.0541
961 157 27 37 0.0486
351 161 13 17 0.0465
305 45 8 10 0.0410
224 156 14 16 0.0407
1011 125 13 25 0.0382
1012 125 12 33 0.0382
220 155 15 17 0.0376
788 158 11 15 0.0331
541 161 18 33 0.0323
787 156 10 14 0.0319
524 166 16 21 0.0257
294 48 7 9 0.0254
311 46 9 10 0.0195
349 159 10 12 0.0188
513 164 21 24 0.0188
112 173 22 31 0.0175
294 49 7 8 0.0169
518 158 18 25 0.0169
776 153 18 23 0.0149
159 172 17 22 0.0137
352 159 10 12 0.0135
311 44 8 9 0.0127
343 159 17 19 0.0114
309 49 7 9 0.0111
177 161 17 20 0.0109
