6_Funeral_Funeral_6_759
100
899 283 40 54 0.8630
107 270 40 54 0.8607
498 258 39 48 0.8604
443 157 36 48 0.8601
69 164 37 48 0.8567
744 348 34 45 0.8562
651 182 38 50 0.8561
269 159 36 49 0.8558
948 143 35 45 0.8523
365 53 30 41 0.8507
776 212 35 42 0.8491
316 0 31 31 0.8484
381 116 33 40 0.8469
18 89 32 44 0.8469
692 49 30 40 0.8467
797 97 30 37 0.8464
124 7 32 44 0.8457
316 276 40 47 0.8439
567 13 30 37 0.8421
497 28 32 40 0.8408
129 92 31 40 0.8404
717 136 33 39 0.8403
461 94 32 37 0.8394
203 158 29 39 0.8389
197 0 29 37 0.8375
328 92 30 35 0.8369
336 180 31 38 0.8368
658 131 33 42 0.8366
452 1 28 32 0.8356
958 213 36 45 0.8349
603 80 31 38 0.8337
728 62 33 40 0.8313
851 272 29 39 0.8308
169 63 31 45 0.8281
802 26 27 39 0.8250
684 10 29 37 0.8194
96 77 31 33 0.8190
634 22 27 36 0.8178
867 119 34 42 0.8176
205 89 28 34 0.8048
975 330 33 39 0.8032
385 15 28 32 0.8030
265 115 32 35 0.7931
48 142 31 45 0.7911
956 60 29 36 0.7890
436 69 27 40 0.7855
253 88 28 32 0.7658
910 47 32 36 0.7646
234 57 31 44 0.7441
785 11 27 38 0.7248
366 9 23 34 0.7110
916 0 27 14 0.6731
179 150 29 39 0.6537
180 151 30 38 0.6531
893 0 26 22 0.6516
877 91 28 34 0.6374
965 94 28 39 0.6139
275 62 25 31 0.5796
662 97 28 34 0.5461
769 19 21 29 0.5068
275 300 38 43 0.4607
545 166 41 46 0.4546
965 94 28 39 0.4364
662 98 29 35 0.3668
274 61 25 31 0.2670
61 310 30 37 0.2625
910 47 32 36 0.2083
225 1 18 24 0.2053
435 68 27 42 0.1957
898 1 23 19 0.1775
426 145 27 32 0.1539
651 0 20 15 0.1246
496 4 24 29 0.1226
744 347 35 45 0.1226
779 12 26 36 0.1061
226 1 20 27 0.1034
265 48 25 31 0.0868
867 119 34 43 0.0659
251 87 29 33 0.0600
362 10 22 32 0.0535
254 87 28 32 0.0392
919 0 28 14 0.0387
853 0 27 6 0.0373
550 33 22 26 0.0369
61 310 31 38 0.0316
655 0 19 14 0.0301
543 51 28 32 0.0299
777 8 24 37 0.0294
423 146 25 30 0.0288
495 2 22 23 0.0281
271 49 26 31 0.0271
436 68 28 42 0.0260
853 0 25 5 0.0205
777 1 24 30 0.0183
544 48 25 31 0.0155
270 59 23 31 0.0155
634 3 25 26 0.0131
500 4 28 32 0.0114
776 23 20 28 0.0114
429 151 28 35 0.0107
