6_Funeral_Funeral_6_177
148
449 257 28 41 0.8612
418 253 34 51 0.8574
547 208 35 64 0.8504
782 155 37 45 0.8447
876 154 31 39 0.8408
899 192 31 40 0.8352
626 187 33 40 0.8264
493 256 30 39 0.8262
913 150 27 42 0.8246
687 170 27 45 0.8065
538 255 26 39 0.7817
227 230 26 45 0.7770
962 157 25 33 0.7527
264 178 30 59 0.7300
410 173 15 18 0.6186
359 188 10 14 0.3967
448 185 13 17 0.3915
1013 161 11 29 0.3729
515 191 15 18 0.3161
356 188 10 14 0.2783
514 190 13 18 0.2311
437 235 19 24 0.2183
439 234 20 25 0.1988
405 200 19 29 0.1889
9 200 12 18 0.1765
4 199 13 18 0.1528
499 184 15 22 0.1385
378 189 14 19 0.1282
13 232 16 23 0.1150
518 192 14 17 0.1100
167 199 11 13 0.0975
451 186 12 16 0.0953
601 185 13 15 0.0814
517 191 14 17 0.0759
1012 159 12 31 0.0744
397 191 16 23 0.0700
151 186 17 20 0.0667
257 197 11 18 0.0664
446 185 12 16 0.0591
253 199 11 15 0.0575
536 173 16 22 0.0574
767 199 15 16 0.0555
170 199 10 14 0.0538
524 219 15 25 0.0537
380 189 17 23 0.0518
361 188 11 15 0.0513
554 188 9 11 0.0424
107 224 26 43 0.0420
837 184 21 25 0.0411
54 422 10 11 0.0394
249 229 16 29 0.0388
413 173 14 18 0.0377
537 179 15 19 0.0366
742 185 8 12 0.0366
774 196 14 18 0.0358
405 196 17 26 0.0355
0 268 35 48 0.0350
837 189 23 26 0.0349
594 182 13 15 0.0342
395 189 14 21 0.0341
361 186 12 16 0.0333
235 182 14 18 0.0323
833 184 18 25 0.0320
265 539 9 10 0.0320
538 195 16 22 0.0305
163 193 14 16 0.0298
606 184 10 15 0.0296
593 181 10 11 0.0294
159 193 15 18 0.0289
195 198 11 16 0.0289
445 186 14 18 0.0277
738 184 10 15 0.0270
557 188 9 10 0.0265
57 422 10 11 0.0265
239 182 14 18 0.0263
495 187 16 20 0.0251
251 442 10 12 0.0247
600 182 10 12 0.0246
376 191 13 19 0.0245
393 191 16 21 0.0240
833 188 21 25 0.0235
199 198 12 16 0.0233
142 525 11 12 0.0220
36 219 24 42 0.0212
4 195 16 21 0.0212
13 227 15 21 0.0210
268 539 8 10 0.0209
740 183 9 11 0.0206
254 216 17 28 0.0204
39 489 10 12 0.0193
503 190 14 19 0.0187
523 225 18 31 0.0185
610 177 11 14 0.0178
597 186 16 20 0.0178
113 532 9 11 0.0174
161 193 17 20 0.0174
5 231 22 30 0.0172
961 157 24 34 0.0171
18 231 14 25 0.0169
168 204 11 15 0.0167
2 269 30 37 0.0167
170 194 11 14 0.0161
408 173 12 16 0.0156
254 442 10 12 0.0154
676 184 25 34 0.0154
759 199 10 11 0.0150
157 398 8 10 0.0149
154 413 9 11 0.0147
3 231 14 23 0.0146
105 224 14 25 0.0146
663 180 21 27 0.0145
1009 158 15 35 0.0144
116 532 9 11 0.0143
599 187 21 26 0.0143
231 425 11 14 0.0141
38 213 35 54 0.0141
857 182 17 21 0.0140
111 226 9 19 0.0139
1017 165 7 36 0.0137
763 198 24 28 0.0137
12 233 20 28 0.0134
147 185 15 20 0.0134
160 397 8 10 0.0134
17 626 8 10 0.0133
0 378 5 10 0.0131
518 219 17 28 0.0130
29 504 10 12 0.0129
114 226 27 39 0.0128
758 196 9 10 0.0128
128 588 10 12 0.0126
551 178 11 16 0.0124
108 229 26 40 0.0124
544 194 15 23 0.0124
20 490 8 11 0.0121
841 139 16 23 0.0121
5 203 14 18 0.0121
450 190 13 16 0.0120
436 229 18 20 0.0118
32 442 9 11 0.0118
0 481 5 15 0.0117
98 222 25 45 0.0117
33 207 25 45 0.0114
411 192 16 21 0.0111
266 540 8 10 0.0110
1015 151 9 28 0.0105
868 131 16 24 0.0103
18 489 9 11 0.0102
22 613 9 10 0.0100
