6_Funeral_Funeral_6_109
69
193 211 32 41 0.8559
458 222 23 30 0.8556
120 213 33 43 0.8524
354 224 25 32 0.8519
303 224 26 34 0.8512
586 224 23 28 0.8492
248 219 28 35 0.8407
389 309 26 37 0.8405
454 299 23 29 0.8358
593 299 25 32 0.8321
302 196 21 27 0.8277
660 296 21 26 0.8268
520 229 21 27 0.8178
368 203 21 30 0.8151
573 320 22 31 0.8132
646 216 21 27 0.8128
914 219 21 24 0.8045
547 217 20 25 0.7957
881 233 18 23 0.7848
739 251 19 21 0.7760
698 246 18 22 0.7152
715 251 17 20 0.6854
422 237 24 29 0.6723
500 229 17 25 0.6682
488 215 19 24 0.6552
717 292 23 29 0.6517
802 251 20 24 0.6461
271 222 22 33 0.6384
411 204 20 23 0.6146
569 211 18 22 0.5575
618 218 20 24 0.5281
779 227 18 22 0.5265
487 245 19 25 0.4695
616 218 19 25 0.4079
777 227 18 22 0.3964
567 211 17 23 0.3962
803 251 21 23 0.3727
413 203 20 25 0.3463
268 223 22 32 0.2633
708 235 13 15 0.2594
423 237 24 29 0.2481
331 223 18 26 0.2467
487 214 19 24 0.2425
562 238 14 17 0.2324
489 215 19 23 0.1606
836 242 18 18 0.1600
696 245 17 23 0.1428
834 242 19 20 0.1423
719 292 22 29 0.1412
837 243 19 19 0.1371
711 235 12 14 0.1364
832 241 19 19 0.1286
333 225 18 27 0.1201
717 253 16 19 0.0899
490 246 18 24 0.0744
504 230 16 24 0.0690
562 240 16 20 0.0641
861 257 14 19 0.0431
742 251 18 21 0.0370
863 257 17 23 0.0305
669 233 15 19 0.0291
673 234 13 19 0.0278
691 240 13 18 0.0230
860 255 12 16 0.0183
333 221 19 23 0.0157
566 235 13 18 0.0142
565 233 17 22 0.0126
864 255 12 16 0.0123
333 229 20 26 0.0107
