32_Worker_Laborer_Worker_Laborer_32_110
30
699 46 91 107 0.8591
492 328 42 43 0.8443
456 14 19 22 0.7779
202 137 19 16 0.6742
168 242 18 19 0.2651
288 147 22 14 0.2488
172 241 17 20 0.2388
169 243 18 18 0.1038
281 146 23 16 0.0993
98 197 24 16 0.0718
287 143 20 17 0.0605
285 144 21 18 0.0497
100 127 9 11 0.0473
279 142 19 18 0.0463
96 127 10 11 0.0451
31 146 11 13 0.0312
174 243 17 18 0.0284
35 146 11 13 0.0214
106 197 19 15 0.0190
99 192 21 19 0.0165
380 223 18 17 0.0146
118 139 12 15 0.0136
107 191 18 18 0.0122
319 101 10 12 0.0113
275 146 16 16 0.0108
208 136 16 16 0.0108
95 130 13 14 0.0108
316 102 9 11 0.0107
297 147 17 14 0.0105
297 143 16 15 0.0100
