32_Worker_Laborer_Worker_Laborer_32_516
43
299 121 42 54 0.8790
48 29 71 83 0.8787
966 57 58 79 0.8766
757 101 40 49 0.8762
258 114 33 41 0.8739
519 98 39 50 0.8645
279 316 48 36 0.8505
421 125 29 35 0.8496
845 118 29 32 0.8387
575 360 42 31 0.8357
479 348 38 26 0.8276
880 147 34 38 0.8246
674 326 46 36 0.8197
227 129 28 34 0.8160
762 338 61 39 0.8057
677 159 18 23 0.7909
371 148 17 21 0.7849
728 143 25 28 0.5866
343 315 49 36 0.5860
595 125 24 28 0.4219
344 314 49 37 0.3740
213 148 16 21 0.3266
673 326 47 36 0.2399
594 124 24 27 0.2184
211 149 14 20 0.1880
212 152 19 26 0.1677
729 143 25 28 0.0978
210 154 16 23 0.0603
181 140 20 27 0.0425
187 141 17 24 0.0389
186 138 15 22 0.0384
762 337 60 39 0.0377
182 138 16 23 0.0255
0 51 16 24 0.0200
591 125 20 23 0.0168
182 138 21 26 0.0162
591 126 24 27 0.0161
214 138 18 25 0.0157
501 129 15 20 0.0138
601 121 23 28 0.0119
110 93 25 32 0.0109
342 153 12 16 0.0107
0 265 9 39 0.0101
