42_Car_Racing_Car_Racing_42_743
63
606 86 22 28 0.7598
124 119 16 22 0.4622
98 115 14 18 0.3379
701 112 12 16 0.2783
551 125 12 17 0.2352
697 112 12 16 0.2217
754 98 9 13 0.2213
100 116 14 19 0.2155
751 98 8 13 0.1937
653 104 14 17 0.1547
651 103 13 17 0.1477
978 114 11 15 0.1345
982 114 11 15 0.1336
1014 104 10 19 0.0971
550 125 9 15 0.0782
808 101 8 13 0.0619
591 117 14 18 0.0606
181 183 16 16 0.0604
95 115 14 16 0.0575
805 101 8 13 0.0568
1012 101 11 19 0.0502
980 117 10 13 0.0444
233 181 13 19 0.0394
185 182 15 18 0.0353
95 117 15 18 0.0350
984 117 10 12 0.0333
980 115 11 15 0.0322
104 115 14 19 0.0320
554 123 13 18 0.0307
751 97 10 12 0.0300
121 120 15 20 0.0287
650 106 12 15 0.0272
658 103 12 15 0.0260
776 103 9 13 0.0250
588 114 14 19 0.0223
753 95 8 13 0.0217
892 110 9 12 0.0208
666 121 11 12 0.0205
781 103 8 14 0.0204
604 86 21 27 0.0192
698 114 12 15 0.0191
658 105 13 15 0.0184
984 108 9 12 0.0182
594 117 15 18 0.0179
778 106 8 12 0.0171
593 115 15 18 0.0167
888 110 10 12 0.0164
923 108 12 17 0.0162
782 106 8 12 0.0149
716 140 8 10 0.0146
669 119 10 13 0.0138
649 103 11 15 0.0128
1009 109 12 18 0.0121
599 147 13 17 0.0117
184 179 16 18 0.0114
707 111 9 14 0.0113
805 99 9 12 0.0111
712 139 9 11 0.0108
750 96 9 12 0.0107
991 112 10 15 0.0103
670 121 9 13 0.0103
981 109 8 11 0.0102
180 179 16 19 0.0102
