42_Car_Racing_Nascar_42_823
79
894 237 17 19 0.7672
0 276 10 16 0.7395
412 230 16 32 0.6517
181 338 15 16 0.4488
989 222 17 21 0.4341
991 221 18 22 0.4142
255 256 10 13 0.3744
848 244 11 13 0.3382
191 282 9 12 0.3289
193 282 9 12 0.3276
339 254 10 12 0.3158
149 261 9 11 0.2798
146 261 9 11 0.2763
634 242 6 9 0.2705
342 254 10 12 0.2581
253 256 9 12 0.2570
637 242 6 9 0.2081
373 258 10 12 0.2039
376 258 10 12 0.1950
851 243 11 14 0.1944
128 261 7 9 0.1793
126 261 8 9 0.1756
414 230 17 32 0.1539
125 262 7 9 0.1473
185 337 14 16 0.1296
195 283 9 11 0.1291
145 260 9 11 0.1277
149 260 8 11 0.1261
124 261 7 9 0.1110
665 234 8 10 0.1060
116 264 7 9 0.1030
662 234 7 10 0.0823
375 260 10 11 0.0740
620 253 6 8 0.0665
639 243 6 9 0.0582
665 237 8 12 0.0529
661 238 8 11 0.0518
960 245 8 12 0.0513
623 253 6 8 0.0491
665 243 7 9 0.0434
371 258 9 11 0.0432
378 260 9 10 0.0403
958 245 7 11 0.0359
308 262 6 8 0.0347
716 300 12 15 0.0322
306 262 6 7 0.0322
961 246 8 12 0.0320
195 284 8 11 0.0314
253 258 9 11 0.0296
661 244 7 8 0.0287
850 246 11 13 0.0284
372 261 8 10 0.0278
115 262 7 9 0.0248
304 263 7 9 0.0237
340 257 10 12 0.0232
958 247 7 11 0.0229
220 258 7 7 0.0225
623 251 6 9 0.0210
667 242 7 9 0.0181
346 256 10 11 0.0163
676 237 7 9 0.0158
619 251 6 8 0.0155
633 240 5 9 0.0154
636 240 5 9 0.0154
191 284 9 11 0.0153
340 252 10 12 0.0153
714 300 11 14 0.0148
258 257 9 13 0.0148
640 243 7 9 0.0145
118 264 7 9 0.0142
302 260 7 9 0.0128
554 304 8 11 0.0120
221 260 7 8 0.0114
223 257 6 9 0.0113
715 297 11 14 0.0107
372 258 7 9 0.0107
172 318 10 12 0.0104
221 285 7 10 0.0104
277 253 14 17 0.0103
