42_Car_Racing_Nascar_42_650
62
381 155 35 45 0.8513
687 192 20 26 0.8056
781 141 18 30 0.6969
109 129 41 61 0.6776
909 174 11 21 0.5026
263 164 30 35 0.4749
983 192 9 14 0.3078
980 191 9 15 0.3048
226 191 26 36 0.3004
655 217 13 18 0.2067
849 203 12 15 0.1735
766 198 13 15 0.1519
627 212 18 23 0.1448
754 210 7 10 0.1329
751 210 7 10 0.1319
632 212 17 22 0.1318
853 203 12 14 0.1209
652 217 13 17 0.1208
907 174 10 20 0.0909
912 175 11 21 0.0698
230 192 25 34 0.0680
410 121 33 57 0.0662
410 119 30 55 0.0598
23 167 33 39 0.0597
784 141 18 30 0.0565
181 186 27 38 0.0554
628 217 18 21 0.0548
981 193 9 13 0.0533
985 193 8 13 0.0507
0 186 10 20 0.0408
899 209 10 12 0.0385
837 202 13 17 0.0383
108 129 41 61 0.0377
902 209 10 13 0.0367
849 204 14 17 0.0364
633 218 19 23 0.0361
898 207 9 11 0.0312
794 209 10 14 0.0304
790 210 11 13 0.0296
177 187 24 35 0.0278
26 170 31 36 0.0271
853 205 13 15 0.0269
157 214 25 36 0.0269
21 171 28 35 0.0224
19 165 31 40 0.0205
770 203 10 11 0.0204
911 174 12 20 0.0199
657 216 12 16 0.0176
1 175 10 16 0.0160
7 183 16 22 0.0146
158 190 26 35 0.0146
0 189 10 22 0.0143
751 209 6 9 0.0139
658 217 13 17 0.0138
649 217 13 18 0.0133
781 186 10 12 0.0125
551 194 9 11 0.0125
837 204 14 17 0.0125
552 194 10 14 0.0124
408 120 27 51 0.0115
896 207 8 10 0.0115
625 215 16 21 0.0105
