42_Car_Racing_Car_Racing_42_857
51
101 123 19 25 0.8114
186 136 18 23 0.7846
163 140 12 14 0.3541
159 140 12 14 0.2704
245 153 9 11 0.2069
248 153 9 11 0.1584
209 150 8 12 0.1423
221 151 7 9 0.1393
75 143 5 7 0.1248
72 143 6 8 0.1193
232 148 8 10 0.1065
230 148 7 9 0.0892
291 143 7 11 0.0868
76 145 6 7 0.0616
287 143 8 10 0.0608
54 147 6 8 0.0577
56 148 7 8 0.0565
263 143 6 9 0.0517
248 156 7 9 0.0497
134 142 7 9 0.0435
225 150 7 9 0.0392
266 143 6 9 0.0330
208 145 8 12 0.0284
137 139 7 10 0.0282
243 153 8 10 0.0273
134 138 6 8 0.0271
57 146 7 8 0.0269
218 149 7 11 0.0265
60 146 6 8 0.0265
263 144 7 9 0.0248
271 145 7 10 0.0248
137 139 6 7 0.0241
132 147 10 12 0.0240
288 145 8 10 0.0228
136 148 8 12 0.0222
53 148 6 8 0.0208
244 156 7 8 0.0191
161 144 10 10 0.0171
77 142 7 9 0.0164
246 149 9 11 0.0163
288 144 9 10 0.0156
135 142 9 13 0.0155
251 155 7 9 0.0149
51 146 6 8 0.0147
168 143 10 12 0.0139
72 142 5 6 0.0134
160 141 13 15 0.0130
114 146 11 13 0.0122
292 145 8 10 0.0122
74 142 5 6 0.0118
82 146 6 8 0.0113
