42_Car_Racing_Car_Racing_42_602
82
959 228 16 19 0.6959
816 178 10 13 0.2400
813 178 9 13 0.2320
82 175 10 13 0.1916
85 175 10 13 0.1832
125 166 10 12 0.1501
775 181 9 12 0.1379
772 180 9 13 0.1302
121 166 10 12 0.1253
133 174 8 11 0.1175
998 230 12 19 0.1143
909 180 8 9 0.1085
906 180 8 9 0.0973
137 175 8 9 0.0958
134 174 8 9 0.0925
40 160 10 17 0.0813
8 279 13 15 0.0655
99 173 8 12 0.0601
37 161 9 15 0.0588
97 172 9 12 0.0585
4 280 13 15 0.0556
1018 182 6 13 0.0555
0 257 5 14 0.0458
240 178 9 12 0.0402
310 177 8 9 0.0395
93 172 9 13 0.0391
306 177 8 9 0.0372
217 177 8 11 0.0335
818 182 8 10 0.0333
1017 187 7 14 0.0300
717 164 17 23 0.0292
814 183 8 9 0.0285
308 175 7 9 0.0281
253 185 9 11 0.0272
906 181 8 9 0.0271
852 172 7 10 0.0270
849 175 8 11 0.0269
124 165 9 11 0.0264
848 172 8 11 0.0261
256 186 8 10 0.0257
236 177 10 13 0.0255
775 182 10 12 0.0255
220 177 9 11 0.0254
899 182 8 9 0.0222
141 187 9 11 0.0208
896 181 7 10 0.0203
994 230 14 19 0.0198
138 187 8 11 0.0196
1003 230 13 18 0.0193
38 159 10 15 0.0189
774 184 8 11 0.0188
852 175 8 10 0.0187
909 167 6 8 0.0176
963 228 15 19 0.0171
151 171 8 10 0.0169
777 183 8 12 0.0165
820 179 8 11 0.0160
822 178 9 11 0.0160
305 174 7 9 0.0154
252 186 8 10 0.0151
195 180 8 9 0.0150
905 176 8 10 0.0149
121 165 9 11 0.0148
906 167 7 8 0.0147
81 174 9 12 0.0144
913 179 8 10 0.0141
937 187 8 9 0.0134
1002 227 11 19 0.0134
128 166 8 11 0.0128
316 187 7 10 0.0128
136 178 8 11 0.0128
933 187 7 9 0.0125
37 161 10 16 0.0119
770 180 8 13 0.0119
965 176 9 12 0.0115
257 185 7 9 0.0111
320 187 7 10 0.0109
722 165 16 21 0.0108
910 170 8 9 0.0104
154 172 7 9 0.0104
123 171 9 11 0.0101
1000 232 12 19 0.0100
