57_Angler_peoplefishing_57_139
173
241 338 15 18 0.7253
179 338 13 18 0.7108
626 297 12 16 0.5988
474 338 14 15 0.5906
552 314 12 16 0.5905
412 347 12 16 0.5544
433 305 11 14 0.4263
663 259 11 15 0.4166
514 298 12 14 0.4102
693 274 10 14 0.4000
819 297 11 14 0.3968
679 294 11 15 0.3899
964 326 10 14 0.3785
714 279 12 15 0.3754
808 313 11 13 0.3738
561 304 11 15 0.3660
200 318 13 16 0.3539
702 299 11 14 0.3539
888 233 10 13 0.3489
660 259 10 15 0.3418
202 318 13 17 0.3355
782 252 10 14 0.3330
855 345 10 16 0.3152
431 305 10 14 0.3048
296 335 9 16 0.3020
690 274 10 14 0.3017
892 233 9 13 0.3013
623 322 9 14 0.3004
967 325 9 14 0.2987
293 335 9 16 0.2959
334 374 9 14 0.2928
699 299 11 15 0.2896
517 297 11 15 0.2889
357 378 8 15 0.2888
620 322 9 15 0.2844
676 319 10 15 0.2734
677 293 11 15 0.2727
673 320 9 14 0.2638
852 345 10 16 0.2636
389 365 10 17 0.2625
353 378 9 15 0.2614
655 285 9 12 0.2557
816 297 11 14 0.2548
757 353 9 16 0.2474
331 373 9 15 0.2375
426 371 9 18 0.2152
393 365 10 16 0.2045
780 252 9 13 0.2037
199 318 12 17 0.1989
652 285 9 13 0.1896
664 300 9 13 0.1896
784 253 10 13 0.1829
861 276 10 12 0.1755
558 304 11 15 0.1689
811 313 12 14 0.1669
675 317 10 16 0.1632
760 353 8 15 0.1516
873 315 9 12 0.1484
820 330 10 15 0.1480
806 313 10 13 0.1422
623 297 12 16 0.1404
865 276 9 12 0.1358
477 338 13 15 0.1357
475 378 8 17 0.1352
661 300 9 12 0.1233
821 332 11 15 0.1186
711 278 11 15 0.1143
717 280 11 15 0.1084
963 239 8 9 0.1070
877 316 8 12 0.0977
639 321 8 11 0.0970
429 372 8 17 0.0959
472 378 9 16 0.0929
415 346 12 17 0.0894
672 317 10 16 0.0894
770 288 10 15 0.0867
967 238 7 9 0.0844
824 330 10 15 0.0803
590 327 9 15 0.0711
782 303 11 15 0.0690
630 298 10 15 0.0664
653 283 9 12 0.0657
869 314 8 13 0.0643
773 288 9 13 0.0624
866 236 8 12 0.0606
550 314 11 16 0.0604
755 353 9 16 0.0588
870 236 8 12 0.0586
636 319 9 13 0.0561
822 298 10 13 0.0553
678 387 8 13 0.0551
680 387 9 13 0.0530
399 348 8 13 0.0529
331 371 10 15 0.0528
513 298 10 14 0.0499
825 333 10 14 0.0497
674 294 11 14 0.0434
652 285 10 12 0.0427
396 348 8 14 0.0403
281 399 8 13 0.0399
562 307 11 16 0.0398
713 280 11 15 0.0388
389 369 10 16 0.0378
283 399 9 13 0.0377
786 304 10 14 0.0354
552 353 10 13 0.0343
473 339 11 14 0.0329
424 368 9 17 0.0312
817 333 10 15 0.0306
806 311 10 14 0.0303
563 304 10 14 0.0299
779 254 10 12 0.0290
914 250 8 12 0.0290
694 276 11 14 0.0273
823 330 11 15 0.0272
410 345 12 16 0.0268
182 338 12 17 0.0263
778 333 10 14 0.0259
957 372 8 15 0.0254
700 300 10 14 0.0247
399 345 8 12 0.0243
620 318 10 15 0.0239
336 375 10 15 0.0236
781 333 10 14 0.0235
593 325 9 14 0.0229
624 317 9 15 0.0226
786 305 10 15 0.0222
767 288 11 15 0.0214
917 233 8 12 0.0214
963 237 7 9 0.0212
717 279 11 14 0.0207
875 317 8 12 0.0207
774 295 11 17 0.0202
427 369 9 17 0.0201
329 370 8 15 0.0201
966 236 7 9 0.0196
961 239 7 10 0.0188
850 343 11 16 0.0187
922 234 9 12 0.0184
754 354 11 16 0.0182
781 303 10 15 0.0180
551 353 8 13 0.0175
555 354 10 13 0.0172
593 328 9 13 0.0165
473 380 9 15 0.0165
960 372 9 15 0.0164
650 284 9 12 0.0164
587 328 9 14 0.0163
853 343 11 17 0.0161
917 250 8 12 0.0160
683 387 8 13 0.0160
878 318 9 11 0.0160
875 313 10 13 0.0158
770 285 9 11 0.0153
240 339 12 16 0.0149
359 377 9 14 0.0147
959 368 8 15 0.0145
912 231 8 11 0.0135
962 239 8 9 0.0134
773 286 10 13 0.0133
978 350 9 14 0.0132
354 380 9 15 0.0130
780 332 9 13 0.0119
919 234 7 9 0.0118
198 318 13 16 0.0118
679 384 8 14 0.0111
477 379 8 16 0.0109
423 371 9 16 0.0107
565 303 9 14 0.0106
887 232 9 12 0.0105
556 317 10 14 0.0104
975 351 9 13 0.0103
621 325 10 14 0.0101
