57_Angler_peoplefishing_57_566
35
473 384 12 16 0.4763
326 419 12 17 0.3917
329 419 13 17 0.3840
500 220 12 14 0.3743
248 408 12 14 0.3693
252 408 11 14 0.3363
264 414 12 15 0.3150
423 435 11 13 0.3079
267 414 12 16 0.2500
420 435 11 13 0.2293
471 384 11 16 0.2282
503 220 12 14 0.1966
263 415 12 14 0.1731
500 425 10 14 0.1562
426 435 10 13 0.1394
459 432 8 13 0.1284
462 433 9 13 0.0937
457 426 9 12 0.0827
461 425 9 14 0.0805
502 427 10 13 0.0697
262 415 12 14 0.0627
503 424 10 13 0.0602
498 220 11 13 0.0597
419 436 11 13 0.0429
563 464 8 9 0.0426
498 425 10 14 0.0394
566 464 8 10 0.0348
499 428 9 13 0.0261
503 410 10 13 0.0252
475 385 13 15 0.0239
507 410 9 12 0.0221
463 435 9 12 0.0178
502 222 12 13 0.0150
568 465 7 9 0.0144
506 428 9 12 0.0107
