57_Angler_peoplefishing_57_661
95
105 426 13 19 0.6172
206 414 12 15 0.5827
367 409 9 14 0.4111
500 401 8 11 0.3738
283 415 11 13 0.3712
406 406 10 13 0.3642
244 385 11 12 0.3500
364 410 10 13 0.3298
403 406 10 13 0.2937
497 401 8 11 0.2801
286 415 10 13 0.2455
242 385 10 12 0.1933
237 407 11 12 0.1891
108 425 12 20 0.1763
234 407 11 12 0.1700
209 414 11 15 0.1629
238 409 12 12 0.1470
451 411 8 10 0.1279
235 409 12 12 0.1220
450 409 7 11 0.0942
281 415 11 13 0.0898
448 411 8 11 0.0806
247 385 9 11 0.0746
782 316 5 6 0.0713
784 315 6 7 0.0676
92 385 6 7 0.0644
453 409 7 10 0.0601
90 384 6 8 0.0597
242 384 10 12 0.0590
174 381 7 9 0.0549
177 382 7 9 0.0496
56 387 7 8 0.0456
480 403 6 8 0.0448
453 410 7 11 0.0413
59 387 7 8 0.0406
246 384 9 11 0.0363
404 408 9 12 0.0359
236 408 11 12 0.0354
373 376 5 6 0.0351
202 380 6 8 0.0348
371 376 5 6 0.0348
786 315 6 7 0.0336
199 380 6 8 0.0335
150 383 6 8 0.0334
147 382 7 9 0.0331
449 411 8 10 0.0317
88 385 6 8 0.0309
88 384 6 8 0.0304
54 385 7 9 0.0290
58 385 6 9 0.0274
19 389 7 9 0.0272
23 389 7 9 0.0264
178 382 7 10 0.0241
151 384 7 8 0.0240
175 383 7 9 0.0237
342 367 7 9 0.0233
309 378 6 7 0.0219
148 384 7 9 0.0215
359 378 5 6 0.0212
306 378 6 7 0.0203
339 367 7 8 0.0200
448 409 7 11 0.0195
785 317 6 7 0.0184
204 415 11 14 0.0183
369 376 5 6 0.0182
755 314 6 6 0.0179
407 408 9 11 0.0173
356 377 5 7 0.0166
1 381 5 9 0.0165
118 383 7 9 0.0163
783 314 5 6 0.0162
503 401 7 11 0.0157
286 413 10 13 0.0155
576 363 7 9 0.0152
18 388 7 8 0.0150
782 317 5 7 0.0147
265 379 6 9 0.0145
579 362 8 10 0.0139
751 314 6 7 0.0136
58 386 6 9 0.0133
242 386 10 12 0.0133
782 316 5 6 0.0131
240 385 9 10 0.0126
50 387 7 8 0.0124
755 312 5 7 0.0120
202 381 7 9 0.0118
370 377 6 7 0.0111
199 382 7 8 0.0109
89 385 6 8 0.0108
287 378 7 8 0.0108
3 394 7 8 0.0105
751 312 6 7 0.0104
633 317 5 7 0.0104
23 387 7 9 0.0103
325 377 6 7 0.0100
