57_Angler_peoplefishing_57_206
54
284 803 37 39 0.8292
925 710 17 19 0.3100
620 679 13 15 0.2707
820 695 16 18 0.2388
616 679 13 14 0.2345
983 614 11 13 0.2287
987 614 12 13 0.2207
172 720 18 18 0.1681
930 710 16 18 0.1646
825 695 15 17 0.1630
175 723 18 18 0.1572
466 696 12 15 0.1171
470 696 13 15 0.1020
984 616 12 13 0.0697
937 692 15 18 0.0592
989 615 11 13 0.0557
179 720 15 17 0.0512
622 682 12 14 0.0424
799 673 13 14 0.0355
800 656 9 10 0.0318
922 711 15 17 0.0280
795 674 12 14 0.0275
802 658 10 11 0.0263
622 680 11 13 0.0256
944 715 13 17 0.0247
617 683 12 14 0.0244
922 713 15 16 0.0243
171 724 16 17 0.0242
471 700 11 14 0.0227
624 680 11 14 0.0223
136 690 16 18 0.0212
455 716 12 15 0.0196
460 710 12 17 0.0189
798 663 10 12 0.0177
985 615 12 13 0.0173
170 720 15 17 0.0172
942 715 14 16 0.0170
470 693 12 14 0.0168
465 692 12 15 0.0168
458 721 12 14 0.0163
941 675 14 18 0.0160
940 691 14 16 0.0160
617 677 12 14 0.0159
821 699 16 19 0.0152
941 674 11 12 0.0143
805 655 8 11 0.0139
924 704 17 20 0.0137
457 720 12 14 0.0135
441 735 9 11 0.0134
944 692 13 16 0.0129
180 723 15 16 0.0126
170 722 17 19 0.0119
798 657 8 9 0.0113
941 718 13 15 0.0106
