55_Sports_Coach_Trainer_sportcoaching_55_122
73
872 391 35 52 0.8613
724 371 38 50 0.8501
59 372 35 43 0.8466
457 307 27 36 0.8450
964 217 36 43 0.8419
346 285 28 41 0.8414
102 278 29 40 0.8387
565 302 27 34 0.8384
812 269 31 42 0.8379
19 249 31 41 0.8340
260 270 27 38 0.8333
25 215 29 35 0.8326
35 168 31 40 0.8268
865 300 30 43 0.8229
737 274 27 37 0.8217
528 290 26 32 0.8205
183 278 28 38 0.8183
630 266 25 35 0.8101
522 260 26 31 0.7922
388 265 21 31 0.6638
666 298 27 36 0.6595
742 240 22 27 0.6526
432 274 24 31 0.6458
695 279 24 36 0.6450
464 230 22 29 0.5751
605 257 21 31 0.5309
873 229 32 37 0.5167
361 245 22 31 0.5166
249 256 22 26 0.5139
360 246 20 30 0.5120
773 270 27 36 0.4017
123 272 21 27 0.3995
603 257 21 30 0.3528
173 267 24 34 0.2279
385 266 22 30 0.2244
246 256 20 25 0.1787
744 240 22 27 0.1698
462 230 21 29 0.1527
123 273 22 29 0.1311
873 228 32 37 0.0884
686 255 16 20 0.0777
594 291 23 33 0.0718
834 247 32 34 0.0682
831 249 24 29 0.0658
436 274 23 31 0.0583
683 255 15 19 0.0580
1015 342 9 29 0.0473
420 276 20 26 0.0472
169 267 22 30 0.0456
289 265 19 27 0.0414
657 255 14 18 0.0377
596 296 23 31 0.0284
698 272 19 25 0.0279
293 247 17 23 0.0279
317 249 15 18 0.0254
292 252 19 26 0.0253
188 234 20 23 0.0229
830 249 21 25 0.0221
660 255 14 18 0.0215
869 234 29 33 0.0208
844 247 27 33 0.0198
553 230 15 19 0.0185
878 228 30 35 0.0170
285 263 20 28 0.0130
834 244 29 32 0.0129
410 275 21 26 0.0124
190 237 20 24 0.0116
173 262 21 29 0.0114
122 275 23 33 0.0108
880 230 29 36 0.0106
448 246 17 21 0.0103
594 288 21 31 0.0102
556 230 17 20 0.0101
