55_Sports_Coach_Trainer_sportcoaching_55_774
106
795 271 58 88 0.8749
126 260 40 58 0.8714
847 56 54 86 0.8671
444 173 24 31 0.8521
601 144 30 39 0.8470
519 293 40 48 0.8464
474 200 28 33 0.8453
659 101 24 32 0.8406
363 178 27 34 0.8201
483 174 24 24 0.7927
347 98 18 26 0.6825
329 79 20 23 0.6750
381 74 16 19 0.6678
754 128 57 81 0.6586
421 41 13 15 0.6144
419 105 20 22 0.5442
754 129 57 80 0.5209
409 14 11 13 0.4507
385 7 11 16 0.4438
345 4 10 13 0.4321
675 10 11 14 0.3660
673 11 11 13 0.3093
371 41 13 15 0.2737
332 81 18 22 0.2579
324 18 8 14 0.2399
326 18 9 13 0.2190
409 69 16 20 0.1830
384 6 10 15 0.1616
489 108 24 30 0.1594
359 18 10 13 0.1564
349 98 18 26 0.1482
345 13 11 12 0.1384
421 105 19 22 0.1351
372 46 13 16 0.1326
334 0 8 9 0.1159
407 66 16 22 0.0943
383 9 10 14 0.0931
642 2 10 11 0.0890
356 27 11 14 0.0855
331 0 8 9 0.0839
353 27 11 14 0.0817
372 23 13 15 0.0810
447 11 10 11 0.0787
378 74 14 19 0.0782
408 14 10 13 0.0731
375 0 9 8 0.0657
333 0 7 7 0.0656
419 41 12 15 0.0568
412 15 10 11 0.0555
444 11 10 11 0.0532
418 0 7 6 0.0507
369 41 11 14 0.0483
325 19 9 15 0.0467
422 0 7 6 0.0412
327 20 8 13 0.0370
436 1 9 9 0.0370
360 19 11 14 0.0363
383 6 9 14 0.0353
421 0 6 5 0.0349
475 118 11 14 0.0349
446 128 14 18 0.0341
331 0 7 7 0.0338
652 4 8 11 0.0324
486 109 23 28 0.0315
382 2 8 9 0.0307
388 74 12 18 0.0303
322 17 8 15 0.0299
371 0 9 10 0.0297
404 91 16 20 0.0296
343 14 10 14 0.0296
349 4 9 11 0.0287
450 1 8 9 0.0284
418 0 8 7 0.0281
368 43 12 16 0.0280
465 10 10 11 0.0274
435 0 8 7 0.0268
449 0 7 8 0.0260
412 68 16 21 0.0255
640 2 9 11 0.0247
325 102 9 18 0.0232
392 52 11 14 0.0221
386 2 9 12 0.0221
414 69 14 20 0.0217
445 0 9 9 0.0212
343 2 9 12 0.0199
412 15 11 13 0.0196
655 9 8 10 0.0186
387 8 10 13 0.0177
643 1 9 11 0.0169
374 39 13 16 0.0166
425 42 11 15 0.0166
473 118 9 13 0.0163
323 19 9 14 0.0161
344 64 15 18 0.0159
445 14 10 11 0.0157
325 36 8 15 0.0147
387 71 15 20 0.0138
369 46 11 16 0.0138
401 90 15 20 0.0137
469 9 9 11 0.0127
483 102 20 29 0.0122
641 1 9 9 0.0113
644 6 9 10 0.0106
671 8 11 14 0.0104
488 110 24 30 0.0101
491 115 23 27 0.0101
