55_Sports_Coach_Trainer_sportcoaching_55_516
22
472 322 48 59 0.8815
114 299 46 55 0.8778
826 190 33 40 0.8765
772 208 30 34 0.8743
574 133 35 47 0.8722
444 192 32 39 0.8715
373 320 44 56 0.8712
380 212 31 36 0.8688
586 339 46 56 0.8645
664 198 32 37 0.8632
688 369 48 60 0.8621
502 189 32 36 0.8597
253 210 31 36 0.8576
319 210 30 35 0.8538
741 206 25 35 0.8384
775 362 52 61 0.7283
252 318 48 58 0.6447
775 362 52 61 0.0609
373 320 44 57 0.0286
252 319 48 57 0.0130
252 319 48 56 0.0130
688 369 47 59 0.0115
