55_Sports_Coach_Trainer_sportcoaching_55_380
47
571 290 21 26 0.8003
27 192 31 32 0.7624
462 182 56 44 0.7325
460 182 58 45 0.4799
855 0 47 55 0.4785
524 463 7 8 0.2249
521 463 6 8 0.2092
203 218 19 21 0.1262
624 456 7 10 0.0690
628 456 7 9 0.0678
204 219 23 23 0.0651
504 467 7 9 0.0601
503 464 7 9 0.0589
463 471 6 7 0.0565
626 455 8 10 0.0497
521 466 6 7 0.0483
459 472 6 7 0.0482
623 455 8 10 0.0436
525 465 6 7 0.0417
207 217 20 22 0.0406
856 0 48 55 0.0394
542 493 7 8 0.0386
539 493 7 8 0.0375
537 470 6 7 0.0314
503 504 8 8 0.0303
461 470 6 7 0.0291
458 470 6 7 0.0248
500 465 7 9 0.0238
463 457 6 8 0.0233
534 469 6 7 0.0216
521 464 6 7 0.0211
463 470 6 8 0.0182
206 220 25 24 0.0181
597 505 16 7 0.0169
543 493 7 8 0.0169
502 467 6 8 0.0159
537 492 6 8 0.0146
501 503 7 8 0.0139
520 462 6 8 0.0139
541 494 7 9 0.0139
502 460 7 8 0.0138
522 462 7 8 0.0136
502 467 6 9 0.0131
554 476 6 8 0.0123
466 458 6 7 0.0118
499 504 7 8 0.0109
462 405 11 13 0.0107
