55_Sports_Coach_Trainer_sportcoaching_55_196
24
508 164 32 40 0.8351
749 160 31 39 0.7252
797 41 45 64 0.6600
281 174 34 39 0.6146
536 192 26 36 0.6043
801 43 38 62 0.5527
168 172 37 33 0.4755
280 175 35 38 0.3239
466 181 26 36 0.3217
113 169 25 35 0.1947
118 168 26 36 0.1901
538 192 27 37 0.0774
118 165 23 36 0.0587
172 172 35 33 0.0532
118 171 29 38 0.0278
475 181 20 32 0.0262
164 171 34 29 0.0195
111 165 23 35 0.0180
460 182 27 37 0.0170
126 170 27 33 0.0158
178 165 32 34 0.0137
114 173 25 34 0.0116
752 169 28 37 0.0108
167 166 34 33 0.0100
