55_Sports_Coach_Trainer_sportcoaching_55_424
47
416 264 48 43 0.8253
307 330 20 28 0.7732
972 354 14 22 0.5740
830 380 13 22 0.5431
590 311 13 17 0.5186
931 380 12 23 0.4679
643 372 16 21 0.4261
130 404 11 21 0.3918
1013 387 11 21 0.3629
358 146 16 20 0.3425
646 372 17 22 0.3408
716 327 12 22 0.3119
885 385 10 19 0.2959
928 380 12 22 0.2257
671 350 12 21 0.2193
674 350 12 21 0.1770
604 361 12 18 0.1730
882 383 10 21 0.1599
134 404 10 20 0.1159
882 386 9 18 0.1011
594 312 12 16 0.0914
828 380 12 21 0.0884
322 375 13 21 0.0849
607 361 13 19 0.0762
833 381 13 21 0.0678
363 146 14 19 0.0604
156 410 10 20 0.0548
714 327 10 21 0.0543
154 408 10 20 0.0531
976 354 13 21 0.0476
756 360 15 22 0.0422
1009 387 12 20 0.0337
1013 384 10 20 0.0307
886 384 11 17 0.0235
327 376 11 20 0.0224
360 153 15 19 0.0215
132 402 12 20 0.0210
933 380 12 23 0.0208
756 356 13 21 0.0198
588 308 13 19 0.0196
587 311 12 16 0.0175
887 386 11 17 0.0154
970 355 12 19 0.0152
720 327 12 21 0.0143
719 325 13 21 0.0140
1009 388 14 24 0.0126
672 349 12 20 0.0123
