55_Sports_Coach_Trainer_sportcoaching_55_643
67
6 295 27 32 0.8132
471 232 17 24 0.7452
422 266 16 22 0.6456
507 216 17 23 0.6272
665 256 14 22 0.5943
552 270 14 19 0.4821
689 259 12 19 0.4670
299 259 18 26 0.4506
281 246 16 20 0.4420
598 253 16 25 0.4342
786 211 18 23 0.3874
296 259 19 26 0.3712
860 246 14 21 0.3594
430 243 16 20 0.3286
653 250 12 21 0.3238
788 211 17 24 0.2554
504 216 16 24 0.2282
783 211 18 23 0.2117
655 252 12 21 0.1988
594 252 16 26 0.1928
556 270 12 19 0.1877
471 261 13 21 0.1822
523 257 15 20 0.1791
864 246 14 21 0.1599
419 266 15 21 0.1396
427 242 16 21 0.1352
429 240 15 18 0.1327
371 212 10 20 0.1035
783 281 11 18 0.0711
518 257 13 21 0.0624
575 255 15 21 0.0620
784 211 18 24 0.0567
427 239 14 18 0.0523
669 257 13 21 0.0518
468 261 13 20 0.0441
277 246 14 19 0.0436
650 254 12 19 0.0423
612 254 15 22 0.0411
124 264 13 18 0.0409
285 244 15 20 0.0382
530 256 13 20 0.0360
781 278 10 19 0.0324
780 281 9 19 0.0309
669 256 15 22 0.0279
367 212 11 19 0.0278
121 265 13 16 0.0277
595 252 16 24 0.0220
372 214 10 19 0.0217
692 259 13 19 0.0210
519 260 15 21 0.0203
468 261 15 21 0.0200
918 217 14 26 0.0191
610 251 14 22 0.0187
367 212 12 22 0.0178
474 263 12 20 0.0175
649 251 13 19 0.0172
968 255 16 21 0.0164
572 252 15 21 0.0155
915 217 12 25 0.0129
521 253 15 22 0.0129
368 215 10 18 0.0126
963 255 16 22 0.0121
595 256 17 23 0.0117
764 242 16 18 0.0117
548 268 14 20 0.0116
786 281 12 17 0.0111
628 256 14 19 0.0101
