55_Sports_Coach_Trainer_sportcoaching_55_569
35
890 33 53 63 0.8951
252 254 42 57 0.8895
734 188 54 75 0.8812
338 41 49 68 0.8792
181 80 55 79 0.8705
911 195 43 58 0.8629
100 236 26 35 0.8486
593 21 21 26 0.8296
61 243 22 31 0.8268
377 243 19 32 0.7568
933 0 59 52 0.7251
695 15 14 26 0.4678
697 15 16 26 0.3210
183 273 8 10 0.1676
187 273 7 10 0.1638
376 244 17 31 0.1006
185 274 7 9 0.0806
169 268 6 7 0.0774
131 267 12 16 0.0762
166 268 6 7 0.0614
38 253 9 13 0.0586
188 274 7 9 0.0459
35 254 9 11 0.0392
167 267 6 7 0.0289
179 275 7 8 0.0258
135 269 10 12 0.0252
132 271 12 14 0.0175
165 267 5 7 0.0150
200 272 7 9 0.0148
167 268 6 8 0.0134
132 264 12 14 0.0130
18 324 20 30 0.0128
201 275 6 8 0.0123
185 272 6 8 0.0118
892 32 52 65 0.0106
