55_Sports_Coach_Trainer_sportcoaching_55_789
28
673 198 39 59 0.8806
542 257 42 55 0.8791
465 159 40 57 0.8782
631 280 42 55 0.8767
590 216 38 58 0.8747
147 213 47 72 0.8740
232 186 41 59 0.8715
823 322 40 53 0.8682
390 222 42 60 0.8663
929 327 44 60 0.8649
730 333 40 58 0.8640
366 286 40 58 0.8587
89 172 41 52 0.8562
327 128 35 55 0.8525
198 146 39 49 0.8488
423 123 36 55 0.8483
614 115 37 58 0.8438
52 126 40 54 0.8372
67 242 43 58 0.8287
271 225 46 64 0.7919
454 243 43 63 0.7235
762 165 42 64 0.5634
762 164 42 65 0.5241
454 243 43 63 0.5214
920 157 44 64 0.4088
920 158 44 63 0.3837
272 226 44 63 0.0501
730 332 40 59 0.0126
