1_Handshaking_Handshaking_1_602
121
249 347 29 25 0.7461
924 249 31 23 0.7312
291 286 18 18 0.6030
119 306 22 17 0.5269
914 269 12 15 0.4154
752 244 9 12 0.3663
612 229 9 12 0.3640
609 229 9 12 0.3621
374 240 13 18 0.3615
755 244 9 12 0.3567
689 226 10 12 0.3540
192 187 9 13 0.3294
643 222 10 13 0.3171
843 236 11 15 0.3084
840 236 11 15 0.3078
510 223 9 11 0.3068
437 231 10 12 0.3064
507 223 9 11 0.2983
188 188 10 12 0.2962
139 197 8 11 0.2939
646 222 10 13 0.2883
675 307 19 21 0.2828
575 218 9 11 0.2768
680 230 9 12 0.2759
578 218 8 11 0.2739
135 197 9 11 0.2710
378 241 12 16 0.2527
549 225 8 11 0.2383
439 231 10 12 0.2362
676 230 10 12 0.2342
476 217 8 11 0.2307
916 269 12 15 0.2229
435 231 9 12 0.2177
841 235 11 15 0.2166
678 309 21 19 0.2111
478 218 9 10 0.2106
545 225 9 11 0.2102
547 224 9 11 0.1938
544 224 9 11 0.1729
289 285 17 19 0.1707
116 306 21 17 0.1684
724 257 13 17 0.1594
718 235 9 13 0.1576
614 294 14 21 0.1490
616 298 18 21 0.1438
474 217 9 11 0.1378
688 226 9 12 0.1367
620 302 20 19 0.1362
721 257 12 17 0.1324
677 244 10 14 0.1200
719 237 9 13 0.1175
579 219 9 10 0.1172
646 312 26 20 0.1140
716 235 8 12 0.1001
681 308 18 19 0.0977
922 250 25 22 0.0851
721 234 9 12 0.0767
508 224 9 11 0.0766
475 217 7 9 0.0646
685 226 10 12 0.0645
717 237 8 13 0.0637
682 312 20 16 0.0623
671 308 20 20 0.0619
190 186 10 12 0.0616
404 333 25 16 0.0609
140 198 8 11 0.0553
511 224 9 11 0.0549
641 245 10 12 0.0517
611 294 12 18 0.0516
677 231 9 12 0.0509
136 199 9 10 0.0502
645 224 10 12 0.0496
771 254 8 10 0.0495
722 260 12 17 0.0454
774 254 8 9 0.0442
720 236 9 12 0.0433
478 217 8 9 0.0381
721 239 9 12 0.0352
575 217 9 10 0.0346
773 252 8 9 0.0334
188 186 9 12 0.0330
646 308 24 23 0.0327
638 244 10 13 0.0325
618 295 16 22 0.0325
725 260 14 17 0.0320
668 305 20 23 0.0299
839 235 11 15 0.0293
406 338 26 16 0.0290
641 313 24 19 0.0275
475 217 8 11 0.0254
579 220 8 11 0.0253
478 220 8 10 0.0229
287 287 17 17 0.0229
673 244 10 14 0.0226
439 233 9 12 0.0199
617 291 16 21 0.0187
575 218 9 10 0.0184
770 251 8 10 0.0178
618 304 19 19 0.0172
410 334 26 14 0.0165
401 327 19 18 0.0163
724 258 12 16 0.0162
685 246 10 13 0.0155
667 310 24 18 0.0155
680 246 10 13 0.0139
687 249 11 13 0.0139
123 306 21 17 0.0138
642 247 10 11 0.0137
402 324 20 20 0.0136
406 334 27 19 0.0136
648 224 10 12 0.0132
439 231 10 13 0.0131
645 311 23 19 0.0131
668 250 9 12 0.0130
399 322 14 19 0.0125
576 221 7 10 0.0121
472 259 13 14 0.0117
363 237 12 16 0.0110
435 235 8 10 0.0107
665 250 8 12 0.0102
188 187 10 13 0.0102
