1_Handshaking_Handshaking_1_236
24
0 191 31 87 0.8715
502 189 49 64 0.8704
191 138 62 81 0.8649
730 237 30 40 0.8503
860 246 24 34 0.8404
389 185 35 61 0.8345
917 229 26 30 0.8163
979 271 22 27 0.8042
616 286 29 38 0.7419
893 516 32 47 0.7383
393 217 32 55 0.6086
1012 269 12 22 0.3164
1006 267 15 23 0.1141
394 223 30 49 0.0794
1012 437 12 44 0.0794
1001 269 16 22 0.0670
1016 273 8 27 0.0610
1005 268 17 25 0.0493
1012 238 12 24 0.0399
1015 240 9 23 0.0296
392 217 30 54 0.0266
1012 436 12 42 0.0230
1002 267 14 21 0.0222
191 138 62 81 0.0143
