1_Handshaking_Handshaking_1_356
84
130 604 123 148 0.8748
668 196 128 205 0.8457
307 384 34 37 0.8086
273 384 21 39 0.5073
599 410 26 37 0.4371
603 290 16 20 0.4035
657 357 15 20 0.3805
604 411 24 35 0.3761
662 357 14 20 0.3694
570 298 16 22 0.3640
575 297 15 23 0.3414
608 290 15 20 0.3146
430 285 14 20 0.3046
584 415 23 34 0.2398
435 286 13 18 0.2013
448 308 10 13 0.1758
452 308 10 13 0.1476
355 308 9 12 0.1375
280 386 21 37 0.1349
495 298 10 14 0.1304
489 298 10 14 0.1291
359 307 10 12 0.1171
650 301 12 16 0.0969
646 302 11 15 0.0958
490 300 10 13 0.0934
417 287 12 16 0.0905
617 323 13 18 0.0833
549 309 10 13 0.0755
497 299 9 14 0.0706
142 251 9 11 0.0672
648 300 11 15 0.0602
644 300 11 14 0.0579
509 308 10 12 0.0573
621 324 13 16 0.0511
146 251 8 11 0.0479
545 309 9 12 0.0438
144 253 9 14 0.0399
588 412 25 35 0.0397
507 302 9 13 0.0374
515 426 17 18 0.0368
149 264 9 12 0.0363
357 306 8 12 0.0358
634 358 12 17 0.0357
278 385 20 40 0.0340
654 315 13 16 0.0334
148 253 9 13 0.0334
239 330 8 9 0.0301
242 330 8 9 0.0292
630 358 12 17 0.0273
658 310 11 16 0.0262
452 308 9 13 0.0254
451 312 9 11 0.0238
450 306 10 13 0.0227
353 306 8 11 0.0215
658 315 13 17 0.0214
356 309 9 11 0.0201
426 286 14 18 0.0199
414 285 11 15 0.0198
107 293 9 9 0.0194
621 319 14 18 0.0189
156 269 8 11 0.0182
546 307 9 12 0.0180
245 308 10 12 0.0172
521 425 17 19 0.0165
249 306 10 13 0.0162
244 303 10 11 0.0162
552 307 11 15 0.0159
457 312 9 11 0.0158
104 293 8 9 0.0150
581 411 22 34 0.0149
514 308 9 12 0.0147
574 296 15 22 0.0144
146 252 9 11 0.0127
540 307 10 12 0.0127
249 303 9 11 0.0126
492 297 10 13 0.0121
244 331 7 9 0.0117
630 354 14 18 0.0117
411 289 11 14 0.0115
416 292 12 14 0.0115
510 312 9 12 0.0114
492 304 10 13 0.0110
242 328 9 11 0.0107
327 301 10 12 0.0101
