1_Handshaking_Handshaking_1_579
965
790 410 33 41 0.8758
469 347 29 39 0.8723
863 257 25 34 0.8689
942 428 35 41 0.8664
593 417 37 44 0.8657
624 234 26 36 0.8605
528 309 30 39 0.8580
893 172 27 34 0.8572
270 214 27 34 0.8569
144 312 34 39 0.8568
437 307 29 36 0.8567
1004 230 20 36 0.8565
582 317 34 42 0.8545
584 250 29 37 0.8543
677 360 36 48 0.8540
885 273 30 39 0.8533
497 200 21 27 0.8529
491 283 27 33 0.8525
242 147 20 25 0.8524
497 404 33 43 0.8520
586 205 22 25 0.8515
635 196 24 32 0.8508
118 254 24 29 0.8506
77 360 34 33 0.8504
412 330 36 42 0.8504
778 352 29 42 0.8502
650 278 31 40 0.8498
393 380 34 39 0.8498
751 303 30 37 0.8491
235 198 25 29 0.8476
322 347 33 38 0.8467
830 242 26 30 0.8457
528 237 23 29 0.8437
87 211 23 27 0.8389
908 146 21 26 0.8360
530 194 22 29 0.8350
305 259 24 27 0.8348
0 318 13 39 0.8340
149 207 22 25 0.8329
482 159 22 23 0.8326
24 204 24 27 0.8312
170 284 24 27 0.8285
32 163 21 23 0.8239
859 343 34 43 0.8237
189 151 17 21 0.8220
359 197 24 31 0.8190
567 188 20 26 0.8156
8 384 37 37 0.8141
839 502 27 46 0.8130
274 309 28 31 0.8098
174 243 22 26 0.8089
263 145 18 22 0.8087
383 279 26 29 0.8078
840 137 18 23 0.8048
887 475 38 47 0.8022
1008 133 16 26 0.7991
661 188 21 25 0.7953
326 206 19 27 0.7921
739 189 26 30 0.7734
396 209 20 24 0.7690
73 191 19 22 0.7679
731 111 15 17 0.7601
29 287 26 31 0.7588
828 111 16 18 0.7482
196 232 22 26 0.7423
271 115 13 17 0.7415
561 141 19 22 0.7319
870 180 21 26 0.7306
424 96 14 19 0.7252
454 164 18 22 0.7233
615 97 14 18 0.7127
306 152 17 20 0.7119
679 128 17 22 0.7092
640 100 15 18 0.7056
781 121 14 19 0.6923
767 152 16 24 0.6917
522 128 16 22 0.6907
231 251 24 27 0.6894
375 178 19 25 0.6888
647 126 17 19 0.6866
950 160 18 22 0.6862
735 143 20 24 0.6858
874 237 25 30 0.6855
242 122 14 17 0.6840
72 328 26 30 0.6799
130 152 19 23 0.6754
247 105 13 16 0.6714
101 183 17 21 0.6706
354 99 14 18 0.6685
925 291 24 28 0.6571
130 107 14 18 0.6569
962 107 16 19 0.6567
386 73 13 16 0.6551
868 152 17 19 0.6459
373 92 12 16 0.6365
144 85 12 16 0.6331
475 133 15 17 0.6324
782 201 15 23 0.6303
977 191 23 27 0.6299
387 123 13 18 0.6297
34 117 16 20 0.6289
832 177 18 23 0.6278
968 164 17 20 0.6246
423 149 13 19 0.6198
463 226 22 25 0.6182
395 96 13 16 0.6174
338 71 12 16 0.6154
0 184 12 20 0.6136
125 129 16 21 0.6126
4 258 22 27 0.6063
319 128 17 20 0.6041
219 181 20 23 0.5824
477 111 13 17 0.5780
762 257 25 30 0.5767
662 65 13 16 0.5756
577 75 12 17 0.5744
508 115 14 18 0.5731
180 315 32 33 0.5686
904 95 14 19 0.5665
806 201 18 22 0.5574
399 149 18 24 0.5573
642 172 19 22 0.5563
301 100 12 17 0.5528
228 142 14 20 0.5505
887 143 19 23 0.5452
315 297 30 36 0.5451
868 82 13 17 0.5447
1 296 18 27 0.5376
473 79 11 13 0.5128
781 101 12 17 0.5118
441 277 24 31 0.5079
623 118 15 20 0.5071
803 231 22 26 0.5018
666 131 14 17 0.4943
72 153 17 19 0.4921
549 93 13 14 0.4911
170 116 15 19 0.4901
973 84 12 16 0.4876
443 131 15 20 0.4871
101 296 29 34 0.4848
615 70 12 15 0.4840
21 130 14 16 0.4815
370 74 11 14 0.4800
451 80 11 13 0.4789
680 93 14 18 0.4703
640 80 13 16 0.4702
362 139 13 17 0.4649
586 89 13 17 0.4622
25 254 20 26 0.4621
799 136 16 21 0.4608
592 98 13 16 0.4553
416 66 11 14 0.4511
649 143 18 20 0.4492
721 159 20 23 0.4490
332 95 15 16 0.4479
551 161 18 22 0.4465
699 77 14 16 0.4463
719 159 20 24 0.4459
992 105 13 17 0.4429
10 115 12 16 0.4405
622 200 17 26 0.4388
793 79 14 16 0.4319
303 75 13 16 0.4237
519 75 12 16 0.4180
302 75 11 16 0.4166
648 143 17 20 0.4114
132 152 19 23 0.4109
454 119 13 15 0.4031
707 128 14 16 0.3915
357 126 13 16 0.3898
791 105 13 17 0.3870
371 257 22 28 0.3851
441 131 16 19 0.3806
317 296 30 37 0.3792
689 149 16 22 0.3766
797 136 16 21 0.3746
764 136 15 20 0.3720
679 93 13 18 0.3667
441 279 26 33 0.3660
1016 186 8 26 0.3656
948 140 17 20 0.3614
81 122 12 17 0.3602
263 183 22 24 0.3584
644 172 19 22 0.3542
8 115 12 16 0.3511
456 138 13 16 0.3503
73 171 20 22 0.3496
847 120 16 19 0.3486
926 106 16 19 0.3485
744 68 13 14 0.3481
666 216 18 23 0.3471
541 112 14 17 0.3458
73 168 19 21 0.3447
162 189 19 23 0.3439
249 90 11 15 0.3430
65 216 18 24 0.3239
291 59 10 13 0.3222
456 118 13 17 0.3209
322 158 15 19 0.3171
783 72 12 16 0.3164
474 61 10 12 0.3152
350 71 11 14 0.3146
302 100 14 17 0.3128
202 78 12 16 0.3118
989 104 14 18 0.3100
539 58 10 14 0.3098
141 128 12 18 0.3089
276 134 14 19 0.3071
28 105 15 18 0.3068
128 129 16 21 0.3054
228 95 13 18 0.3049
19 129 13 17 0.3026
253 393 25 32 0.3023
419 66 11 14 0.3014
1000 80 13 16 0.3003
102 120 13 17 0.2963
977 192 24 28 0.2962
834 67 13 15 0.2948
500 88 10 14 0.2919
446 219 15 21 0.2837
837 202 23 27 0.2793
454 80 10 13 0.2772
375 258 24 29 0.2764
100 118 13 17 0.2708
75 254 21 25 0.2704
2 258 21 27 0.2696
471 61 10 13 0.2671
200 78 11 15 0.2667
294 59 10 13 0.2563
448 221 16 21 0.2529
601 165 15 19 0.2520
36 118 16 19 0.2517
917 78 11 14 0.2500
244 52 10 13 0.2497
852 65 12 14 0.2496
928 105 16 19 0.2457
226 94 13 17 0.2441
165 198 16 20 0.2432
401 149 19 24 0.2411
928 106 16 19 0.2378
506 115 13 17 0.2333
747 68 12 14 0.2314
845 117 17 19 0.2308
68 216 19 25 0.2278
477 79 10 13 0.2228
172 116 15 19 0.2220
297 133 17 20 0.2215
838 205 24 26 0.2205
0 130 5 16 0.2204
25 256 21 27 0.2192
422 54 11 13 0.2189
159 173 21 25 0.2187
462 226 21 25 0.2184
407 83 11 15 0.2175
263 89 12 14 0.2141
504 78 10 11 0.2130
802 230 22 24 0.2126
849 65 12 15 0.2121
733 100 14 16 0.2116
710 127 13 15 0.2115
696 76 14 17 0.2106
0 184 10 18 0.2060
313 56 8 11 0.2036
230 250 22 27 0.2017
500 56 10 13 0.2007
791 106 14 18 0.2006
28 253 20 26 0.1994
190 198 24 23 0.1962
659 64 12 16 0.1955
243 53 9 11 0.1953
386 32 9 11 0.1948
251 390 27 34 0.1942
536 59 10 13 0.1941
1003 81 13 16 0.1885
257 68 9 12 0.1884
180 315 32 32 0.1881
667 219 18 22 0.1875
642 81 14 16 0.1865
194 192 22 23 0.1862
497 88 10 14 0.1854
554 163 19 21 0.1833
1004 80 12 15 0.1831
901 94 14 20 0.1824
474 132 14 16 0.1811
381 51 10 12 0.1763
595 98 12 17 0.1755
637 45 10 13 0.1753
333 94 14 16 0.1749
146 85 13 16 0.1738
622 118 15 19 0.1707
528 148 14 17 0.1682
441 92 12 16 0.1677
542 104 14 16 0.1673
771 63 11 13 0.1671
836 206 19 24 0.1624
115 85 14 16 0.1607
921 177 18 25 0.1603
251 91 12 14 0.1601
378 50 11 13 0.1599
986 124 16 19 0.1560
524 128 16 23 0.1556
707 91 14 16 0.1555
698 148 15 21 0.1552
574 76 12 15 0.1537
914 78 12 14 0.1522
619 200 17 25 0.1515
84 122 12 17 0.1510
507 77 10 13 0.1501
389 31 9 12 0.1498
613 69 12 15 0.1496
4 296 20 27 0.1485
480 111 13 16 0.1483
364 139 15 18 0.1478
172 89 12 16 0.1473
146 149 15 19 0.1471
85 258 19 25 0.1466
620 119 15 19 0.1443
758 47 10 11 0.1434
442 93 12 16 0.1429
229 143 16 21 0.1423
176 408 20 40 0.1417
338 94 13 15 0.1413
917 132 15 17 0.1382
389 73 12 16 0.1382
887 66 12 15 0.1346
87 255 19 26 0.1345
505 158 17 20 0.1344
616 178 15 19 0.1331
891 65 11 15 0.1323
759 108 14 17 0.1310
250 105 12 16 0.1305
298 132 14 17 0.1294
31 106 15 18 0.1292
427 96 14 19 0.1275
315 56 9 11 0.1270
260 138 15 22 0.1256
67 218 18 23 0.1245
544 112 14 17 0.1242
955 186 18 22 0.1237
867 81 13 17 0.1234
88 80 12 16 0.1233
21 193 21 24 0.1232
346 71 12 15 0.1224
782 53 10 12 0.1213
665 115 12 15 0.1209
132 50 9 11 0.1203
374 178 19 24 0.1198
269 66 10 13 0.1197
376 92 12 16 0.1192
821 140 15 18 0.1186
919 196 22 27 0.1177
384 62 11 13 0.1170
225 95 13 18 0.1165
531 93 10 14 0.1130
387 32 10 12 0.1124
836 69 13 16 0.1110
534 93 11 14 0.1106
100 182 16 21 0.1100
259 69 9 11 0.1099
191 193 22 23 0.1096
819 174 18 22 0.1081
91 83 11 14 0.1079
339 95 14 16 0.1066
301 132 17 21 0.1059
325 158 14 19 0.1051
271 184 22 23 0.1049
680 129 17 22 0.1047
0 51 7 15 0.1041
169 117 16 20 0.1037
330 96 12 15 0.1036
498 56 9 12 0.1036
758 105 14 17 0.1031
441 93 12 16 0.1027
747 69 12 16 0.1022
188 136 15 18 0.1020
669 214 20 25 0.1012
935 90 12 14 0.1009
8 152 17 20 0.1006
1011 159 11 22 0.1004
247 52 9 12 0.1003
704 66 11 14 0.0998
256 391 24 33 0.0994
733 144 19 24 0.0989
537 58 10 13 0.0988
501 57 10 13 0.0977
300 131 15 19 0.0973
549 155 18 21 0.0973
220 180 20 24 0.0968
736 100 13 16 0.0966
258 393 23 32 0.0965
862 311 23 26 0.0962
636 44 10 13 0.0960
151 188 22 24 0.0960
645 126 16 19 0.0919
174 89 12 16 0.0910
612 71 11 14 0.0901
333 115 15 16 0.0900
540 77 13 14 0.0894
714 46 11 14 0.0888
623 162 16 19 0.0888
756 46 9 11 0.0884
633 46 11 13 0.0872
552 21 9 12 0.0870
135 49 10 12 0.0868
78 257 20 27 0.0868
316 292 27 32 0.0866
782 69 11 14 0.0863
865 82 13 17 0.0837
858 151 17 19 0.0831
960 106 15 19 0.0831
711 91 13 16 0.0829
562 117 13 15 0.0829
530 148 16 18 0.0826
311 30 9 10 0.0822
373 126 14 18 0.0808
922 180 19 26 0.0803
262 180 20 24 0.0800
830 52 10 12 0.0797
194 214 21 22 0.0795
183 118 13 15 0.0792
493 106 12 15 0.0789
709 94 14 18 0.0788
833 204 19 24 0.0785
780 73 11 15 0.0782
98 297 29 33 0.0774
108 110 12 17 0.0770
321 130 16 21 0.0767
961 81 12 14 0.0766
969 85 13 15 0.0762
546 78 13 15 0.0756
355 174 16 19 0.0750
733 59 11 13 0.0745
400 210 18 23 0.0745
553 92 11 14 0.0735
390 123 12 18 0.0731
25 34 11 13 0.0730
1018 402 6 35 0.0716
394 94 13 17 0.0711
46 29 9 9 0.0707
619 176 17 21 0.0695
194 197 23 23 0.0690
49 277 20 26 0.0687
914 131 16 19 0.0681
162 107 12 14 0.0676
950 101 12 17 0.0674
56 277 16 23 0.0673
138 190 19 22 0.0670
292 58 9 13 0.0670
347 70 11 14 0.0668
847 21 12 14 0.0666
28 30 10 13 0.0663
477 35 10 13 0.0641
84 79 11 15 0.0628
746 82 12 14 0.0625
419 52 10 13 0.0624
632 20 11 14 0.0620
584 127 13 19 0.0619
270 68 10 13 0.0616
519 70 10 12 0.0615
985 133 17 21 0.0610
713 95 12 16 0.0604
1017 188 7 31 0.0599
315 30 8 10 0.0597
313 58 9 11 0.0594
319 114 15 16 0.0593
87 83 11 14 0.0592
62 30 8 10 0.0590
548 21 10 13 0.0589
584 89 12 16 0.0577
159 170 20 21 0.0574
779 73 11 14 0.0573
636 20 10 13 0.0571
789 259 21 25 0.0570
169 78 9 11 0.0570
796 79 14 16 0.0568
222 122 12 16 0.0568
668 132 14 19 0.0567
369 74 11 14 0.0566
888 142 19 22 0.0566
22 35 11 13 0.0564
323 157 13 17 0.0559
683 65 11 13 0.0554
504 154 17 20 0.0554
951 185 18 22 0.0554
762 137 14 19 0.0550
354 126 13 16 0.0549
457 208 16 18 0.0545
622 193 17 23 0.0545
268 102 13 16 0.0545
796 80 14 17 0.0538
644 107 15 18 0.0529
546 93 13 15 0.0528
870 425 39 41 0.0527
760 46 9 10 0.0525
344 161 14 18 0.0523
247 24 8 9 0.0520
956 182 16 18 0.0519
581 129 12 17 0.0518
273 115 14 17 0.0517
392 233 18 23 0.0513
779 100 12 15 0.0513
633 44 10 13 0.0510
222 181 20 24 0.0508
231 18 7 9 0.0505
389 32 10 13 0.0505
694 115 13 16 0.0501
276 50 9 11 0.0501
739 207 21 26 0.0500
498 59 9 12 0.0500
43 29 9 10 0.0496
340 114 13 16 0.0496
871 237 26 31 0.0495
463 101 12 15 0.0491
987 485 34 62 0.0489
73 34 8 10 0.0486
989 482 34 67 0.0486
519 73 11 15 0.0485
711 47 11 13 0.0483
925 106 16 18 0.0479
592 117 14 17 0.0475
317 75 12 15 0.0466
93 255 19 24 0.0462
338 94 14 17 0.0460
251 24 7 9 0.0459
180 117 14 18 0.0458
732 57 11 13 0.0457
528 98 12 14 0.0455
371 256 18 25 0.0454
105 119 14 17 0.0453
917 85 12 16 0.0452
789 258 18 21 0.0452
792 297 22 26 0.0452
427 150 12 17 0.0451
32 32 10 12 0.0450
785 53 10 11 0.0448
1018 407 6 38 0.0441
157 23 8 10 0.0435
600 169 18 23 0.0435
316 58 9 11 0.0435
651 43 11 12 0.0434
1004 346 20 42 0.0434
785 69 11 13 0.0430
219 41 9 10 0.0427
714 44 10 13 0.0426
94 81 10 15 0.0426
410 107 12 14 0.0426
551 94 12 15 0.0425
838 69 12 15 0.0422
260 91 12 15 0.0417
873 430 36 37 0.0416
70 33 8 10 0.0412
849 118 15 17 0.0411
971 83 12 15 0.0410
264 23 9 11 0.0409
952 161 17 21 0.0404
347 157 13 16 0.0404
234 19 7 8 0.0402
190 213 23 24 0.0402
889 68 11 15 0.0402
950 141 18 22 0.0400
944 47 11 14 0.0396
760 48 10 11 0.0395
100 260 19 23 0.0393
497 89 11 14 0.0391
396 251 19 26 0.0390
120 228 20 23 0.0390
685 149 15 22 0.0388
825 110 16 19 0.0388
647 111 15 16 0.0385
821 298 17 23 0.0385
82 30 9 12 0.0383
79 30 9 11 0.0383
259 67 11 14 0.0381
694 146 16 20 0.0380
472 60 10 12 0.0379
393 96 14 16 0.0371
114 75 13 14 0.0368
579 76 12 14 0.0368
805 214 22 26 0.0367
133 107 14 18 0.0367
56 218 14 19 0.0366
826 52 11 12 0.0366
261 144 18 22 0.0365
889 143 19 23 0.0364
654 44 11 13 0.0359
337 118 14 16 0.0357
115 71 10 12 0.0353
578 47 10 12 0.0353
293 387 16 26 0.0352
494 37 10 11 0.0351
725 77 10 14 0.0350
550 20 9 11 0.0348
272 178 20 24 0.0343
158 171 19 21 0.0341
1016 182 8 22 0.0341
921 63 11 13 0.0339
53 221 16 21 0.0339
1012 98 9 15 0.0337
542 116 14 17 0.0335
185 123 14 17 0.0335
951 65 12 13 0.0334
658 21 10 11 0.0333
779 51 10 12 0.0328
128 106 14 18 0.0324
30 113 16 22 0.0324
562 120 15 17 0.0323
420 52 10 11 0.0322
754 47 11 13 0.0314
959 46 12 13 0.0312
722 77 11 15 0.0311
225 94 12 15 0.0310
521 101 11 14 0.0309
955 65 10 12 0.0309
585 94 12 15 0.0309
532 160 16 17 0.0308
940 47 12 14 0.0303
1007 353 17 36 0.0302
219 119 13 17 0.0301
697 115 12 14 0.0301
12 48 11 14 0.0300
69 217 20 25 0.0299
143 128 13 17 0.0295
343 172 15 18 0.0295
748 82 12 15 0.0292
418 148 14 20 0.0289
159 105 12 15 0.0289
819 164 19 25 0.0288
952 139 19 21 0.0287
636 16 10 13 0.0286
391 228 19 22 0.0284
892 90 13 16 0.0282
597 167 16 19 0.0282
324 128 15 19 0.0281
886 142 18 23 0.0281
705 189 19 22 0.0281
359 123 13 17 0.0280
632 17 11 13 0.0279
83 121 13 17 0.0278
313 32 8 10 0.0275
243 284 21 26 0.0274
290 57 9 13 0.0273
780 119 14 19 0.0273
374 256 20 26 0.0273
850 66 13 15 0.0272
881 110 15 19 0.0272
291 381 18 29 0.0272
160 23 8 10 0.0271
154 173 22 24 0.0269
611 147 13 17 0.0268
61 33 8 10 0.0268
883 69 12 14 0.0267
707 132 15 19 0.0264
230 19 7 9 0.0264
81 119 11 16 0.0261
611 144 12 15 0.0261
248 284 21 26 0.0260
916 224 18 21 0.0259
859 311 24 27 0.0258
156 22 8 9 0.0258
6 64 11 13 0.0258
525 95 11 14 0.0258
731 142 19 22 0.0257
428 55 11 12 0.0254
241 51 10 12 0.0252
338 56 10 13 0.0252
247 54 8 11 0.0251
832 69 12 14 0.0251
96 82 11 15 0.0250
384 49 10 12 0.0250
401 96 12 16 0.0249
619 171 15 20 0.0247
86 47 10 12 0.0245
778 120 13 18 0.0242
544 119 14 17 0.0242
737 41 10 13 0.0241
501 75 10 13 0.0240
441 222 16 21 0.0239
275 48 9 10 0.0239
54 272 18 24 0.0239
0 132 6 18 0.0238
1006 81 12 16 0.0238
619 38 11 13 0.0237
442 219 19 24 0.0233
263 22 9 11 0.0232
486 251 20 25 0.0232
375 139 14 18 0.0232
282 39 10 12 0.0231
565 119 13 16 0.0230
710 45 10 12 0.0229
926 197 20 25 0.0227
324 43 9 11 0.0226
476 33 9 11 0.0226
14 189 17 20 0.0226
789 292 23 27 0.0225
172 83 10 12 0.0225
63 61 12 13 0.0224
1015 119 9 19 0.0224
354 94 12 16 0.0223
460 39 12 14 0.0222
593 118 14 17 0.0222
319 292 26 32 0.0221
395 50 11 14 0.0219
785 201 15 22 0.0218
326 42 9 12 0.0217
688 143 17 21 0.0215
382 279 26 29 0.0213
750 48 11 14 0.0212
109 108 11 15 0.0211
112 72 12 14 0.0209
827 49 11 13 0.0209
710 189 19 22 0.0207
157 191 21 24 0.0207
352 240 21 24 0.0207
368 74 9 12 0.0206
246 22 7 9 0.0206
135 193 19 22 0.0206
967 263 22 28 0.0205
250 22 7 9 0.0204
84 33 9 11 0.0202
998 344 25 44 0.0202
549 21 10 12 0.0199
700 68 12 13 0.0199
603 149 17 21 0.0198
476 107 13 16 0.0198
282 29 10 12 0.0198
642 98 14 16 0.0198
233 17 8 10 0.0196
137 197 19 23 0.0194
134 48 11 13 0.0193
70 153 16 19 0.0193
131 48 9 11 0.0192
748 68 12 15 0.0191
535 58 10 12 0.0191
175 118 14 18 0.0191
327 95 11 14 0.0191
799 299 20 24 0.0190
308 147 18 22 0.0189
252 37 10 12 0.0189
781 83 11 15 0.0188
517 48 11 13 0.0188
1017 412 7 41 0.0187
83 119 12 16 0.0187
602 138 15 19 0.0187
340 235 21 26 0.0186
76 169 19 22 0.0186
134 47 10 11 0.0185
78 47 12 14 0.0184
780 132 15 20 0.0183
187 196 17 19 0.0183
516 47 10 12 0.0183
437 68 11 13 0.0183
350 70 10 14 0.0183
594 96 14 17 0.0182
532 142 17 20 0.0182
643 80 13 16 0.0182
797 76 12 14 0.0182
410 45 11 13 0.0180
554 96 11 13 0.0180
98 50 10 12 0.0180
314 54 9 10 0.0179
606 165 13 17 0.0177
671 219 20 22 0.0177
484 1 13 14 0.0176
658 18 9 11 0.0175
850 20 11 14 0.0174
504 82 10 14 0.0174
769 152 17 25 0.0173
458 218 17 22 0.0173
520 46 9 11 0.0173
703 92 12 15 0.0173
510 24 9 12 0.0172
374 50 9 11 0.0172
232 94 12 16 0.0172
930 120 15 17 0.0170
572 26 9 13 0.0170
416 67 12 15 0.0170
583 132 15 19 0.0169
244 46 10 12 0.0169
515 45 10 11 0.0169
954 68 12 14 0.0168
967 139 16 20 0.0168
865 308 21 21 0.0168
8 148 14 17 0.0168
616 184 17 21 0.0167
891 68 11 14 0.0167
177 137 15 19 0.0166
449 36 10 12 0.0165
764 104 14 16 0.0164
982 120 15 18 0.0163
753 252 24 32 0.0163
120 85 12 15 0.0163
164 118 14 17 0.0163
576 25 11 13 0.0162
219 44 10 12 0.0162
356 107 13 16 0.0161
288 3 9 10 0.0160
827 162 16 21 0.0160
214 19 9 10 0.0160
672 20 9 10 0.0159
85 76 12 15 0.0159
868 28 12 13 0.0159
903 94 14 17 0.0158
165 77 11 13 0.0158
926 187 22 27 0.0157
957 81 11 14 0.0157
291 3 10 9 0.0157
311 153 17 20 0.0156
32 28 9 11 0.0156
603 37 11 14 0.0156
503 154 15 21 0.0156
810 202 19 22 0.0155
670 22 10 12 0.0154
561 13 10 13 0.0153
307 73 10 14 0.0153
959 85 11 13 0.0152
340 57 10 12 0.0152
21 33 10 12 0.0152
121 232 20 25 0.0152
174 95 12 13 0.0151
216 120 13 17 0.0151
10 158 17 20 0.0151
507 25 9 11 0.0150
0 295 15 27 0.0150
184 409 15 39 0.0149
457 120 12 17 0.0149
951 181 16 18 0.0149
676 113 13 16 0.0149
954 210 16 21 0.0148
957 43 12 14 0.0146
0 162 10 21 0.0145
499 54 9 12 0.0145
948 154 17 22 0.0145
478 132 15 18 0.0145
470 40 11 14 0.0145
341 168 15 19 0.0145
530 24 11 13 0.0144
441 131 15 19 0.0144
107 110 11 15 0.0143
60 29 8 10 0.0143
276 131 14 18 0.0142
807 21 10 14 0.0142
384 33 9 12 0.0142
597 142 15 18 0.0141
489 251 21 25 0.0140
921 190 23 28 0.0139
201 126 13 17 0.0139
362 58 10 12 0.0138
374 92 13 17 0.0137
994 126 17 20 0.0137
480 33 9 11 0.0137
807 102 13 18 0.0136
240 81 10 14 0.0136
287 22 9 10 0.0136
218 42 9 12 0.0136
675 21 9 11 0.0136
948 199 22 28 0.0136
483 36 11 12 0.0136
959 276 20 25 0.0136
781 50 9 11 0.0135
956 244 20 26 0.0135
470 69 12 15 0.0135
159 22 8 9 0.0135
452 165 18 20 0.0135
991 105 14 18 0.0135
215 215 19 21 0.0134
1008 364 15 36 0.0133
18 49 11 14 0.0133
723 74 11 13 0.0133
350 160 13 16 0.0132
967 409 29 36 0.0132
749 69 12 15 0.0132
0 70 4 14 0.0132
179 412 19 39 0.0131
849 20 12 14 0.0131
845 21 10 14 0.0131
777 122 14 18 0.0131
575 46 11 13 0.0131
313 28 9 10 0.0131
593 120 15 19 0.0130
954 242 19 24 0.0130
421 145 14 18 0.0129
217 94 12 15 0.0129
798 233 20 23 0.0129
471 94 12 15 0.0128
0 64 7 16 0.0128
1002 340 22 49 0.0128
314 11 8 11 0.0128
921 259 22 30 0.0127
801 199 16 23 0.0127
0 234 10 27 0.0127
819 40 10 11 0.0126
950 209 18 23 0.0126
214 11 9 11 0.0126
927 258 22 30 0.0126
568 115 12 16 0.0125
284 139 14 19 0.0125
113 71 10 11 0.0125
460 118 13 16 0.0124
240 121 14 18 0.0124
353 249 18 20 0.0123
339 52 10 11 0.0123
779 85 10 14 0.0123
828 174 17 22 0.0120
58 216 16 22 0.0120
717 45 10 13 0.0120
243 54 9 12 0.0119
78 150 15 17 0.0118
333 308 27 28 0.0118
892 95 12 16 0.0118
614 144 14 17 0.0118
359 14 9 11 0.0117
58 279 19 26 0.0117
79 260 22 26 0.0117
261 145 17 23 0.0117
316 124 14 17 0.0116
154 23 8 11 0.0116
537 144 16 19 0.0116
205 77 10 13 0.0115
435 232 20 23 0.0114
600 114 13 17 0.0114
547 20 9 12 0.0114
599 187 19 22 0.0114
420 40 10 12 0.0114
159 117 12 16 0.0113
301 4 8 9 0.0113
1004 351 20 48 0.0113
291 54 9 12 0.0113
824 140 14 18 0.0113
2 49 10 13 0.0112
6 149 13 20 0.0112
446 35 9 12 0.0112
178 90 12 15 0.0111
541 59 11 13 0.0111
416 196 17 22 0.0111
836 176 17 24 0.0111
943 43 11 14 0.0110
362 140 15 19 0.0110
206 22 9 10 0.0109
703 126 13 16 0.0109
441 219 15 19 0.0109
835 11 10 13 0.0109
900 92 13 19 0.0109
252 76 11 14 0.0109
399 251 19 25 0.0108
665 33 11 13 0.0108
563 165 17 21 0.0108
496 115 12 16 0.0108
1001 355 21 35 0.0106
896 43 10 12 0.0106
949 135 14 16 0.0106
317 11 8 11 0.0106
611 69 11 15 0.0106
846 19 10 13 0.0105
927 252 22 29 0.0105
227 33 10 11 0.0104
940 44 11 14 0.0104
846 118 17 19 0.0103
875 179 18 24 0.0103
332 25 10 12 0.0103
352 154 14 17 0.0102
505 172 19 20 0.0102
930 49 10 12 0.0101
5 64 12 16 0.0101
698 75 13 15 0.0100
204 81 12 15 0.0100
