56_Voter_peoplevoting_56_558
279
646 275 57 83 0.8642
399 255 44 84 0.8101
597 422 10 12 0.5972
651 406 9 11 0.5304
637 404 8 11 0.4742
834 277 20 26 0.4153
605 401 8 10 0.4143
836 277 20 26 0.3729
895 426 11 14 0.3568
146 408 8 10 0.3503
615 411 8 11 0.3501
625 412 9 12 0.3471
664 417 8 10 0.3467
148 408 9 10 0.3318
627 413 8 11 0.3316
935 419 9 12 0.3315
585 413 9 11 0.3207
80 408 7 10 0.3093
892 426 11 14 0.3040
136 395 7 8 0.3026
587 413 9 12 0.3020
133 395 7 8 0.2908
108 407 7 9 0.2883
488 421 8 10 0.2878
661 417 8 10 0.2837
475 410 9 12 0.2805
584 413 9 12 0.2760
491 421 8 10 0.2565
473 410 8 12 0.2560
578 402 7 9 0.2557
652 429 8 11 0.2506
44 410 8 11 0.2471
922 404 9 11 0.2455
522 411 8 12 0.2425
101 393 7 9 0.2399
116 399 7 9 0.2385
617 411 9 11 0.2331
90 398 7 9 0.2331
165 396 7 9 0.2279
48 411 8 10 0.2277
519 411 8 12 0.2240
162 397 7 9 0.2209
668 405 8 9 0.2151
604 386 7 9 0.2110
956 398 8 11 0.2095
920 404 8 11 0.2054
928 413 9 12 0.2047
15 409 8 11 0.2041
119 400 7 9 0.1978
648 429 9 11 0.1976
962 383 8 10 0.1967
636 386 7 10 0.1905
949 428 11 13 0.1889
17 409 9 11 0.1889
187 402 8 10 0.1884
928 387 8 10 0.1840
649 370 6 9 0.1837
950 387 8 10 0.1801
633 386 7 9 0.1771
657 382 7 9 0.1738
952 387 8 10 0.1727
925 387 8 10 0.1709
601 385 7 10 0.1670
938 419 9 12 0.1664
965 383 7 10 0.1636
156 387 7 8 0.1632
887 413 9 12 0.1629
622 370 7 8 0.1619
954 399 8 11 0.1582
646 370 6 9 0.1569
519 385 7 9 0.1534
619 370 7 9 0.1504
928 412 9 13 0.1487
504 410 7 9 0.1465
516 385 7 9 0.1440
601 386 7 10 0.1417
191 401 8 11 0.1409
78 408 8 10 0.1408
575 402 7 9 0.1401
670 426 8 11 0.1364
143 383 7 8 0.1346
896 396 8 9 0.1337
110 389 6 8 0.1324
52 399 7 8 0.1284
885 413 9 11 0.1227
541 388 8 9 0.1224
87 385 7 8 0.1223
76 397 6 8 0.1162
671 405 7 10 0.1134
673 426 8 11 0.1089
573 386 7 9 0.1087
48 398 7 9 0.1074
666 404 8 10 0.1068
14 410 8 10 0.1023
893 425 10 14 0.1019
890 389 7 8 0.0995
489 396 7 11 0.0974
966 407 8 12 0.0967
90 401 8 9 0.0964
633 387 8 9 0.0945
660 381 7 9 0.0938
72 396 7 8 0.0932
595 422 9 12 0.0929
166 396 7 9 0.0920
111 410 8 9 0.0912
209 396 8 10 0.0888
887 388 7 9 0.0883
182 385 8 10 0.0883
927 388 7 9 0.0879
570 385 7 10 0.0867
663 365 8 10 0.0862
671 425 9 11 0.0858
120 400 7 9 0.0850
185 386 7 10 0.0817
596 375 7 9 0.0812
952 428 10 12 0.0805
596 376 7 9 0.0803
108 410 8 9 0.0802
4 386 6 9 0.0781
189 400 8 10 0.0776
578 426 8 11 0.0771
477 411 8 11 0.0769
890 387 7 10 0.0753
132 376 6 8 0.0747
33 385 6 8 0.0736
593 375 7 9 0.0727
81 409 8 9 0.0725
556 422 7 11 0.0724
603 402 7 9 0.0707
962 405 9 12 0.0705
484 405 8 10 0.0682
575 386 7 10 0.0670
929 388 8 9 0.0652
918 372 7 9 0.0628
559 421 7 11 0.0617
11 370 6 8 0.0615
544 388 7 9 0.0613
8 370 6 8 0.0596
60 383 6 8 0.0589
57 383 6 8 0.0578
884 414 9 11 0.0576
571 387 7 9 0.0568
915 371 7 10 0.0567
577 402 7 9 0.0548
519 412 9 12 0.0539
213 396 7 10 0.0531
518 386 7 9 0.0529
161 397 7 9 0.0518
954 399 9 11 0.0513
117 400 6 9 0.0510
49 411 7 10 0.0508
106 376 6 7 0.0508
544 387 7 9 0.0502
184 417 8 10 0.0501
649 408 8 10 0.0484
491 422 7 10 0.0479
628 356 6 8 0.0477
523 412 8 11 0.0464
6 388 7 8 0.0461
148 372 6 8 0.0460
205 376 7 9 0.0457
540 376 7 8 0.0457
17 410 9 11 0.0454
650 428 9 10 0.0451
945 371 7 9 0.0442
923 404 8 11 0.0442
145 372 6 7 0.0422
188 379 8 10 0.0422
103 375 6 8 0.0422
637 387 7 9 0.0420
889 409 9 12 0.0414
82 410 8 9 0.0413
38 370 6 8 0.0397
21 359 6 7 0.0392
565 373 6 8 0.0388
45 411 8 11 0.0387
934 420 9 12 0.0385
95 372 7 8 0.0385
25 359 5 7 0.0373
538 375 6 8 0.0373
28 383 6 8 0.0372
528 425 8 11 0.0366
595 375 7 9 0.0360
942 371 7 9 0.0346
82 408 8 9 0.0345
599 423 10 12 0.0344
646 369 9 11 0.0343
667 405 8 10 0.0342
130 376 6 8 0.0341
636 367 6 8 0.0340
28 373 7 8 0.0338
596 422 9 11 0.0335
611 399 8 10 0.0333
54 398 7 8 0.0332
624 410 8 10 0.0330
19 382 7 7 0.0329
559 423 7 9 0.0327
73 379 7 8 0.0324
188 401 8 10 0.0318
898 397 8 10 0.0315
135 396 7 9 0.0312
647 405 9 11 0.0312
117 370 7 8 0.0309
951 427 10 12 0.0308
963 409 8 11 0.0304
934 422 8 11 0.0300
520 386 7 9 0.0291
562 373 6 8 0.0291
962 383 7 9 0.0290
210 423 9 10 0.0289
32 386 7 8 0.0286
489 398 8 10 0.0286
914 415 10 11 0.0281
516 424 8 10 0.0280
202 376 6 9 0.0276
213 399 8 9 0.0259
622 370 7 10 0.0253
582 362 5 8 0.0253
216 372 7 9 0.0253
213 423 9 10 0.0247
486 397 8 10 0.0245
491 420 8 10 0.0241
670 425 9 12 0.0237
938 421 8 11 0.0236
140 383 7 8 0.0230
235 375 8 10 0.0225
556 424 8 10 0.0225
473 412 8 11 0.0222
174 381 8 9 0.0218
577 422 9 11 0.0218
235 374 7 9 0.0216
919 402 8 10 0.0216
892 364 6 8 0.0215
572 384 7 9 0.0212
87 385 6 8 0.0211
159 385 6 8 0.0201
60 383 6 7 0.0201
106 377 6 7 0.0191
916 374 7 9 0.0191
217 400 8 9 0.0186
617 351 6 7 0.0186
520 367 6 8 0.0180
71 378 7 8 0.0179
954 371 7 9 0.0174
930 385 7 9 0.0173
191 416 8 10 0.0172
179 416 8 9 0.0171
171 370 7 9 0.0170
21 392 7 9 0.0169
584 363 5 8 0.0169
211 398 7 9 0.0165
42 361 6 7 0.0165
487 422 8 10 0.0164
670 404 7 9 0.0162
185 382 8 10 0.0161
579 347 6 7 0.0158
517 367 6 7 0.0156
624 355 9 9 0.0152
966 385 7 9 0.0146
540 376 6 8 0.0144
647 427 9 10 0.0143
603 354 6 8 0.0141
584 362 6 8 0.0133
487 384 7 8 0.0131
563 406 8 11 0.0131
238 374 7 9 0.0131
78 410 7 10 0.0130
33 383 6 8 0.0126
239 375 7 10 0.0119
19 411 9 10 0.0119
97 362 6 8 0.0114
151 409 8 9 0.0112
55 372 7 8 0.0112
491 397 8 10 0.0108
538 354 6 7 0.0108
100 362 6 7 0.0107
526 425 8 10 0.0105
912 373 8 9 0.0104
878 408 9 11 0.0103
