56_Voter_peoplevoting_56_874
240
973 253 50 66 0.8285
137 351 25 30 0.8196
680 460 80 120 0.8033
665 251 27 32 0.8026
37 336 20 25 0.7887
565 297 24 28 0.7875
593 329 31 35 0.7803
12 298 18 21 0.7657
89 339 25 28 0.7618
776 297 44 58 0.7375
246 393 34 47 0.7294
477 363 66 85 0.7168
65 281 15 18 0.6832
1001 418 23 98 0.6485
156 425 33 45 0.6475
510 276 20 24 0.5944
154 390 24 34 0.5921
963 225 36 42 0.5820
358 280 15 17 0.5303
412 247 10 12 0.5131
191 256 14 17 0.5104
405 270 15 17 0.4968
454 289 18 19 0.4885
368 252 13 17 0.4854
532 309 19 24 0.4652
152 391 24 34 0.4558
402 270 15 17 0.4457
454 239 10 11 0.3720
112 296 14 16 0.3605
334 254 12 15 0.3567
464 225 8 12 0.3471
156 286 13 17 0.3354
422 249 10 12 0.3235
335 255 13 15 0.3220
270 274 17 20 0.3114
357 280 14 16 0.2785
458 258 12 14 0.2658
6 277 17 19 0.2524
467 225 8 11 0.2474
155 278 12 14 0.2437
332 230 10 12 0.2423
775 297 47 58 0.2330
457 240 10 11 0.2266
508 228 8 11 0.2263
110 296 13 15 0.2230
397 258 11 13 0.2226
494 216 7 9 0.2186
365 252 13 16 0.2181
409 237 9 11 0.2090
320 252 12 15 0.1975
245 235 10 12 0.1954
456 258 12 14 0.1954
498 217 7 9 0.1923
512 276 20 24 0.1755
505 227 8 12 0.1558
330 230 9 12 0.1553
337 254 13 15 0.1543
632 194 8 10 0.1478
582 208 8 9 0.1430
3 277 17 18 0.1422
406 236 10 12 0.1420
274 274 17 20 0.1401
243 236 9 11 0.1398
395 258 10 13 0.1397
426 249 9 11 0.1345
504 229 10 11 0.1303
334 231 10 11 0.1258
399 224 9 11 0.1250
528 309 19 23 0.1221
138 287 12 13 0.1134
593 208 8 10 0.1115
636 194 8 10 0.1093
169 312 13 18 0.1078
69 281 14 18 0.1042
513 209 8 9 0.1038
160 285 13 18 0.1025
485 238 9 11 0.0997
597 208 8 9 0.0966
374 228 10 12 0.0960
7 282 17 19 0.0953
237 258 10 12 0.0936
397 224 8 11 0.0932
293 242 9 11 0.0925
135 286 12 14 0.0921
425 229 8 9 0.0921
322 256 11 14 0.0910
159 278 11 14 0.0879
301 251 10 12 0.0869
509 229 8 10 0.0857
635 193 9 10 0.0844
272 245 10 13 0.0843
592 206 8 9 0.0842
239 255 10 12 0.0829
242 258 10 13 0.0819
566 203 8 9 0.0819
596 206 8 9 0.0818
972 253 51 67 0.0803
331 231 9 12 0.0798
195 257 11 16 0.0788
580 206 8 10 0.0774
396 256 10 13 0.0774
622 196 8 9 0.0770
386 338 32 52 0.0738
632 192 8 11 0.0719
563 202 8 9 0.0716
189 256 13 17 0.0713
271 279 17 19 0.0685
494 218 8 9 0.0676
386 339 34 54 0.0650
601 217 9 10 0.0647
290 242 9 11 0.0633
189 255 13 17 0.0631
294 243 9 12 0.0630
375 230 11 12 0.0609
541 197 7 8 0.0605
222 249 9 11 0.0594
410 208 7 7 0.0572
428 228 8 10 0.0571
453 289 16 18 0.0569
552 200 8 9 0.0562
401 224 9 11 0.0547
414 246 10 12 0.0531
270 244 10 11 0.0515
398 221 7 10 0.0514
514 276 19 23 0.0510
456 290 18 21 0.0501
1017 299 7 32 0.0492
513 209 6 8 0.0492
226 248 9 11 0.0489
482 236 10 12 0.0489
538 197 6 8 0.0479
378 230 10 11 0.0479
465 206 8 9 0.0477
629 178 7 9 0.0461
247 236 9 11 0.0457
598 217 8 10 0.0451
409 207 6 8 0.0417
539 196 7 8 0.0410
172 313 14 18 0.0404
288 271 14 20 0.0399
138 282 12 14 0.0395
136 289 13 16 0.0394
467 208 7 9 0.0392
469 206 7 9 0.0387
495 217 8 10 0.0386
626 178 7 8 0.0364
353 221 8 8 0.0363
157 287 14 18 0.0360
467 224 8 11 0.0355
520 208 7 9 0.0350
243 235 9 10 0.0344
137 291 14 17 0.0344
275 246 10 11 0.0342
291 243 9 12 0.0336
396 223 9 11 0.0336
222 246 9 10 0.0331
4 280 17 20 0.0329
169 316 15 19 0.0326
406 208 7 7 0.0320
16 298 17 21 0.0317
520 219 9 11 0.0312
319 257 10 13 0.0309
432 216 8 10 0.0298
510 210 7 8 0.0291
654 187 8 9 0.0290
453 215 9 11 0.0288
549 202 8 9 0.0284
458 241 10 11 0.0274
422 252 10 11 0.0266
351 220 7 9 0.0262
396 222 7 9 0.0260
270 245 9 12 0.0253
597 215 9 12 0.0253
677 187 7 8 0.0250
135 283 12 13 0.0249
489 238 9 12 0.0247
536 307 22 26 0.0245
629 194 9 10 0.0245
319 250 10 12 0.0243
338 256 13 14 0.0239
540 197 8 9 0.0236
541 204 8 10 0.0233
394 254 9 13 0.0232
420 247 10 13 0.0228
353 220 7 8 0.0225
654 202 8 10 0.0222
362 234 10 11 0.0222
470 208 8 10 0.0220
108 295 15 17 0.0217
335 230 9 11 0.0212
242 238 10 11 0.0204
285 269 14 18 0.0201
362 279 12 15 0.0201
429 216 8 10 0.0200
512 218 9 10 0.0196
268 246 10 12 0.0196
173 260 10 13 0.0183
502 246 11 14 0.0182
662 184 7 8 0.0180
299 254 10 12 0.0178
219 248 9 12 0.0174
566 203 7 8 0.0173
454 241 11 12 0.0171
595 204 7 8 0.0167
372 227 8 11 0.0164
379 339 36 55 0.0154
395 342 27 45 0.0154
370 254 13 16 0.0150
223 254 11 13 0.0148
536 195 7 8 0.0146
427 274 12 15 0.0146
657 204 8 9 0.0142
452 240 9 12 0.0140
441 219 8 10 0.0138
239 261 10 13 0.0138
430 274 13 17 0.0135
335 228 9 11 0.0133
578 209 9 9 0.0133
375 212 8 9 0.0133
157 290 13 16 0.0131
5 273 16 17 0.0131
452 290 18 21 0.0129
661 183 6 8 0.0128
396 247 10 12 0.0125
427 231 9 10 0.0123
284 265 13 16 0.0122
955 218 32 41 0.0120
557 199 7 9 0.0120
378 336 34 53 0.0117
972 222 29 35 0.0116
552 198 8 9 0.0115
110 293 14 17 0.0115
486 208 8 9 0.0114
158 276 11 13 0.0109
540 310 18 24 0.0109
625 186 8 10 0.0108
275 280 16 17 0.0106
120 294 11 15 0.0105
98 313 15 18 0.0104
658 183 6 8 0.0102
