56_Voter_peoplevoting_56_441
465
208 238 103 155 0.8310
989 606 14 19 0.4164
975 646 17 20 0.3892
979 646 17 20 0.3535
880 599 10 14 0.3383
974 514 10 14 0.3383
877 599 10 14 0.3327
720 500 8 11 0.3302
992 606 14 19 0.3273
900 559 12 14 0.3249
962 546 11 15 0.3232
795 527 10 13 0.3163
809 632 12 16 0.3110
723 500 8 11 0.3026
903 559 12 13 0.2986
656 472 9 11 0.2983
794 549 10 13 0.2974
834 510 10 14 0.2930
820 588 12 14 0.2801
660 472 8 12 0.2708
794 499 9 11 0.2698
623 473 9 12 0.2688
620 473 9 12 0.2612
820 512 8 11 0.2612
727 475 8 9 0.2594
723 474 8 10 0.2586
791 549 10 12 0.2581
965 546 10 14 0.2496
791 499 9 11 0.2487
816 512 8 10 0.2429
817 494 8 11 0.2424
722 450 8 10 0.2417
971 514 10 13 0.2404
817 409 7 9 0.2402
987 577 12 16 0.2399
807 632 11 15 0.2389
677 460 8 10 0.2372
760 474 8 11 0.2366
725 449 8 11 0.2336
987 537 10 12 0.2307
680 460 8 10 0.2304
814 495 8 10 0.2301
798 527 10 13 0.2241
764 474 8 11 0.2228
837 510 10 14 0.2175
703 544 10 13 0.2171
899 595 12 15 0.2168
731 566 10 13 0.2153
699 545 10 13 0.2126
813 409 8 9 0.2118
990 537 10 13 0.2096
856 599 10 14 0.2025
925 566 11 13 0.1980
898 593 11 14 0.1962
709 588 11 14 0.1889
771 557 10 13 0.1871
926 521 10 12 0.1842
713 588 11 14 0.1839
822 484 9 11 0.1832
930 521 9 12 0.1766
774 558 10 13 0.1746
835 428 8 11 0.1721
742 546 9 11 0.1687
852 599 11 14 0.1665
964 496 9 12 0.1620
1001 591 12 14 0.1617
585 474 9 11 0.1585
588 474 9 11 0.1569
757 513 9 12 0.1550
1008 399 7 9 0.1546
928 566 11 13 0.1544
732 414 8 9 0.1521
738 546 10 11 0.1521
909 487 10 13 0.1516
825 484 9 11 0.1510
796 483 9 10 0.1483
1008 533 12 17 0.1480
755 513 8 12 0.1479
736 414 7 9 0.1471
701 543 11 13 0.1459
996 448 8 12 0.1448
967 495 10 13 0.1447
825 465 9 11 0.1442
822 466 8 10 0.1403
1012 522 10 15 0.1400
824 589 10 12 0.1388
902 593 11 14 0.1375
759 416 8 9 0.1369
666 445 8 9 0.1348
839 428 8 11 0.1328
999 448 9 12 0.1328
804 470 8 10 0.1316
951 395 7 9 0.1304
1004 398 8 10 0.1276
626 436 8 10 0.1273
954 442 10 11 0.1243
790 406 8 9 0.1243
835 535 9 12 0.1239
629 436 8 10 0.1210
958 442 9 11 0.1204
891 519 8 12 0.1197
838 534 9 12 0.1196
953 395 8 10 0.1193
754 453 7 10 0.1180
757 415 7 10 0.1178
791 474 8 11 0.1172
903 595 11 15 0.1157
734 565 10 13 0.1139
737 489 8 10 0.1135
759 514 9 11 0.1123
810 632 11 14 0.1100
787 406 7 9 0.1077
662 445 8 9 0.1070
706 562 10 14 0.1066
729 527 10 12 0.1057
740 489 8 10 0.1051
756 453 8 10 0.1036
822 392 8 9 0.1036
913 536 9 13 0.1028
741 545 9 11 0.1021
908 524 9 11 0.1014
726 527 8 11 0.0991
843 409 8 10 0.0986
770 556 10 12 0.0983
886 485 9 12 0.0975
719 411 8 9 0.0974
916 536 9 13 0.0961
888 519 9 12 0.0942
747 398 7 9 0.0931
37 356 60 89 0.0928
797 550 9 13 0.0918
990 578 11 14 0.0915
761 415 7 9 0.0910
729 566 9 12 0.0901
794 474 8 11 0.0898
923 504 10 12 0.0893
1004 592 13 13 0.0893
751 549 8 11 0.0890
976 514 10 13 0.0888
698 543 10 12 0.0888
685 477 8 11 0.0878
860 523 9 11 0.0877
750 400 7 9 0.0867
985 537 10 12 0.0867
836 429 9 11 0.0859
863 522 9 12 0.0857
959 649 11 18 0.0838
758 454 7 10 0.0836
1008 523 11 14 0.0832
762 416 7 8 0.0825
1017 496 7 12 0.0820
663 444 8 9 0.0817
823 467 9 10 0.0815
807 427 8 10 0.0802
806 633 11 15 0.0796
960 546 10 14 0.0766
688 477 9 11 0.0766
880 585 10 13 0.0764
818 589 10 13 0.0753
898 508 9 11 0.0751
839 522 9 12 0.0727
882 486 9 11 0.0715
900 486 10 12 0.0713
737 544 9 11 0.0700
734 415 7 9 0.0690
716 410 8 9 0.0684
990 431 9 10 0.0672
809 428 7 9 0.0658
1013 635 11 19 0.0657
957 441 9 11 0.0653
846 409 8 11 0.0645
805 426 7 10 0.0640
927 504 9 12 0.0639
875 585 11 15 0.0636
993 429 8 11 0.0633
915 574 10 14 0.0630
815 493 8 11 0.0628
754 455 8 10 0.0620
901 593 12 15 0.0619
989 429 8 11 0.0614
793 528 10 13 0.0608
658 442 8 10 0.0603
1015 413 8 11 0.0601
604 460 9 10 0.0600
913 486 9 13 0.0597
685 401 8 10 0.0586
803 468 8 11 0.0582
963 494 9 11 0.0581
924 507 10 13 0.0580
985 576 10 15 0.0578
921 469 10 13 0.0573
1008 521 11 14 0.0572
784 417 7 10 0.0569
836 521 9 13 0.0566
899 424 9 11 0.0563
839 429 9 11 0.0556
994 431 8 11 0.0546
706 570 10 13 0.0544
861 627 11 14 0.0542
1017 415 7 10 0.0540
695 520 9 13 0.0537
919 583 11 15 0.0535
646 460 8 10 0.0524
896 506 9 11 0.0517
811 633 12 15 0.0508
805 429 7 9 0.0488
688 483 9 12 0.0488
956 649 11 17 0.0479
727 397 9 10 0.0478
820 616 11 13 0.0477
830 600 10 12 0.0475
759 516 8 10 0.0471
995 514 10 13 0.0466
949 395 7 10 0.0466
1001 592 14 17 0.0457
953 440 9 12 0.0457
1017 380 7 12 0.0456
926 567 11 14 0.0448
827 467 8 10 0.0445
684 482 9 12 0.0439
844 395 7 9 0.0436
909 470 9 12 0.0435
966 493 10 12 0.0433
919 573 11 15 0.0429
740 491 9 10 0.0429
733 567 10 12 0.0428
784 390 7 8 0.0425
854 597 10 14 0.0422
681 401 8 10 0.0421
864 628 12 15 0.0420
755 510 9 10 0.0419
802 469 9 11 0.0417
993 368 8 10 0.0416
683 402 8 10 0.0403
677 458 8 10 0.0402
737 415 7 9 0.0394
906 523 10 12 0.0388
1015 699 9 24 0.0386
888 518 9 12 0.0382
788 405 8 9 0.0382
724 398 8 10 0.0382
801 469 8 10 0.0378
949 394 7 10 0.0374
1006 536 12 14 0.0370
984 538 10 13 0.0369
704 462 8 10 0.0367
703 564 10 13 0.0367
955 427 9 12 0.0366
858 522 9 12 0.0363
924 555 10 12 0.0362
975 394 9 11 0.0361
819 391 7 10 0.0360
928 520 10 13 0.0350
910 431 9 13 0.0349
796 498 8 11 0.0348
727 380 7 9 0.0348
907 490 10 12 0.0344
824 466 8 11 0.0339
640 424 9 11 0.0338
781 390 7 8 0.0336
867 499 9 12 0.0335
939 522 9 13 0.0334
879 582 10 14 0.0333
975 514 11 13 0.0327
990 369 8 9 0.0327
725 473 8 10 0.0326
682 491 9 12 0.0326
911 490 9 12 0.0325
858 520 10 12 0.0322
906 471 9 11 0.0322
676 461 8 11 0.0312
755 515 9 11 0.0309
821 491 9 11 0.0308
762 389 7 9 0.0306
952 425 9 12 0.0304
823 589 11 14 0.0303
703 571 9 12 0.0302
749 550 8 9 0.0301
855 533 10 14 0.0299
1016 493 8 12 0.0297
864 500 9 13 0.0296
805 580 11 14 0.0296
790 457 7 10 0.0291
708 394 8 10 0.0290
981 409 9 11 0.0289
637 425 8 10 0.0284
869 472 8 10 0.0284
866 472 8 10 0.0284
765 389 7 8 0.0279
928 568 10 13 0.0277
904 415 8 10 0.0277
922 400 7 8 0.0276
652 442 8 10 0.0274
929 518 10 13 0.0271
700 545 10 13 0.0268
757 415 7 9 0.0267
729 566 10 12 0.0265
800 579 11 15 0.0258
829 640 12 14 0.0253
692 388 7 9 0.0252
723 380 7 9 0.0252
693 389 7 9 0.0251
788 456 8 9 0.0246
792 456 8 10 0.0245
704 568 10 14 0.0239
834 535 8 11 0.0239
667 444 8 10 0.0238
814 378 7 8 0.0237
692 519 9 12 0.0237
906 431 9 13 0.0234
920 468 9 11 0.0234
653 442 9 10 0.0233
1001 446 9 11 0.0232
875 582 10 14 0.0232
781 416 8 10 0.0232
689 388 7 9 0.0231
902 535 10 14 0.0231
732 413 8 9 0.0229
438 367 9 13 0.0228
744 545 8 11 0.0227
968 410 9 12 0.0226
885 520 9 11 0.0226
593 474 9 11 0.0224
848 395 7 9 0.0223
963 495 9 13 0.0223
960 546 11 14 0.0222
622 471 9 12 0.0222
955 441 10 12 0.0219
989 579 13 17 0.0219
797 529 10 13 0.0217
392 373 9 11 0.0212
388 373 9 11 0.0209
590 473 9 11 0.0207
725 448 8 10 0.0206
761 476 8 11 0.0206
901 414 8 11 0.0205
796 610 11 14 0.0205
882 488 10 12 0.0204
801 584 12 14 0.0203
603 460 7 10 0.0202
655 471 9 11 0.0202
1014 494 10 14 0.0202
964 411 10 11 0.0201
695 519 10 13 0.0195
691 521 9 13 0.0194
750 398 6 8 0.0192
832 513 9 12 0.0191
763 391 7 8 0.0190
756 473 9 11 0.0189
442 368 8 12 0.0189
908 427 9 13 0.0188
627 437 8 10 0.0187
685 492 9 12 0.0186
795 548 10 12 0.0186
656 471 8 10 0.0184
807 454 8 10 0.0184
987 606 13 17 0.0181
833 537 9 11 0.0180
962 544 10 13 0.0179
1013 519 8 13 0.0177
927 555 10 13 0.0177
964 369 7 9 0.0177
907 470 10 12 0.0177
953 393 7 10 0.0176
946 359 8 10 0.0175
802 390 7 9 0.0172
760 555 10 12 0.0172
701 521 10 12 0.0172
810 377 7 9 0.0170
827 373 8 10 0.0170
755 516 9 11 0.0170
863 513 10 13 0.0169
836 459 9 12 0.0167
781 390 6 8 0.0165
807 590 10 14 0.0162
625 433 8 10 0.0161
436 365 8 10 0.0160
630 437 8 10 0.0160
878 419 8 10 0.0160
765 476 9 10 0.0159
918 400 7 9 0.0158
744 489 8 11 0.0158
821 392 7 9 0.0158
824 615 10 14 0.0156
910 539 10 12 0.0156
822 618 10 13 0.0154
728 524 9 12 0.0154
953 395 7 9 0.0153
764 452 8 11 0.0153
923 468 9 11 0.0152
1002 446 9 12 0.0149
960 368 8 9 0.0148
799 610 11 13 0.0148
946 423 8 11 0.0147
884 482 9 12 0.0147
878 597 11 14 0.0144
987 534 9 12 0.0141
884 491 8 12 0.0141
774 553 9 11 0.0141
754 453 7 8 0.0140
584 473 8 10 0.0140
990 539 9 12 0.0140
822 591 10 13 0.0139
1014 414 9 11 0.0138
800 525 9 10 0.0137
696 469 8 10 0.0136
795 502 9 11 0.0136
434 367 9 12 0.0135
726 379 7 9 0.0135
1004 595 12 16 0.0134
976 394 8 10 0.0134
816 407 7 9 0.0134
847 412 7 9 0.0133
746 398 7 9 0.0132
1007 397 9 10 0.0132
587 472 8 10 0.0132
1019 556 5 15 0.0132
862 633 13 17 0.0131
831 373 8 10 0.0131
957 647 12 18 0.0131
459 358 7 10 0.0131
831 379 8 10 0.0131
852 537 10 12 0.0131
942 358 9 11 0.0131
995 451 9 12 0.0130
692 388 7 9 0.0130
1017 367 7 10 0.0129
837 508 9 11 0.0127
614 448 9 11 0.0127
697 520 8 11 0.0126
641 428 8 10 0.0126
799 383 8 10 0.0123
818 591 9 12 0.0122
722 379 7 9 0.0122
1000 452 9 11 0.0122
621 476 8 11 0.0122
790 547 9 11 0.0121
625 476 8 11 0.0119
793 492 10 12 0.0118
924 449 9 12 0.0116
960 369 8 9 0.0115
896 427 8 11 0.0113
724 498 9 11 0.0111
800 530 9 12 0.0111
985 575 10 13 0.0109
917 468 9 11 0.0109
1019 547 5 16 0.0108
907 469 8 11 0.0106
741 428 8 9 0.0106
1016 365 7 9 0.0106
724 395 8 9 0.0105
901 422 9 11 0.0105
926 501 9 12 0.0105
722 413 7 9 0.0104
997 394 8 10 0.0104
998 353 7 9 0.0104
864 496 9 10 0.0104
763 472 8 10 0.0103
844 584 10 12 0.0103
969 414 9 10 0.0103
996 352 7 9 0.0102
762 516 8 10 0.0102
920 401 7 9 0.0102
991 606 14 16 0.0101
725 501 8 11 0.0100
