56_Voter_peoplevoting_56_620
39
129 191 50 64 0.8595
289 195 33 57 0.8526
813 136 40 60 0.8083
366 199 22 32 0.7531
528 220 14 20 0.3442
341 247 20 26 0.2756
447 231 16 25 0.2666
545 211 14 25 0.2422
545 212 16 25 0.1894
480 230 16 24 0.1759
478 231 15 22 0.1706
342 247 22 27 0.1685
531 218 15 23 0.1040
543 211 13 22 0.0950
446 236 15 25 0.0812
436 236 21 28 0.0793
578 232 14 20 0.0766
436 234 18 26 0.0715
453 231 12 21 0.0675
244 238 17 31 0.0665
813 136 40 60 0.0458
582 233 13 18 0.0450
250 242 16 29 0.0417
347 246 20 24 0.0355
240 232 17 32 0.0344
248 245 16 28 0.0262
443 230 17 26 0.0215
254 247 15 25 0.0212
662 233 6 7 0.0206
663 233 7 9 0.0193
658 233 7 8 0.0172
659 234 7 9 0.0146
449 229 12 19 0.0142
543 216 14 23 0.0142
640 232 12 15 0.0126
568 234 14 19 0.0123
544 208 14 21 0.0117
349 249 24 25 0.0113
486 229 14 21 0.0111
