56_Voter_peoplevoting_56_118
24
282 91 91 123 0.8805
361 12 79 102 0.8530
102 6 66 65 0.7965
567 109 71 116 0.7595
456 1 43 72 0.5923
811 0 58 53 0.4500
455 0 40 70 0.3649
813 0 50 52 0.2217
281 0 54 32 0.1064
283 0 51 30 0.1015
418 335 46 104 0.0885
558 295 126 66 0.0440
808 0 45 36 0.0372
729 0 62 41 0.0330
791 24 46 62 0.0321
732 0 53 42 0.0277
729 0 48 42 0.0270
646 58 66 98 0.0253
811 0 50 42 0.0188
555 300 128 81 0.0171
201 0 38 19 0.0150
922 3 101 160 0.0146
807 0 45 54 0.0109
188 0 47 21 0.0108
