56_Voter_peoplevoting_56_781
79
363 80 56 69 0.8293
366 193 60 75 0.8046
776 122 25 28 0.7659
650 154 27 33 0.7511
646 119 27 33 0.7335
513 102 35 49 0.7158
111 63 61 79 0.7004
289 101 46 63 0.6780
680 108 27 35 0.5916
600 136 22 27 0.5416
752 118 20 25 0.5168
818 133 14 18 0.4939
216 141 35 43 0.4837
833 127 14 17 0.4582
437 123 28 39 0.2964
678 107 26 36 0.2614
955 136 15 19 0.2568
893 119 13 17 0.2245
958 137 14 19 0.2221
604 136 21 27 0.1771
815 133 13 18 0.1615
909 111 10 14 0.1583
437 124 30 39 0.1278
434 125 24 35 0.1101
875 127 14 16 0.1073
881 110 13 16 0.1067
953 138 14 18 0.1040
62 104 39 49 0.0977
854 120 14 17 0.0904
837 127 12 17 0.0899
890 120 12 17 0.0882
878 127 14 15 0.0835
830 126 14 18 0.0784
950 135 16 20 0.0714
754 120 21 25 0.0680
0 163 12 60 0.0675
433 126 29 36 0.0671
912 111 10 13 0.0617
854 111 14 17 0.0612
996 118 17 23 0.0539
877 110 13 16 0.0505
874 125 13 15 0.0480
953 136 15 19 0.0428
822 133 13 17 0.0376
851 112 13 16 0.0348
0 160 7 59 0.0342
851 116 14 17 0.0312
878 112 14 16 0.0293
599 161 21 29 0.0280
751 111 20 25 0.0276
905 111 12 15 0.0273
998 124 16 20 0.0267
0 160 17 63 0.0240
898 113 12 16 0.0238
444 123 27 38 0.0231
859 125 13 14 0.0228
847 122 13 17 0.0204
289 101 45 63 0.0202
691 111 23 30 0.0201
910 113 11 14 0.0183
447 127 27 36 0.0178
592 132 17 25 0.0171
747 119 18 22 0.0170
944 132 11 15 0.0147
215 141 29 37 0.0144
896 124 11 14 0.0142
239 548 20 25 0.0141
60 114 35 43 0.0131
574 148 21 30 0.0129
596 136 22 29 0.0128
408 106 33 40 0.0126
0 161 33 60 0.0121
62 110 41 50 0.0121
345 89 28 46 0.0119
0 169 14 55 0.0114
58 105 37 47 0.0114
323 117 28 39 0.0108
439 119 25 34 0.0106
749 114 21 27 0.0104
