56_Voter_peoplevoting_56_663
52
491 291 49 65 0.8681
838 48 70 90 0.8548
668 141 43 50 0.8478
344 209 45 46 0.7878
196 195 11 18 0.4232
105 225 10 14 0.3898
283 189 11 12 0.3434
199 195 11 18 0.3184
108 225 10 13 0.2974
13 223 10 13 0.2860
319 183 9 12 0.2832
286 189 10 12 0.2677
316 183 9 12 0.2535
0 217 9 14 0.1788
72 219 10 12 0.1742
642 171 7 10 0.1520
69 219 9 12 0.1435
70 220 9 12 0.1389
238 177 8 16 0.1368
73 220 9 12 0.1300
234 178 9 15 0.1092
638 171 8 11 0.1083
1 218 10 15 0.1017
40 225 10 12 0.0904
640 170 7 11 0.0803
37 226 9 11 0.0759
318 181 9 12 0.0692
44 224 9 12 0.0622
315 181 9 12 0.0470
387 156 11 16 0.0418
10 223 11 14 0.0344
235 180 9 15 0.0339
11 222 9 12 0.0334
409 168 8 13 0.0332
38 225 8 11 0.0326
636 170 8 10 0.0303
282 189 9 12 0.0299
407 169 9 13 0.0290
642 169 9 14 0.0289
410 169 9 13 0.0278
239 179 8 16 0.0263
39 223 9 11 0.0234
43 222 9 11 0.0215
445 243 9 13 0.0202
406 167 9 13 0.0180
1017 115 7 49 0.0169
39 229 9 10 0.0160
441 243 9 13 0.0156
2 231 9 11 0.0136
384 155 11 15 0.0128
166 234 7 8 0.0112
76 219 9 12 0.0102
