56_Voter_peoplevoting_56_268
256
243 276 33 37 0.8429
392 252 29 37 0.8390
743 227 26 33 0.8284
865 229 23 28 0.7999
136 215 22 24 0.7697
416 224 22 26 0.7617
805 217 25 32 0.7469
661 215 29 36 0.7311
474 219 24 24 0.6952
445 215 18 22 0.6901
409 193 14 16 0.6887
264 223 20 23 0.6744
942 203 19 25 0.5751
393 182 14 19 0.5428
127 189 13 15 0.5212
680 192 14 16 0.5036
26 180 13 16 0.4959
634 191 16 19 0.4746
279 181 15 18 0.4466
355 220 16 23 0.4413
597 205 14 16 0.4354
372 176 11 15 0.4089
335 227 20 26 0.4030
298 208 16 18 0.4017
513 210 15 19 0.3906
301 208 16 18 0.3892
224 201 17 21 0.3820
113 182 11 14 0.3629
76 183 11 14 0.3627
839 217 18 23 0.3591
221 201 16 20 0.3504
338 227 19 25 0.3462
110 182 11 14 0.3421
356 199 13 17 0.3361
616 242 16 22 0.3270
515 211 15 19 0.3265
631 191 16 19 0.3244
594 205 13 16 0.3225
242 183 12 15 0.3220
358 199 14 18 0.3088
577 220 15 25 0.2599
660 215 29 36 0.2598
357 222 16 22 0.2502
73 183 11 13 0.2287
369 177 11 14 0.2147
390 182 14 18 0.2133
458 179 10 12 0.2016
573 218 17 27 0.2009
177 213 18 22 0.1977
455 179 9 12 0.1844
959 208 15 20 0.1700
253 208 15 17 0.1580
219 183 9 11 0.1575
567 222 18 27 0.1555
157 186 9 11 0.1546
564 181 11 13 0.1546
141 184 9 11 0.1495
228 250 26 28 0.1489
102 172 9 11 0.1481
2 206 8 11 0.1468
202 181 9 11 0.1414
198 181 10 12 0.1391
99 172 8 10 0.1339
343 184 9 11 0.1246
30 181 11 13 0.1245
239 167 8 9 0.1244
834 216 19 25 0.1243
227 171 9 10 0.1243
5 206 8 11 0.1235
205 164 7 8 0.1169
239 182 11 14 0.1150
161 187 9 10 0.1140
303 173 7 8 0.1131
439 203 13 16 0.1107
369 176 11 14 0.1103
961 210 15 21 0.1077
307 173 6 8 0.1067
561 182 10 11 0.1049
235 167 8 10 0.1036
684 191 13 16 0.0979
938 203 20 25 0.0951
276 282 18 26 0.0941
343 197 12 15 0.0931
202 163 7 9 0.0928
534 207 10 11 0.0925
980 204 17 20 0.0920
207 164 7 9 0.0912
125 188 12 15 0.0908
301 185 10 11 0.0891
304 186 10 10 0.0870
235 166 7 9 0.0864
443 198 13 16 0.0816
280 191 14 18 0.0813
413 194 12 15 0.0813
619 242 16 22 0.0812
238 166 8 8 0.0788
169 175 8 9 0.0745
267 171 7 10 0.0741
1 159 7 9 0.0699
439 200 12 15 0.0690
60 170 8 9 0.0672
335 185 9 11 0.0667
56 169 9 11 0.0666
167 218 15 18 0.0648
255 163 7 7 0.0646
202 165 8 9 0.0640
250 206 13 17 0.0636
172 174 8 10 0.0631
518 210 13 17 0.0624
275 181 14 16 0.0603
263 171 8 10 0.0601
246 184 10 13 0.0590
278 285 19 25 0.0588
567 181 10 12 0.0576
233 246 23 27 0.0564
160 186 10 12 0.0518
176 206 19 24 0.0517
239 184 12 15 0.0508
474 185 12 13 0.0499
188 199 13 14 0.0498
185 202 16 20 0.0498
216 184 9 12 0.0467
457 178 9 11 0.0467
307 187 9 10 0.0452
454 178 8 11 0.0452
263 223 19 22 0.0447
330 183 9 12 0.0432
44 178 11 11 0.0424
232 250 26 30 0.0421
191 184 11 12 0.0416
558 198 13 15 0.0414
677 192 12 15 0.0410
237 167 8 10 0.0410
965 208 13 18 0.0410
339 199 12 14 0.0408
342 173 7 9 0.0403
181 211 17 21 0.0402
582 223 12 20 0.0393
78 183 11 13 0.0390
342 186 10 12 0.0383
555 198 12 14 0.0377
339 173 7 9 0.0377
228 248 24 26 0.0375
285 183 12 15 0.0373
560 200 14 16 0.0372
158 188 9 11 0.0370
178 196 14 15 0.0368
947 204 18 23 0.0360
23 181 12 14 0.0358
862 202 14 17 0.0348
563 178 10 11 0.0343
338 203 12 14 0.0337
265 171 7 9 0.0335
206 164 8 9 0.0323
281 174 12 13 0.0322
25 162 9 10 0.0315
244 186 12 14 0.0308
162 188 9 11 0.0308
124 188 12 15 0.0301
556 200 13 16 0.0292
27 165 9 9 0.0291
517 210 14 18 0.0291
676 191 13 17 0.0291
130 189 12 13 0.0289
519 212 12 17 0.0289
54 166 8 10 0.0288
210 164 8 9 0.0288
59 168 8 10 0.0284
103 173 8 9 0.0281
475 187 14 17 0.0279
581 220 13 22 0.0257
22 162 9 10 0.0252
110 184 11 14 0.0251
165 165 6 7 0.0248
570 225 17 25 0.0247
183 212 18 23 0.0240
30 183 11 14 0.0239
866 202 14 17 0.0236
978 207 17 20 0.0232
565 184 10 12 0.0231
363 201 12 16 0.0228
134 176 9 11 0.0225
38 168 9 10 0.0223
530 206 10 12 0.0223
139 181 8 10 0.0222
482 184 11 13 0.0221
444 193 11 13 0.0216
308 173 7 9 0.0210
533 206 10 11 0.0209
731 178 11 15 0.0209
79 181 11 13 0.0208
199 188 11 13 0.0207
1 206 7 10 0.0198
566 219 17 26 0.0197
22 164 9 11 0.0195
947 207 17 23 0.0195
160 164 7 8 0.0191
58 168 7 9 0.0191
75 160 8 9 0.0189
265 168 7 9 0.0187
137 169 8 9 0.0186
308 185 9 12 0.0186
28 164 9 11 0.0183
301 187 12 13 0.0182
178 166 7 8 0.0181
567 179 9 10 0.0179
194 165 8 9 0.0178
36 164 8 10 0.0177
443 213 18 22 0.0175
168 174 8 9 0.0174
443 211 17 21 0.0173
203 207 13 18 0.0170
561 179 9 10 0.0169
457 209 15 20 0.0167
865 199 14 17 0.0163
847 215 16 22 0.0161
3 159 8 10 0.0160
844 222 18 22 0.0160
339 173 8 9 0.0153
967 213 11 17 0.0152
139 165 7 8 0.0148
861 198 14 17 0.0148
173 177 9 10 0.0148
158 179 9 10 0.0147
91 171 9 10 0.0146
807 217 24 31 0.0143
265 204 16 17 0.0143
457 214 18 21 0.0139
465 184 12 13 0.0134
277 190 13 16 0.0134
572 217 14 19 0.0132
479 179 10 12 0.0130
4 208 9 11 0.0129
483 180 9 10 0.0129
135 164 7 9 0.0128
731 176 9 13 0.0125
131 190 12 14 0.0124
981 211 18 21 0.0124
326 163 8 9 0.0119
692 191 11 13 0.0119
280 200 12 13 0.0118
113 179 9 11 0.0118
329 164 8 9 0.0117
664 215 26 35 0.0117
316 177 7 9 0.0110
362 199 12 15 0.0108
685 189 10 13 0.0108
297 173 9 10 0.0108
111 187 10 12 0.0107
569 195 12 14 0.0106
361 221 12 19 0.0105
303 169 7 9 0.0105
481 187 14 17 0.0105
307 168 8 9 0.0103
594 209 13 17 0.0101
735 180 9 13 0.0100
