56_Voter_peoplevoting_56_344
41
702 64 19 25 0.8052
178 81 20 23 0.7963
378 87 18 19 0.7589
96 54 18 26 0.7479
462 85 19 22 0.7443
981 69 15 20 0.7114
552 77 19 22 0.7035
892 84 16 19 0.6939
209 73 20 25 0.6035
800 90 16 21 0.5777
309 52 19 27 0.5696
64 77 15 21 0.5500
640 62 16 21 0.4791
919 85 14 17 0.4522
207 73 20 25 0.4445
0 72 8 18 0.3806
311 52 19 27 0.3245
798 90 16 21 0.3200
344 74 18 20 0.2912
642 63 16 20 0.2667
61 76 16 22 0.2155
554 77 19 22 0.1949
345 76 19 23 0.1720
464 85 19 22 0.1476
644 63 17 20 0.1054
978 69 15 19 0.0895
914 85 13 17 0.0824
889 84 16 19 0.0730
349 74 17 19 0.0449
93 54 19 26 0.0360
924 87 12 15 0.0308
646 65 19 20 0.0284
1015 81 9 16 0.0280
924 85 12 16 0.0186
53 54 16 20 0.0184
0 64 6 25 0.0170
779 80 11 14 0.0167
0 77 9 16 0.0136
921 90 13 13 0.0110
776 81 11 13 0.0104
1 68 11 21 0.0104
