56_Voter_peoplevoting_56_122
195
839 57 38 48 0.8520
839 56 39 49 0.8431
560 76 39 54 0.8321
936 79 40 54 0.8237
904 31 38 51 0.8209
440 37 30 38 0.8148
80 68 40 42 0.8120
420 133 30 37 0.8101
531 12 33 32 0.7946
486 20 32 36 0.7753
909 181 48 51 0.7626
710 6 30 33 0.7624
961 14 34 43 0.7518
690 359 87 73 0.7479
690 49 45 61 0.7462
621 56 34 44 0.7364
606 16 36 40 0.7325
349 29 28 31 0.7143
405 10 25 30 0.6955
315 101 43 60 0.6911
208 32 27 30 0.6370
156 25 26 28 0.5679
298 15 22 28 0.5337
10 27 34 37 0.4064
191 18 17 22 0.3902
260 10 23 30 0.3069
92 25 29 36 0.2690
349 29 28 32 0.2667
483 5 24 29 0.2661
294 15 23 28 0.2142
377 11 21 27 0.2054
601 0 25 32 0.1920
257 9 21 31 0.1899
137 40 20 30 0.1885
133 400 64 133 0.1809
810 16 21 27 0.1711
461 0 20 22 0.1652
153 25 25 27 0.1603
440 1 21 25 0.1600
268 115 54 62 0.1513
1014 47 10 38 0.1500
250 75 35 46 0.1475
124 409 65 147 0.1371
783 34 29 33 0.1312
437 0 20 24 0.1108
798 11 28 33 0.1055
790 9 27 36 0.1032
148 2 22 24 0.0972
119 25 20 27 0.0931
205 32 25 29 0.0921
54 1 15 18 0.0900
776 30 30 40 0.0897
258 7 17 27 0.0846
143 1 17 23 0.0825
271 118 50 60 0.0818
112 24 23 30 0.0807
149 394 50 107 0.0800
244 17 19 25 0.0774
151 63 22 25 0.0727
246 23 19 24 0.0687
261 8 18 27 0.0684
179 0 15 13 0.0674
602 13 25 31 0.0641
262 18 26 31 0.0641
251 76 40 48 0.0640
605 0 32 38 0.0638
57 1 17 18 0.0629
408 13 26 29 0.0612
202 28 23 28 0.0592
149 19 21 23 0.0592
201 20 20 23 0.0585
187 0 16 12 0.0581
0 48 6 33 0.0573
374 11 19 26 0.0573
790 5 24 29 0.0531
1017 49 7 41 0.0515
1015 0 9 29 0.0505
117 410 72 144 0.0499
138 41 23 34 0.0491
6 26 30 36 0.0477
248 74 34 43 0.0468
73 25 26 32 0.0467
100 0 16 10 0.0460
1015 6 9 33 0.0442
459 0 19 19 0.0408
788 0 19 13 0.0407
625 418 63 26 0.0402
565 0 27 29 0.0385
484 10 28 34 0.0367
669 1 24 29 0.0365
139 397 59 118 0.0346
82 25 32 36 0.0346
210 15 22 26 0.0334
75 18 18 24 0.0326
8 29 33 36 0.0325
115 412 72 144 0.0318
91 26 32 38 0.0311
790 7 29 38 0.0309
719 392 82 63 0.0303
399 6 17 25 0.0301
796 6 23 29 0.0297
665 0 22 28 0.0291
624 426 53 19 0.0288
86 0 17 18 0.0286
376 8 19 26 0.0277
775 23 30 44 0.0276
186 15 18 21 0.0275
465 0 21 23 0.0271
157 2 18 20 0.0271
560 1 25 28 0.0271
79 68 40 41 0.0266
252 18 25 32 0.0265
114 21 18 24 0.0263
250 75 38 43 0.0259
487 5 25 31 0.0255
269 119 47 58 0.0255
153 60 27 31 0.0251
243 9 19 23 0.0229
179 0 17 17 0.0228
58 0 14 13 0.0227
267 115 49 57 0.0223
151 0 17 18 0.0215
845 0 19 19 0.0214
218 6 17 22 0.0214
314 12 18 24 0.0210
134 4 13 18 0.0210
1016 0 8 20 0.0204
0 162 41 49 0.0204
52 0 14 14 0.0203
628 421 55 22 0.0200
781 17 35 44 0.0200
143 396 55 116 0.0199
153 9 20 22 0.0188
8 4 20 24 0.0187
434 0 17 18 0.0169
0 43 7 31 0.0167
600 0 19 24 0.0165
6 27 26 39 0.0163
401 11 20 26 0.0162
843 0 17 16 0.0160
183 0 14 9 0.0158
1013 11 11 45 0.0157
100 20 19 25 0.0155
140 0 15 19 0.0153
100 0 19 18 0.0153
785 0 15 11 0.0152
187 0 18 18 0.0152
86 0 14 11 0.0151
195 21 18 23 0.0150
1008 2 16 42 0.0150
104 31 24 31 0.0150
80 26 39 42 0.0149
137 8 14 18 0.0148
0 52 7 36 0.0147
1008 160 15 72 0.0145
77 25 31 35 0.0143
259 8 21 31 0.0142
563 4 25 29 0.0142
20 0 23 24 0.0139
205 14 18 22 0.0138
50 81 33 38 0.0138
772 37 33 40 0.0137
632 408 68 33 0.0136
371 6 20 28 0.0133
383 9 20 28 0.0132
136 401 62 137 0.0132
643 399 47 37 0.0131
1013 42 11 42 0.0131
303 13 21 27 0.0130
341 2 21 24 0.0129
903 83 26 34 0.0129
71 26 34 39 0.0128
26 22 27 36 0.0127
85 20 22 26 0.0127
309 2 22 28 0.0124
23 0 16 12 0.0122
989 170 31 64 0.0122
304 1 23 32 0.0122
174 0 14 13 0.0120
107 0 13 9 0.0120
103 0 15 8 0.0120
1009 101 15 59 0.0120
597 4 22 30 0.0119
0 160 37 75 0.0116
669 3 28 36 0.0115
239 13 18 23 0.0113
814 18 22 28 0.0113
663 1 30 39 0.0111
441 0 18 19 0.0109
604 20 28 34 0.0108
139 35 16 21 0.0108
49 80 31 37 0.0107
223 3 15 19 0.0105
230 0 17 12 0.0105
798 15 30 33 0.0101
