56_Voter_peoplevoting_56_260
29
276 155 39 47 0.8553
948 219 25 35 0.8541
470 132 38 49 0.8493
911 426 29 41 0.8488
848 418 28 35 0.8460
1002 430 22 37 0.8452
0 414 18 38 0.8415
41 311 28 37 0.8354
931 317 27 36 0.8345
686 149 45 48 0.8317
857 216 27 36 0.8266
838 322 26 35 0.8229
25 213 29 38 0.8179
57 39 30 39 0.7827
65 119 26 34 0.7712
931 122 26 34 0.7710
851 26 29 40 0.7256
1005 23 19 35 0.7082
927 23 26 33 0.5988
1018 315 6 34 0.4367
508 102 26 31 0.1996
1014 118 10 28 0.1122
1016 312 8 38 0.0822
1018 358 6 26 0.0706
512 102 25 29 0.0324
1018 121 6 28 0.0249
1020 317 4 38 0.0205
1018 162 6 32 0.0144
1015 230 9 28 0.0116
