56_Voter_peoplevoting_56_528
69
457 184 39 43 0.8366
624 128 30 43 0.8333
519 148 34 39 0.8209
319 58 21 28 0.7499
179 61 19 28 0.7407
785 125 23 22 0.7225
531 243 50 32 0.6962
486 25 16 25 0.6723
262 62 19 27 0.6395
420 46 17 26 0.6193
917 72 16 22 0.4779
894 63 16 18 0.3758
905 244 52 50 0.3476
783 41 14 18 0.3421
937 90 13 21 0.3334
611 59 16 24 0.2770
696 89 19 22 0.2694
781 40 13 18 0.2377
259 62 19 27 0.2282
698 90 18 22 0.2180
914 72 15 21 0.1856
694 90 19 22 0.1854
895 64 17 20 0.1477
906 244 52 51 0.1310
769 109 16 20 0.1305
936 89 12 21 0.1273
692 89 19 22 0.1078
553 49 12 18 0.1068
840 112 17 19 0.0854
940 89 12 19 0.0840
941 91 13 19 0.0762
785 40 13 17 0.0751
841 120 16 15 0.0698
0 189 19 42 0.0682
607 58 15 24 0.0656
615 61 15 24 0.0621
836 120 17 16 0.0595
322 58 21 28 0.0554
891 63 14 18 0.0538
899 63 16 19 0.0538
556 48 11 19 0.0525
835 113 17 19 0.0507
786 41 13 19 0.0399
842 102 17 19 0.0355
901 62 14 17 0.0346
664 79 19 23 0.0340
772 113 18 20 0.0336
774 108 15 21 0.0328
483 24 16 26 0.0301
616 58 16 26 0.0282
779 42 12 17 0.0265
425 47 14 22 0.0256
890 66 15 18 0.0246
937 48 13 16 0.0242
184 63 16 26 0.0208
845 116 16 17 0.0202
768 103 16 21 0.0200
617 60 13 23 0.0196
663 76 18 21 0.0192
553 52 13 19 0.0159
851 101 13 17 0.0143
778 41 13 18 0.0139
85 65 15 26 0.0133
782 125 22 21 0.0121
848 107 15 20 0.0121
607 62 17 23 0.0116
774 102 15 22 0.0112
942 48 11 16 0.0112
837 104 14 17 0.0106
