56_Voter_peoplevoting_56_350
476
40 364 30 46 0.8121
1 324 41 51 0.7047
515 160 9 12 0.4751
344 399 19 34 0.4469
563 167 10 12 0.4399
768 289 13 15 0.4326
746 236 10 13 0.3988
526 160 9 10 0.3709
283 114 9 12 0.3599
829 264 13 16 0.3577
466 150 9 12 0.3405
10 38 10 11 0.3355
286 115 9 11 0.3310
499 351 19 28 0.3273
115 59 8 10 0.3233
437 149 9 13 0.3132
13 38 9 11 0.3111
749 236 10 13 0.3082
563 190 10 11 0.3074
733 219 10 12 0.3065
183 72 8 9 0.3060
539 191 10 11 0.3051
111 59 8 10 0.3017
469 150 10 12 0.2962
525 183 10 11 0.2937
230 102 9 11 0.2880
197 74 10 12 0.2866
259 107 9 11 0.2861
227 102 9 11 0.2850
542 167 9 12 0.2795
334 116 9 12 0.2789
207 94 9 11 0.2783
579 168 8 11 0.2755
742 208 9 12 0.2688
307 105 8 11 0.2644
55 43 7 10 0.2621
435 149 10 13 0.2616
332 116 8 11 0.2612
528 183 9 11 0.2594
701 225 11 12 0.2589
521 316 16 26 0.2586
697 225 11 12 0.2578
305 105 8 11 0.2567
519 315 16 26 0.2564
204 94 9 11 0.2513
646 201 10 13 0.2506
744 208 9 12 0.2494
497 156 8 11 0.2487
200 75 10 11 0.2463
858 261 12 13 0.2453
439 150 9 12 0.2437
545 167 10 12 0.2413
826 264 13 16 0.2385
923 244 10 11 0.2369
385 117 7 10 0.2343
81 48 8 9 0.2316
52 43 8 10 0.2274
141 68 8 10 0.2259
403 124 7 9 0.2239
650 200 9 14 0.2233
996 315 17 24 0.2226
524 160 8 10 0.2131
256 107 10 11 0.2123
483 151 8 10 0.2113
85 48 8 9 0.2103
406 124 8 9 0.2100
725 201 10 13 0.2098
504 351 17 27 0.2098
927 244 9 10 0.2096
138 69 8 10 0.2071
180 72 8 10 0.2030
796 235 11 13 0.2012
496 157 8 10 0.2001
398 141 8 12 0.1957
500 156 8 11 0.1922
388 118 7 9 0.1918
524 183 10 12 0.1882
373 107 8 11 0.1869
36 41 7 9 0.1860
667 186 9 11 0.1808
369 108 8 10 0.1803
906 246 13 14 0.1720
204 93 10 11 0.1717
32 41 7 8 0.1716
395 141 8 12 0.1690
566 168 9 11 0.1681
606 192 10 13 0.1662
70 40 7 10 0.1661
596 179 8 10 0.1630
721 203 9 12 0.1584
433 129 8 10 0.1578
436 129 7 10 0.1557
309 106 8 10 0.1551
500 352 20 28 0.1543
904 245 13 14 0.1535
0 28 6 9 0.1531
256 107 9 11 0.1499
887 244 9 12 0.1497
735 220 9 11 0.1491
370 106 8 11 0.1467
354 103 7 9 0.1464
669 178 8 11 0.1455
357 104 7 9 0.1439
672 210 8 11 0.1417
631 193 8 11 0.1413
795 233 10 13 0.1394
181 72 7 9 0.1387
672 178 8 10 0.1377
285 81 7 9 0.1374
350 399 15 33 0.1371
582 167 9 11 0.1361
566 188 9 11 0.1361
139 67 9 11 0.1352
34 43 7 9 0.1314
105 42 7 8 0.1298
902 246 13 15 0.1286
516 318 17 24 0.1283
823 240 10 12 0.1269
260 107 9 11 0.1242
634 193 9 11 0.1228
674 207 7 12 0.1226
599 179 8 10 0.1225
675 209 8 12 0.1221
348 128 8 10 0.1200
679 202 8 11 0.1196
819 316 13 19 0.1181
764 205 9 11 0.1165
871 252 11 12 0.1150
282 80 7 9 0.1145
73 41 8 10 0.1141
665 187 9 12 0.1113
323 90 7 8 0.1097
855 261 11 13 0.1076
912 303 11 15 0.1058
836 246 10 13 0.1058
851 290 11 15 0.1054
108 43 7 9 0.1054
400 144 7 10 0.1053
800 232 10 13 0.1032
136 67 9 10 0.1006
609 192 10 13 0.1005
796 358 14 22 0.1003
281 81 7 9 0.1003
767 205 10 12 0.0996
372 132 7 10 0.0995
565 192 9 10 0.0989
556 191 9 11 0.0989
875 240 9 12 0.0970
213 47 5 7 0.0966
260 106 9 11 0.0964
197 82 9 12 0.0953
109 42 7 9 0.0948
793 215 9 11 0.0946
888 246 10 12 0.0944
320 90 7 8 0.0938
157 27 5 6 0.0933
848 239 8 11 0.0912
384 118 7 10 0.0910
543 169 10 11 0.0909
901 244 11 14 0.0903
216 47 6 7 0.0886
512 159 9 12 0.0879
856 259 12 13 0.0847
793 235 10 13 0.0843
997 316 18 25 0.0832
542 192 9 10 0.0815
173 40 6 7 0.0815
8 27 7 8 0.0808
730 189 9 10 0.0801
854 290 11 14 0.0789
369 133 7 10 0.0786
916 303 12 17 0.0785
226 48 6 6 0.0777
133 17 5 7 0.0774
396 145 7 10 0.0759
777 209 8 10 0.0754
176 39 6 7 0.0738
580 168 9 11 0.0737
352 128 8 11 0.0729
263 67 7 9 0.0721
139 55 9 11 0.0711
57 43 7 10 0.0702
336 117 8 11 0.0699
410 146 7 9 0.0695
82 45 8 10 0.0695
201 40 6 7 0.0694
765 208 10 13 0.0680
145 58 8 10 0.0677
779 210 8 11 0.0675
862 260 10 14 0.0666
728 169 7 9 0.0665
192 36 5 7 0.0659
462 132 8 9 0.0659
605 166 9 11 0.0657
351 130 8 11 0.0655
866 305 13 16 0.0649
437 130 8 10 0.0648
433 131 8 10 0.0637
182 27 5 6 0.0637
266 68 7 8 0.0633
517 144 8 9 0.0628
903 246 12 13 0.0624
841 299 12 16 0.0620
333 93 8 8 0.0616
34 42 7 9 0.0608
925 245 10 11 0.0602
134 49 8 10 0.0597
746 209 9 13 0.0594
594 181 9 10 0.0590
83 46 8 10 0.0590
405 122 8 9 0.0586
718 353 15 24 0.0581
332 118 8 11 0.0581
840 247 9 11 0.0580
224 47 6 7 0.0578
851 239 8 11 0.0573
607 195 9 12 0.0566
792 213 8 10 0.0564
655 345 15 24 0.0563
717 204 8 12 0.0559
725 168 8 10 0.0552
634 194 8 10 0.0549
543 190 9 11 0.0543
135 18 6 7 0.0543
103 28 6 8 0.0542
100 28 6 9 0.0537
137 18 5 6 0.0534
154 26 5 7 0.0531
863 305 12 15 0.0524
737 219 9 11 0.0518
113 57 8 10 0.0518
208 92 9 12 0.0509
726 196 9 11 0.0503
337 116 7 10 0.0499
402 121 7 10 0.0498
529 160 9 9 0.0498
108 43 7 9 0.0495
771 289 12 15 0.0491
200 41 7 7 0.0488
725 200 10 12 0.0484
159 27 6 6 0.0483
325 90 7 9 0.0479
156 28 5 7 0.0479
545 192 9 9 0.0473
550 159 8 10 0.0473
265 68 7 9 0.0473
801 234 10 14 0.0470
544 167 10 12 0.0468
232 103 8 10 0.0467
792 352 15 23 0.0467
396 142 8 11 0.0465
670 183 8 12 0.0459
391 87 6 8 0.0453
151 29 6 7 0.0453
328 91 7 9 0.0452
50 43 8 10 0.0448
177 40 6 7 0.0445
464 134 8 9 0.0445
683 201 8 12 0.0431
83 51 8 9 0.0430
351 86 6 8 0.0430
522 146 8 9 0.0423
647 198 10 12 0.0421
185 72 7 9 0.0418
55 43 8 9 0.0413
227 104 9 10 0.0405
793 314 13 18 0.0404
566 190 9 11 0.0402
725 170 8 9 0.0401
729 170 8 9 0.0400
722 353 18 24 0.0399
276 71 7 9 0.0391
750 351 17 26 0.0386
354 86 6 8 0.0386
661 165 7 9 0.0383
405 145 8 10 0.0383
388 118 7 9 0.0381
711 165 8 9 0.0381
187 32 6 7 0.0376
718 355 18 27 0.0375
1002 314 15 21 0.0368
467 148 10 12 0.0368
208 94 9 10 0.0365
608 166 9 10 0.0365
719 205 9 11 0.0364
658 165 7 9 0.0363
138 68 8 10 0.0361
824 242 9 12 0.0361
546 169 9 11 0.0355
647 205 8 11 0.0355
214 47 7 7 0.0352
831 235 9 11 0.0346
765 289 12 15 0.0342
821 320 14 19 0.0338
824 242 10 12 0.0335
699 223 10 13 0.0333
320 91 7 9 0.0329
610 195 9 11 0.0327
834 242 10 13 0.0326
133 45 7 8 0.0324
174 41 6 8 0.0324
926 244 9 11 0.0323
910 323 14 17 0.0323
597 178 8 10 0.0323
523 181 9 12 0.0320
884 245 11 12 0.0317
672 177 7 10 0.0316
394 87 6 8 0.0316
730 220 9 12 0.0312
376 149 8 10 0.0312
732 218 10 12 0.0310
1000 314 18 24 0.0309
660 346 14 24 0.0309
265 69 7 8 0.0309
537 192 8 10 0.0306
489 129 8 9 0.0305
803 249 9 12 0.0300
629 192 9 11 0.0299
328 67 5 8 0.0296
460 132 8 9 0.0295
221 46 5 7 0.0292
565 167 9 11 0.0288
331 67 5 7 0.0286
16 38 8 11 0.0286
136 46 7 9 0.0286
435 125 7 8 0.0283
276 71 6 9 0.0283
184 71 8 10 0.0282
770 225 9 13 0.0280
342 71 6 8 0.0279
337 116 9 11 0.0278
664 186 9 11 0.0278
850 241 9 11 0.0277
851 293 12 15 0.0270
438 129 7 8 0.0265
816 316 11 17 0.0264
113 60 7 9 0.0264
910 308 15 20 0.0261
769 205 9 10 0.0260
700 221 10 14 0.0259
337 96 7 9 0.0259
362 167 7 9 0.0259
157 26 6 7 0.0257
873 238 9 11 0.0256
190 37 6 7 0.0256
725 169 8 10 0.0251
11 40 9 10 0.0251
488 135 7 9 0.0249
286 115 9 12 0.0248
231 101 9 10 0.0248
523 161 9 12 0.0248
136 18 6 7 0.0246
10 38 9 11 0.0244
471 153 9 10 0.0243
775 235 8 11 0.0242
339 71 6 7 0.0239
652 340 15 26 0.0238
702 164 7 9 0.0234
87 51 7 9 0.0233
916 309 16 21 0.0233
371 111 7 9 0.0233
830 302 15 18 0.0226
846 239 8 10 0.0225
6 26 8 8 0.0225
340 71 5 7 0.0224
744 351 17 24 0.0222
745 335 14 19 0.0221
799 359 15 23 0.0218
238 52 6 8 0.0217
328 69 6 8 0.0215
605 194 8 11 0.0213
519 149 9 10 0.0211
285 78 6 9 0.0210
595 157 8 9 0.0210
668 189 8 11 0.0209
496 154 8 10 0.0209
745 207 9 10 0.0208
574 322 14 26 0.0206
771 290 12 16 0.0205
412 145 8 10 0.0203
839 296 13 15 0.0201
768 203 7 9 0.0198
794 217 9 11 0.0196
409 125 8 9 0.0195
711 168 8 9 0.0193
792 233 9 12 0.0193
370 104 7 8 0.0193
778 214 9 11 0.0192
826 237 9 11 0.0191
704 166 8 10 0.0190
877 238 8 10 0.0187
340 72 7 7 0.0185
290 77 7 9 0.0183
823 316 14 19 0.0181
929 245 9 10 0.0181
77 36 7 8 0.0178
479 148 8 11 0.0177
827 267 13 15 0.0177
913 321 16 19 0.0177
365 167 8 9 0.0176
1 0 5 9 0.0172
733 190 8 10 0.0171
199 72 8 10 0.0169
391 90 7 8 0.0167
909 302 12 14 0.0166
204 74 8 9 0.0161
182 27 6 7 0.0160
696 222 10 13 0.0160
267 85 7 10 0.0159
628 174 8 9 0.0158
610 183 9 11 0.0157
824 313 16 21 0.0154
432 124 7 9 0.0154
598 157 7 9 0.0154
154 24 6 7 0.0153
631 175 8 10 0.0152
464 131 8 8 0.0152
824 304 13 17 0.0152
245 74 8 10 0.0151
744 331 13 19 0.0151
466 131 8 9 0.0149
287 115 8 10 0.0149
358 69 6 7 0.0149
705 194 9 11 0.0147
753 353 17 25 0.0147
800 249 10 12 0.0145
105 27 6 8 0.0144
294 84 7 9 0.0144
467 153 9 10 0.0143
373 146 8 10 0.0142
361 69 6 7 0.0142
404 84 6 8 0.0142
659 342 13 24 0.0142
651 204 8 11 0.0141
990 315 17 23 0.0141
672 172 8 10 0.0140
798 237 9 12 0.0139
371 86 8 9 0.0139
170 40 7 8 0.0139
129 19 6 7 0.0137
403 84 5 7 0.0136
744 213 10 12 0.0133
674 212 8 11 0.0131
722 356 21 25 0.0131
748 348 16 23 0.0130
225 96 8 10 0.0130
308 80 7 8 0.0128
790 314 11 17 0.0127
244 73 8 9 0.0127
613 153 8 9 0.0124
796 315 14 19 0.0124
713 164 7 9 0.0123
288 115 9 11 0.0121
654 168 8 10 0.0121
709 164 7 8 0.0120
388 80 6 7 0.0120
851 237 9 11 0.0119
326 70 6 7 0.0117
234 50 6 7 0.0116
751 336 14 18 0.0115
862 307 13 16 0.0115
721 349 17 24 0.0115
920 340 17 17 0.0114
439 149 10 11 0.0113
81 7 6 7 0.0112
661 160 7 9 0.0111
644 154 7 9 0.0110
400 84 5 7 0.0110
217 35 6 7 0.0110
156 50 8 10 0.0105
490 128 8 8 0.0104
827 320 14 19 0.0103
254 106 9 11 0.0103
575 329 16 26 0.0102
251 55 6 8 0.0102
347 130 8 9 0.0102
