56_Voter_peoplevoting_56_410
225
471 430 18 22 0.7457
693 476 17 21 0.7217
177 433 17 21 0.7193
366 434 18 20 0.7150
550 445 16 18 0.7062
932 459 16 20 0.6887
826 427 20 23 0.6573
423 428 16 18 0.6414
322 440 15 19 0.6314
214 458 17 21 0.6027
269 467 18 23 0.6025
422 452 15 20 0.5753
97 436 13 18 0.5709
744 474 18 21 0.5703
58 444 17 20 0.5245
284 440 16 19 0.4910
814 455 17 21 0.4881
122 451 17 19 0.4832
494 444 16 20 0.4686
614 462 16 19 0.4463
895 422 17 21 0.4198
193 421 16 21 0.3953
81 432 15 17 0.3782
491 444 16 20 0.3691
119 450 17 20 0.3676
527 427 15 18 0.3524
898 423 16 20 0.3401
287 440 16 19 0.3386
322 413 14 17 0.3364
273 467 17 23 0.3324
84 431 15 19 0.3159
617 462 16 20 0.3149
936 424 16 18 0.3009
643 454 14 17 0.2935
154 415 14 17 0.2924
360 417 13 17 0.2838
33 427 16 20 0.2794
55 444 17 21 0.2769
938 424 16 19 0.2750
282 423 16 18 0.2541
238 451 16 19 0.2515
742 473 18 22 0.2470
940 424 15 18 0.2459
119 417 12 17 0.2443
961 442 17 22 0.2038
511 420 15 18 0.1965
986 447 15 17 0.1891
385 418 13 15 0.1820
287 422 16 18 0.1769
319 411 15 18 0.1758
988 453 15 24 0.1642
33 411 17 19 0.1638
235 451 15 19 0.1629
605 431 12 16 0.1540
256 410 12 16 0.1512
30 427 15 20 0.1506
531 428 14 17 0.1450
230 435 14 16 0.1436
34 414 17 20 0.1423
646 453 14 18 0.1402
135 420 15 17 0.1400
811 455 16 21 0.1265
609 432 12 15 0.1198
236 449 16 20 0.1138
197 421 15 21 0.1116
599 424 11 14 0.1093
325 440 15 18 0.1046
823 427 19 22 0.1025
412 428 13 15 0.1018
588 422 12 15 0.0998
284 426 15 18 0.0972
948 446 15 17 0.0956
964 451 14 17 0.0912
151 412 15 19 0.0888
270 411 11 12 0.0813
641 450 14 18 0.0781
923 442 16 18 0.0753
962 438 15 17 0.0740
847 419 13 15 0.0710
645 449 14 19 0.0695
991 453 14 23 0.0694
123 417 15 19 0.0692
966 445 15 19 0.0677
869 442 16 21 0.0666
646 467 15 19 0.0657
643 467 15 19 0.0657
191 425 15 21 0.0649
951 459 14 18 0.0637
991 447 13 18 0.0623
967 438 14 16 0.0609
427 428 15 18 0.0598
587 426 13 18 0.0593
173 424 13 16 0.0590
405 419 11 15 0.0544
512 427 14 18 0.0543
583 427 13 17 0.0523
362 416 14 16 0.0518
571 444 14 17 0.0518
948 463 15 18 0.0518
198 424 15 19 0.0505
553 419 11 14 0.0500
941 425 15 19 0.0493
274 411 11 13 0.0478
101 436 13 19 0.0477
618 415 13 17 0.0475
918 435 14 17 0.0470
968 452 12 15 0.0454
157 414 14 18 0.0440
233 436 15 17 0.0422
951 460 15 19 0.0418
82 434 15 19 0.0412
253 410 11 16 0.0410
525 425 14 17 0.0408
936 460 15 20 0.0408
872 453 15 18 0.0407
390 417 12 15 0.0396
232 447 16 20 0.0390
32 413 16 19 0.0385
584 421 12 16 0.0379
134 417 14 17 0.0373
161 419 13 16 0.0369
433 403 12 15 0.0362
426 453 13 18 0.0359
449 429 13 16 0.0351
218 459 16 21 0.0350
890 457 15 20 0.0344
359 414 11 15 0.0342
556 420 12 13 0.0341
197 467 13 16 0.0334
419 448 15 22 0.0332
326 414 13 16 0.0328
957 440 14 17 0.0321
389 417 12 15 0.0315
26 448 15 18 0.0314
221 441 16 19 0.0312
221 435 14 16 0.0306
586 461 12 16 0.0297
234 436 13 15 0.0293
356 417 12 17 0.0284
953 422 14 17 0.0283
137 424 15 18 0.0283
227 424 13 15 0.0279
258 412 13 16 0.0276
530 425 13 17 0.0276
28 449 16 20 0.0274
258 410 13 16 0.0272
325 412 12 15 0.0263
569 442 13 16 0.0262
622 416 13 17 0.0258
986 438 12 16 0.0256
271 413 12 14 0.0250
286 419 14 16 0.0249
446 445 13 17 0.0248
451 424 12 14 0.0244
82 439 14 16 0.0242
892 463 15 19 0.0242
624 435 13 17 0.0240
930 445 17 20 0.0234
132 424 15 20 0.0233
926 438 15 18 0.0229
429 403 12 15 0.0229
180 433 16 21 0.0211
981 444 14 18 0.0210
363 418 14 16 0.0209
506 420 15 19 0.0209
886 452 15 21 0.0209
851 419 12 14 0.0208
900 423 15 18 0.0206
32 412 14 16 0.0206
590 419 12 16 0.0204
363 414 11 13 0.0203
554 445 14 18 0.0201
618 411 13 16 0.0200
819 455 18 21 0.0199
419 452 13 19 0.0194
343 434 14 18 0.0191
890 448 16 19 0.0185
618 461 16 19 0.0179
117 414 12 15 0.0175
213 435 14 17 0.0170
211 459 17 21 0.0169
286 438 15 19 0.0167
587 465 13 17 0.0165
11 410 13 16 0.0165
644 459 15 18 0.0164
317 413 14 17 0.0158
159 413 12 17 0.0157
953 462 13 18 0.0154
12 429 15 18 0.0153
870 417 12 14 0.0151
988 458 14 23 0.0150
289 426 15 19 0.0148
458 425 12 15 0.0146
619 414 14 18 0.0143
30 431 17 21 0.0141
850 417 13 16 0.0140
752 422 12 15 0.0140
211 458 16 21 0.0137
688 444 17 22 0.0137
862 443 15 19 0.0135
572 418 12 16 0.0134
593 433 14 17 0.0131
407 427 11 16 0.0131
927 458 17 21 0.0131
583 460 12 16 0.0126
887 463 16 20 0.0123
823 403 12 14 0.0123
37 450 15 19 0.0120
982 456 15 21 0.0118
33 448 14 18 0.0117
30 416 17 21 0.0116
840 459 15 20 0.0113
621 411 13 17 0.0113
883 447 17 21 0.0112
631 443 13 18 0.0110
917 425 13 15 0.0110
95 437 14 18 0.0109
515 418 13 17 0.0105
169 472 12 15 0.0105
836 429 15 21 0.0103
873 440 15 18 0.0102
363 434 17 20 0.0102
223 425 13 15 0.0101
875 457 15 19 0.0101
991 439 11 14 0.0100
