30_Surgeons_Surgeons_30_554
23
771 216 43 54 0.8554
851 223 50 64 0.8299
211 226 57 90 0.8001
58 276 47 65 0.5222
58 278 46 62 0.4591
509 229 36 46 0.3696
479 226 43 51 0.3235
505 228 35 48 0.3107
649 344 47 78 0.2676
328 258 45 52 0.2532
335 257 43 55 0.2449
323 263 36 42 0.1902
481 225 45 53 0.1792
648 343 45 69 0.0570
117 263 27 46 0.0452
479 226 43 49 0.0259
646 345 42 62 0.0246
111 262 30 50 0.0223
105 265 38 56 0.0206
273 360 14 17 0.0146
277 360 13 17 0.0119
499 225 44 51 0.0106
659 343 39 68 0.0103
