53_Raid_policeraid_53_599
66
135 147 68 108 0.8159
357 304 29 34 0.7939
854 299 20 23 0.6508
584 265 17 24 0.6241
506 297 21 22 0.6132
244 323 24 29 0.5744
638 326 21 26 0.5457
622 263 16 22 0.5093
664 252 16 20 0.5032
824 309 18 26 0.4630
821 309 19 26 0.4492
838 268 16 21 0.4469
723 239 16 18 0.4221
835 268 16 21 0.4030
241 323 25 29 0.3036
720 239 16 18 0.3000
666 253 16 20 0.2680
525 273 15 18 0.2672
484 285 17 19 0.2554
768 325 19 19 0.2467
639 327 21 25 0.2416
580 265 17 24 0.2224
618 263 16 22 0.1731
468 294 17 21 0.1461
773 324 17 20 0.1348
464 293 17 22 0.1292
790 367 24 27 0.1023
884 332 20 23 0.0866
890 333 18 22 0.0863
789 364 23 29 0.0853
502 296 20 22 0.0721
878 278 14 16 0.0583
547 198 13 17 0.0576
622 252 15 17 0.0569
703 309 20 27 0.0505
874 278 14 16 0.0499
618 252 15 18 0.0418
483 281 17 20 0.0417
529 272 14 19 0.0399
882 327 20 25 0.0353
466 291 18 23 0.0351
888 328 18 24 0.0316
797 363 21 26 0.0302
770 321 19 22 0.0295
461 289 19 25 0.0288
543 199 13 15 0.0253
487 289 18 19 0.0248
766 330 21 19 0.0231
876 309 20 24 0.0230
470 289 17 22 0.0217
680 320 16 22 0.0205
870 308 20 25 0.0199
875 283 14 16 0.0160
760 325 19 19 0.0155
643 327 19 24 0.0143
782 368 26 27 0.0140
520 273 15 19 0.0138
766 318 22 22 0.0135
878 282 16 18 0.0133
774 318 17 20 0.0133
644 328 19 24 0.0123
485 292 19 21 0.0119
512 295 18 20 0.0113
521 274 14 18 0.0113
678 310 20 27 0.0111
873 312 20 24 0.0104
