53_Raid_policeraid_53_543
52
584 187 95 122 0.8827
0 167 42 101 0.8680
77 258 44 51 0.8509
798 220 50 84 0.8506
734 223 52 66 0.8449
48 165 22 24 0.7718
167 162 19 26 0.7093
457 287 17 26 0.6038
396 257 25 39 0.5164
531 286 17 25 0.4860
155 300 24 26 0.4527
528 285 18 26 0.3417
489 293 17 21 0.3346
400 258 23 40 0.3339
397 258 25 39 0.3299
292 281 17 21 0.3239
550 289 10 14 0.2966
486 292 18 22 0.2455
289 281 18 21 0.2291
542 348 20 29 0.1660
491 292 17 22 0.1609
538 348 21 29 0.1066
493 293 17 21 0.0941
339 269 21 26 0.0687
563 305 11 14 0.0687
452 287 18 26 0.0566
338 266 20 24 0.0528
798 221 50 83 0.0451
547 287 11 14 0.0429
564 278 15 18 0.0401
464 289 12 21 0.0338
335 270 19 24 0.0327
92 214 12 15 0.0308
333 265 20 25 0.0303
924 253 18 27 0.0221
559 303 10 13 0.0215
462 288 16 24 0.0211
536 351 24 32 0.0183
143 217 8 12 0.0172
542 288 14 20 0.0163
34 160 21 28 0.0160
95 215 11 14 0.0153
922 250 18 26 0.0151
414 269 18 33 0.0150
145 217 9 12 0.0136
540 346 13 17 0.0132
563 296 16 19 0.0131
563 306 14 19 0.0121
409 269 18 34 0.0118
579 280 16 23 0.0110
297 279 14 21 0.0110
335 265 23 30 0.0108
