53_Raid_policeraid_53_368
37
821 66 103 138 0.8761
757 145 35 39 0.8227
545 129 40 50 0.8149
31 110 20 22 0.6059
216 98 14 18 0.5597
59 99 14 18 0.3722
720 145 13 16 0.3127
362 121 10 12 0.2817
304 115 12 14 0.2715
366 122 9 11 0.2616
679 137 10 13 0.2558
724 144 13 17 0.2478
300 115 12 13 0.2380
56 99 14 18 0.2349
676 137 10 13 0.2276
207 99 14 17 0.2267
29 109 18 23 0.1928
710 142 10 14 0.0704
220 98 12 17 0.0659
527 128 10 14 0.0641
711 143 12 16 0.0585
307 117 10 13 0.0406
302 118 11 12 0.0397
361 120 10 12 0.0377
365 120 9 12 0.0313
530 130 9 13 0.0261
681 137 10 13 0.0257
719 143 12 16 0.0242
307 115 9 12 0.0217
310 113 9 14 0.0167
675 139 11 13 0.0161
208 102 14 17 0.0145
365 121 10 12 0.0143
721 143 14 18 0.0134
723 144 12 15 0.0125
205 99 11 15 0.0109
214 97 13 17 0.0101
