53_Raid_policeraid_53_445
41
531 274 109 145 0.8925
614 145 43 58 0.8399
64 182 44 53 0.8393
765 159 42 51 0.8214
820 132 50 60 0.8129
305 199 41 53 0.7978
510 188 44 51 0.7489
979 154 37 51 0.7383
367 132 49 56 0.7149
212 195 44 56 0.7037
437 157 42 53 0.6833
212 195 44 56 0.6744
118 165 48 57 0.5332
118 164 49 59 0.4859
330 252 41 51 0.4281
510 189 43 49 0.3973
425 159 40 51 0.3246
979 154 37 52 0.0754
111 89 16 21 0.0600
384 177 38 47 0.0446
2 403 76 117 0.0354
24 69 20 24 0.0353
27 74 18 23 0.0325
820 132 49 60 0.0298
158 98 12 14 0.0268
0 243 16 30 0.0242
484 160 37 48 0.0235
109 87 15 21 0.0227
107 89 15 21 0.0221
162 98 12 13 0.0221
1011 168 13 42 0.0216
219 292 28 32 0.0197
682 76 29 39 0.0174
842 90 24 29 0.0165
850 89 20 27 0.0162
481 159 33 47 0.0129
420 160 31 47 0.0127
30 69 18 23 0.0125
377 178 39 46 0.0123
568 93 19 23 0.0115
0 108 36 86 0.0113
