53_Raid_policeraid_53_696
73
269 204 29 39 0.8206
730 249 31 37 0.7537
424 212 27 35 0.6785
493 247 24 31 0.6494
648 263 22 27 0.6492
122 221 26 29 0.6490
868 274 22 27 0.6268
369 230 24 30 0.6117
197 214 27 30 0.5528
454 242 23 29 0.5006
560 243 24 31 0.5002
892 276 19 24 0.2091
347 227 21 30 0.1944
784 283 15 20 0.1797
59 264 18 21 0.1751
454 240 21 28 0.1292
346 225 21 29 0.1278
349 225 21 29 0.1224
788 284 15 19 0.1158
558 252 22 28 0.1108
894 280 18 22 0.0936
565 244 21 27 0.0900
808 290 16 21 0.0814
832 286 16 20 0.0766
809 294 16 20 0.0665
813 292 15 18 0.0556
352 199 16 19 0.0549
349 199 15 19 0.0516
933 267 23 28 0.0513
341 208 19 21 0.0511
337 209 16 20 0.0495
55 263 17 22 0.0481
350 227 22 29 0.0456
554 254 20 26 0.0448
226 209 21 28 0.0443
786 281 16 19 0.0431
196 210 27 32 0.0428
783 280 16 19 0.0376
684 281 21 22 0.0357
814 295 13 19 0.0314
652 276 19 23 0.0313
554 248 19 29 0.0295
897 275 21 24 0.0291
679 279 21 25 0.0287
831 281 15 17 0.0272
836 285 19 22 0.0270
372 231 24 29 0.0264
57 265 19 23 0.0248
350 206 18 20 0.0238
62 268 17 21 0.0226
937 265 24 31 0.0226
450 243 22 29 0.0219
226 214 22 27 0.0213
683 275 21 26 0.0203
337 206 14 17 0.0174
828 288 15 20 0.0160
457 238 24 32 0.0149
928 254 30 40 0.0142
372 224 25 33 0.0141
933 251 32 43 0.0141
364 229 23 31 0.0140
488 253 23 29 0.0139
559 242 21 28 0.0136
600 260 19 24 0.0131
843 279 15 17 0.0128
354 196 12 14 0.0125
895 272 22 26 0.0122
406 233 21 26 0.0119
675 273 22 28 0.0119
368 224 24 32 0.0116
560 253 23 29 0.0109
934 277 21 25 0.0109
977 261 25 41 0.0108
