53_Raid_policeraid_53_736
42
493 181 37 52 0.7699
377 177 33 41 0.7068
284 203 33 35 0.6001
623 313 37 41 0.5391
108 218 31 33 0.4013
859 325 34 51 0.1913
855 330 30 44 0.1125
112 218 30 33 0.0899
187 224 24 28 0.0838
210 219 16 21 0.0734
197 222 24 27 0.0708
188 211 21 27 0.0677
187 228 26 28 0.0677
212 220 16 23 0.0647
277 202 24 31 0.0587
104 218 28 30 0.0540
280 204 29 32 0.0526
179 226 22 26 0.0470
860 321 33 49 0.0413
106 215 30 32 0.0360
184 226 23 27 0.0358
101 215 25 30 0.0345
386 173 27 38 0.0329
274 207 19 25 0.0279
115 214 27 31 0.0274
859 330 38 50 0.0265
203 218 20 24 0.0260
179 229 25 28 0.0254
202 223 22 27 0.0232
856 333 30 44 0.0209
110 224 30 32 0.0206
290 200 31 34 0.0203
182 212 21 24 0.0203
188 209 17 22 0.0189
195 227 26 27 0.0182
398 179 20 32 0.0164
185 210 20 25 0.0160
619 311 36 42 0.0160
610 308 30 38 0.0159
845 333 26 37 0.0126
288 203 34 36 0.0126
1004 53 20 38 0.0126
