36_Football_Football_36_157
448
740 219 27 29 0.8331
42 255 24 27 0.8231
392 195 36 37 0.8184
163 201 22 26 0.8128
905 218 24 28 0.8099
0 183 18 22 0.7988
75 196 21 24 0.7920
186 184 21 24 0.7919
97 240 22 24 0.7898
787 175 22 23 0.7883
509 175 20 24 0.7856
303 158 21 25 0.7822
534 74 20 27 0.7810
393 80 20 23 0.7805
583 187 21 24 0.7798
661 253 21 24 0.7785
458 31 23 28 0.7770
609 141 22 28 0.7756
877 170 21 28 0.7745
230 173 20 23 0.7626
199 0 19 20 0.7621
983 245 23 26 0.7616
300 212 23 24 0.7612
870 84 21 29 0.7609
523 112 19 22 0.7571
152 149 20 24 0.7565
345 133 20 24 0.7532
418 0 21 19 0.7523
545 108 18 23 0.7464
503 247 22 28 0.7366
479 121 20 26 0.7306
113 135 19 24 0.7302
970 22 19 24 0.7250
357 174 19 22 0.7098
856 0 18 20 0.7081
179 94 20 26 0.7062
891 125 18 22 0.7039
831 107 18 22 0.7014
51 129 19 25 0.6995
791 234 35 42 0.6935
753 189 20 22 0.6906
788 56 18 24 0.6901
756 117 19 23 0.6873
513 54 17 23 0.6856
44 187 20 22 0.6850
240 254 24 27 0.6813
608 241 27 30 0.6756
542 28 20 24 0.6611
614 73 20 24 0.6464
115 200 19 22 0.6447
428 262 20 25 0.6436
580 4 21 28 0.6423
91 106 17 20 0.6418
339 103 19 22 0.6295
635 194 19 23 0.6090
218 161 17 20 0.6050
441 164 19 22 0.6034
104 169 19 22 0.5972
484 355 24 29 0.5950
615 41 20 21 0.5924
410 139 19 23 0.5906
321 81 21 22 0.5892
767 147 18 22 0.5868
934 164 18 20 0.5865
434 346 22 32 0.5833
97 7 18 19 0.5828
383 127 17 20 0.5742
234 76 22 28 0.5685
159 176 20 25 0.5620
846 47 19 23 0.5612
564 132 18 23 0.5543
411 54 18 21 0.5534
904 167 22 24 0.5533
433 218 17 24 0.5530
641 0 17 16 0.5525
609 241 27 30 0.5509
231 124 17 20 0.5495
332 149 15 19 0.5495
981 198 17 24 0.5484
564 103 20 25 0.5450
296 93 17 20 0.5419
901 86 19 22 0.5413
493 6 17 22 0.5377
266 23 17 21 0.5361
78 147 18 22 0.5360
487 88 19 24 0.5339
122 110 18 22 0.5242
248 190 20 23 0.5209
423 97 19 23 0.5113
39 17 19 21 0.4998
840 187 17 22 0.4994
270 163 19 21 0.4982
577 83 20 24 0.4978
901 24 18 26 0.4812
216 266 17 20 0.4798
310 255 23 26 0.4794
11 167 18 23 0.4741
562 0 17 7 0.4650
945 95 16 22 0.4634
146 95 19 25 0.4616
544 192 17 23 0.4610
513 145 20 21 0.4597
240 149 16 18 0.4578
337 178 19 23 0.4495
965 136 18 24 0.4426
146 268 18 24 0.4411
753 0 19 9 0.4395
667 169 18 24 0.4382
248 115 18 24 0.4377
337 40 19 22 0.4376
667 33 19 24 0.4337
0 143 14 20 0.4312
782 111 19 22 0.4286
359 116 18 20 0.4222
91 133 18 22 0.4219
670 34 19 23 0.4203
585 158 20 21 0.4177
16 117 17 23 0.4127
287 133 18 24 0.4125
906 103 17 23 0.4090
274 43 19 21 0.4064
153 22 16 19 0.4026
906 167 21 24 0.3981
816 105 18 24 0.3968
335 178 19 23 0.3965
992 0 19 11 0.3949
821 16 13 21 0.3864
981 158 15 23 0.3845
284 133 19 24 0.3845
580 83 19 24 0.3828
271 43 19 21 0.3820
589 139 17 20 0.3809
304 114 19 22 0.3806
187 146 17 20 0.3776
0 143 17 22 0.3764
962 136 19 24 0.3693
1009 86 15 23 0.3655
347 4 19 21 0.3616
546 192 17 23 0.3599
455 102 16 20 0.3513
32 153 17 21 0.3500
734 49 19 21 0.3481
814 105 17 22 0.3468
849 47 18 23 0.3453
143 95 19 25 0.3420
191 162 17 19 0.3410
273 163 18 21 0.3382
413 139 19 23 0.3317
410 120 17 18 0.3307
407 118 17 18 0.3260
426 97 19 23 0.3258
144 269 18 23 0.3240
491 6 17 22 0.3216
150 47 17 20 0.3208
156 176 20 25 0.3192
898 86 20 23 0.3191
903 103 18 23 0.3167
617 73 20 23 0.3165
731 48 19 23 0.3159
516 145 20 21 0.3122
363 116 17 20 0.3104
644 0 17 16 0.3073
785 110 18 22 0.3068
438 346 20 31 0.3044
567 103 19 26 0.3025
31 122 14 20 0.2996
851 164 18 22 0.2982
702 142 18 22 0.2946
897 193 17 19 0.2924
429 218 19 24 0.2862
414 54 18 21 0.2861
701 13 16 18 0.2851
95 134 17 22 0.2809
855 188 14 19 0.2668
490 88 19 23 0.2637
487 353 28 32 0.2630
232 76 22 28 0.2592
387 370 32 36 0.2553
568 132 18 23 0.2538
119 111 18 21 0.2520
817 15 15 21 0.2502
977 158 15 23 0.2500
246 115 18 24 0.2451
293 92 18 21 0.2438
898 24 18 25 0.2391
330 125 14 17 0.2361
0 62 6 19 0.2343
633 194 19 23 0.2330
425 262 20 25 0.2302
438 164 19 22 0.2266
348 1 21 21 0.2250
251 172 18 19 0.2238
323 81 20 22 0.2236
704 142 19 23 0.2167
339 40 19 23 0.2163
670 170 19 24 0.2110
636 173 21 24 0.2092
307 255 21 26 0.2054
250 115 18 24 0.1998
81 148 18 22 0.1957
577 4 22 28 0.1952
836 188 18 21 0.1923
43 18 17 20 0.1891
731 120 18 22 0.1885
246 195 19 21 0.1877
186 144 17 19 0.1852
106 170 20 22 0.1829
929 1 19 20 0.1812
143 268 18 24 0.1802
0 100 8 20 0.1793
540 29 20 23 0.1755
900 194 18 19 0.1712
452 102 16 20 0.1625
988 0 19 12 0.1616
18 117 17 21 0.1555
785 55 18 25 0.1500
281 358 33 36 0.1494
482 211 18 23 0.1468
14 104 16 19 0.1450
146 0 20 5 0.1444
119 200 17 21 0.1402
848 164 18 22 0.1400
12 169 18 22 0.1399
335 40 19 22 0.1393
349 4 20 21 0.1359
336 40 19 23 0.1357
613 40 20 22 0.1354
253 150 15 17 0.1326
329 0 19 7 0.1297
446 0 21 6 0.1291
89 106 15 19 0.1284
28 153 18 22 0.1267
584 156 19 21 0.1251
1001 197 17 21 0.1225
736 120 17 22 0.1209
340 164 16 19 0.1195
143 0 20 5 0.1159
279 184 18 20 0.1158
165 123 17 22 0.1141
15 116 17 21 0.1138
243 254 25 27 0.1132
899 25 18 26 0.1131
977 197 17 25 0.1118
245 191 20 23 0.1066
217 155 18 21 0.1013
899 194 17 21 0.1006
709 143 15 19 0.0995
54 117 15 18 0.0973
366 96 16 18 0.0967
301 133 16 18 0.0958
1013 92 11 21 0.0957
94 7 17 19 0.0943
795 0 14 8 0.0933
345 1 21 20 0.0928
675 10 18 20 0.0917
385 111 17 18 0.0914
18 118 18 22 0.0901
955 97 19 23 0.0891
153 18 14 15 0.0888
888 124 17 23 0.0880
783 241 19 24 0.0829
57 117 15 17 0.0819
42 187 19 22 0.0756
361 97 16 18 0.0739
517 54 16 23 0.0736
273 359 36 35 0.0730
483 208 17 20 0.0710
938 164 17 20 0.0705
318 0 22 5 0.0700
773 212 18 25 0.0697
943 94 14 19 0.0682
873 85 20 27 0.0670
979 157 13 21 0.0641
184 146 17 20 0.0624
251 171 15 17 0.0620
949 0 16 16 0.0613
304 119 19 23 0.0594
759 117 18 23 0.0552
542 193 18 23 0.0550
386 128 17 21 0.0541
1004 197 17 21 0.0538
924 2 17 18 0.0537
0 108 9 20 0.0536
1013 107 9 18 0.0529
931 2 21 24 0.0523
969 97 13 16 0.0514
1003 87 17 21 0.0501
636 166 20 25 0.0487
1000 195 16 19 0.0471
476 120 21 27 0.0460
782 241 25 30 0.0442
337 163 16 20 0.0442
1 130 13 17 0.0441
232 232 20 21 0.0440
231 237 23 27 0.0440
327 125 14 17 0.0430
618 41 19 22 0.0397
774 204 15 17 0.0390
769 212 19 25 0.0388
147 48 15 19 0.0381
1019 46 5 23 0.0376
953 0 16 16 0.0373
752 102 17 20 0.0373
824 17 13 19 0.0366
528 111 18 23 0.0364
664 169 17 23 0.0359
800 0 13 8 0.0346
949 97 19 24 0.0345
0 67 6 20 0.0345
18 105 15 18 0.0345
234 232 21 23 0.0341
572 151 17 20 0.0337
960 172 19 21 0.0332
478 211 18 25 0.0324
147 269 17 23 0.0324
953 190 19 22 0.0323
361 118 16 20 0.0310
590 155 18 21 0.0304
949 103 18 22 0.0299
1004 196 15 18 0.0298
860 0 18 19 0.0298
133 237 22 27 0.0297
942 95 14 20 0.0296
33 155 19 23 0.0290
30 124 16 22 0.0289
1007 82 17 24 0.0286
591 136 17 21 0.0283
0 31 6 18 0.0274
932 17 18 21 0.0272
510 0 15 6 0.0268
282 355 31 34 0.0259
153 24 18 21 0.0255
812 106 17 23 0.0251
167 62 16 19 0.0246
672 7 15 17 0.0244
237 154 16 19 0.0243
366 92 16 19 0.0242
449 0 22 6 0.0239
925 4 18 19 0.0239
748 0 18 8 0.0238
697 12 16 19 0.0235
19 135 14 19 0.0234
231 251 21 26 0.0232
962 167 16 20 0.0230
309 256 22 25 0.0230
144 198 18 22 0.0229
342 103 18 22 0.0229
263 26 17 21 0.0225
927 2 20 21 0.0224
749 0 20 13 0.0220
150 32 20 24 0.0217
714 164 17 21 0.0215
965 172 17 21 0.0213
879 27 15 20 0.0213
489 356 28 30 0.0212
949 1 18 18 0.0212
1007 100 16 23 0.0212
1011 77 13 23 0.0211
245 115 18 24 0.0209
102 6 17 18 0.0209
920 146 17 21 0.0209
701 15 18 21 0.0208
19 168 16 22 0.0207
881 29 15 19 0.0207
617 40 19 22 0.0207
273 354 33 35 0.0206
475 99 17 20 0.0202
310 0 20 6 0.0199
0 211 10 22 0.0198
614 332 37 42 0.0197
699 9 16 18 0.0195
636 156 17 19 0.0194
458 104 17 21 0.0188
203 91 16 18 0.0183
0 53 6 20 0.0180
150 199 18 24 0.0180
967 95 14 16 0.0180
60 0 19 16 0.0179
680 125 16 22 0.0176
972 238 18 26 0.0176
389 111 16 18 0.0175
823 14 14 20 0.0173
153 80 19 20 0.0171
29 153 18 23 0.0170
281 0 20 5 0.0170
521 0 18 8 0.0168
263 24 16 19 0.0166
110 133 17 23 0.0165
231 76 20 27 0.0165
671 11 16 20 0.0165
250 194 19 21 0.0165
42 255 23 27 0.0164
845 184 17 23 0.0159
309 109 17 19 0.0157
389 108 16 19 0.0157
256 361 39 35 0.0154
757 0 20 9 0.0153
2 102 12 22 0.0152
640 158 17 22 0.0152
336 102 18 22 0.0151
638 177 21 26 0.0151
488 208 17 22 0.0148
902 25 18 25 0.0147
853 171 19 26 0.0146
34 176 16 21 0.0146
186 158 18 20 0.0146
948 187 19 22 0.0145
581 158 19 21 0.0144
157 18 13 14 0.0144
797 1 16 14 0.0143
995 0 21 15 0.0142
299 92 16 19 0.0140
704 0 17 8 0.0139
360 93 17 18 0.0138
38 1 16 13 0.0137
953 103 20 22 0.0137
1 59 9 20 0.0136
234 233 22 24 0.0136
159 128 19 23 0.0131
690 31 18 23 0.0128
920 144 16 19 0.0128
255 45 15 17 0.0128
935 171 18 22 0.0125
18 166 17 22 0.0121
835 106 18 23 0.0121
0 29 5 18 0.0120
498 351 26 33 0.0119
1001 199 18 23 0.0119
594 243 15 20 0.0119
685 126 17 22 0.0117
154 48 17 21 0.0116
55 113 17 18 0.0114
1004 93 17 20 0.0111
342 5 17 17 0.0110
710 144 16 20 0.0110
155 84 17 21 0.0110
876 28 17 22 0.0110
712 0 16 8 0.0109
289 359 31 34 0.0109
772 147 16 22 0.0108
222 154 17 19 0.0106
361 173 18 22 0.0105
675 4 20 18 0.0105
731 21 17 19 0.0103
816 17 14 19 0.0103
248 258 24 25 0.0103
205 96 16 22 0.0102
159 123 17 21 0.0100
