36_Football_americanfootball_ball_36_487
1579
295 157 11 14 0.7412
811 331 20 29 0.7369
90 221 12 15 0.7137
321 182 13 15 0.7110
169 237 12 16 0.6929
104 175 11 14 0.6777
535 195 12 15 0.6717
845 173 10 14 0.6570
618 146 10 13 0.6499
548 195 10 14 0.6494
432 187 11 14 0.6448
843 209 11 13 0.6443
701 186 10 13 0.6443
103 155 11 14 0.6426
227 251 12 17 0.6397
74 194 11 15 0.6357
926 94 10 13 0.6343
58 300 15 23 0.6315
207 230 11 16 0.6294
530 21 8 11 0.6285
278 197 12 16 0.6260
962 173 11 14 0.6211
115 87 11 14 0.6173
8 214 11 16 0.6148
233 233 13 15 0.6146
887 81 9 12 0.6145
142 245 12 15 0.6050
923 182 10 12 0.6019
89 105 10 14 0.5984
440 44 8 10 0.5976
102 240 12 15 0.5968
60 154 11 15 0.5966
298 181 11 15 0.5941
512 3 8 11 0.5933
293 257 13 14 0.5924
654 148 10 13 0.5906
707 95 9 11 0.5903
587 220 10 12 0.5900
591 30 9 13 0.5859
372 99 11 14 0.5850
729 198 10 13 0.5850
13 35 9 13 0.5818
624 182 10 14 0.5815
279 161 11 14 0.5798
0 72 8 12 0.5784
105 32 11 12 0.5782
10 106 9 12 0.5769
267 35 9 13 0.5750
944 143 10 13 0.5740
643 108 9 12 0.5734
419 252 12 16 0.5715
791 199 10 13 0.5699
794 172 9 12 0.5687
509 98 9 12 0.5673
398 250 11 14 0.5607
679 95 9 11 0.5606
224 92 9 11 0.5594
600 136 10 13 0.5570
15 144 11 14 0.5568
104 199 10 14 0.5561
1014 147 9 13 0.5559
752 247 10 13 0.5559
43 92 10 13 0.5557
256 158 10 13 0.5549
677 237 10 14 0.5510
527 244 13 16 0.5459
881 124 10 12 0.5446
393 177 11 12 0.5445
665 29 9 13 0.5441
841 43 9 12 0.5432
42 133 11 14 0.5426
61 52 10 12 0.5406
130 138 11 13 0.5400
917 55 9 11 0.5396
321 253 12 16 0.5390
898 225 11 13 0.5380
88 150 10 14 0.5364
68 220 12 17 0.5353
636 133 9 11 0.5331
384 45 9 12 0.5325
231 135 10 13 0.5307
384 65 9 13 0.5304
179 73 9 11 0.5293
178 46 10 13 0.5276
536 80 9 12 0.5268
721 232 11 14 0.5260
1 124 10 13 0.5258
665 112 8 11 0.5253
739 72 9 12 0.5243
178 98 10 14 0.5217
690 182 10 13 0.5198
845 2 10 14 0.5192
705 77 8 11 0.5182
440 28 9 11 0.5160
508 71 9 12 0.5142
629 72 8 11 0.5123
931 118 9 11 0.5088
537 257 13 18 0.5087
922 19 9 11 0.5074
866 106 9 12 0.5069
631 97 9 12 0.5064
741 122 8 12 0.5045
343 83 11 15 0.5022
757 260 9 13 0.5008
368 237 12 16 0.4998
699 118 9 12 0.4977
482 34 9 11 0.4972
0 285 7 16 0.4949
947 84 10 12 0.4927
910 124 9 12 0.4912
423 108 9 13 0.4908
600 3 9 12 0.4904
921 210 9 13 0.4898
195 173 11 14 0.4893
456 57 9 12 0.4873
886 46 9 12 0.4869
85 66 10 12 0.4869
27 169 10 14 0.4868
162 15 10 13 0.4864
187 14 10 13 0.4833
556 220 10 14 0.4828
86 31 10 13 0.4821
629 5 10 12 0.4820
660 206 10 13 0.4811
34 102 10 13 0.4807
64 38 9 11 0.4784
46 56 9 12 0.4770
979 144 9 12 0.4759
515 196 11 15 0.4745
18 91 10 12 0.4700
144 28 9 13 0.4668
871 42 9 11 0.4665
130 33 9 13 0.4648
34 21 8 12 0.4644
769 112 9 11 0.4640
909 188 10 13 0.4635
9 258 9 13 0.4627
826 210 11 14 0.4624
464 83 9 12 0.4623
717 126 9 12 0.4622
98 90 9 13 0.4614
259 118 9 13 0.4610
49 70 9 13 0.4590
564 9 9 12 0.4564
571 219 10 13 0.4564
446 80 9 11 0.4560
675 56 9 12 0.4555
155 122 10 14 0.4554
846 90 8 12 0.4551
553 32 8 11 0.4535
888 163 10 13 0.4528
693 74 8 11 0.4523
252 107 10 12 0.4502
995 103 9 12 0.4494
608 42 9 13 0.4493
457 112 9 13 0.4489
360 270 12 15 0.4486
702 32 8 11 0.4479
540 111 10 12 0.4479
939 224 11 13 0.4473
164 60 8 12 0.4456
620 133 9 11 0.4448
913 113 9 11 0.4444
327 106 9 12 0.4428
259 72 10 12 0.4406
469 133 9 11 0.4392
799 326 19 25 0.4391
45 120 9 12 0.4382
80 136 11 13 0.4380
54 12 9 11 0.4374
766 144 9 13 0.4372
131 45 10 13 0.4358
801 219 10 12 0.4337
886 201 11 14 0.4329
232 149 10 14 0.4325
118 107 10 14 0.4325
634 225 10 14 0.4324
953 116 9 12 0.4322
778 243 10 14 0.4322
525 65 9 11 0.4321
498 15 8 10 0.4306
682 109 10 12 0.4301
610 241 12 15 0.4298
379 249 11 15 0.4292
116 50 10 14 0.4272
358 178 11 15 0.4268
414 231 12 16 0.4239
887 163 10 13 0.4183
702 246 11 15 0.4172
980 174 8 12 0.4155
403 95 8 13 0.4151
310 169 11 13 0.4137
435 109 8 12 0.4114
133 45 9 12 0.4109
945 103 9 12 0.4103
285 78 10 13 0.4097
523 39 8 10 0.4096
28 35 9 12 0.4095
285 4 10 13 0.4085
772 30 9 13 0.4084
655 74 9 11 0.4081
50 254 12 16 0.4071
65 89 10 12 0.4061
198 6 9 13 0.4059
863 148 9 12 0.4053
234 91 9 12 0.4022
972 10 9 11 0.4017
146 166 13 15 0.3994
951 117 9 12 0.3987
860 148 10 13 0.3977
15 66 10 14 0.3972
49 254 12 15 0.3965
185 32 10 12 0.3960
276 104 9 11 0.3958
980 101 9 12 0.3957
118 50 9 14 0.3954
32 233 10 15 0.3952
231 119 8 11 0.3928
919 168 10 11 0.3901
83 18 9 11 0.3898
144 105 10 15 0.3886
283 284 16 20 0.3865
230 77 9 12 0.3855
323 69 10 11 0.3844
197 173 10 13 0.3826
483 133 9 12 0.3818
924 271 14 16 0.3812
300 181 11 15 0.3811
67 24 9 11 0.3800
833 184 9 12 0.3789
225 2 9 13 0.3786
685 109 9 12 0.3784
193 86 8 11 0.3772
400 95 9 13 0.3755
377 94 10 13 0.3754
632 225 10 14 0.3751
426 27 9 13 0.3742
774 30 9 12 0.3732
601 95 9 12 0.3726
1002 29 9 11 0.3716
416 231 12 16 0.3711
84 255 13 16 0.3704
658 178 10 15 0.3699
797 91 10 12 0.3696
644 88 10 12 0.3689
729 111 8 11 0.3678
725 85 9 12 0.3669
873 229 11 15 0.3652
644 46 8 11 0.3629
832 89 8 11 0.3619
319 51 9 11 0.3619
214 120 8 11 0.3617
337 277 11 15 0.3613
1019 121 5 13 0.3595
601 85 9 12 0.3590
206 76 9 12 0.3583
946 171 9 12 0.3572
488 198 11 14 0.3569
567 123 10 12 0.3567
916 232 9 12 0.3566
238 22 9 10 0.3562
1006 169 9 13 0.3548
376 249 12 15 0.3541
886 12 9 12 0.3521
507 41 7 10 0.3519
30 11 8 10 0.3517
788 158 8 11 0.3504
705 208 9 11 0.3503
995 3 9 11 0.3501
62 140 10 13 0.3501
789 139 9 11 0.3499
517 196 11 15 0.3475
877 214 10 12 0.3464
395 88 8 12 0.3455
393 230 11 16 0.3451
979 123 9 12 0.3449
902 88 10 12 0.3444
95 90 11 14 0.3439
769 191 10 13 0.3432
400 132 9 12 0.3431
339 277 12 15 0.3425
429 142 9 13 0.3413
453 131 11 14 0.3412
58 99 11 14 0.3410
236 91 8 11 0.3408
824 209 11 15 0.3406
813 159 8 11 0.3383
438 95 9 12 0.3369
638 150 9 11 0.3361
674 79 8 11 0.3361
1007 21 9 11 0.3358
977 144 10 12 0.3351
70 221 11 15 0.3348
789 34 9 12 0.3340
304 102 9 11 0.3313
196 6 10 13 0.3306
466 83 9 12 0.3303
991 227 9 12 0.3284
356 178 12 15 0.3282
734 243 9 12 0.3273
419 178 11 13 0.3261
924 38 8 11 0.3254
561 25 8 11 0.3240
770 192 10 13 0.3222
733 8 9 11 0.3219
30 233 11 16 0.3215
503 2 7 10 0.3204
577 37 8 11 0.3192
977 122 9 12 0.3185
942 52 9 11 0.3184
402 131 8 13 0.3174
566 99 9 13 0.3160
771 88 9 10 0.3155
911 11 8 10 0.3149
951 225 9 12 0.3127
836 79 8 10 0.3126
797 50 9 12 0.3105
451 35 9 13 0.3103
568 143 9 12 0.3102
913 231 9 13 0.3101
758 176 10 12 0.3101
90 179 8 13 0.3098
207 77 9 11 0.3097
711 12 9 12 0.3096
333 13 8 11 0.3095
578 38 9 11 0.3090
42 120 10 12 0.3090
989 227 9 12 0.3076
170 117 12 15 0.3070
916 71 9 11 0.3064
331 37 8 11 0.3047
32 102 10 13 0.3039
299 17 9 11 0.3037
32 21 9 13 0.3021
19 53 9 12 0.3017
876 230 10 14 0.3011
954 22 9 12 0.3005
553 93 9 12 0.3001
932 12 8 10 0.2989
20 121 10 12 0.2986
18 308 12 17 0.2975
462 182 9 13 0.2967
812 35 8 11 0.2966
491 105 9 12 0.2953
606 42 9 13 0.2952
809 35 9 11 0.2943
529 245 12 15 0.2936
613 121 8 11 0.2924
224 250 13 18 0.2914
18 121 10 12 0.2910
82 136 10 13 0.2905
484 0 8 8 0.2905
505 40 7 11 0.2902
744 172 10 12 0.2902
26 78 10 12 0.2900
261 72 9 12 0.2887
427 141 10 14 0.2872
786 157 9 11 0.2866
147 63 8 10 0.2862
883 60 9 10 0.2831
249 82 9 11 0.2825
778 59 8 11 0.2824
61 101 9 12 0.2821
542 12 8 10 0.2818
499 129 10 12 0.2816
610 86 9 11 0.2815
637 204 9 14 0.2812
773 88 8 10 0.2810
287 78 9 13 0.2801
799 50 8 13 0.2781
827 166 10 12 0.2772
203 63 9 12 0.2755
570 143 9 13 0.2755
977 174 9 12 0.2743
6 214 11 15 0.2741
731 242 10 13 0.2739
936 94 9 11 0.2736
819 83 8 11 0.2734
969 222 9 13 0.2732
186 62 8 11 0.2726
420 108 10 13 0.2725
571 251 9 14 0.2722
356 76 9 11 0.2718
587 103 8 11 0.2718
63 141 10 12 0.2716
767 74 8 11 0.2705
81 17 9 12 0.2702
569 98 8 12 0.2699
677 0 10 7 0.2697
170 112 11 15 0.2689
799 219 10 13 0.2686
562 9 9 12 0.2678
223 2 9 13 0.2664
365 20 9 12 0.2664
149 166 12 14 0.2658
919 210 9 13 0.2644
658 206 10 13 0.2638
325 69 9 11 0.2637
1009 99 9 11 0.2636
89 179 9 13 0.2634
82 255 13 15 0.2603
357 94 10 13 0.2600
146 104 9 13 0.2598
978 101 9 13 0.2593
43 56 10 13 0.2591
845 88 8 12 0.2578
324 106 10 12 0.2573
321 51 8 11 0.2572
639 251 11 14 0.2564
948 38 8 11 0.2544
56 12 8 11 0.2518
719 127 8 12 0.2517
545 13 7 10 0.2512
873 202 9 12 0.2496
453 34 9 13 0.2496
862 75 8 12 0.2486
274 104 9 12 0.2470
390 230 12 16 0.2466
919 166 9 12 0.2460
301 101 10 12 0.2457
132 137 10 14 0.2451
241 220 11 13 0.2447
943 104 9 11 0.2441
659 179 10 14 0.2434
236 21 9 11 0.2431
853 132 9 12 0.2430
479 34 10 12 0.2424
554 46 9 12 0.2412
742 17 8 11 0.2411
105 9 10 12 0.2409
22 307 11 18 0.2409
185 14 10 13 0.2407
462 286 18 22 0.2403
401 287 14 17 0.2387
345 9 8 10 0.2381
524 65 8 10 0.2376
914 71 10 12 0.2370
843 2 10 14 0.2358
466 132 10 13 0.2354
390 176 12 13 0.2352
900 88 10 13 0.2352
304 52 8 11 0.2350
501 2 8 10 0.2340
416 252 13 16 0.2338
495 15 9 10 0.2334
288 230 11 15 0.2332
966 222 9 13 0.2332
308 93 10 13 0.2327
312 13 9 13 0.2313
405 288 13 16 0.2308
940 52 9 11 0.2307
422 48 8 10 0.2301
454 57 9 12 0.2296
687 181 10 14 0.2295
352 46 9 11 0.2294
288 5 9 12 0.2293
671 78 9 12 0.2286
919 19 9 11 0.2286
993 3 8 11 0.2285
1003 169 10 13 0.2280
568 251 10 14 0.2271
491 199 10 14 0.2263
506 71 9 12 0.2255
887 13 9 12 0.2255
872 228 11 15 0.2255
796 326 19 24 0.2244
928 118 9 12 0.2243
286 231 11 13 0.2236
874 178 10 12 0.2229
458 98 9 12 0.2221
720 191 9 13 0.2218
310 12 10 13 0.2213
814 54 8 12 0.2203
767 112 8 11 0.2193
626 5 10 12 0.2187
869 285 12 18 0.2178
676 95 9 12 0.2175
21 90 10 12 0.2167
1011 146 9 13 0.2167
704 95 9 11 0.2166
723 85 9 12 0.2164
6 258 10 13 0.2154
506 98 10 12 0.2154
952 22 9 13 0.2153
879 123 10 13 0.2151
915 55 9 12 0.2148
697 118 9 12 0.2138
662 29 9 12 0.2135
175 46 10 13 0.2133
7 106 10 12 0.2129
647 88 9 11 0.2126
83 31 11 13 0.2121
229 76 9 13 0.2110
425 69 8 11 0.2109
863 106 10 12 0.2109
14 62 10 13 0.2103
775 243 11 14 0.2102
32 10 8 11 0.2099
923 38 8 11 0.2096
580 109 9 13 0.2089
444 80 9 12 0.2088
499 125 10 14 0.2084
264 35 10 13 0.2082
970 10 9 11 0.2081
192 33 9 12 0.2080
216 159 8 12 0.2078
769 172 9 11 0.2077
370 183 9 12 0.2073
397 13 8 11 0.2069
597 136 10 12 0.2068
309 89 9 13 0.2067
48 283 13 18 0.2056
876 178 9 12 0.2055
537 111 10 12 0.2054
235 233 12 15 0.2054
738 122 9 12 0.2054
832 136 9 13 0.2054
69 24 9 11 0.2049
100 144 10 13 0.2035
350 47 9 11 0.2032
551 32 8 10 0.2031
419 181 10 13 0.2024
166 33 8 11 0.2022
949 38 8 11 0.2009
381 45 10 12 0.2009
791 172 10 12 0.2008
662 112 9 11 0.2007
91 43 9 12 0.2007
301 286 15 20 0.2007
454 113 10 12 0.1998
122 252 11 14 0.1997
908 10 9 11 0.1991
423 78 8 11 0.1990
674 237 10 14 0.1988
901 90 10 12 0.1978
839 43 9 12 0.1974
396 12 8 11 0.1973
753 260 10 13 0.1966
737 72 9 12 0.1962
292 213 10 13 0.1956
66 90 10 13 0.1955
775 0 10 9 0.1955
57 154 12 15 0.1953
829 167 9 12 0.1952
83 66 10 12 0.1947
171 238 12 15 0.1941
119 253 11 15 0.1939
292 58 9 12 0.1933
727 110 8 12 0.1933
773 0 9 9 0.1922
887 45 10 12 0.1918
942 143 10 12 0.1916
607 241 12 15 0.1911
749 247 10 13 0.1903
67 178 10 12 0.1902
544 55 8 11 0.1902
708 13 9 12 0.1899
31 35 8 12 0.1898
160 15 10 13 0.1897
197 33 9 12 0.1895
466 0 10 11 0.1889
928 271 13 15 0.1886
253 158 11 13 0.1884
533 80 10 12 0.1884
84 254 13 16 0.1883
799 90 9 13 0.1881
908 124 9 12 0.1881
148 65 8 10 0.1877
250 107 10 12 0.1866
254 82 9 11 0.1865
302 50 9 12 0.1856
45 134 9 13 0.1851
363 20 10 12 0.1841
706 285 16 19 0.1840
634 133 9 11 0.1839
657 128 9 11 0.1836
934 12 7 10 0.1826
690 74 9 11 0.1821
101 199 10 14 0.1821
735 8 8 11 0.1816
148 165 12 15 0.1815
705 224 10 12 0.1814
835 79 8 10 0.1813
711 78 9 11 0.1808
711 288 14 17 0.1806
711 13 9 12 0.1799
785 78 8 11 0.1798
788 199 10 13 0.1794
302 102 9 12 0.1792
17 144 10 14 0.1792
452 37 9 11 0.1791
653 114 8 11 0.1786
357 117 10 11 0.1782
930 12 8 11 0.1782
1003 29 9 11 0.1775
161 61 9 11 0.1769
699 246 11 15 0.1768
656 178 11 14 0.1766
709 13 10 12 0.1765
944 84 10 12 0.1765
798 327 19 24 0.1758
229 135 10 13 0.1757
10 35 10 12 0.1753
869 42 8 12 0.1749
746 208 9 13 0.1747
71 194 11 14 0.1740
55 301 16 22 0.1738
626 72 9 12 0.1735
366 0 9 11 0.1729
211 119 9 12 0.1721
195 87 8 11 0.1718
597 3 9 12 0.1716
469 1 8 10 0.1714
316 273 14 19 0.1711
699 32 8 11 0.1711
646 45 8 11 0.1703
85 149 11 14 0.1702
313 11 8 12 0.1697
787 139 9 11 0.1695
340 83 12 15 0.1689
458 153 10 12 0.1677
247 276 10 13 0.1676
127 33 10 12 0.1675
438 27 9 12 0.1671
106 173 10 15 0.1671
297 286 16 20 0.1671
993 102 9 13 0.1669
944 172 9 11 0.1662
1008 42 8 11 0.1662
68 179 10 13 0.1654
41 90 11 13 0.1652
777 243 10 13 0.1646
366 237 12 15 0.1642
111 8 9 11 0.1638
459 183 9 12 0.1632
324 253 11 16 0.1629
367 2 9 11 0.1622
622 182 10 14 0.1621
275 197 13 16 0.1618
16 89 10 13 0.1615
703 208 9 11 0.1607
381 66 10 12 0.1605
863 77 8 12 0.1600
463 291 17 20 0.1600
1000 28 9 12 0.1591
180 74 8 11 0.1569
906 189 11 13 0.1569
542 110 9 13 0.1560
944 102 10 12 0.1558
321 69 9 11 0.1555
87 106 10 13 0.1551
12 0 10 5 0.1549
830 89 8 12 0.1543
761 7 9 11 0.1541
796 271 13 17 0.1541
13 144 10 14 0.1541
24 169 11 14 0.1539
95 9 9 11 0.1536
673 57 9 11 0.1532
277 161 11 14 0.1531
175 98 11 13 0.1530
826 167 9 12 0.1525
916 167 10 13 0.1524
800 51 8 12 0.1521
627 98 9 12 0.1516
158 84 10 13 0.1515
557 43 9 11 0.1509
416 178 12 13 0.1498
145 245 10 15 0.1494
63 113 9 11 0.1490
903 90 9 12 0.1489
703 77 9 12 0.1482
864 78 9 12 0.1470
784 273 12 16 0.1464
759 84 8 11 0.1461
522 38 8 11 0.1461
87 179 9 13 0.1458
745 277 13 17 0.1457
466 287 17 21 0.1454
242 0 8 10 0.1448
333 38 7 10 0.1444
107 155 10 13 0.1443
850 132 10 12 0.1442
764 144 9 13 0.1439
244 1 8 9 0.1436
46 70 10 13 0.1435
776 59 8 11 0.1426
947 64 8 11 0.1425
796 90 9 12 0.1422
727 197 10 14 0.1421
129 98 9 11 0.1419
564 219 11 14 0.1419
646 88 9 12 0.1416
392 87 9 12 0.1415
1015 244 9 14 0.1413
599 86 9 11 0.1409
829 183 11 13 0.1408
420 47 7 11 0.1405
688 9 8 11 0.1401
783 75 9 13 0.1387
364 3 10 11 0.1382
44 162 9 12 0.1367
1006 99 9 12 0.1365
816 203 10 12 0.1361
262 118 9 12 0.1360
363 269 11 15 0.1360
764 74 9 11 0.1350
715 95 8 12 0.1342
173 118 11 14 0.1331
264 56 8 12 0.1329
946 37 9 11 0.1322
329 36 9 12 0.1320
472 180 9 14 0.1315
881 59 9 11 0.1305
229 148 10 14 0.1305
332 57 8 12 0.1305
416 180 11 13 0.1304
457 152 11 12 0.1286
723 230 10 13 0.1265
811 36 8 11 0.1261
216 63 8 11 0.1260
1008 103 9 12 0.1254
387 283 14 17 0.1247
825 165 9 13 0.1247
866 285 11 18 0.1246
301 52 9 12 0.1244
636 251 11 14 0.1237
395 55 9 12 0.1235
357 77 10 11 0.1229
704 65 8 11 0.1203
560 84 8 10 0.1199
229 118 9 11 0.1198
675 0 9 7 0.1195
732 277 11 16 0.1181
748 209 9 12 0.1180
13 298 12 17 0.1175
644 199 9 14 0.1164
107 11 8 10 0.1163
805 62 8 10 0.1160
877 177 9 12 0.1154
398 132 9 12 0.1154
610 121 9 11 0.1146
642 46 8 11 0.1145
939 51 9 11 0.1135
482 15 8 11 0.1133
19 241 12 15 0.1133
196 34 8 11 0.1121
363 0 10 12 0.1120
227 77 10 13 0.1118
152 123 10 13 0.1118
175 280 10 14 0.1117
766 193 10 13 0.1112
897 270 18 19 0.1108
143 26 10 13 0.1105
635 204 9 15 0.1102
290 257 13 15 0.1099
577 191 11 15 0.1097
611 242 12 15 0.1093
653 74 9 11 0.1093
283 4 9 13 0.1080
723 32 9 13 0.1079
568 100 8 12 0.1073
635 149 9 12 0.1073
113 87 10 14 0.1072
103 272 14 20 0.1069
548 0 7 8 0.1062
889 22 9 10 0.1061
814 202 10 12 0.1060
925 183 9 12 0.1059
510 3 8 10 0.1059
892 22 8 11 0.1049
655 76 9 12 0.1045
769 162 9 11 0.1042
431 281 14 18 0.1040
1006 42 9 11 0.1039
100 142 9 13 0.1037
837 26 9 11 0.1028
870 202 10 12 0.1025
455 154 11 12 0.1025
400 147 9 13 0.1025
166 47 9 12 0.1022
670 77 9 11 0.1021
911 189 9 12 0.1020
955 24 8 12 0.1019
236 154 10 13 0.1014
240 217 10 14 0.1008
467 1 10 11 0.1008
599 95 9 11 0.1007
353 75 10 13 0.1004
545 0 8 8 0.0997
254 118 10 13 0.0996
779 15 9 10 0.0995
608 242 12 15 0.0993
520 38 8 11 0.0989
779 302 15 17 0.0967
726 32 9 12 0.0966
393 12 9 11 0.0964
347 10 7 10 0.0961
980 10 7 10 0.0961
12 62 10 14 0.0952
61 38 10 13 0.0952
504 119 10 13 0.0944
423 28 8 12 0.0933
659 177 10 15 0.0931
141 106 10 14 0.0929
249 274 9 13 0.0929
204 230 11 16 0.0927
359 267 12 16 0.0927
1014 237 9 13 0.0927
58 101 10 12 0.0925
617 277 12 17 0.0918
508 275 16 20 0.0915
774 1 9 11 0.0913
692 239 9 13 0.0905
601 177 10 14 0.0905
266 292 12 15 0.0902
333 0 9 11 0.0901
394 273 13 17 0.0897
759 178 9 12 0.0893
266 248 12 17 0.0892
762 62 8 11 0.0892
819 142 9 11 0.0888
639 108 9 12 0.0886
794 91 9 12 0.0886
911 125 9 11 0.0885
22 243 11 16 0.0884
490 102 9 12 0.0880
693 75 8 11 0.0874
317 25 9 11 0.0872
550 93 9 12 0.0872
394 14 8 11 0.0871
533 179 9 11 0.0869
456 97 9 13 0.0868
864 72 9 13 0.0865
828 135 10 14 0.0864
331 12 8 11 0.0860
61 36 10 12 0.0856
267 294 13 17 0.0855
161 86 9 12 0.0851
470 179 10 13 0.0848
442 26 9 12 0.0846
504 40 8 10 0.0844
741 172 10 12 0.0843
576 189 11 16 0.0841
897 195 10 13 0.0837
289 212 10 13 0.0831
885 60 8 10 0.0829
213 159 9 12 0.0827
521 0 8 6 0.0817
584 68 7 11 0.0815
980 102 9 12 0.0812
269 129 9 12 0.0811
746 280 13 16 0.0808
145 101 10 13 0.0807
63 8 9 12 0.0804
770 112 8 11 0.0804
323 253 12 17 0.0803
426 281 15 19 0.0803
486 0 7 8 0.0802
310 165 10 14 0.0801
953 226 10 12 0.0800
1 74 8 10 0.0796
888 203 10 14 0.0796
423 48 7 10 0.0793
496 127 10 13 0.0785
47 255 11 15 0.0775
957 277 12 14 0.0767
192 286 16 20 0.0764
354 178 12 16 0.0763
620 277 13 17 0.0758
916 165 10 13 0.0748
554 49 9 11 0.0747
500 2 8 10 0.0747
691 151 9 12 0.0745
739 16 9 12 0.0745
1006 99 11 14 0.0742
715 128 9 11 0.0734
545 129 9 12 0.0733
120 255 11 14 0.0732
810 278 11 15 0.0726
648 13 9 11 0.0725
2 244 10 13 0.0725
585 128 9 11 0.0725
962 0 9 8 0.0723
577 56 9 11 0.0721
317 50 9 12 0.0721
85 63 9 13 0.0709
877 218 10 13 0.0709
59 141 10 14 0.0708
25 74 10 13 0.0707
522 64 9 11 0.0706
520 283 16 20 0.0700
483 282 14 17 0.0696
764 260 10 13 0.0693
583 121 9 13 0.0690
349 129 12 15 0.0689
4 246 10 14 0.0686
346 52 8 12 0.0686
139 68 9 12 0.0684
244 291 10 13 0.0681
59 51 9 13 0.0681
889 18 10 12 0.0679
323 181 12 15 0.0679
429 139 9 13 0.0677
798 89 9 12 0.0674
814 277 11 15 0.0673
115 51 10 14 0.0672
653 54 9 11 0.0670
974 10 8 11 0.0669
3 125 9 12 0.0669
889 204 9 12 0.0664
66 25 10 11 0.0663
812 158 9 11 0.0655
312 271 14 17 0.0652
746 227 9 13 0.0651
376 161 9 12 0.0648
725 87 9 11 0.0639
425 26 8 12 0.0635
574 0 7 9 0.0632
489 273 13 16 0.0632
793 108 9 12 0.0629
203 75 9 12 0.0628
378 160 9 12 0.0628
239 0 9 12 0.0628
954 24 9 11 0.0626
316 24 9 11 0.0624
951 227 9 12 0.0622
86 178 10 14 0.0620
953 228 9 11 0.0616
674 78 9 11 0.0613
87 7 9 11 0.0611
603 179 9 14 0.0609
68 87 9 12 0.0608
543 129 9 11 0.0608
1010 235 10 11 0.0607
20 305 12 18 0.0607
501 276 14 20 0.0606
577 271 13 17 0.0604
458 272 15 18 0.0604
920 39 9 11 0.0599
261 250 11 15 0.0593
821 113 10 11 0.0592
422 71 9 13 0.0590
902 271 17 18 0.0590
10 0 9 5 0.0587
650 279 12 14 0.0583
493 234 13 15 0.0576
262 56 9 12 0.0574
313 163 9 13 0.0573
31 151 10 13 0.0572
571 0 8 11 0.0570
345 47 9 12 0.0560
552 32 8 10 0.0555
426 140 10 14 0.0555
161 64 9 11 0.0554
901 226 10 12 0.0554
467 69 9 11 0.0552
490 234 13 16 0.0551
104 242 12 15 0.0551
747 279 13 15 0.0549
883 12 9 12 0.0547
568 124 9 12 0.0543
657 148 9 12 0.0539
355 114 10 12 0.0538
916 113 8 11 0.0536
502 279 14 18 0.0534
749 277 11 15 0.0533
579 115 9 12 0.0532
720 230 10 14 0.0532
353 54 9 12 0.0531
531 179 10 12 0.0525
590 272 13 17 0.0522
653 75 9 11 0.0520
621 131 9 11 0.0520
390 281 14 17 0.0519
704 279 15 18 0.0514
283 278 15 20 0.0513
107 7 9 11 0.0512
558 84 8 10 0.0512
114 107 10 13 0.0511
965 36 8 11 0.0510
920 37 8 12 0.0509
870 40 9 12 0.0509
341 118 10 12 0.0503
454 152 11 12 0.0502
236 216 12 15 0.0500
485 198 11 14 0.0499
236 220 13 15 0.0497
841 272 15 17 0.0496
834 137 8 12 0.0495
142 28 9 11 0.0492
788 141 8 11 0.0492
82 255 13 15 0.0489
782 78 8 10 0.0487
93 221 11 14 0.0486
392 228 11 16 0.0485
831 181 10 13 0.0485
551 47 9 12 0.0483
580 66 9 12 0.0483
172 280 11 13 0.0482
283 79 9 12 0.0481
635 151 10 12 0.0480
222 1 10 13 0.0479
45 284 13 18 0.0477
730 244 10 14 0.0476
430 278 14 19 0.0473
884 13 9 12 0.0467
421 50 7 10 0.0465
461 180 9 13 0.0463
793 123 9 13 0.0462
964 102 9 11 0.0460
756 178 10 12 0.0460
4 124 10 13 0.0457
83 1 9 10 0.0456
801 328 20 25 0.0455
747 206 9 12 0.0454
452 130 9 11 0.0454
697 27 9 11 0.0453
422 48 8 11 0.0449
425 28 9 12 0.0447
467 292 16 19 0.0447
353 130 11 15 0.0446
785 187 10 13 0.0445
495 128 10 13 0.0445
343 7 9 11 0.0445
701 65 10 12 0.0445
134 3 10 13 0.0445
106 199 9 13 0.0443
868 63 9 12 0.0441
850 210 9 12 0.0441
959 52 8 12 0.0439
726 108 9 11 0.0439
703 224 9 12 0.0438
421 77 9 12 0.0437
763 288 12 15 0.0437
639 151 9 10 0.0436
995 1 8 12 0.0431
724 83 9 11 0.0429
489 266 13 16 0.0428
734 280 11 14 0.0427
954 277 12 14 0.0427
760 288 12 16 0.0427
81 16 9 11 0.0426
541 257 11 16 0.0424
837 271 13 17 0.0423
112 6 9 9 0.0421
62 88 10 13 0.0421
394 250 12 15 0.0418
488 106 9 12 0.0418
907 20 8 11 0.0417
161 90 10 12 0.0416
648 15 9 11 0.0416
779 273 12 15 0.0414
341 163 11 14 0.0413
117 88 10 14 0.0412
790 140 8 11 0.0411
330 135 9 14 0.0410
315 15 9 12 0.0407
205 229 12 17 0.0406
590 29 8 12 0.0405
629 99 9 12 0.0405
145 165 13 15 0.0404
199 284 14 21 0.0403
586 219 10 13 0.0403
775 242 10 14 0.0400
573 192 11 15 0.0398
318 279 14 17 0.0396
703 77 9 11 0.0395
273 103 9 12 0.0392
469 0 9 11 0.0391
1010 243 10 13 0.0391
676 0 8 9 0.0390
546 7 8 11 0.0388
0 0 5 8 0.0385
225 0 9 13 0.0385
941 258 14 18 0.0385
913 229 9 13 0.0384
852 130 9 12 0.0382
730 7 8 12 0.0382
262 294 13 18 0.0381
776 0 9 11 0.0379
823 115 10 12 0.0378
354 117 11 13 0.0377
438 104 9 12 0.0376
941 226 10 11 0.0376
257 72 9 12 0.0374
799 50 9 12 0.0373
138 2 10 13 0.0373
780 305 16 19 0.0372
870 230 11 14 0.0368
262 291 12 16 0.0367
769 30 10 13 0.0366
160 79 9 12 0.0363
88 151 10 13 0.0363
830 134 10 12 0.0362
266 129 9 12 0.0362
569 217 10 14 0.0361
389 275 13 18 0.0360
663 129 8 11 0.0358
937 258 13 17 0.0353
876 177 10 12 0.0350
785 264 12 16 0.0349
924 20 8 10 0.0349
599 98 9 11 0.0348
858 148 10 13 0.0342
646 278 13 16 0.0342
517 278 15 19 0.0340
1014 234 9 12 0.0340
109 123 10 13 0.0336
1002 26 8 12 0.0336
767 88 8 10 0.0336
383 64 10 12 0.0335
946 166 10 13 0.0334
87 105 10 12 0.0334
618 280 13 16 0.0333
703 225 11 14 0.0332
719 124 9 12 0.0332
884 80 9 12 0.0331
717 233 11 14 0.0330
463 180 10 14 0.0330
680 12 9 12 0.0330
738 259 10 13 0.0329
27 78 9 11 0.0328
491 198 11 15 0.0327
742 74 7 11 0.0327
317 51 10 12 0.0327
30 170 10 13 0.0326
635 202 10 15 0.0325
330 0 10 10 0.0325
630 74 8 10 0.0325
214 158 11 13 0.0324
607 111 9 12 0.0324
374 100 10 13 0.0324
928 245 11 13 0.0324
703 207 10 12 0.0324
700 30 9 11 0.0322
455 114 10 12 0.0322
960 1 8 10 0.0321
99 312 15 20 0.0321
241 291 10 13 0.0321
492 264 12 17 0.0319
174 282 13 17 0.0318
234 150 11 13 0.0316
698 183 10 13 0.0316
564 143 9 12 0.0315
473 0 9 10 0.0314
733 6 8 10 0.0314
364 3 10 12 0.0312
907 111 10 11 0.0312
276 102 9 12 0.0311
510 278 17 20 0.0311
255 14 8 11 0.0310
163 32 10 13 0.0310
346 297 14 17 0.0310
691 272 15 19 0.0309
122 254 11 14 0.0309
767 162 9 13 0.0308
666 112 8 12 0.0306
365 22 9 11 0.0306
811 281 11 13 0.0306
574 0 7 10 0.0304
907 9 8 11 0.0303
171 282 13 17 0.0301
454 284 14 19 0.0300
730 280 10 14 0.0299
1003 166 9 13 0.0299
673 55 9 11 0.0299
299 52 9 11 0.0297
599 176 10 14 0.0297
332 298 13 17 0.0297
982 79 9 11 0.0297
127 138 11 13 0.0296
1018 69 6 14 0.0295
645 106 9 12 0.0295
110 10 9 11 0.0294
688 151 10 12 0.0293
0 163 7 13 0.0293
26 306 12 17 0.0292
541 255 11 15 0.0292
546 289 15 20 0.0288
841 25 9 11 0.0287
949 16 9 10 0.0286
944 66 9 11 0.0285
65 179 11 13 0.0284
88 48 10 13 0.0284
835 79 8 10 0.0283
611 107 8 12 0.0283
39 133 10 14 0.0283
594 273 11 16 0.0283
10 0 11 8 0.0282
844 233 10 13 0.0282
947 103 10 12 0.0280
631 5 9 12 0.0279
580 193 9 12 0.0278
227 76 9 13 0.0278
400 3 9 10 0.0278
424 277 14 19 0.0276
929 9 8 10 0.0276
691 153 9 11 0.0276
548 44 8 11 0.0275
285 229 10 14 0.0274
157 122 10 14 0.0274
741 50 9 11 0.0273
219 2 9 12 0.0273
564 26 8 11 0.0271
345 89 10 13 0.0271
992 2 9 11 0.0271
786 8 8 11 0.0271
527 22 8 11 0.0271
87 0 9 10 0.0270
799 244 11 13 0.0269
569 252 12 14 0.0267
548 292 15 19 0.0267
601 83 9 11 0.0264
280 130 9 11 0.0263
85 31 10 11 0.0263
55 9 9 10 0.0262
434 114 8 11 0.0262
991 228 9 12 0.0260
389 228 12 17 0.0260
886 47 8 12 0.0258
34 102 10 13 0.0256
575 52 9 11 0.0255
620 278 13 16 0.0255
849 129 9 12 0.0255
633 228 11 15 0.0253
99 241 12 14 0.0253
455 13 9 11 0.0253
60 179 9 12 0.0252
114 49 10 14 0.0252
357 294 16 18 0.0251
179 292 15 17 0.0251
784 156 10 13 0.0251
181 72 9 12 0.0249
247 61 8 11 0.0248
153 81 9 11 0.0248
780 276 12 14 0.0247
136 3 9 11 0.0247
354 250 11 15 0.0247
493 105 9 11 0.0245
648 280 12 15 0.0245
30 309 11 17 0.0243
967 37 8 11 0.0242
565 10 9 11 0.0242
345 129 11 14 0.0241
753 259 11 14 0.0241
927 98 9 11 0.0240
779 58 8 10 0.0240
966 221 8 12 0.0239
815 281 10 12 0.0237
958 0 9 6 0.0237
83 64 9 13 0.0237
403 146 9 13 0.0237
284 77 10 13 0.0237
464 20 9 11 0.0235
180 98 10 13 0.0234
519 277 15 19 0.0234
14 52 10 12 0.0234
285 281 16 20 0.0234
255 305 13 18 0.0234
379 93 10 12 0.0233
316 278 13 17 0.0233
222 218 11 14 0.0232
107 30 9 12 0.0231
702 142 9 13 0.0230
574 56 9 10 0.0227
1011 17 8 11 0.0227
208 75 9 13 0.0226
978 123 10 13 0.0226
906 205 10 13 0.0225
30 9 8 10 0.0225
1018 0 6 12 0.0225
860 77 9 12 0.0224
495 279 14 18 0.0224
567 100 9 12 0.0223
808 159 9 11 0.0222
544 127 10 12 0.0222
600 180 9 13 0.0221
398 29 7 11 0.0221
700 249 12 14 0.0221
600 179 10 13 0.0220
573 189 10 16 0.0220
240 22 8 10 0.0220
90 152 9 12 0.0218
675 0 10 10 0.0218
440 45 8 10 0.0218
724 31 9 11 0.0218
804 123 9 14 0.0217
852 129 9 12 0.0216
727 35 8 11 0.0215
180 48 9 11 0.0214
1019 62 5 13 0.0214
641 252 10 13 0.0213
164 57 9 12 0.0212
1003 29 10 11 0.0211
651 281 12 15 0.0211
968 220 9 12 0.0211
756 6 8 11 0.0210
524 244 12 16 0.0210
766 142 8 11 0.0209
833 28 10 11 0.0209
900 274 16 17 0.0207
1006 95 9 11 0.0207
65 3 9 11 0.0205
27 10 9 10 0.0203
586 266 13 17 0.0203
11 250 11 16 0.0202
492 232 13 15 0.0202
883 203 11 14 0.0201
33 23 9 11 0.0200
339 162 11 15 0.0200
238 23 8 11 0.0200
569 254 11 16 0.0199
645 47 10 11 0.0198
416 282 13 17 0.0198
211 116 9 12 0.0197
913 54 9 12 0.0197
359 75 10 11 0.0197
816 137 9 13 0.0196
774 0 10 11 0.0195
741 92 8 10 0.0195
418 180 11 12 0.0194
704 96 9 11 0.0194
679 2 8 11 0.0194
794 265 13 18 0.0194
14 36 9 12 0.0194
464 77 9 13 0.0193
292 255 12 15 0.0192
295 181 10 15 0.0192
235 132 9 13 0.0190
260 157 10 14 0.0190
343 80 10 14 0.0189
923 180 10 13 0.0188
687 154 10 11 0.0188
627 74 10 11 0.0188
790 109 9 12 0.0187
547 195 9 12 0.0187
981 79 9 11 0.0187
200 9 9 11 0.0187
59 177 10 13 0.0187
455 37 8 11 0.0186
111 128 11 13 0.0186
167 63 8 11 0.0185
899 225 11 13 0.0185
583 64 8 11 0.0185
180 100 10 13 0.0184
573 272 11 14 0.0184
842 264 14 18 0.0183
689 283 12 17 0.0183
366 242 11 15 0.0183
264 252 12 15 0.0183
872 283 12 16 0.0183
465 283 16 20 0.0182
327 135 10 15 0.0182
459 113 9 12 0.0181
156 123 9 13 0.0180
867 39 9 12 0.0180
446 79 9 12 0.0179
213 116 9 11 0.0178
622 280 15 18 0.0178
789 39 9 11 0.0178
104 4 9 10 0.0177
10 37 10 12 0.0177
980 80 9 11 0.0176
458 261 14 17 0.0176
871 179 10 12 0.0176
263 55 9 12 0.0176
484 36 8 10 0.0176
9 105 10 13 0.0175
297 20 9 11 0.0175
233 133 9 12 0.0174
12 308 12 18 0.0174
483 137 8 10 0.0173
7 256 12 15 0.0173
83 134 10 13 0.0173
522 42 9 12 0.0172
646 281 13 17 0.0172
513 4 9 10 0.0172
102 279 14 21 0.0171
776 304 15 17 0.0171
915 154 9 12 0.0171
345 179 11 14 0.0170
392 230 12 16 0.0170
466 82 9 11 0.0170
815 42 8 12 0.0170
458 181 9 13 0.0169
329 140 11 14 0.0168
993 229 9 11 0.0168
70 90 8 11 0.0168
105 155 10 13 0.0168
240 41 8 11 0.0167
807 279 11 15 0.0167
123 67 9 11 0.0167
58 101 11 12 0.0166
42 56 9 12 0.0165
840 129 10 13 0.0164
678 27 9 12 0.0164
46 253 12 15 0.0164
488 222 13 16 0.0161
496 19 9 10 0.0161
646 223 9 12 0.0160
587 29 9 11 0.0160
744 20 9 11 0.0160
86 152 10 13 0.0159
142 105 10 13 0.0159
338 278 13 15 0.0158
935 252 12 15 0.0157
9 299 12 16 0.0157
244 293 11 13 0.0157
252 10 9 12 0.0156
949 46 9 12 0.0156
397 151 10 12 0.0156
288 2 10 12 0.0156
766 114 9 10 0.0156
237 22 10 11 0.0154
440 28 9 11 0.0154
908 126 9 12 0.0154
61 135 10 13 0.0154
592 276 13 15 0.0153
232 77 9 12 0.0153
515 19 8 11 0.0153
394 217 10 14 0.0153
701 282 14 18 0.0152
693 267 12 15 0.0152
859 75 8 12 0.0151
176 125 9 12 0.0151
960 176 9 13 0.0151
530 15 8 11 0.0150
746 176 8 10 0.0150
95 89 10 14 0.0150
563 69 9 11 0.0149
163 13 9 13 0.0149
841 233 10 13 0.0149
819 304 12 16 0.0149
123 113 9 12 0.0147
802 244 11 12 0.0146
237 42 9 11 0.0146
467 132 10 12 0.0145
736 6 8 9 0.0145
848 276 13 17 0.0145
711 277 14 17 0.0144
365 22 9 11 0.0144
1009 259 9 13 0.0144
312 8 9 11 0.0143
287 76 9 13 0.0142
387 215 11 14 0.0142
1004 171 11 13 0.0142
437 223 10 14 0.0140
998 3 11 12 0.0140
803 64 8 10 0.0139
683 274 13 17 0.0139
831 94 9 11 0.0139
394 7 9 11 0.0138
984 165 9 12 0.0138
722 231 11 14 0.0138
321 70 9 12 0.0137
674 55 9 10 0.0137
922 266 14 18 0.0137
394 18 9 11 0.0137
909 125 9 11 0.0136
746 228 9 12 0.0135
1011 148 11 14 0.0135
850 4 9 12 0.0135
820 277 11 15 0.0134
943 169 9 11 0.0134
976 8 8 11 0.0134
59 154 10 13 0.0133
725 36 9 12 0.0133
936 224 10 12 0.0132
722 186 9 12 0.0132
838 268 12 14 0.0132
572 255 10 14 0.0132
353 177 13 16 0.0132
797 127 9 12 0.0132
842 208 10 13 0.0132
538 79 9 11 0.0131
948 82 9 11 0.0131
402 4 8 10 0.0131
598 3 9 13 0.0131
251 103 10 12 0.0131
798 241 12 14 0.0131
399 131 9 12 0.0131
818 265 12 15 0.0131
874 286 13 16 0.0130
828 79 8 11 0.0130
486 102 9 12 0.0129
656 149 9 12 0.0129
385 47 9 10 0.0129
159 14 10 12 0.0129
136 70 9 12 0.0128
375 169 10 13 0.0128
352 42 9 10 0.0128
370 100 10 12 0.0127
2 169 8 14 0.0127
926 275 14 15 0.0126
1006 259 9 12 0.0126
938 51 8 11 0.0125
2 72 9 13 0.0125
592 30 9 12 0.0125
685 284 12 16 0.0124
693 151 10 13 0.0124
826 162 9 11 0.0124
954 278 12 14 0.0124
401 251 10 14 0.0123
266 23 9 12 0.0122
599 2 9 12 0.0122
179 47 9 12 0.0121
259 265 11 15 0.0120
287 4 10 13 0.0120
40 182 9 12 0.0119
930 120 10 11 0.0119
940 255 12 15 0.0119
261 121 9 12 0.0119
977 23 9 11 0.0118
954 132 9 12 0.0118
979 174 9 11 0.0117
704 188 9 13 0.0117
533 259 14 17 0.0117
430 188 10 13 0.0117
199 3 9 12 0.0116
12 33 9 12 0.0116
121 89 9 12 0.0115
215 123 10 12 0.0115
243 278 11 14 0.0115
259 303 13 17 0.0114
327 140 11 14 0.0114
568 140 9 13 0.0114
897 91 10 12 0.0113
142 0 10 2 0.0112
209 230 11 15 0.0112
436 280 13 17 0.0112
723 4 10 10 0.0112
366 129 10 14 0.0112
584 217 10 14 0.0111
140 243 12 16 0.0111
100 318 15 18 0.0111
625 4 9 13 0.0110
312 160 10 12 0.0110
295 17 9 12 0.0110
964 175 10 13 0.0110
461 152 10 12 0.0110
140 27 9 13 0.0109
869 228 10 14 0.0109
194 292 16 17 0.0109
184 259 12 15 0.0109
820 305 13 19 0.0109
512 99 9 12 0.0108
943 223 9 11 0.0108
506 125 9 12 0.0108
700 184 10 12 0.0108
906 284 14 16 0.0108
846 174 10 13 0.0108
565 8 8 11 0.0107
49 278 12 17 0.0107
296 290 17 20 0.0106
542 112 8 11 0.0106
256 230 11 14 0.0106
1011 247 11 15 0.0106
251 305 12 17 0.0106
935 257 12 14 0.0106
195 6 9 11 0.0105
838 39 9 13 0.0105
52 3 9 11 0.0105
639 131 10 11 0.0104
640 226 10 13 0.0104
744 72 8 11 0.0104
107 268 11 17 0.0104
490 202 10 12 0.0104
376 157 9 11 0.0103
561 11 8 11 0.0103
536 265 13 16 0.0102
422 26 8 12 0.0102
916 229 9 13 0.0102
360 178 11 14 0.0101
291 257 13 16 0.0101
987 227 9 12 0.0100
772 182 9 12 0.0100
825 111 9 12 0.0100
760 293 13 15 0.0100
