36_Football_americanfootball_ball_36_257
41
71 229 73 88 0.8884
863 154 83 113 0.8803
629 138 54 63 0.8769
429 195 66 71 0.8722
99 173 55 64 0.8435
502 213 35 46 0.8418
293 179 48 59 0.8229
378 193 37 49 0.8032
60 184 26 31 0.6917
780 202 56 64 0.5327
1010 151 14 69 0.4501
780 204 49 59 0.4403
758 230 26 37 0.2833
1013 154 11 72 0.2157
755 232 25 32 0.1888
1007 152 17 76 0.1744
431 183 34 41 0.1662
759 231 28 38 0.1216
199 183 28 35 0.1169
430 183 43 46 0.0755
1010 151 14 60 0.0629
29 179 24 32 0.0592
200 183 30 39 0.0457
62 183 28 33 0.0449
757 234 24 32 0.0428
17 177 34 39 0.0398
998 153 26 59 0.0299
195 184 23 28 0.0256
201 179 34 42 0.0185
6 180 25 36 0.0179
1014 164 10 69 0.0177
0 202 13 35 0.0166
293 179 48 59 0.0136
429 185 55 61 0.0131
763 223 33 46 0.0127
434 175 37 37 0.0123
761 223 24 35 0.0121
0 181 14 32 0.0115
194 185 27 34 0.0113
779 205 39 52 0.0110
430 185 43 51 0.0109
