36_Football_americanfootball_ball_36_615
43
199 101 28 51 0.8422
382 142 22 37 0.8385
532 184 18 24 0.8089
921 96 18 37 0.6939
453 154 18 24 0.6299
740 135 13 25 0.6006
84 135 15 19 0.5141
861 152 14 20 0.4617
670 172 13 22 0.4483
451 154 18 24 0.3682
82 135 14 19 0.3529
672 173 14 21 0.3110
723 157 11 17 0.3070
864 152 14 20 0.2999
725 156 11 18 0.2753
645 163 11 17 0.2645
648 163 10 17 0.2499
526 154 10 19 0.2428
524 154 10 18 0.2268
742 136 13 24 0.1525
619 153 10 16 0.1237
622 153 9 15 0.1196
863 152 14 20 0.1035
726 152 9 17 0.0860
691 158 10 16 0.0710
739 136 11 22 0.0566
687 159 11 16 0.0558
723 154 10 16 0.0542
523 156 10 17 0.0504
668 168 11 17 0.0392
620 154 11 19 0.0338
691 157 9 13 0.0280
522 154 10 17 0.0205
649 159 9 14 0.0181
646 163 11 18 0.0174
925 97 19 35 0.0170
688 158 9 13 0.0165
624 155 9 17 0.0146
781 147 10 15 0.0131
603 162 9 17 0.0128
694 162 10 14 0.0128
645 166 11 17 0.0114
601 162 8 16 0.0109
