36_Football_americanfootball_ball_36_6
94
477 245 40 42 0.8429
122 103 39 45 0.8211
806 125 39 47 0.7980
443 200 20 23 0.7628
408 157 14 18 0.7314
611 253 15 18 0.6963
250 273 18 18 0.6687
653 161 13 16 0.6614
540 214 24 29 0.6541
861 154 32 35 0.6382
448 176 14 15 0.6382
996 150 13 15 0.6306
399 195 13 17 0.6206
614 164 12 16 0.6192
565 124 13 16 0.5659
25 153 14 17 0.5618
971 258 14 17 0.5425
597 214 15 18 0.5370
252 168 13 15 0.5055
575 272 13 15 0.4974
938 153 14 18 0.4653
358 169 13 15 0.4615
356 270 14 17 0.4458
299 172 14 18 0.4448
1017 210 7 17 0.4338
648 231 14 15 0.4256
496 171 13 16 0.4166
302 172 14 18 0.4077
492 196 13 15 0.3990
941 153 14 18 0.3865
376 217 13 17 0.3830
353 269 15 18 0.3752
379 217 13 17 0.3654
495 197 13 14 0.3557
646 231 13 15 0.2993
595 214 14 18 0.2911
572 271 14 16 0.2811
355 169 13 15 0.2626
493 172 12 15 0.2570
968 257 14 18 0.1846
568 124 13 16 0.1786
962 217 13 14 0.1656
254 169 13 14 0.1643
28 153 13 18 0.1501
402 195 13 17 0.1335
559 299 14 16 0.1138
247 272 18 20 0.1134
0 239 7 14 0.1099
612 164 12 16 0.1008
994 150 13 15 0.0877
0 207 6 17 0.0822
656 161 12 16 0.0790
539 212 25 30 0.0737
556 298 14 16 0.0628
965 218 14 14 0.0624
617 164 11 15 0.0618
356 170 11 14 0.0602
968 259 13 16 0.0597
508 202 11 12 0.0594
353 270 13 17 0.0582
650 232 13 15 0.0555
452 176 12 13 0.0544
964 221 14 13 0.0526
993 265 14 16 0.0513
376 218 13 17 0.0461
575 199 13 17 0.0452
959 217 10 13 0.0447
250 168 13 15 0.0442
991 265 13 15 0.0382
969 222 14 12 0.0381
572 272 13 15 0.0327
922 208 16 21 0.0301
0 205 4 17 0.0276
559 296 13 15 0.0274
646 233 14 14 0.0250
876 153 20 22 0.0230
959 219 12 14 0.0206
33 319 10 12 0.0198
494 169 13 16 0.0192
29 320 10 11 0.0188
560 251 16 19 0.0184
891 154 12 16 0.0180
961 260 10 13 0.0161
712 177 17 18 0.0160
890 155 15 17 0.0155
990 224 10 11 0.0139
928 210 12 17 0.0111
510 205 13 16 0.0109
1015 207 9 20 0.0109
251 170 12 14 0.0107
641 329 14 18 0.0106
976 221 12 13 0.0105
790 133 29 41 0.0102
867 155 28 30 0.0102
