36_Football_Football_36_194
44
453 255 21 33 0.8108
421 219 17 23 0.7927
556 297 22 28 0.7820
827 238 17 21 0.6776
68 190 12 16 0.4513
457 188 13 17 0.4500
406 146 11 14 0.4380
403 146 11 14 0.3958
454 189 13 16 0.3880
992 138 10 13 0.3776
989 138 10 13 0.3750
70 190 13 16 0.3585
824 238 17 20 0.1334
980 223 7 11 0.1196
983 223 8 11 0.1104
596 227 6 6 0.0602
594 226 5 7 0.0548
979 222 7 10 0.0445
982 222 8 10 0.0430
592 226 5 7 0.0427
858 120 6 7 0.0331
856 119 6 8 0.0327
860 120 6 7 0.0323
746 134 7 8 0.0319
595 225 6 7 0.0284
706 135 7 9 0.0282
742 135 7 8 0.0247
591 227 5 6 0.0246
703 135 7 9 0.0244
856 121 6 7 0.0231
1001 224 7 9 0.0223
79 291 8 12 0.0209
745 133 6 7 0.0207
639 229 5 7 0.0207
642 229 5 7 0.0204
704 134 7 8 0.0156
981 223 8 10 0.0151
742 133 6 7 0.0150
998 222 8 10 0.0145
682 125 6 8 0.0135
748 137 7 9 0.0121
589 226 6 6 0.0117
76 291 9 12 0.0116
679 126 6 7 0.0102
