36_Football_Football_36_138
92
132 55 26 36 0.8524
878 83 29 39 0.8492
747 129 24 31 0.8289
408 215 22 30 0.8150
292 81 21 35 0.8056
645 218 20 26 0.7943
539 228 17 30 0.7262
839 261 26 22 0.6726
525 203 11 16 0.4931
559 200 13 17 0.4341
978 74 13 17 0.3213
556 200 13 16 0.3190
981 74 13 17 0.3095
388 189 8 10 0.2671
683 197 13 19 0.2539
522 203 11 15 0.2448
327 202 9 15 0.2439
325 201 9 18 0.2421
456 190 12 14 0.2087
453 190 11 14 0.1960
469 208 13 17 0.1937
861 76 12 15 0.1899
497 312 22 23 0.1847
471 209 13 17 0.1657
864 76 12 16 0.1647
544 203 9 12 0.1374
927 80 11 13 0.1355
685 196 12 17 0.1304
685 197 14 20 0.1292
592 208 10 14 0.1269
595 208 10 14 0.1266
719 186 9 15 0.1266
425 210 10 15 0.1246
682 196 11 18 0.1198
385 189 9 10 0.1127
381 174 7 8 0.1014
426 212 11 15 0.0968
929 80 12 13 0.0911
391 192 9 11 0.0890
385 188 9 10 0.0884
378 173 7 9 0.0839
717 184 9 16 0.0785
445 206 11 14 0.0762
427 210 10 13 0.0759
491 188 7 10 0.0737
92 24 8 10 0.0717
467 210 13 16 0.0663
493 188 8 11 0.0647
571 194 10 14 0.0643
466 207 13 17 0.0634
445 187 9 12 0.0615
389 187 9 10 0.0555
89 24 8 10 0.0527
41 27 10 13 0.0520
490 187 6 10 0.0509
380 175 8 10 0.0474
43 27 10 12 0.0455
715 186 11 15 0.0439
397 196 8 10 0.0431
446 188 10 12 0.0425
445 185 10 13 0.0423
442 183 9 12 0.0406
542 228 18 30 0.0406
593 211 10 13 0.0388
923 94 10 10 0.0377
493 187 7 10 0.0377
448 209 9 11 0.0323
594 208 10 14 0.0320
542 203 8 10 0.0317
389 189 7 9 0.0283
445 207 11 13 0.0280
721 184 8 15 0.0259
492 188 8 10 0.0253
720 185 10 15 0.0249
572 199 11 16 0.0230
459 191 10 12 0.0223
722 186 8 15 0.0218
466 208 14 17 0.0213
415 184 6 8 0.0207
138 26 5 8 0.0204
135 26 6 8 0.0203
923 96 11 14 0.0185
549 204 10 14 0.0182
597 211 8 12 0.0160
354 191 7 9 0.0148
118 26 7 10 0.0137
116 26 7 10 0.0124
926 80 14 17 0.0118
441 179 7 9 0.0112
297 82 18 34 0.0111
569 193 10 12 0.0110
443 179 8 9 0.0108
