36_Football_americanfootball_ball_36_126
33
338 171 32 44 0.6913
58 146 30 40 0.6737
331 309 42 33 0.6664
513 295 32 42 0.6188
928 61 34 50 0.5956
674 89 28 42 0.5639
336 307 40 34 0.2864
508 297 33 42 0.2329
781 120 32 40 0.0942
668 223 29 40 0.0935
508 295 29 40 0.0588
696 138 28 39 0.0571
60 145 32 41 0.0497
661 223 31 39 0.0372
526 311 28 33 0.0353
700 141 27 38 0.0336
779 120 30 40 0.0319
518 295 33 41 0.0299
330 315 35 27 0.0296
658 219 32 40 0.0269
520 299 32 42 0.0267
516 304 34 41 0.0224
700 139 33 38 0.0212
780 114 33 39 0.0209
918 74 31 49 0.0203
665 221 30 40 0.0177
0 184 8 49 0.0162
705 144 29 36 0.0157
779 107 33 38 0.0137
124 197 23 23 0.0108
509 301 32 44 0.0102
920 131 18 22 0.0101
122 200 27 28 0.0101
