37_Soccer_soccer_ball_37_907
69
675 88 37 48 0.8572
541 84 39 52 0.8567
1002 78 22 42 0.8541
424 111 35 45 0.8430
125 177 37 47 0.8381
258 73 34 47 0.8333
166 52 36 43 0.8320
14 296 33 43 0.8318
191 273 36 50 0.8311
44 61 34 46 0.8242
913 171 42 46 0.8229
334 113 33 40 0.8227
22 187 39 49 0.8192
921 66 30 47 0.7938
724 0 27 27 0.7311
149 307 33 41 0.6129
344 0 33 9 0.3425
262 0 28 19 0.3180
148 307 33 41 0.2257
340 0 33 9 0.2241
70 0 30 8 0.1899
300 282 30 40 0.1240
399 318 25 33 0.0730
889 0 20 18 0.0692
1005 361 18 23 0.0691
996 438 16 19 0.0658
204 437 30 29 0.0627
0 301 10 37 0.0598
310 282 33 42 0.0495
895 281 30 34 0.0482
275 430 23 26 0.0480
992 437 18 20 0.0475
321 284 26 35 0.0461
0 302 16 36 0.0437
1001 361 18 23 0.0416
830 290 18 23 0.0395
74 0 32 7 0.0379
397 319 24 31 0.0371
885 0 20 18 0.0317
779 58 33 40 0.0310
407 402 22 26 0.0287
252 187 30 39 0.0257
203 436 30 28 0.0247
1014 292 10 24 0.0225
787 0 21 7 0.0218
309 307 27 33 0.0209
434 407 22 23 0.0208
1015 321 9 28 0.0197
507 64 30 37 0.0190
649 88 26 35 0.0189
0 439 11 32 0.0185
345 0 35 13 0.0171
430 0 21 17 0.0171
774 59 35 40 0.0170
252 186 29 36 0.0157
543 443 21 25 0.0149
200 434 30 29 0.0142
470 296 22 28 0.0140
438 406 22 25 0.0138
1017 295 7 27 0.0134
294 282 26 36 0.0132
255 187 29 40 0.0126
782 0 22 7 0.0119
657 86 19 29 0.0119
70 0 33 12 0.0116
651 86 21 28 0.0115
335 0 34 13 0.0111
354 0 31 12 0.0105
413 404 20 25 0.0102
