37_Soccer_soccer_ball_37_113
31
519 146 130 174 0.8766
142 258 46 50 0.6940
428 98 40 50 0.6863
223 232 45 54 0.6627
136 175 48 56 0.6497
273 166 40 47 0.6418
75 114 37 49 0.6325
58 179 41 44 0.4436
858 43 40 53 0.4426
713 79 69 93 0.4399
431 162 38 46 0.4379
978 131 41 53 0.3212
436 164 36 44 0.2333
712 79 71 96 0.1466
198 38 43 49 0.1145
200 25 52 58 0.1124
317 142 30 42 0.1076
196 28 45 55 0.0678
205 37 43 47 0.0377
549 33 19 26 0.0348
931 275 40 47 0.0333
605 44 33 36 0.0304
604 38 30 31 0.0249
72 115 35 48 0.0160
615 47 29 34 0.0155
935 273 45 51 0.0152
198 52 39 48 0.0142
100 196 30 37 0.0139
316 145 32 49 0.0139
315 139 28 33 0.0114
545 33 18 24 0.0114
