37_Soccer_soccer_ball_37_692
91
78 270 11 15 0.4071
657 260 10 13 0.3851
619 260 9 13 0.3472
622 260 9 13 0.3345
660 261 10 12 0.3271
73 254 10 12 0.3208
457 208 7 9 0.2999
579 263 9 12 0.2987
76 254 10 12 0.2959
461 208 7 9 0.2889
462 264 9 11 0.2804
459 264 9 11 0.2715
570 255 9 11 0.2663
573 256 9 10 0.2372
81 269 11 15 0.2127
581 263 10 12 0.2006
580 262 9 12 0.1624
231 183 6 7 0.1582
233 183 7 7 0.1564
295 209 6 8 0.1153
297 209 7 8 0.1129
969 181 6 7 0.0891
531 185 6 7 0.0873
321 211 7 7 0.0851
460 264 9 11 0.0840
235 183 6 7 0.0833
535 185 6 8 0.0783
572 255 8 10 0.0770
972 181 6 7 0.0694
299 210 6 7 0.0662
576 263 9 12 0.0594
324 211 6 7 0.0560
234 184 6 7 0.0554
325 210 6 8 0.0472
554 188 6 7 0.0471
462 209 6 8 0.0426
569 254 8 10 0.0413
830 93 6 7 0.0402
458 210 7 8 0.0381
551 187 6 7 0.0375
536 186 6 7 0.0375
839 93 6 7 0.0368
827 93 6 7 0.0355
532 186 7 8 0.0351
863 213 6 8 0.0349
295 211 7 7 0.0327
862 87 5 6 0.0321
866 213 7 8 0.0297
867 214 7 9 0.0282
864 85 5 7 0.0281
863 214 8 9 0.0280
230 184 6 8 0.0269
860 86 6 7 0.0266
464 262 9 12 0.0261
865 87 5 6 0.0247
231 181 7 7 0.0244
155 105 6 7 0.0238
885 184 7 7 0.0231
464 265 9 11 0.0230
883 183 7 8 0.0228
234 182 6 8 0.0215
152 105 5 7 0.0204
295 210 7 7 0.0201
887 186 6 7 0.0195
304 209 6 8 0.0194
968 179 6 8 0.0182
321 211 6 8 0.0180
576 263 10 12 0.0178
620 262 10 12 0.0152
76 269 11 15 0.0152
83 93 7 9 0.0149
321 211 6 7 0.0145
970 179 7 8 0.0132
458 263 9 11 0.0127
658 261 10 13 0.0123
73 251 11 13 0.0123
549 187 7 8 0.0122
839 218 7 9 0.0121
186 108 7 9 0.0120
87 92 6 10 0.0115
810 72 6 7 0.0115
461 207 7 9 0.0112
557 191 6 7 0.0112
109 93 8 10 0.0112
463 264 8 11 0.0111
859 87 6 7 0.0111
530 76 6 7 0.0111
556 188 6 7 0.0110
857 82 6 7 0.0108
828 93 6 6 0.0106
55 102 7 8 0.0102
