37_Soccer_soccer_ball_37_114
28
739 158 28 34 0.8768
675 157 27 30 0.8632
136 369 34 39 0.8626
126 151 28 32 0.8611
241 260 29 35 0.8605
506 347 31 40 0.8595
758 366 33 39 0.8593
610 156 29 35 0.8568
264 364 33 39 0.8560
385 351 31 40 0.8553
73 256 28 30 0.8530
501 234 29 34 0.8520
831 162 30 33 0.8504
604 276 29 34 0.8482
412 244 29 34 0.8471
892 254 31 38 0.8471
644 356 33 39 0.8455
683 258 28 35 0.8452
773 255 29 33 0.8407
365 162 29 35 0.8393
161 261 28 32 0.8386
326 245 30 36 0.8370
219 177 29 32 0.8366
521 153 27 30 0.8346
443 153 26 32 0.8281
292 165 27 33 0.5932
293 165 26 33 0.3044
241 260 29 35 0.0117
