37_Soccer_soccer_ball_37_345
36
818 166 15 20 0.7702
970 181 15 21 0.7317
142 316 17 24 0.6951
1001 189 15 20 0.6919
623 178 15 20 0.6512
425 181 16 20 0.5025
714 163 15 19 0.4993
490 170 15 21 0.4879
366 179 15 19 0.4475
384 92 12 15 0.4461
554 165 16 21 0.4454
363 179 15 20 0.4313
557 165 16 21 0.4193
492 170 16 21 0.3900
428 181 16 20 0.3857
716 162 16 20 0.3803
382 92 12 14 0.3128
621 178 15 20 0.1106
146 317 15 23 0.0546
386 92 11 14 0.0527
44 46 9 9 0.0520
48 45 8 10 0.0470
81 53 8 10 0.0317
999 189 15 20 0.0288
1004 189 15 20 0.0276
91 47 8 9 0.0217
80 52 7 9 0.0209
0 269 9 16 0.0198
77 55 7 9 0.0160
77 52 7 8 0.0150
94 47 7 9 0.0145
981 48 8 10 0.0133
977 48 9 11 0.0130
967 181 14 20 0.0117
47 44 8 9 0.0114
44 44 7 9 0.0102
