37_Soccer_soccer_ball_37_926
25
508 137 8 11 0.3419
511 137 8 11 0.3303
937 232 9 10 0.3205
507 293 8 10 0.2967
940 232 9 11 0.2825
510 293 8 9 0.2821
976 448 8 10 0.1786
495 312 9 10 0.1579
492 312 9 10 0.1463
978 448 9 10 0.1104
493 315 8 10 0.0669
509 292 7 9 0.0582
936 232 8 10 0.0572
974 448 8 11 0.0543
496 314 8 10 0.0531
506 292 7 9 0.0419
510 137 8 10 0.0402
495 312 8 10 0.0244
939 234 8 10 0.0236
508 136 7 10 0.0198
978 447 9 10 0.0163
975 446 8 10 0.0153
978 446 8 10 0.0139
942 234 8 9 0.0130
978 451 7 9 0.0115
