37_Soccer_soccer_ball_37_583
752
403 76 45 60 0.8860
668 86 39 52 0.8737
269 95 42 52 0.8684
562 101 42 52 0.8675
796 250 45 55 0.8654
526 270 44 55 0.8596
796 97 41 54 0.8319
667 251 45 57 0.7782
184 70 45 61 0.7369
285 287 45 56 0.6427
416 260 44 60 0.5419
184 71 44 59 0.5299
372 80 6 9 0.3541
323 59 6 8 0.3463
331 79 6 9 0.3273
346 32 6 7 0.3221
379 59 6 8 0.3077
292 10 6 7 0.3014
382 59 6 8 0.3005
333 39 6 8 0.2995
368 69 7 8 0.2939
360 58 6 8 0.2821
393 81 6 9 0.2815
85 45 6 8 0.2775
325 30 6 7 0.2773
123 96 7 9 0.2765
141 98 7 9 0.2753
121 97 6 8 0.2658
112 54 6 8 0.2578
82 45 6 8 0.2565
366 69 6 8 0.2540
99 48 7 8 0.2515
330 39 6 8 0.2492
155 86 6 8 0.2485
133 88 6 7 0.2476
297 56 7 8 0.2463
351 78 6 8 0.2461
311 69 6 7 0.2414
356 39 6 7 0.2398
136 87 6 8 0.2385
390 81 6 9 0.2352
540 94 6 7 0.2349
131 7 6 7 0.2321
279 7 6 7 0.2317
129 59 6 7 0.2298
140 46 6 7 0.2284
302 18 6 7 0.2283
309 47 6 7 0.2267
504 32 6 7 0.2258
656 65 6 8 0.2251
329 71 6 8 0.2249
305 18 6 8 0.2228
396 61 6 8 0.2204
668 33 6 7 0.2202
15 102 7 10 0.2189
327 70 5 8 0.2168
354 39 5 8 0.2161
1 89 6 9 0.2140
370 28 6 7 0.2132
6 3 7 10 0.2101
416 260 44 60 0.2099
124 46 6 7 0.2075
353 77 6 8 0.2074
101 35 6 7 0.2071
361 21 6 7 0.2019
135 24 6 7 0.2009
9 3 7 10 0.2008
333 8 6 7 0.1999
12 102 8 9 0.1997
367 28 6 8 0.1990
157 24 6 7 0.1978
336 9 6 7 0.1969
349 78 6 8 0.1957
123 33 6 7 0.1940
121 46 6 7 0.1936
180 40 6 7 0.1929
638 65 6 7 0.1916
276 7 6 7 0.1913
339 58 6 8 0.1884
98 34 6 8 0.1884
157 86 6 8 0.1882
27 78 7 8 0.1841
138 24 6 8 0.1832
15 37 6 7 0.1818
236 61 6 7 0.1801
311 88 7 9 0.1793
602 42 6 6 0.1785
158 38 6 7 0.1756
598 60 6 7 0.1748
109 53 6 7 0.1743
120 32 6 7 0.1732
516 31 6 7 0.1732
268 29 6 7 0.1718
62 37 6 7 0.1715
318 17 6 7 0.1714
78 24 5 7 0.1714
465 39 6 7 0.1713
541 16 6 7 0.1701
239 61 6 7 0.1698
646 54 6 8 0.1695
150 7 6 7 0.1692
160 38 6 7 0.1688
392 28 6 7 0.1679
147 7 6 7 0.1674
512 17 6 6 0.1673
283 18 6 7 0.1672
3 72 7 9 0.1666
13 89 7 8 0.1657
48 94 7 8 0.1656
410 46 7 7 0.1654
549 51 5 7 0.1648
651 33 5 7 0.1643
76 24 6 7 0.1634
167 49 6 7 0.1628
702 34 6 7 0.1627
704 53 6 7 0.1610
353 9 5 7 0.1606
413 46 6 7 0.1602
309 69 6 8 0.1596
175 4 6 7 0.1592
395 27 6 8 0.1590
399 61 6 7 0.1590
156 61 6 7 0.1581
542 64 6 7 0.1578
358 86 6 10 0.1564
60 36 5 8 0.1561
571 54 5 7 0.1555
143 98 7 9 0.1549
480 36 5 7 0.1546
17 37 6 8 0.1545
521 22 6 6 0.1537
631 53 6 8 0.1535
83 66 7 8 0.1533
617 68 6 7 0.1527
0 35 6 9 0.1517
281 61 7 7 0.1513
108 16 6 7 0.1508
172 4 6 7 0.1506
483 36 5 7 0.1490
357 57 6 7 0.1482
7 73 7 8 0.1466
160 24 6 7 0.1454
657 41 6 7 0.1448
559 63 6 7 0.1436
608 54 6 7 0.1433
766 57 6 7 0.1431
19 37 6 7 0.1421
834 93 7 8 0.1418
32 90 6 8 0.1412
556 63 6 7 0.1409
158 62 6 6 0.1408
37 78 6 8 0.1406
539 64 6 7 0.1405
187 5 6 7 0.1391
458 95 5 6 0.1387
590 51 5 7 0.1385
635 66 6 7 0.1373
355 10 6 7 0.1372
155 61 5 6 0.1369
178 29 6 6 0.1361
538 2 6 7 0.1351
567 22 5 7 0.1350
63 37 6 8 0.1350
43 49 6 7 0.1348
265 30 5 7 0.1340
626 93 5 6 0.1331
559 43 5 6 0.1328
769 57 6 7 0.1324
599 42 5 6 0.1324
71 69 5 7 0.1306
343 31 6 8 0.1304
46 49 6 8 0.1301
647 33 6 7 0.1296
538 29 6 8 0.1294
35 90 7 8 0.1292
638 44 5 6 0.1292
111 16 5 8 0.1291
676 41 5 7 0.1273
313 89 7 8 0.1270
23 78 7 8 0.1267
873 98 6 7 0.1266
596 61 6 7 0.1263
692 63 6 7 0.1262
865 140 6 7 0.1262
619 43 6 7 0.1256
439 30 6 8 0.1253
145 117 9 11 0.1247
24 78 7 8 0.1245
85 20 7 7 0.1242
1008 59 5 7 0.1237
114 5 6 7 0.1235
73 23 6 8 0.1224
542 83 6 7 0.1220
161 37 6 8 0.1219
139 25 6 7 0.1218
583 40 5 6 0.1214
461 95 5 6 0.1214
767 116 7 8 0.1213
44 76 7 8 0.1199
369 0 6 7 0.1191
657 1 5 7 0.1190
600 61 5 7 0.1188
401 2 6 7 0.1186
47 76 6 7 0.1181
796 97 41 53 0.1181
579 15 5 7 0.1179
371 0 5 7 0.1178
669 14 5 8 0.1170
98 49 6 8 0.1154
272 40 6 7 0.1151
460 29 6 6 0.1150
568 54 5 7 0.1143
569 23 6 6 0.1143
315 88 7 9 0.1130
128 6 7 9 0.1127
686 33 5 7 0.1125
658 1 6 7 0.1122
689 63 6 8 0.1117
1005 59 6 7 0.1110
279 60 6 9 0.1097
457 29 6 7 0.1090
1001 69 5 7 0.1090
536 2 5 7 0.1087
48 76 7 8 0.1083
148 118 9 10 0.1081
711 65 6 7 0.1077
468 39 6 7 0.1075
283 61 6 8 0.1069
868 140 6 7 0.1063
653 11 6 7 0.1050
683 50 6 7 0.1045
366 0 6 7 0.1043
981 70 6 7 0.1042
81 66 6 8 0.1036
176 28 5 6 0.1032
659 65 5 7 0.1027
194 33 6 7 0.1021
499 16 6 7 0.1014
544 16 5 7 0.1013
623 93 5 7 0.1010
630 10 6 7 0.1001
399 2 6 6 0.0993
521 13 6 7 0.0986
47 50 5 7 0.0985
519 31 6 7 0.0975
558 2 5 6 0.0973
292 28 6 8 0.0973
750 103 6 7 0.0964
570 3 5 6 0.0955
296 48 6 8 0.0955
554 1 6 7 0.0947
44 50 6 8 0.0936
355 87 7 9 0.0926
955 95 6 7 0.0922
110 5 6 7 0.0922
544 43 5 6 0.0914
764 116 6 8 0.0914
865 79 6 7 0.0912
547 43 5 6 0.0909
384 20 6 8 0.0905
580 40 5 7 0.0893
266 28 6 8 0.0887
30 0 6 4 0.0884
139 99 6 9 0.0882
338 9 5 7 0.0877
296 75 6 6 0.0876
453 39 6 6 0.0871
978 70 6 7 0.0870
415 43 6 8 0.0869
663 47 6 7 0.0865
904 97 6 7 0.0864
573 3 5 6 0.0859
660 1 5 6 0.0848
289 29 6 8 0.0847
759 95 5 7 0.0846
76 68 6 7 0.0835
586 41 5 7 0.0828
782 55 6 7 0.0828
229 83 6 7 0.0823
793 55 5 6 0.0820
196 39 6 7 0.0810
682 6 5 8 0.0803
316 86 7 8 0.0802
293 42 6 8 0.0801
35 39 6 8 0.0791
10 89 8 8 0.0789
592 10 5 7 0.0778
630 32 5 7 0.0775
714 65 6 7 0.0773
624 25 5 7 0.0771
155 62 5 6 0.0771
245 81 7 8 0.0764
67 7 6 8 0.0763
987 57 5 6 0.0763
328 31 6 7 0.0761
311 49 6 7 0.0756
521 99 6 7 0.0753
697 34 5 6 0.0753
545 83 6 8 0.0753
279 61 7 9 0.0752
741 73 6 7 0.0748
317 16 6 8 0.0747
439 63 6 8 0.0747
63 65 6 8 0.0745
525 41 6 6 0.0743
849 99 6 6 0.0742
857 84 5 7 0.0741
729 107 5 7 0.0739
99 94 6 8 0.0739
367 68 6 8 0.0737
594 12 6 7 0.0736
20 37 5 8 0.0735
891 102 6 8 0.0735
624 92 6 7 0.0730
738 73 6 7 0.0728
33 0 6 4 0.0727
130 60 6 7 0.0720
572 2 5 7 0.0718
437 63 6 7 0.0717
534 1 6 7 0.0714
33 64 6 8 0.0712
969 86 5 7 0.0711
747 103 6 8 0.0706
249 81 6 8 0.0706
650 56 5 7 0.0705
392 27 6 7 0.0703
734 64 6 7 0.0701
971 87 6 7 0.0699
429 27 6 8 0.0698
256 31 6 8 0.0689
947 81 5 6 0.0686
962 101 6 7 0.0677
872 67 5 7 0.0674
496 17 5 6 0.0674
893 102 6 7 0.0674
611 11 5 7 0.0673
33 90 6 8 0.0667
857 94 5 7 0.0665
737 94 5 8 0.0664
198 38 5 7 0.0663
983 89 6 7 0.0658
134 88 7 8 0.0656
468 23 6 7 0.0654
762 95 5 7 0.0649
714 45 5 7 0.0648
483 37 6 7 0.0645
249 67 5 8 0.0641
291 10 6 7 0.0641
171 3 6 8 0.0639
406 22 6 7 0.0639
709 45 6 7 0.0638
765 116 7 8 0.0638
633 46 6 7 0.0637
255 0 5 4 0.0637
908 97 5 7 0.0637
740 94 5 8 0.0637
841 85 5 6 0.0635
394 62 6 8 0.0634
96 94 6 8 0.0632
458 94 5 7 0.0629
383 9 6 7 0.0614
498 15 5 7 0.0614
237 62 6 7 0.0611
931 67 5 7 0.0611
890 101 6 7 0.0609
869 140 6 8 0.0608
322 31 6 7 0.0608
455 19 6 7 0.0607
306 0 6 7 0.0607
344 32 6 7 0.0606
5 73 7 8 0.0604
278 5 5 8 0.0602
200 39 5 7 0.0601
500 49 6 7 0.0599
303 0 6 8 0.0597
138 45 6 8 0.0595
569 1 5 7 0.0594
661 1 5 7 0.0593
39 17 6 8 0.0590
613 11 6 7 0.0588
875 98 6 7 0.0582
62 67 6 8 0.0580
937 79 6 7 0.0577
664 51 5 8 0.0576
33 65 7 8 0.0573
370 80 6 8 0.0572
522 66 6 7 0.0569
7 72 7 8 0.0565
83 65 7 8 0.0559
920 78 5 7 0.0556
55 24 6 8 0.0555
516 2 5 6 0.0555
191 32 6 8 0.0554
84 44 7 8 0.0550
851 99 5 7 0.0544
866 141 6 7 0.0539
132 58 6 8 0.0531
112 3 6 8 0.0530
584 39 5 6 0.0529
157 60 6 8 0.0522
159 83 6 9 0.0520
403 3 6 6 0.0519
611 13 5 7 0.0517
31 0 7 5 0.0514
514 1 5 6 0.0514
160 39 6 7 0.0511
435 62 6 8 0.0509
780 40 5 6 0.0508
37 43 6 8 0.0504
99 93 6 8 0.0503
186 4 6 7 0.0501
797 44 5 6 0.0496
2 37 5 8 0.0496
946 98 6 7 0.0491
86 0 6 6 0.0491
604 0 5 5 0.0491
320 63 6 7 0.0490
367 25 6 8 0.0490
110 16 6 7 0.0487
776 40 6 6 0.0486
687 49 7 7 0.0486
619 68 6 7 0.0485
87 1 6 7 0.0484
916 78 6 7 0.0478
521 21 6 7 0.0473
619 43 6 7 0.0472
854 69 6 7 0.0469
336 9 6 7 0.0469
457 17 6 8 0.0467
155 84 7 11 0.0464
292 38 6 8 0.0464
434 22 6 7 0.0461
467 37 6 8 0.0460
61 38 6 7 0.0459
83 0 6 6 0.0459
313 87 9 10 0.0457
543 16 6 7 0.0453
519 66 6 7 0.0453
122 98 7 9 0.0453
684 7 5 7 0.0450
689 60 6 8 0.0448
252 0 6 4 0.0447
303 17 6 7 0.0444
546 42 5 6 0.0444
820 48 6 6 0.0443
599 41 6 7 0.0438
491 66 6 7 0.0433
595 10 7 8 0.0433
111 55 6 8 0.0433
598 60 6 7 0.0429
893 88 6 7 0.0427
856 92 6 8 0.0426
1017 76 6 9 0.0424
324 30 6 7 0.0422
752 86 6 7 0.0419
495 15 5 6 0.0419
896 88 6 7 0.0418
425 12 6 7 0.0417
654 65 6 8 0.0416
758 35 6 7 0.0413
364 18 7 8 0.0413
518 99 6 7 0.0411
403 1 5 7 0.0409
887 45 6 7 0.0408
429 13 5 7 0.0405
454 17 6 7 0.0404
984 90 6 7 0.0404
713 64 6 8 0.0403
549 90 7 8 0.0403
261 49 6 8 0.0402
15 37 6 7 0.0400
568 21 6 7 0.0398
964 74 6 7 0.0398
960 52 5 6 0.0395
582 40 5 7 0.0391
918 77 6 8 0.0390
882 70 5 6 0.0390
518 31 5 7 0.0389
635 12 5 7 0.0389
985 57 5 6 0.0388
240 62 6 7 0.0387
517 65 6 8 0.0384
549 40 5 7 0.0381
465 22 6 7 0.0381
813 57 5 6 0.0381
191 36 7 9 0.0381
650 33 5 7 0.0380
1017 80 5 8 0.0380
368 29 6 7 0.0376
119 79 7 8 0.0369
943 98 5 7 0.0368
875 98 6 6 0.0367
601 0 5 5 0.0366
502 31 6 7 0.0366
414 44 6 7 0.0365
66 78 7 7 0.0365
497 16 6 7 0.0365
163 40 5 7 0.0365
456 93 5 6 0.0363
622 91 6 7 0.0362
674 24 6 7 0.0361
754 34 6 7 0.0357
670 34 6 8 0.0353
119 44 6 7 0.0348
174 3 6 8 0.0348
83 20 7 8 0.0347
832 79 6 6 0.0345
947 99 5 7 0.0345
812 35 6 6 0.0345
275 4 5 7 0.0344
467 21 6 8 0.0344
693 30 6 7 0.0342
983 58 6 6 0.0340
573 65 6 7 0.0340
818 60 6 6 0.0338
64 5 7 7 0.0338
542 63 5 7 0.0338
818 20 5 6 0.0336
896 75 5 7 0.0336
609 80 6 8 0.0336
109 3 6 7 0.0335
267 50 6 8 0.0334
629 0 6 5 0.0333
132 8 6 7 0.0331
120 95 6 8 0.0331
652 12 6 7 0.0324
390 79 9 13 0.0322
938 60 6 7 0.0322
411 44 6 7 0.0319
273 76 8 9 0.0318
264 28 5 7 0.0317
778 39 5 6 0.0317
724 107 5 7 0.0315
257 0 5 5 0.0313
862 57 6 7 0.0311
504 50 6 7 0.0309
51 4 6 8 0.0309
342 80 6 9 0.0308
828 58 5 6 0.0308
267 31 6 7 0.0308
65 9 6 7 0.0307
680 4 6 8 0.0306
186 6 6 7 0.0305
37 15 6 9 0.0305
67 93 7 8 0.0304
916 77 5 7 0.0304
948 77 5 7 0.0304
569 56 6 8 0.0302
955 93 6 7 0.0300
159 23 6 7 0.0299
239 61 6 8 0.0299
793 27 6 7 0.0298
742 74 5 7 0.0297
700 34 6 6 0.0297
440 32 6 7 0.0294
905 96 6 7 0.0292
1011 81 6 7 0.0289
540 93 6 8 0.0288
851 70 6 7 0.0286
435 63 7 9 0.0283
929 67 5 6 0.0281
624 27 5 7 0.0281
955 51 6 6 0.0273
450 18 6 8 0.0273
48 1 6 7 0.0272
958 51 5 7 0.0272
392 30 6 8 0.0265
283 59 7 9 0.0264
349 73 6 8 0.0263
520 66 6 7 0.0262
537 93 6 7 0.0262
72 15 6 8 0.0260
52 91 7 9 0.0259
854 69 5 6 0.0257
830 78 5 7 0.0251
1 57 8 10 0.0250
150 4 6 8 0.0250
828 37 5 7 0.0249
925 49 6 6 0.0248
981 98 6 8 0.0247
828 75 6 7 0.0246
20 22 7 9 0.0243
957 53 5 6 0.0243
626 12 6 7 0.0243
285 286 46 57 0.0242
874 67 6 7 0.0240
803 20 5 6 0.0239
1018 34 5 7 0.0237
522 100 5 6 0.0236
831 75 6 7 0.0236
893 113 6 8 0.0232
105 99 7 9 0.0231
120 96 7 9 0.0230
831 37 5 7 0.0230
624 93 5 7 0.0229
395 1 6 6 0.0229
800 19 5 7 0.0229
806 46 6 6 0.0227
146 5 6 8 0.0226
712 44 5 7 0.0224
746 51 6 8 0.0223
832 38 5 6 0.0220
885 44 5 7 0.0219
512 1 5 6 0.0218
980 70 6 6 0.0217
861 53 6 8 0.0216
930 67 5 7 0.0216
770 57 7 7 0.0215
806 75 5 6 0.0214
908 61 6 7 0.0213
982 89 6 7 0.0212
928 99 6 7 0.0211
806 79 6 8 0.0211
426 12 6 7 0.0210
392 65 6 8 0.0208
608 91 6 9 0.0208
26 19 7 9 0.0208
46 3 6 7 0.0207
599 0 6 4 0.0206
896 113 6 7 0.0206
865 51 6 7 0.0205
829 20 5 6 0.0204
803 72 5 7 0.0203
699 32 6 7 0.0203
830 72 5 7 0.0202
755 95 7 7 0.0201
983 57 5 6 0.0201
526 60 6 8 0.0201
609 0 5 6 0.0199
174 55 6 7 0.0197
932 97 7 8 0.0195
642 23 6 7 0.0195
816 18 6 7 0.0194
693 62 8 10 0.0194
248 22 6 7 0.0194
493 66 6 7 0.0193
637 0 6 6 0.0191
737 77 6 6 0.0191
760 94 6 7 0.0191
615 113 5 6 0.0190
725 106 5 7 0.0188
904 62 6 8 0.0188
616 14 5 6 0.0187
667 251 45 58 0.0187
906 67 6 7 0.0187
713 104 9 15 0.0186
450 38 6 7 0.0185
442 0 6 6 0.0184
93 93 7 9 0.0184
272 61 6 7 0.0184
32 0 6 3 0.0182
17 102 7 10 0.0182
160 110 6 9 0.0180
446 0 6 6 0.0179
777 40 5 6 0.0177
849 20 5 6 0.0176
289 73 10 11 0.0176
164 64 6 7 0.0174
96 92 6 8 0.0174
475 97 6 7 0.0173
438 62 7 8 0.0172
334 7 5 7 0.0171
943 100 6 6 0.0170
355 5 6 7 0.0170
313 104 10 15 0.0169
799 43 6 7 0.0168
144 116 8 10 0.0167
424 1 7 7 0.0166
317 106 8 11 0.0165
519 100 5 7 0.0164
984 99 6 7 0.0163
680 7 6 7 0.0162
461 57 6 8 0.0162
96 99 7 8 0.0162
735 0 5 5 0.0160
888 49 5 7 0.0160
5 2 6 9 0.0158
35 103 7 9 0.0158
521 98 6 7 0.0157
733 66 6 8 0.0155
961 73 6 7 0.0155
612 112 6 7 0.0155
901 37 5 7 0.0154
800 57 6 8 0.0154
974 89 5 6 0.0153
732 0 5 4 0.0152
78 90 6 8 0.0152
493 67 7 8 0.0151
8 6 7 8 0.0150
708 0 6 4 0.0150
829 38 5 6 0.0149
319 0 5 3 0.0149
493 51 6 7 0.0149
928 102 6 6 0.0149
576 76 7 8 0.0148
763 45 6 7 0.0147
274 7 6 7 0.0146
322 0 6 6 0.0145
515 48 5 7 0.0145
886 45 5 7 0.0143
938 46 6 6 0.0139
484 83 5 8 0.0139
13 61 8 9 0.0138
625 0 5 3 0.0137
791 26 5 7 0.0137
85 0 6 3 0.0137
551 0 5 4 0.0137
964 36 5 7 0.0133
866 57 6 7 0.0133
480 54 6 7 0.0133
367 0 7 5 0.0132
458 57 6 8 0.0131
569 0 5 5 0.0131
800 17 5 7 0.0130
858 58 5 7 0.0130
1001 112 6 8 0.0129
921 49 6 7 0.0129
759 9 5 7 0.0129
757 36 6 6 0.0129
253 1 5 7 0.0129
81 87 6 8 0.0128
727 106 8 12 0.0128
857 21 5 5 0.0127
460 94 8 8 0.0125
1006 61 6 7 0.0125
756 8 5 7 0.0125
1005 57 6 6 0.0123
844 20 6 6 0.0122
879 42 5 6 0.0120
708 0 5 6 0.0119
8 2 7 8 0.0118
827 20 5 6 0.0118
731 91 7 11 0.0117
504 97 6 6 0.0117
857 98 6 7 0.0113
390 93 7 10 0.0112
159 88 6 9 0.0112
802 18 6 7 0.0110
967 38 5 7 0.0110
814 17 6 7 0.0109
1019 91 5 8 0.0108
241 17 6 8 0.0108
776 37 5 7 0.0108
258 0 5 4 0.0106
676 60 9 11 0.0106
784 72 6 8 0.0105
802 80 6 8 0.0105
444 7 6 7 0.0104
718 0 5 5 0.0102
875 18 5 7 0.0101
656 0 5 5 0.0101
393 93 8 16 0.0101
