37_Soccer_soccer_ball_37_281
166
215 514 5 6 0.1672
218 514 5 6 0.1489
208 561 5 7 0.1374
270 537 5 7 0.1182
205 561 5 6 0.1097
273 537 5 6 0.0996
824 497 4 5 0.0949
610 537 5 5 0.0793
219 515 4 5 0.0784
783 561 4 5 0.0783
731 531 5 5 0.0752
822 497 4 5 0.0735
780 561 4 6 0.0726
607 537 5 5 0.0715
277 653 5 8 0.0703
237 575 5 7 0.0656
206 581 5 7 0.0649
640 477 4 4 0.0623
240 575 5 7 0.0611
822 497 4 5 0.0605
730 531 4 5 0.0572
215 516 5 5 0.0565
782 560 4 6 0.0537
204 581 6 6 0.0527
643 476 3 5 0.0521
203 582 5 6 0.0519
274 652 5 9 0.0503
728 530 4 5 0.0500
729 532 4 5 0.0484
271 536 5 7 0.0463
222 553 5 6 0.0455
826 498 3 4 0.0448
181 552 4 5 0.0439
561 554 4 4 0.0436
558 554 4 5 0.0399
205 560 5 7 0.0399
780 560 4 6 0.0398
609 535 4 6 0.0396
260 576 5 7 0.0393
274 537 5 6 0.0383
174 552 4 5 0.0372
606 535 5 6 0.0367
643 477 4 5 0.0354
404 664 6 8 0.0334
337 614 5 7 0.0321
218 568 5 7 0.0321
202 580 5 7 0.0320
424 660 6 7 0.0304
764 573 4 6 0.0301
275 655 5 8 0.0298
1 494 6 6 0.0296
203 548 6 7 0.0296
226 557 5 6 0.0293
426 662 6 8 0.0282
263 576 5 7 0.0279
401 664 6 7 0.0274
155 567 5 6 0.0270
334 614 5 7 0.0269
640 478 4 5 0.0268
158 567 5 7 0.0260
200 548 5 6 0.0253
766 573 5 5 0.0246
177 526 6 7 0.0239
350 621 6 7 0.0237
120 542 5 6 0.0235
227 585 5 7 0.0230
338 616 5 7 0.0228
201 552 5 6 0.0228
825 496 4 5 0.0223
217 559 5 6 0.0223
140 509 5 6 0.0220
348 630 5 7 0.0218
136 553 6 8 0.0218
459 661 6 7 0.0217
139 553 6 8 0.0217
179 569 5 6 0.0216
375 669 6 6 0.0215
764 571 4 5 0.0214
561 555 4 5 0.0210
374 668 5 6 0.0207
207 561 5 6 0.0205
369 645 6 7 0.0204
271 537 4 6 0.0201
272 539 6 6 0.0199
239 577 5 6 0.0198
821 497 3 5 0.0198
367 646 5 7 0.0197
372 646 5 7 0.0195
231 587 5 7 0.0192
334 611 5 7 0.0190
269 536 5 7 0.0190
141 554 5 8 0.0189
150 520 5 6 0.0186
239 574 6 7 0.0185
558 555 4 5 0.0185
118 541 5 6 0.0179
0 493 4 8 0.0178
136 510 5 6 0.0178
154 567 5 7 0.0178
780 562 4 5 0.0175
8 522 5 7 0.0174
174 526 5 7 0.0173
277 655 6 8 0.0172
101 512 5 6 0.0172
153 521 4 6 0.0171
344 630 6 7 0.0168
320 607 5 7 0.0166
366 644 5 8 0.0166
98 512 5 6 0.0164
337 613 5 7 0.0164
175 569 5 7 0.0164
422 658 6 7 0.0163
116 542 5 6 0.0161
137 555 6 7 0.0158
274 535 5 6 0.0157
261 577 5 6 0.0156
419 669 6 7 0.0154
372 668 5 6 0.0153
307 675 5 6 0.0149
340 616 5 7 0.0148
15 497 5 6 0.0147
208 580 5 7 0.0147
416 670 6 7 0.0147
428 660 5 7 0.0146
462 661 6 7 0.0146
428 662 6 8 0.0141
236 573 5 7 0.0140
401 663 5 7 0.0140
183 552 5 6 0.0139
423 662 5 7 0.0133
729 532 4 5 0.0132
149 520 4 6 0.0132
317 606 5 7 0.0131
338 668 6 7 0.0131
83 502 5 6 0.0131
359 630 6 7 0.0131
606 537 5 6 0.0130
87 502 5 6 0.0130
216 515 4 5 0.0129
458 659 6 8 0.0127
373 669 5 7 0.0126
823 497 4 5 0.0124
609 540 5 6 0.0123
141 478 4 5 0.0123
273 653 6 8 0.0123
171 552 5 6 0.0122
4 523 6 6 0.0121
115 540 5 6 0.0121
342 668 5 7 0.0120
138 508 5 6 0.0120
74 531 6 7 0.0120
269 539 6 7 0.0119
334 615 5 8 0.0118
284 590 5 6 0.0116
78 530 5 7 0.0116
52 466 4 6 0.0114
273 588 5 7 0.0114
401 664 6 6 0.0112
276 649 5 8 0.0110
76 529 5 8 0.0105
142 545 6 6 0.0105
254 591 5 6 0.0105
304 675 5 6 0.0105
143 478 4 5 0.0105
646 476 3 4 0.0101
275 591 5 6 0.0101
