37_Soccer_Soccer_37_655
35
358 14 36 57 0.8576
23 83 28 38 0.7997
485 30 19 42 0.7445
614 125 20 29 0.7107
0 79 11 29 0.4546
572 183 12 14 0.2359
569 183 11 14 0.1895
827 228 9 11 0.1813
831 228 9 11 0.1757
569 186 12 13 0.1172
883 205 9 13 0.1165
879 205 9 12 0.1069
0 78 8 28 0.1020
573 185 12 14 0.0995
618 124 18 30 0.0993
738 124 20 25 0.0956
739 131 23 27 0.0859
489 32 17 39 0.0568
745 132 24 27 0.0549
830 226 9 11 0.0432
827 227 8 10 0.0332
881 211 8 9 0.0329
613 174 16 22 0.0324
742 128 23 29 0.0317
885 210 7 10 0.0284
879 207 10 13 0.0252
882 201 8 11 0.0193
742 140 20 23 0.0193
0 77 15 33 0.0168
570 184 12 15 0.0153
758 134 18 23 0.0144
879 201 8 12 0.0126
735 123 16 25 0.0115
24 84 27 37 0.0107
886 207 8 11 0.0103
