54_Rescue_rescuepeople_54_135
86
874 485 61 68 0.8542
504 0 50 63 0.7713
870 211 24 40 0.7150
328 49 35 44 0.6251
690 206 36 46 0.5965
944 216 23 39 0.5702
54 557 53 58 0.5515
931 362 47 58 0.3913
960 460 33 50 0.3584
153 178 21 32 0.3423
327 48 35 45 0.3360
124 371 29 53 0.2913
127 369 28 55 0.2892
691 208 35 45 0.2441
996 231 23 27 0.2321
59 322 40 52 0.1610
930 362 48 61 0.1591
158 178 19 31 0.1543
56 557 50 55 0.1062
1001 233 22 25 0.0972
0 255 10 32 0.0956
948 478 41 67 0.0951
96 223 20 32 0.0656
994 229 20 27 0.0620
852 198 23 32 0.0565
151 176 22 32 0.0539
0 251 6 35 0.0511
85 105 8 10 0.0494
81 105 8 10 0.0483
99 224 20 33 0.0447
689 126 9 11 0.0443
685 126 9 11 0.0441
642 28 10 11 0.0428
150 239 23 33 0.0423
101 181 17 24 0.0411
532 485 40 68 0.0376
505 0 49 62 0.0349
645 28 10 11 0.0346
433 379 35 43 0.0327
152 182 21 37 0.0317
597 266 27 35 0.0309
90 225 23 33 0.0309
999 228 24 31 0.0304
845 199 25 36 0.0288
851 198 25 37 0.0287
948 215 23 40 0.0277
156 174 21 33 0.0264
993 232 16 25 0.0240
844 198 22 33 0.0236
604 267 25 33 0.0235
52 323 44 54 0.0228
533 485 30 63 0.0228
155 234 29 42 0.0228
148 201 19 31 0.0203
426 374 47 58 0.0201
90 222 22 34 0.0197
124 377 29 54 0.0188
0 251 16 35 0.0184
426 376 52 73 0.0165
847 197 27 41 0.0161
428 376 38 45 0.0159
434 375 34 38 0.0154
100 220 24 38 0.0149
110 222 19 30 0.0147
958 461 30 49 0.0142
82 107 8 10 0.0141
537 485 38 64 0.0126
432 378 39 58 0.0125
120 306 31 34 0.0121
0 304 10 36 0.0120
75 270 20 25 0.0120
916 388 33 53 0.0118
427 370 36 46 0.0117
1002 228 20 27 0.0116
0 258 14 40 0.0115
688 125 9 9 0.0112
640 28 9 11 0.0111
534 491 31 65 0.0111
164 227 17 25 0.0108
997 240 22 25 0.0106
73 325 29 46 0.0105
922 395 37 51 0.0105
108 182 15 24 0.0105
745 432 33 54 0.0103
86 106 8 10 0.0103
644 29 10 12 0.0102
