54_Rescue_rescuepeople_54_431
226
72 310 92 85 0.8409
571 461 31 41 0.8356
781 520 37 39 0.8338
521 515 36 43 0.8322
625 551 37 46 0.8314
675 398 26 31 0.8183
872 421 39 41 0.8182
371 398 35 44 0.8162
755 452 35 38 0.8095
821 377 29 31 0.8008
887 512 43 42 0.8004
663 357 23 27 0.7924
90 222 38 51 0.7870
534 380 21 27 0.7844
598 358 19 23 0.7738
741 402 24 27 0.7718
467 326 26 30 0.7694
664 450 27 32 0.7637
484 212 21 26 0.7301
775 327 23 27 0.7187
619 391 24 27 0.6565
752 329 18 21 0.5730
572 316 19 23 0.5595
692 315 20 24 0.5516
654 272 16 23 0.5338
551 187 18 22 0.5293
600 285 15 19 0.5276
380 257 18 20 0.5252
300 279 20 22 0.5153
304 350 26 26 0.5053
570 429 28 30 0.4582
421 232 20 25 0.4482
605 316 18 23 0.4390
608 316 17 23 0.4389
272 320 22 25 0.4323
419 231 20 26 0.4263
686 293 15 18 0.3999
215 287 17 20 0.3850
269 321 21 24 0.3819
616 297 13 17 0.3685
683 293 15 18 0.3544
554 187 18 22 0.3077
694 315 20 25 0.3043
652 272 16 22 0.3043
239 315 16 19 0.2914
309 350 22 25 0.2789
753 301 16 20 0.2395
602 285 16 20 0.2255
297 279 19 21 0.2198
399 515 33 36 0.2160
382 201 16 22 0.2069
212 286 17 20 0.1770
320 190 14 16 0.1769
294 196 12 14 0.1716
751 299 16 18 0.1695
473 181 10 14 0.1449
643 270 12 17 0.1098
631 273 11 16 0.1094
253 184 12 14 0.1085
235 316 16 19 0.1028
282 187 12 15 0.0984
516 256 14 20 0.0945
469 182 10 13 0.0935
737 353 18 22 0.0897
520 256 13 20 0.0826
403 517 38 35 0.0822
698 174 9 12 0.0803
244 294 15 18 0.0792
694 174 9 12 0.0781
400 520 36 34 0.0752
280 186 12 14 0.0735
511 178 13 17 0.0729
383 258 18 21 0.0710
186 216 10 13 0.0684
619 297 13 18 0.0676
397 513 28 36 0.0674
695 176 10 11 0.0673
190 215 11 14 0.0652
249 184 12 14 0.0646
209 245 12 15 0.0642
699 176 9 11 0.0622
278 188 11 14 0.0621
214 246 11 14 0.0562
343 397 27 32 0.0517
723 178 9 12 0.0509
614 300 15 19 0.0500
244 194 11 14 0.0499
405 521 38 32 0.0486
496 180 11 13 0.0477
713 315 14 19 0.0458
321 185 13 15 0.0451
618 217 12 15 0.0451
375 202 15 19 0.0439
493 180 11 12 0.0436
303 316 20 22 0.0417
210 288 16 19 0.0411
631 275 12 16 0.0408
280 351 21 25 0.0407
386 194 14 17 0.0406
727 178 10 11 0.0406
617 176 11 13 0.0395
390 193 14 18 0.0391
737 349 17 19 0.0387
657 271 15 21 0.0379
615 174 10 13 0.0356
297 197 12 15 0.0356
730 450 21 28 0.0333
231 261 12 14 0.0329
748 302 16 20 0.0328
566 430 24 27 0.0324
511 168 13 16 0.0321
596 227 14 16 0.0321
399 509 30 38 0.0321
722 175 10 12 0.0306
315 192 13 16 0.0302
207 273 15 18 0.0294
192 293 12 15 0.0291
726 174 10 12 0.0291
592 228 13 15 0.0291
616 392 23 26 0.0286
325 189 12 15 0.0280
239 260 12 14 0.0279
292 352 26 27 0.0270
295 272 15 19 0.0266
350 396 27 35 0.0264
341 391 28 35 0.0264
750 171 7 10 0.0259
254 187 12 13 0.0259
746 171 8 11 0.0257
140 276 19 22 0.0252
277 185 11 14 0.0250
232 264 12 14 0.0250
734 353 18 22 0.0249
266 290 15 18 0.0248
622 218 12 14 0.0244
377 256 16 20 0.0240
189 213 10 13 0.0237
209 284 15 20 0.0234
469 183 12 14 0.0232
284 187 11 13 0.0231
236 313 17 21 0.0230
237 312 16 20 0.0224
568 316 18 22 0.0219
243 282 14 16 0.0218
345 242 17 21 0.0211
709 400 23 28 0.0210
317 190 13 15 0.0208
290 185 12 14 0.0204
347 188 15 17 0.0204
619 174 9 11 0.0203
712 396 19 24 0.0201
748 298 14 17 0.0194
327 185 11 13 0.0193
315 199 15 16 0.0193
256 184 11 14 0.0191
292 198 11 13 0.0191
169 276 14 17 0.0191
208 227 13 16 0.0186
494 325 16 20 0.0186
673 172 9 12 0.0185
210 287 18 20 0.0184
633 178 10 13 0.0184
241 195 10 12 0.0180
345 184 13 15 0.0179
768 172 8 9 0.0176
396 509 25 36 0.0171
729 450 19 25 0.0171
670 172 9 12 0.0167
637 178 11 13 0.0166
186 214 12 15 0.0166
728 382 17 21 0.0162
657 181 10 12 0.0160
386 202 15 22 0.0159
574 429 28 29 0.0159
302 215 16 22 0.0158
141 273 14 15 0.0156
388 198 16 21 0.0155
213 227 12 16 0.0154
712 311 15 20 0.0153
750 306 17 22 0.0152
673 178 9 11 0.0152
771 173 7 8 0.0151
197 327 21 23 0.0149
240 292 14 17 0.0148
449 197 11 12 0.0142
740 158 8 9 0.0142
430 197 10 13 0.0141
619 294 12 15 0.0140
185 213 10 13 0.0139
744 158 8 9 0.0138
332 206 13 17 0.0136
494 325 15 18 0.0135
638 175 10 11 0.0135
209 224 11 13 0.0134
748 174 8 10 0.0134
347 392 27 34 0.0131
703 401 24 27 0.0127
245 198 10 12 0.0127
668 179 10 11 0.0127
188 291 13 17 0.0125
426 196 11 14 0.0123
389 191 13 17 0.0122
639 259 12 15 0.0121
570 425 25 27 0.0120
226 216 13 15 0.0120
232 231 12 15 0.0118
515 180 13 17 0.0118
383 256 20 22 0.0117
192 326 22 25 0.0115
146 278 17 21 0.0115
493 182 11 13 0.0114
604 285 14 17 0.0114
175 303 18 22 0.0114
306 281 18 21 0.0114
734 449 20 27 0.0112
749 331 19 23 0.0112
475 183 10 13 0.0112
601 189 13 17 0.0111
242 192 11 13 0.0111
427 234 18 23 0.0104
647 268 14 19 0.0103
724 181 9 10 0.0102
142 290 19 23 0.0102
298 215 15 20 0.0102
237 261 13 15 0.0100
509 169 11 14 0.0100
