54_Rescue_rescuepeople_54_102
49
409 255 29 36 0.8222
547 234 14 16 0.5071
544 235 14 15 0.2416
269 241 10 13 0.2346
90 232 8 9 0.2079
87 232 8 9 0.1915
89 232 8 9 0.1745
86 231 8 10 0.1684
990 229 6 8 0.1454
993 229 6 8 0.1247
267 242 10 12 0.1234
233 238 8 10 0.1206
1010 230 6 8 0.0998
235 238 8 10 0.0969
800 293 17 19 0.0930
796 292 18 20 0.0891
1012 230 6 8 0.0667
991 231 6 7 0.0654
231 238 9 10 0.0505
800 291 15 18 0.0430
191 235 6 8 0.0415
994 230 6 8 0.0386
187 235 8 9 0.0364
973 237 5 6 0.0337
271 242 9 12 0.0329
22 226 9 11 0.0306
287 194 6 8 0.0298
290 194 7 8 0.0291
288 195 6 8 0.0287
292 195 6 7 0.0280
290 282 17 24 0.0267
236 236 7 10 0.0261
1008 230 6 8 0.0260
272 240 9 12 0.0257
25 225 8 12 0.0241
344 257 15 20 0.0234
189 234 7 8 0.0226
232 236 8 10 0.0207
352 254 22 25 0.0191
186 234 7 8 0.0174
235 240 8 9 0.0173
267 243 10 12 0.0171
990 230 5 7 0.0147
32 202 6 8 0.0133
35 202 6 8 0.0129
237 235 7 9 0.0122
250 234 7 9 0.0121
86 233 8 9 0.0112
795 291 16 19 0.0108
