54_Rescue_rescuepeople_54_589
23
601 371 65 75 0.8665
832 410 61 82 0.8659
290 358 61 76 0.8652
952 496 50 64 0.8577
460 378 62 74 0.8511
113 411 64 56 0.8363
1 488 18 23 0.5018
679 437 46 56 0.4326
1006 586 18 59 0.2475
1006 584 18 56 0.1629
3 488 18 23 0.1142
1002 582 22 64 0.1004
998 588 26 55 0.0494
665 437 48 58 0.0405
1008 591 16 55 0.0375
785 466 47 54 0.0361
671 436 52 61 0.0345
894 491 49 58 0.0311
181 417 27 26 0.0176
831 410 62 82 0.0149
996 594 28 51 0.0145
529 437 41 48 0.0143
1011 571 13 62 0.0117
