54_Rescue_rescuepeople_54_581
349
420 330 11 14 0.5890
1013 372 10 14 0.5761
304 191 9 11 0.5078
480 314 11 15 0.4950
0 335 6 12 0.4822
97 358 9 12 0.4574
840 368 10 13 0.4474
372 353 10 14 0.4448
505 180 10 13 0.4446
691 373 10 13 0.4422
814 366 9 13 0.4269
479 353 9 13 0.4238
405 179 9 11 0.4215
623 187 10 12 0.4212
802 193 9 12 0.4171
974 422 11 13 0.4163
536 368 10 12 0.4161
962 307 11 13 0.4140
265 330 10 14 0.4120
315 338 10 13 0.4115
318 338 10 13 0.4045
537 316 10 13 0.4025
1000 367 10 13 0.3992
213 330 11 14 0.3986
55 348 9 12 0.3982
652 198 9 12 0.3949
596 354 9 14 0.3939
908 370 11 13 0.3901
642 365 10 13 0.3886
747 198 10 12 0.3862
286 191 9 11 0.3858
104 193 10 13 0.3806
361 360 10 12 0.3793
692 191 9 13 0.3780
790 364 10 13 0.3773
385 188 10 12 0.3773
261 330 11 14 0.3750
289 191 9 11 0.3738
168 352 10 13 0.3712
937 197 9 12 0.3691
743 370 10 14 0.3686
479 178 8 11 0.3597
233 193 9 11 0.3595
850 182 10 11 0.3586
843 368 10 13 0.3566
233 352 10 12 0.3537
91 336 11 13 0.3529
922 315 9 12 0.3523
538 316 11 13 0.3522
804 193 10 12 0.3508
906 370 10 13 0.3504
383 187 9 12 0.3489
965 307 11 13 0.3485
540 336 10 13 0.3473
817 366 9 13 0.3472
741 371 10 13 0.3437
360 342 10 13 0.3430
793 364 10 12 0.3430
655 198 8 12 0.3425
236 352 10 11 0.3422
889 311 10 13 0.3409
689 372 10 13 0.3396
626 187 9 12 0.3328
482 314 12 15 0.3318
887 311 9 13 0.3277
99 359 9 12 0.3259
538 368 10 12 0.3254
508 180 10 13 0.3236
209 202 8 10 0.3218
434 182 10 12 0.3210
975 201 8 10 0.3201
814 182 9 12 0.3189
212 202 8 10 0.3188
323 197 8 11 0.3180
644 365 10 13 0.3162
997 367 10 14 0.3159
970 189 9 11 0.3125
750 198 10 12 0.3120
874 376 9 13 0.3119
958 195 10 12 0.3111
918 315 10 13 0.3103
6 190 7 10 0.3103
166 352 10 13 0.3101
698 356 8 12 0.3044
1016 308 8 12 0.3034
671 199 8 10 0.3032
599 354 9 14 0.3013
394 176 8 11 0.2980
886 352 11 15 0.2919
923 208 7 9 0.2850
816 182 9 11 0.2822
193 183 8 11 0.2806
481 353 10 13 0.2778
853 182 10 11 0.2749
107 193 10 12 0.2744
482 178 8 11 0.2740
957 195 9 12 0.2724
244 334 9 11 0.2703
359 342 9 12 0.2676
453 192 8 10 0.2664
690 191 9 12 0.2650
396 176 9 11 0.2648
877 377 9 13 0.2603
902 207 8 10 0.2596
116 386 8 10 0.2577
883 195 9 11 0.2571
905 208 8 9 0.2565
978 201 9 10 0.2561
203 328 10 12 0.2545
881 195 9 11 0.2537
977 423 10 13 0.2519
321 196 8 11 0.2512
6 335 9 11 0.2470
474 197 7 10 0.2389
90 336 10 13 0.2378
375 353 10 14 0.2271
32 184 9 12 0.2223
902 208 8 10 0.2219
960 195 9 12 0.2197
170 352 10 13 0.2182
700 357 9 11 0.2159
242 334 9 11 0.2114
674 199 8 10 0.2110
457 191 8 11 0.2109
433 181 9 12 0.2108
694 191 9 13 0.2097
58 348 9 12 0.2022
250 185 8 12 0.2009
426 204 8 10 0.2006
195 183 9 11 0.2003
471 198 7 9 0.2000
363 342 9 12 0.1999
9 189 7 11 0.1994
939 197 9 12 0.1992
935 197 8 11 0.1988
407 334 7 10 0.1984
108 221 7 8 0.1952
236 192 9 12 0.1915
828 360 9 11 0.1872
912 199 8 10 0.1832
532 430 8 12 0.1809
843 191 9 10 0.1798
325 197 8 11 0.1796
889 352 11 14 0.1780
969 188 8 10 0.1771
195 182 9 12 0.1757
543 336 9 13 0.1740
825 360 9 11 0.1731
412 352 9 13 0.1707
540 316 10 13 0.1677
884 196 9 11 0.1675
1018 310 6 13 0.1667
1016 372 8 13 0.1628
119 385 8 10 0.1624
881 197 9 11 0.1621
433 182 9 12 0.1593
35 184 10 12 0.1574
363 360 9 12 0.1574
111 221 7 9 0.1561
409 334 8 11 0.1560
208 329 11 13 0.1536
436 182 10 12 0.1531
415 351 9 13 0.1462
916 201 8 10 0.1454
535 430 8 12 0.1433
404 181 8 10 0.1408
407 180 9 10 0.1392
847 192 8 10 0.1323
429 204 8 10 0.1268
246 335 9 11 0.1224
670 198 7 9 0.1223
306 191 8 11 0.1193
247 185 8 11 0.1191
109 222 7 9 0.1171
911 202 9 11 0.1167
112 222 7 9 0.1114
846 189 9 12 0.1102
193 183 8 12 0.1087
10 335 9 10 0.1060
90 337 10 13 0.1054
972 421 10 14 0.1017
56 349 10 12 0.1013
547 436 9 12 0.1000
250 184 7 11 0.0983
744 370 10 13 0.0977
454 193 8 10 0.0959
968 189 8 10 0.0956
816 183 9 11 0.0912
365 229 7 8 0.0898
119 387 8 9 0.0893
31 184 9 11 0.0891
872 375 8 13 0.0872
403 354 9 12 0.0865
1 335 8 11 0.0859
335 355 8 11 0.0846
979 369 10 14 0.0804
369 229 6 9 0.0802
324 196 8 11 0.0798
115 385 8 10 0.0782
885 310 10 14 0.0760
407 336 8 10 0.0726
34 183 9 12 0.0718
235 193 8 12 0.0706
844 193 8 10 0.0701
470 196 8 10 0.0695
538 337 9 12 0.0691
365 360 8 11 0.0685
432 322 9 12 0.0685
389 364 8 10 0.0671
429 322 9 12 0.0670
672 198 8 10 0.0657
410 335 8 10 0.0630
621 363 9 11 0.0627
539 334 10 14 0.0612
544 180 9 10 0.0603
94 336 9 13 0.0584
593 236 7 7 0.0575
428 206 7 9 0.0573
596 235 7 8 0.0569
93 336 10 12 0.0552
59 349 10 12 0.0544
854 183 9 11 0.0542
0 184 5 10 0.0511
702 359 8 10 0.0508
872 376 8 12 0.0507
237 193 9 11 0.0504
443 331 8 10 0.0497
976 199 9 11 0.0491
395 175 8 11 0.0464
847 192 9 11 0.0455
957 195 8 11 0.0453
548 180 9 11 0.0450
414 350 10 12 0.0446
546 438 9 10 0.0445
640 365 10 12 0.0445
540 368 9 12 0.0431
438 181 9 12 0.0429
546 182 8 10 0.0414
236 193 8 11 0.0400
419 329 9 13 0.0400
653 198 8 10 0.0396
392 364 8 10 0.0395
980 370 11 14 0.0391
911 199 9 10 0.0388
116 387 8 9 0.0383
551 437 8 11 0.0370
889 311 9 12 0.0369
393 176 9 11 0.0365
370 322 8 10 0.0363
197 183 8 11 0.0357
397 354 8 11 0.0357
597 237 7 8 0.0354
875 375 9 12 0.0353
7 188 7 10 0.0351
191 182 9 11 0.0341
433 327 10 13 0.0336
533 427 9 12 0.0323
7 191 7 10 0.0321
709 185 9 11 0.0315
550 182 9 10 0.0313
876 375 10 12 0.0309
934 197 8 11 0.0308
693 373 10 13 0.0301
368 321 7 11 0.0300
593 238 8 8 0.0295
437 324 9 12 0.0295
395 317 8 10 0.0285
633 315 9 11 0.0276
483 180 8 10 0.0270
620 361 8 12 0.0266
204 328 10 12 0.0263
431 206 8 9 0.0261
7 190 8 11 0.0250
746 197 9 11 0.0242
423 333 10 12 0.0240
391 316 8 11 0.0237
231 352 9 11 0.0234
934 198 8 11 0.0223
981 373 9 12 0.0222
201 328 9 11 0.0222
911 370 10 13 0.0221
530 428 9 11 0.0216
382 186 8 10 0.0216
331 354 8 12 0.0215
450 334 9 11 0.0211
212 200 8 10 0.0210
977 199 8 10 0.0209
362 344 9 12 0.0209
10 190 7 10 0.0205
636 315 10 11 0.0205
107 194 9 12 0.0200
210 333 10 11 0.0196
243 334 8 10 0.0195
110 221 7 9 0.0193
392 175 8 11 0.0191
387 188 9 11 0.0189
542 335 10 12 0.0183
455 331 9 11 0.0180
791 363 10 12 0.0178
542 433 9 12 0.0176
923 317 9 11 0.0171
978 373 11 13 0.0169
411 357 8 10 0.0168
825 359 9 10 0.0157
885 351 11 13 0.0156
393 319 9 11 0.0152
698 355 9 12 0.0151
899 337 9 11 0.0145
211 204 7 9 0.0143
236 351 10 11 0.0142
368 323 8 11 0.0140
336 354 8 10 0.0135
694 191 9 12 0.0134
1012 308 10 12 0.0133
478 179 7 10 0.0130
289 191 9 10 0.0130
1011 374 9 13 0.0128
385 306 8 9 0.0128
450 192 8 11 0.0128
1011 372 11 14 0.0127
367 228 7 8 0.0127
423 203 8 10 0.0122
303 190 8 10 0.0121
110 195 9 10 0.0120
214 204 7 9 0.0119
881 196 9 11 0.0119
121 387 7 9 0.0117
689 374 10 13 0.0117
338 358 7 10 0.0116
546 179 9 10 0.0116
884 354 10 11 0.0115
480 180 7 10 0.0114
711 183 8 11 0.0113
387 192 8 10 0.0113
382 306 8 9 0.0113
364 228 7 9 0.0112
439 328 8 10 0.0107
390 194 7 9 0.0107
998 366 10 12 0.0106
883 354 10 13 0.0105
359 359 8 11 0.0104
478 194 8 9 0.0104
921 417 8 10 0.0103
653 198 8 11 0.0103
708 184 9 12 0.0102
1018 215 6 15 0.0102
977 422 11 13 0.0102
409 180 9 10 0.0101
1007 398 12 12 0.0101
