54_Rescue_rescuepeople_54_159
134
887 28 31 38 0.7795
348 115 24 30 0.7622
712 84 23 28 0.6885
630 175 30 40 0.6840
517 178 22 29 0.6702
779 31 20 26 0.6218
419 228 24 24 0.6028
633 113 21 27 0.5988
773 101 21 27 0.5764
748 133 31 37 0.5388
299 205 21 27 0.5288
588 95 21 27 0.5189
687 109 28 34 0.5075
813 59 19 26 0.4982
792 77 22 27 0.4914
807 35 20 25 0.4733
798 101 26 34 0.4690
295 204 22 28 0.3232
810 35 20 25 0.3044
547 169 22 30 0.2737
591 95 21 27 0.2654
689 108 28 35 0.2562
711 17 22 26 0.2462
790 77 20 25 0.2277
158 79 29 35 0.2180
570 82 17 22 0.1924
488 425 25 36 0.1876
484 425 27 36 0.1515
635 113 20 28 0.1510
566 82 17 22 0.1502
751 52 21 27 0.1377
837 141 32 42 0.1247
810 59 18 25 0.1177
738 94 23 30 0.1100
423 227 22 25 0.1092
569 79 17 22 0.0952
784 31 19 25 0.0785
803 11 19 25 0.0688
514 178 22 29 0.0648
749 52 18 25 0.0568
846 14 20 28 0.0516
553 169 19 29 0.0504
706 18 21 24 0.0484
760 52 22 29 0.0471
463 491 40 52 0.0469
512 397 29 38 0.0462
445 48 18 19 0.0446
566 78 16 22 0.0437
99 79 17 19 0.0405
774 101 22 28 0.0388
267 130 24 26 0.0384
507 397 31 38 0.0366
155 81 24 32 0.0345
466 490 43 55 0.0321
396 68 22 25 0.0318
740 90 19 26 0.0293
848 14 23 30 0.0290
100 81 20 23 0.0290
91 0 16 16 0.0288
739 98 24 31 0.0283
745 93 22 31 0.0279
856 29 20 24 0.0277
165 80 29 33 0.0277
240 211 20 26 0.0276
29 219 28 28 0.0276
172 121 20 26 0.0275
905 6 21 25 0.0255
845 12 17 23 0.0253
652 113 17 24 0.0251
266 123 22 26 0.0251
658 116 21 27 0.0249
746 53 19 25 0.0248
465 498 39 48 0.0239
752 133 29 35 0.0231
796 78 22 28 0.0230
508 403 29 36 0.0228
111 134 20 25 0.0227
794 104 23 31 0.0221
110 7 17 19 0.0221
719 85 20 26 0.0218
512 104 20 25 0.0217
361 397 22 31 0.0211
746 90 18 25 0.0209
659 49 17 21 0.0199
481 246 23 29 0.0194
272 124 22 25 0.0189
144 187 26 31 0.0188
357 397 23 31 0.0187
0 144 10 37 0.0184
657 115 18 24 0.0175
703 109 19 28 0.0173
0 149 13 34 0.0170
655 49 17 21 0.0169
849 11 19 26 0.0168
864 31 18 25 0.0165
94 5 14 18 0.0164
509 100 18 24 0.0163
272 130 25 27 0.0154
106 7 16 19 0.0153
515 401 27 36 0.0152
676 111 22 29 0.0150
542 171 22 31 0.0148
95 1 17 17 0.0147
467 497 45 51 0.0147
399 67 24 26 0.0146
531 87 17 19 0.0146
775 29 20 27 0.0145
857 53 18 25 0.0143
760 49 19 27 0.0140
464 488 31 42 0.0139
775 0 19 15 0.0139
167 121 21 26 0.0135
228 180 24 31 0.0134
452 488 39 53 0.0134
526 87 18 21 0.0129
453 486 34 45 0.0129
916 74 20 24 0.0129
674 33 16 22 0.0128
722 17 20 25 0.0123
516 104 22 28 0.0120
465 516 37 38 0.0119
421 229 23 24 0.0117
815 61 21 29 0.0117
381 242 23 31 0.0116
263 114 23 25 0.0116
653 116 21 27 0.0113
767 100 21 27 0.0111
582 8 18 21 0.0109
383 238 20 28 0.0108
854 52 17 24 0.0105
149 89 23 31 0.0104
226 0 22 10 0.0104
893 0 26 8 0.0103
677 114 26 31 0.0101
