54_Rescue_firemanrescue_54_939
24
159 108 75 103 0.8611
65 579 18 27 0.4753
470 617 10 11 0.2584
474 616 10 13 0.2409
580 597 13 16 0.2360
578 596 13 16 0.2110
440 631 9 11 0.2092
437 631 9 11 0.2046
69 580 16 26 0.1933
583 596 12 16 0.1764
584 597 12 16 0.1028
435 632 9 10 0.0983
440 632 9 11 0.0277
672 504 9 12 0.0228
676 504 9 12 0.0220
477 616 9 12 0.0204
470 616 10 12 0.0192
908 524 9 12 0.0170
436 629 8 10 0.0155
472 614 9 12 0.0140
439 634 8 11 0.0134
903 525 10 12 0.0116
488 635 9 11 0.0109
905 522 10 13 0.0105
