43_Row_Boat_Canoe_43_458
231
639 410 8 10 0.5068
886 428 12 15 0.5014
730 421 10 12 0.4786
612 401 8 11 0.4465
818 427 12 12 0.4298
490 395 7 9 0.4090
847 427 11 14 0.4030
711 421 9 12 0.3964
527 403 8 9 0.3964
748 422 10 12 0.3872
663 408 9 10 0.3813
625 417 8 11 0.3759
745 421 10 13 0.3706
708 421 9 12 0.3648
512 372 7 8 0.3387
474 396 6 8 0.3307
509 372 7 8 0.3282
582 398 7 9 0.3272
622 417 8 11 0.3208
542 393 7 9 0.3136
850 427 11 14 0.3057
598 400 7 10 0.3032
660 408 9 10 0.2989
526 388 7 9 0.2903
540 393 7 9 0.2873
579 398 7 9 0.2815
510 401 6 8 0.2801
884 428 12 15 0.2800
562 395 7 9 0.2744
555 396 7 8 0.2723
507 400 7 9 0.2719
462 396 7 8 0.2694
656 418 9 10 0.2683
524 388 6 9 0.2656
793 428 9 12 0.2642
688 417 9 11 0.2595
685 417 9 11 0.2350
791 430 9 11 0.2269
794 429 10 12 0.2237
489 380 6 7 0.2166
688 416 8 11 0.2164
458 396 7 8 0.2107
457 371 6 8 0.2098
407 375 6 7 0.2016
454 371 6 8 0.1997
485 379 7 8 0.1964
379 340 6 8 0.1952
294 333 5 6 0.1940
685 416 8 11 0.1911
560 395 7 8 0.1890
376 340 6 8 0.1869
471 396 7 7 0.1829
790 428 10 12 0.1799
583 410 7 9 0.1792
312 330 6 6 0.1643
478 376 7 8 0.1629
817 427 10 12 0.1625
291 333 5 7 0.1503
310 330 5 6 0.1443
527 389 6 9 0.1384
542 405 7 9 0.1371
771 428 10 11 0.1357
544 405 7 9 0.1350
384 372 6 8 0.1341
435 346 6 8 0.1309
507 401 6 9 0.1301
446 392 6 8 0.1275
510 401 7 9 0.1273
615 401 7 11 0.1249
377 341 6 8 0.1246
396 378 5 7 0.1246
637 409 8 10 0.1218
431 346 7 8 0.1209
773 430 10 11 0.1159
623 416 8 10 0.1147
611 403 7 10 0.1132
580 409 8 9 0.1090
323 335 5 7 0.1086
292 332 5 6 0.1016
15 306 6 7 0.1004
380 341 6 8 0.0986
380 372 7 8 0.0959
822 426 10 12 0.0956
603 413 7 9 0.0953
849 428 11 13 0.0951
320 339 6 7 0.0943
392 378 6 7 0.0942
459 395 6 8 0.0935
281 321 4 6 0.0928
472 395 7 9 0.0913
432 389 6 7 0.0856
247 321 5 6 0.0855
409 376 5 7 0.0837
504 384 7 8 0.0787
597 400 7 9 0.0783
216 305 5 5 0.0783
210 312 5 6 0.0773
435 388 7 7 0.0771
277 322 5 6 0.0759
234 322 5 6 0.0757
6 305 5 7 0.0728
214 315 5 6 0.0725
218 306 4 5 0.0717
412 350 6 7 0.0706
523 390 7 9 0.0696
455 370 6 8 0.0696
24 292 6 7 0.0690
635 409 8 9 0.0684
375 377 6 7 0.0670
339 344 5 6 0.0659
394 376 6 8 0.0640
555 395 7 9 0.0635
20 293 6 7 0.0633
317 339 6 7 0.0629
447 392 6 7 0.0616
342 345 5 6 0.0616
409 350 6 7 0.0605
435 392 5 8 0.0601
452 370 6 8 0.0588
491 395 7 9 0.0586
19 292 6 7 0.0572
360 340 5 7 0.0569
23 292 5 6 0.0564
578 397 7 9 0.0561
321 333 6 7 0.0560
542 393 8 9 0.0555
214 305 5 6 0.0552
245 320 5 6 0.0544
727 420 10 12 0.0542
578 398 8 9 0.0538
659 420 9 11 0.0538
326 336 5 7 0.0531
358 349 5 8 0.0523
3 305 5 7 0.0512
342 372 6 6 0.0509
431 392 6 8 0.0506
339 371 5 6 0.0499
363 377 6 6 0.0494
820 428 12 13 0.0480
279 320 5 6 0.0478
426 328 6 7 0.0467
365 378 5 6 0.0421
600 411 8 10 0.0414
358 341 5 6 0.0409
318 338 6 7 0.0403
250 322 5 5 0.0402
582 397 7 9 0.0392
728 422 9 11 0.0392
276 319 5 7 0.0386
599 414 7 9 0.0383
413 350 6 7 0.0379
232 320 6 7 0.0372
574 408 7 10 0.0360
210 316 5 6 0.0359
19 305 5 7 0.0357
651 413 8 11 0.0342
623 415 9 12 0.0338
663 407 7 10 0.0337
342 344 5 6 0.0332
357 353 6 7 0.0327
48 292 6 7 0.0324
46 293 6 7 0.0317
44 292 6 7 0.0315
50 293 6 7 0.0310
433 343 6 9 0.0305
340 370 6 7 0.0305
291 333 6 7 0.0301
249 320 5 6 0.0297
193 285 5 6 0.0292
429 330 6 7 0.0288
276 331 5 7 0.0285
641 410 9 11 0.0283
190 284 5 7 0.0280
195 290 5 5 0.0279
205 311 5 7 0.0267
475 376 6 7 0.0267
888 428 12 15 0.0266
255 329 5 6 0.0266
270 341 5 7 0.0263
212 313 5 6 0.0260
453 372 6 7 0.0260
382 371 6 8 0.0253
511 370 6 9 0.0251
186 268 5 7 0.0251
411 375 7 7 0.0251
428 337 7 9 0.0250
326 333 5 6 0.0249
386 371 7 8 0.0242
245 322 5 6 0.0242
338 369 5 7 0.0222
578 409 7 9 0.0219
13 306 6 8 0.0208
614 402 8 10 0.0201
190 267 5 6 0.0196
394 369 6 8 0.0195
435 346 7 8 0.0192
206 318 5 7 0.0189
484 409 6 9 0.0187
375 341 6 7 0.0184
660 407 7 9 0.0181
508 370 7 9 0.0180
416 349 6 8 0.0179
817 429 11 12 0.0178
186 267 5 6 0.0177
419 387 6 8 0.0171
424 328 6 7 0.0159
598 399 7 9 0.0158
341 370 6 7 0.0152
249 327 5 6 0.0151
291 336 5 7 0.0143
420 389 6 8 0.0140
37 292 6 7 0.0140
267 342 5 5 0.0140
706 421 8 11 0.0139
75 312 5 6 0.0138
359 377 5 7 0.0135
17 293 7 7 0.0135
180 281 5 7 0.0129
189 266 5 6 0.0126
513 373 7 8 0.0125
190 288 5 6 0.0120
181 271 5 7 0.0118
61 302 6 6 0.0118
288 336 5 7 0.0118
437 379 7 8 0.0116
283 322 6 7 0.0115
191 286 5 6 0.0113
311 328 5 7 0.0111
379 371 6 7 0.0106
210 346 5 6 0.0106
274 322 5 6 0.0103
