43_Row_Boat_Canoe_43_325
52
690 395 18 22 0.8170
492 373 20 26 0.6989
917 421 16 19 0.6818
185 383 18 22 0.6761
989 363 16 21 0.5997
321 401 10 19 0.5447
796 415 17 22 0.5417
444 403 17 20 0.5281
601 404 14 18 0.4748
386 379 16 23 0.4418
247 384 16 23 0.4380
385 376 16 25 0.3690
798 415 17 22 0.3561
991 363 16 22 0.3045
572 406 15 17 0.3007
249 383 16 24 0.2929
319 401 10 18 0.1668
143 384 15 21 0.1489
603 405 15 20 0.1234
447 405 18 19 0.0982
574 407 16 17 0.0967
184 383 17 22 0.0841
915 420 15 19 0.0455
600 398 12 15 0.0449
421 352 11 11 0.0425
495 377 18 22 0.0382
788 368 10 14 0.0370
606 401 14 19 0.0347
146 384 15 22 0.0305
419 352 10 11 0.0299
440 401 15 20 0.0286
790 368 10 14 0.0258
144 379 12 19 0.0251
323 402 11 18 0.0230
579 391 11 14 0.0199
570 409 14 15 0.0187
599 401 13 16 0.0180
569 406 13 16 0.0177
275 387 14 17 0.0176
374 328 9 10 0.0150
389 380 16 23 0.0148
377 328 9 10 0.0148
147 380 12 18 0.0146
608 410 15 18 0.0128
400 398 14 18 0.0127
451 405 15 17 0.0126
269 386 13 18 0.0124
596 404 13 17 0.0119
915 421 14 19 0.0114
404 386 14 20 0.0113
129 355 9 12 0.0109
467 346 8 10 0.0109
