43_Row_Boat_Canoe_43_942
35
910 460 26 28 0.8589
369 453 24 26 0.8479
180 476 26 29 0.8446
466 436 20 26 0.8401
366 513 20 33 0.7101
997 393 14 16 0.6320
266 383 14 16 0.6280
836 386 12 13 0.3235
839 386 11 13 0.2416
634 146 5 6 0.1422
604 146 5 6 0.1173
602 146 5 6 0.1169
263 383 14 15 0.1120
637 145 5 7 0.1106
402 253 5 5 0.0638
400 252 5 5 0.0578
605 146 5 6 0.0522
1001 394 12 15 0.0436
635 146 5 6 0.0411
404 253 5 5 0.0340
399 254 4 5 0.0330
638 146 5 6 0.0327
403 252 5 5 0.0321
602 147 5 6 0.0300
996 394 12 15 0.0267
399 252 4 5 0.0251
545 383 9 11 0.0238
547 383 11 12 0.0207
606 145 5 7 0.0149
343 394 9 10 0.0147
340 393 8 10 0.0141
254 259 4 5 0.0131
251 259 4 5 0.0130
1002 393 14 15 0.0112
603 145 5 6 0.0100
