21_Festival_Festival_21_42
1451
764 1194 13 19 0.6295
103 1329 18 22 0.6207
65 1225 14 18 0.6080
753 1314 15 19 0.6031
902 1324 16 20 0.5990
801 1284 15 20 0.5938
0 1267 9 16 0.5840
682 1267 14 17 0.5740
702 1290 14 19 0.5713
698 1317 15 19 0.5507
83 1224 12 16 0.5441
773 1315 15 20 0.5396
38 1278 17 21 0.5381
773 1222 15 19 0.5302
637 1258 14 19 0.5087
702 1344 15 20 0.5081
770 1274 14 20 0.4980
665 1258 14 17 0.4830
18 1163 14 19 0.4787
741 1191 13 16 0.4661
99 1165 14 19 0.4639
698 1074 12 14 0.4614
169 1200 14 17 0.4591
812 1009 11 12 0.4538
652 1191 12 17 0.4505
51 1209 13 17 0.4484
124 1092 12 16 0.4471
629 1232 13 18 0.4468
725 1274 14 18 0.4392
630 1023 10 13 0.4384
256 1006 10 12 0.4365
768 953 9 11 0.4362
874 1328 14 19 0.4272
141 1276 15 19 0.4175
670 1224 13 18 0.4163
593 1162 13 17 0.4140
122 1160 14 18 0.4136
897 1204 14 19 0.4131
708 1215 13 16 0.4123
601 1265 12 16 0.4120
668 1286 14 18 0.4094
537 1283 13 18 0.4086
167 1050 10 13 0.4067
571 1199 13 16 0.4046
97 1068 10 15 0.4043
901 1203 14 21 0.4019
625 1334 13 17 0.4009
210 1055 11 13 0.3937
2 1183 15 22 0.3936
98 1094 12 16 0.3898
596 1162 13 17 0.3881
80 1325 14 18 0.3848
232 1054 10 13 0.3836
701 1190 13 16 0.3805
149 1148 12 16 0.3786
174 1109 12 16 0.3779
154 1113 11 15 0.3768
916 1134 12 15 0.3760
731 1176 12 16 0.3733
158 1265 14 18 0.3726
724 1340 14 20 0.3712
64 964 10 12 0.3684
159 1085 11 16 0.3682
792 1013 10 12 0.3675
142 1172 13 17 0.3668
115 1231 12 16 0.3666
831 946 9 11 0.3666
734 874 8 11 0.3662
624 1193 12 15 0.3633
46 970 9 12 0.3619
627 1193 13 15 0.3610
162 1085 11 15 0.3578
4 1183 15 22 0.3576
728 1176 12 16 0.3568
115 1254 11 16 0.3561
103 1242 12 17 0.3560
22 1103 11 15 0.3559
75 1056 11 14 0.3551
161 1266 14 17 0.3536
696 1317 14 19 0.3527
112 1112 12 15 0.3526
660 1327 12 16 0.3520
166 1067 10 13 0.3507
144 1276 14 19 0.3475
34 1352 16 14 0.3462
628 1334 13 17 0.3459
641 1173 12 15 0.3458
644 1173 12 15 0.3443
575 1199 13 16 0.3431
362 991 12 16 0.3426
92 1045 11 15 0.3422
609 1076 11 13 0.3419
257 988 10 12 0.3411
878 1328 13 18 0.3383
39 1071 12 14 0.3370
109 1112 12 14 0.3363
111 1231 13 16 0.3363
145 1148 14 16 0.3362
644 1149 11 16 0.3345
608 1227 12 15 0.3341
595 1204 13 18 0.3323
745 1191 12 17 0.3318
221 1122 10 13 0.3310
640 1257 14 20 0.3303
712 1214 12 17 0.3296
92 1348 16 18 0.3289
102 991 11 13 0.3285
541 1283 13 18 0.3285
453 1007 10 12 0.3281
772 939 9 11 0.3270
776 1222 15 19 0.3269
55 1057 10 13 0.3261
887 1024 9 13 0.3259
193 1065 11 14 0.3256
122 924 9 11 0.3255
76 1324 15 18 0.3254
365 991 12 16 0.3244
984 1164 11 16 0.3240
699 1190 12 16 0.3217
259 960 9 11 0.3210
840 1053 10 15 0.3179
95 1165 14 18 0.3161
604 1265 12 17 0.3151
728 1273 14 19 0.3128
919 1133 12 16 0.3124
131 1069 10 13 0.3122
607 989 9 11 0.3117
94 1093 12 17 0.3114
80 1271 14 19 0.3110
44 1094 11 15 0.3109
128 1094 12 16 0.3107
476 1013 9 12 0.3097
255 1321 15 18 0.3096
621 974 9 12 0.3091
838 1089 11 15 0.3088
174 1035 12 15 0.3085
870 1173 12 15 0.3085
615 959 9 11 0.3074
702 1008 10 12 0.3072
146 1172 12 17 0.3070
114 1053 11 14 0.3067
312 835 8 10 0.3057
865 1173 12 15 0.3053
95 1349 17 17 0.3049
44 1334 14 18 0.3048
75 1271 15 19 0.3029
150 1112 12 16 0.3023
988 1164 11 16 0.3022
122 1189 12 15 0.3021
642 939 8 10 0.3009
236 973 9 12 0.3006
217 1122 10 14 0.2991
714 882 8 10 0.2970
971 1047 11 15 0.2959
663 1326 13 17 0.2956
619 936 8 10 0.2955
647 1149 12 16 0.2953
58 1265 13 17 0.2915
277 848 9 10 0.2897
634 983 9 12 0.2894
616 1024 10 12 0.2892
591 1204 13 18 0.2887
264 1024 11 14 0.2886
604 947 9 11 0.2886
47 1209 13 18 0.2873
890 1024 10 13 0.2860
856 1221 12 16 0.2856
601 947 9 11 0.2846
131 1131 11 14 0.2824
776 1316 15 19 0.2805
42 1070 10 14 0.2801
686 1049 10 13 0.2799
597 986 9 11 0.2792
650 887 8 9 0.2786
974 1047 11 15 0.2781
845 973 8 11 0.2769
834 1089 11 15 0.2766
388 1294 10 17 0.2765
261 1025 11 14 0.2765
127 1069 10 13 0.2752
207 933 9 11 0.2752
228 1054 11 13 0.2743
128 1224 11 16 0.2730
307 818 8 9 0.2727
99 991 10 13 0.2724
162 1067 10 13 0.2721
206 981 10 12 0.2713
62 963 11 14 0.2709
42 1278 15 21 0.2699
767 1275 13 18 0.2691
697 878 7 11 0.2686
285 893 9 11 0.2675
540 861 9 11 0.2669
646 938 8 11 0.2667
713 856 8 10 0.2667
827 1000 10 13 0.2660
800 872 7 9 0.2652
604 1002 9 12 0.2651
111 1054 10 14 0.2644
255 944 8 10 0.2640
93 1068 11 15 0.2614
804 872 7 9 0.2614
111 1254 12 16 0.2606
611 1043 10 12 0.2596
591 1054 10 13 0.2596
608 1042 9 12 0.2594
181 1011 10 12 0.2589
669 1138 11 14 0.2588
7 1184 14 20 0.2584
631 926 8 10 0.2578
702 1262 13 15 0.2575
127 1130 12 15 0.2573
717 856 7 10 0.2559
450 1007 9 12 0.2554
220 974 9 11 0.2552
106 949 10 13 0.2546
41 1094 11 15 0.2538
608 1002 9 11 0.2533
707 894 8 11 0.2532
612 1226 12 16 0.2529
613 1024 10 12 0.2515
655 1190 12 18 0.2513
848 973 9 11 0.2511
268 887 9 11 0.2509
159 1242 12 15 0.2495
438 963 11 12 0.2492
62 1265 13 18 0.2482
257 849 9 11 0.2479
257 916 9 11 0.2472
182 1136 11 15 0.2461
544 861 8 11 0.2457
442 963 10 13 0.2450
50 1232 13 15 0.2444
123 879 9 11 0.2438
40 1334 15 19 0.2438
638 868 6 9 0.2431
634 897 7 10 0.2424
43 970 9 12 0.2418
736 1104 10 12 0.2407
693 878 7 10 0.2406
626 1007 10 12 0.2405
246 817 7 9 0.2405
581 953 9 11 0.2403
698 1007 10 13 0.2401
304 848 8 11 0.2398
656 1303 13 15 0.2393
823 1059 9 12 0.2392
178 1010 10 13 0.2383
750 949 9 12 0.2383
173 1218 14 17 0.2377
25 1041 10 14 0.2370
723 1339 13 19 0.2368
674 1224 12 19 0.2363
290 870 9 11 0.2363
610 910 8 10 0.2348
634 1066 12 15 0.2345
686 1072 11 14 0.2337
722 1121 9 14 0.2332
72 1025 11 13 0.2329
278 830 8 10 0.2324
209 980 10 13 0.2323
196 1083 10 14 0.2318
630 896 8 10 0.2318
21 1163 13 19 0.2317
257 897 9 11 0.2294
871 902 10 12 0.2275
646 995 10 13 0.2268
188 854 8 10 0.2263
184 854 8 10 0.2261
825 867 8 10 0.2257
556 1138 11 13 0.2255
246 1001 10 13 0.2250
683 1072 10 14 0.2248
858 1222 12 16 0.2242
588 1055 9 12 0.2240
154 1017 9 13 0.2239
165 1047 12 15 0.2239
108 1329 15 22 0.2228
196 1065 10 14 0.2224
847 958 9 11 0.2220
776 901 7 9 0.2215
830 999 10 13 0.2208
330 828 8 10 0.2206
276 922 9 10 0.2205
199 1081 10 14 0.2202
72 956 10 13 0.2202
728 1340 14 19 0.2201
245 1141 11 14 0.2196
22 1041 11 14 0.2191
788 946 7 10 0.2190
203 909 9 11 0.2175
751 1261 11 15 0.2174
261 863 8 11 0.2172
176 978 8 12 0.2161
211 1015 10 13 0.2151
638 840 7 8 0.2151
875 902 9 11 0.2143
384 1294 11 17 0.2142
287 824 8 9 0.2139
701 840 7 10 0.2139
269 900 8 10 0.2137
20 1102 11 15 0.2135
579 981 8 11 0.2133
121 1186 11 15 0.2132
132 1067 10 13 0.2124
233 803 7 9 0.2114
203 934 9 11 0.2112
395 1141 13 16 0.2109
237 1026 10 12 0.2109
276 948 8 11 0.2108
215 1005 10 12 0.2106
610 885 8 10 0.2105
671 1287 13 18 0.2104
593 919 8 10 0.2103
666 941 8 11 0.2098
126 879 8 11 0.2096
228 822 7 10 0.2082
227 904 8 10 0.2079
574 1001 10 13 0.2079
177 1217 13 17 0.2074
560 1138 11 13 0.2072
877 999 9 11 0.2069
300 849 8 10 0.2069
120 1012 9 12 0.2065
769 940 9 10 0.2061
818 940 8 11 0.2061
601 904 7 10 0.2060
326 828 8 9 0.2050
647 1044 10 14 0.2047
791 946 8 10 0.2039
207 1278 12 17 0.2038
650 1045 10 13 0.2033
656 1059 10 14 0.2029
689 1049 11 13 0.2021
570 1001 10 13 0.2021
650 996 9 13 0.2021
190 1150 11 14 0.2010
0 1079 8 15 0.2006
15 1163 15 19 0.2004
229 803 7 9 0.2004
229 932 9 11 0.1998
178 1136 11 15 0.1975
249 1141 11 15 0.1972
701 1101 11 14 0.1964
822 866 8 11 0.1960
45 1229 13 17 0.1953
594 986 8 11 0.1952
104 949 10 13 0.1952
32 792 8 10 0.1929
6 1051 11 14 0.1925
534 909 8 10 0.1922
207 1015 11 14 0.1917
272 947 9 12 0.1914
177 1135 11 14 0.1912
143 869 8 10 0.1898
228 841 8 9 0.1895
201 854 8 9 0.1891
838 1053 9 14 0.1886
147 869 8 11 0.1886
574 1020 9 12 0.1877
754 917 8 11 0.1873
171 1033 12 15 0.1872
622 1163 11 15 0.1869
749 948 9 12 0.1862
151 1016 10 14 0.1856
130 991 9 12 0.1855
439 1139 10 16 0.1850
819 1060 9 11 0.1848
830 946 8 11 0.1848
532 802 6 7 0.1839
746 948 8 11 0.1836
779 901 8 9 0.1825
538 908 7 10 0.1821
110 1206 13 17 0.1815
592 1078 9 13 0.1813
774 900 8 10 0.1810
727 1338 13 19 0.1802
552 1326 12 17 0.1800
112 916 10 12 0.1800
690 1021 9 13 0.1794
1 1250 10 15 0.1794
705 1102 10 13 0.1790
728 897 8 9 0.1788
697 840 7 10 0.1784
121 1046 10 13 0.1780
647 887 7 8 0.1777
200 1083 10 14 0.1774
722 1215 12 16 0.1772
637 1068 11 13 0.1769
104 1017 10 13 0.1768
265 887 8 11 0.1766
586 881 8 10 0.1764
746 949 9 12 0.1760
244 786 7 8 0.1751
724 1121 10 13 0.1746
270 828 8 9 0.1740
751 1314 14 18 0.1737
81 1251 12 16 0.1733
102 950 10 13 0.1726
667 1346 14 16 0.1724
36 792 7 10 0.1721
226 932 8 11 0.1719
843 954 8 11 0.1713
575 980 9 11 0.1713
252 819 7 8 0.1709
479 1013 9 13 0.1705
234 838 8 10 0.1705
643 806 7 8 0.1702
752 1095 10 13 0.1691
705 1289 14 19 0.1686
10 1050 10 14 0.1686
625 979 9 12 0.1681
184 994 10 12 0.1678
24 1104 11 15 0.1676
750 915 8 11 0.1666
831 1000 10 13 0.1665
302 802 7 8 0.1662
242 934 8 10 0.1659
53 1234 11 14 0.1658
289 894 8 10 0.1655
860 1221 12 16 0.1655
101 874 8 9 0.1647
216 785 7 9 0.1645
680 882 7 10 0.1645
606 884 8 10 0.1643
210 1037 10 12 0.1640
233 951 8 11 0.1639
634 868 7 9 0.1639
650 841 7 8 0.1637
651 847 7 9 0.1635
149 1017 10 13 0.1623
305 863 8 9 0.1615
243 999 10 13 0.1613
180 820 8 9 0.1613
283 875 9 11 0.1607
126 991 9 12 0.1604
570 1020 10 12 0.1597
558 975 9 12 0.1595
723 866 8 10 0.1590
592 1202 13 17 0.1588
667 878 7 8 0.1587
77 1251 13 17 0.1581
881 998 9 12 0.1581
1 1324 12 20 0.1580
673 1287 13 18 0.1576
71 955 10 13 0.1576
98 874 7 9 0.1573
578 951 8 12 0.1567
68 1025 11 13 0.1559
667 1136 11 14 0.1558
118 1189 12 16 0.1554
672 1139 12 15 0.1550
576 956 9 11 0.1549
203 1278 12 17 0.1546
589 919 8 10 0.1543
719 1121 9 14 0.1542
529 802 6 8 0.1542
679 1204 10 14 0.1541
104 892 8 11 0.1541
233 1025 10 12 0.1536
583 855 8 9 0.1536
615 934 8 11 0.1530
76 1025 10 13 0.1519
219 1121 11 14 0.1517
81 1222 12 16 0.1507
922 988 9 13 0.1500
297 803 7 8 0.1495
611 869 7 9 0.1495
5 1051 10 13 0.1494
525 997 10 12 0.1491
181 1134 11 15 0.1486
748 912 8 10 0.1485
529 997 9 13 0.1483
731 897 7 9 0.1482
199 966 10 12 0.1480
19 754 6 8 0.1474
693 1021 10 12 0.1474
177 820 7 9 0.1470
392 1142 13 15 0.1470
224 821 8 10 0.1465
27 1337 14 19 0.1465
311 928 8 11 0.1464
158 1190 12 15 0.1462
663 1257 13 17 0.1459
555 1136 11 14 0.1453
174 1175 11 15 0.1453
676 883 7 9 0.1452
583 880 8 11 0.1451
659 1059 10 13 0.1449
15 754 6 8 0.1445
177 1107 11 16 0.1443
203 1042 11 13 0.1438
236 952 9 11 0.1417
944 1156 9 14 0.1416
597 904 8 10 0.1414
36 1071 11 14 0.1413
433 1298 10 15 0.1410
255 837 7 8 0.1409
799 1284 14 20 0.1409
101 1286 13 16 0.1390
797 1013 9 12 0.1382
195 911 8 11 0.1374
710 1153 11 14 0.1373
133 1009 9 12 0.1366
579 856 8 9 0.1361
268 802 7 8 0.1360
689 1050 10 13 0.1350
555 1326 13 17 0.1346
175 1220 14 16 0.1341
558 1137 12 14 0.1337
506 801 7 9 0.1323
277 789 7 8 0.1321
596 1078 10 12 0.1316
710 1151 11 15 0.1311
925 987 9 13 0.1304
123 1014 9 12 0.1303
253 850 9 11 0.1302
662 1305 12 14 0.1299
260 1033 11 14 0.1290
510 801 7 8 0.1290
104 1290 13 17 0.1287
720 1119 10 14 0.1280
252 1321 15 17 0.1276
778 900 7 10 0.1268
116 1012 10 13 0.1267
179 980 8 11 0.1263
251 1344 16 19 0.1255
195 962 10 13 0.1253
198 854 8 9 0.1252
105 899 9 11 0.1249
840 1015 9 11 0.1245
591 754 7 9 0.1242
582 882 7 10 0.1240
309 928 8 11 0.1233
443 1140 10 15 0.1233
52 1056 10 13 0.1232
474 1014 9 12 0.1224
742 1086 10 13 0.1219
264 801 7 9 0.1214
866 876 7 8 0.1207
101 899 10 12 0.1206
586 831 7 8 0.1206
650 788 7 8 0.1205
679 855 7 9 0.1203
237 933 8 10 0.1199
545 862 8 11 0.1199
271 1002 9 11 0.1198
1 1319 13 20 0.1191
127 879 9 11 0.1187
707 1150 10 15 0.1186
822 941 8 11 0.1183
550 1322 11 17 0.1180
78 1269 14 20 0.1175
437 1297 10 16 0.1174
947 1156 10 14 0.1174
100 894 9 12 0.1173
161 1241 13 16 0.1169
632 786 7 9 0.1169
35 825 7 9 0.1149
40 1257 13 15 0.1143
685 1268 12 16 0.1140
141 867 9 11 0.1134
828 866 7 11 0.1134
30 824 8 10 0.1127
842 1053 11 14 0.1113
672 850 8 10 0.1109
204 794 8 10 0.1108
595 754 7 9 0.1102
820 940 8 11 0.1101
181 1017 11 13 0.1096
626 1212 11 14 0.1094
217 974 9 11 0.1093
18 1103 12 15 0.1084
203 793 7 10 0.1083
663 791 7 8 0.1083
158 979 8 10 0.1082
666 762 6 9 0.1079
639 1067 11 13 0.1075
38 1253 11 14 0.1071
313 902 8 10 0.1068
233 883 8 10 0.1065
605 869 7 9 0.1065
566 909 9 11 0.1059
746 1088 10 12 0.1053
585 767 7 8 0.1042
101 949 10 13 0.1042
190 910 8 11 0.1037
38 794 7 9 0.1028
343 1134 9 15 0.1022
797 1012 10 12 0.1022
609 866 7 10 0.1021
315 786 7 8 0.1019
611 837 7 8 0.1019
128 1222 11 15 0.1019
701 1288 14 19 0.1015
708 1097 11 14 0.1014
313 929 8 11 0.1012
247 1344 15 19 0.1007
0 1098 8 15 0.1004
604 738 7 8 0.1003
541 863 8 10 0.0997
601 1129 12 14 0.0992
257 1324 15 18 0.0984
662 1162 12 15 0.0984
579 744 6 8 0.0980
879 1000 9 12 0.0979
869 876 7 9 0.0977
234 857 7 10 0.0975
560 950 8 10 0.0971
531 998 9 12 0.0967
341 827 6 9 0.0964
4 874 9 10 0.0959
199 793 7 10 0.0957
508 800 7 9 0.0955
689 999 10 13 0.0953
254 898 8 9 0.0953
802 871 7 9 0.0948
586 828 7 8 0.0944
339 1134 9 15 0.0943
1 839 5 10 0.0942
257 983 10 13 0.0936
319 785 7 9 0.0935
250 939 8 10 0.0934
653 919 8 10 0.0929
28 1342 14 19 0.0927
20 1040 11 13 0.0923
204 932 9 12 0.0920
860 1222 13 16 0.0914
791 1349 17 17 0.0909
608 836 6 8 0.0907
230 883 7 10 0.0907
575 744 6 7 0.0899
219 1036 11 13 0.0897
607 1070 11 14 0.0896
398 1141 12 15 0.0894
725 829 6 9 0.0893
814 1010 10 12 0.0892
294 789 7 9 0.0887
256 961 9 11 0.0885
872 901 9 10 0.0883
64 846 8 10 0.0880
709 881 7 11 0.0877
844 957 9 10 0.0876
214 1004 10 12 0.0876
297 840 7 9 0.0871
678 818 6 9 0.0871
749 893 8 10 0.0871
342 828 7 9 0.0867
630 897 7 9 0.0866
941 1155 10 13 0.0864
461 1333 10 17 0.0863
794 1014 9 12 0.0862
629 808 7 9 0.0861
526 999 10 12 0.0859
736 898 7 10 0.0857
33 794 7 10 0.0855
179 978 9 12 0.0854
113 916 10 12 0.0854
628 786 6 8 0.0852
658 1305 12 15 0.0850
587 1053 9 12 0.0849
893 880 7 9 0.0848
283 755 6 7 0.0839
835 1087 10 15 0.0838
556 949 8 10 0.0835
636 1107 10 13 0.0833
111 1290 12 16 0.0832
669 848 7 9 0.0831
558 951 9 10 0.0830
194 911 8 10 0.0823
330 808 7 10 0.0821
592 824 8 9 0.0814
505 799 6 9 0.0813
674 818 7 9 0.0812
283 894 8 10 0.0811
457 1333 10 17 0.0810
717 1248 13 18 0.0807
622 975 9 11 0.0804
570 911 8 10 0.0802
34 753 7 9 0.0802
60 846 8 10 0.0792
554 1323 11 17 0.0792
276 1184 12 15 0.0787
287 869 9 11 0.0786
216 1121 11 14 0.0784
264 962 9 12 0.0778
939 1157 11 13 0.0775
155 1189 12 15 0.0772
94 1287 13 16 0.0770
689 1097 11 14 0.0764
704 813 7 8 0.0762
796 1345 18 20 0.0762
164 1051 10 14 0.0760
61 848 8 10 0.0758
176 1107 11 14 0.0757
66 848 7 9 0.0756
583 832 7 8 0.0748
294 1223 11 15 0.0741
745 1089 9 12 0.0740
816 939 8 11 0.0740
565 1064 10 13 0.0737
699 1007 9 12 0.0734
324 850 9 11 0.0732
890 880 7 8 0.0730
273 792 6 8 0.0729
651 887 8 10 0.0729
173 935 9 11 0.0727
232 882 8 10 0.0727
705 893 8 10 0.0727
827 866 8 10 0.0726
606 1129 11 13 0.0725
596 1244 11 15 0.0723
797 966 8 11 0.0721
341 1137 8 14 0.0721
729 896 8 10 0.0721
73 1054 11 14 0.0717
598 903 8 10 0.0714
155 1114 11 15 0.0714
223 905 9 10 0.0713
582 767 6 8 0.0713
799 871 7 9 0.0711
49 1234 12 15 0.0711
619 746 7 8 0.0710
151 822 7 8 0.0708
185 1152 11 15 0.0703
647 830 8 9 0.0701
460 774 6 8 0.0701
756 1095 10 13 0.0701
257 862 9 10 0.0699
299 754 6 8 0.0698
344 1136 9 14 0.0697
671 741 6 8 0.0696
335 809 7 8 0.0691
729 830 7 8 0.0690
86 1193 12 16 0.0688
663 1133 11 15 0.0685
675 740 6 8 0.0675
605 865 7 9 0.0674
147 822 7 9 0.0672
65 807 6 9 0.0672
977 1048 10 14 0.0671
42 969 9 11 0.0671
126 1222 12 16 0.0670
280 1184 12 15 0.0668
444 964 9 12 0.0666
39 1069 10 14 0.0666
731 875 7 9 0.0666
225 931 9 10 0.0663
632 1086 10 14 0.0662
817 965 10 11 0.0654
663 796 7 9 0.0653
577 745 6 7 0.0648
331 774 7 8 0.0642
120 436 7 8 0.0642
107 1049 11 14 0.0641
228 882 8 9 0.0639
251 900 8 10 0.0637
649 771 7 7 0.0632
662 941 8 11 0.0632
220 767 7 8 0.0632
227 1051 11 15 0.0630
402 1009 8 12 0.0630
634 868 7 9 0.0629
176 819 7 10 0.0628
142 913 8 11 0.0627
703 732 7 8 0.0626
175 1034 10 14 0.0626
946 1154 10 14 0.0622
637 840 6 8 0.0622
168 936 9 10 0.0620
801 968 8 12 0.0620
541 1025 9 12 0.0619
279 830 8 9 0.0615
899 1323 15 21 0.0613
46 1097 10 14 0.0612
200 795 7 9 0.0610
328 751 7 9 0.0608
571 978 9 11 0.0607
664 876 7 9 0.0606
573 982 9 12 0.0606
624 809 7 9 0.0606
698 842 7 8 0.0603
258 763 6 7 0.0597
653 839 8 9 0.0596
88 1154 13 16 0.0594
441 1196 10 16 0.0591
619 936 8 10 0.0589
700 1102 11 13 0.0589
597 1079 10 13 0.0588
654 991 11 14 0.0585
868 1172 12 15 0.0584
309 930 8 11 0.0582
633 810 6 9 0.0581
253 1007 10 12 0.0581
628 1234 13 17 0.0579
278 924 8 10 0.0578
662 792 7 8 0.0577
100 873 7 9 0.0576
190 1064 11 14 0.0576
748 1261 11 15 0.0576
145 869 9 11 0.0575
432 699 7 8 0.0575
148 861 8 11 0.0574
811 1008 10 11 0.0573
658 1305 14 15 0.0571
210 869 8 9 0.0571
829 1086 10 14 0.0571
309 1318 10 17 0.0567
441 1137 9 15 0.0564
580 880 8 10 0.0559
622 974 8 10 0.0558
592 863 8 10 0.0557
769 940 8 11 0.0554
178 977 9 11 0.0553
1018 1124 6 17 0.0553
692 798 6 8 0.0551
452 1005 10 13 0.0550
20 881 8 10 0.0549
537 910 7 10 0.0549
181 1008 10 12 0.0549
363 789 7 8 0.0548
704 1190 13 16 0.0548
335 774 7 8 0.0544
695 877 8 9 0.0544
640 1106 10 14 0.0542
439 965 11 12 0.0541
185 855 8 10 0.0539
24 1038 10 13 0.0539
305 1318 10 16 0.0537
977 1047 11 15 0.0536
293 778 6 8 0.0534
561 974 9 10 0.0532
446 1007 10 13 0.0532
729 862 8 12 0.0532
147 912 8 11 0.0531
463 774 6 8 0.0530
923 986 8 12 0.0528
268 1001 9 12 0.0527
656 1060 10 12 0.0526
444 1197 11 15 0.0521
166 1201 12 15 0.0520
275 1139 10 15 0.0519
733 1103 10 13 0.0519
130 1134 11 13 0.0519
178 1170 11 14 0.0518
69 807 6 9 0.0515
276 781 7 8 0.0514
325 830 7 8 0.0514
292 1219 12 16 0.0511
436 1135 9 15 0.0508
634 1067 9 13 0.0506
123 436 7 9 0.0506
137 917 9 11 0.0505
248 1139 10 14 0.0504
289 1223 11 15 0.0503
698 1074 10 13 0.0501
42 1334 15 20 0.0499
537 1025 9 13 0.0498
696 893 8 10 0.0496
248 821 8 9 0.0495
217 767 6 8 0.0495
643 937 8 10 0.0491
363 774 6 7 0.0489
182 851 7 10 0.0486
606 787 7 8 0.0485
429 699 6 8 0.0484
160 1067 11 13 0.0481
200 1138 10 14 0.0480
632 1235 12 16 0.0479
664 1137 12 16 0.0478
209 855 8 11 0.0476
596 1128 11 15 0.0474
672 743 6 8 0.0471
599 1000 9 11 0.0470
16 753 7 9 0.0469
829 1000 10 12 0.0469
842 1051 10 14 0.0467
224 822 8 9 0.0466
538 1045 10 12 0.0465
753 1097 10 12 0.0463
597 1354 15 12 0.0459
119 1042 10 13 0.0458
652 994 9 12 0.0458
671 1137 11 15 0.0457
406 1010 9 12 0.0456
689 790 7 9 0.0454
803 873 7 8 0.0453
728 827 7 10 0.0447
741 880 8 10 0.0446
106 897 9 11 0.0444
724 819 7 9 0.0444
203 871 8 11 0.0444
830 945 8 9 0.0443
284 800 7 8 0.0442
116 1234 11 16 0.0442
629 1025 9 11 0.0439
223 993 9 13 0.0439
724 1218 12 15 0.0437
723 816 6 8 0.0436
37 826 6 9 0.0434
644 777 6 8 0.0434
176 1171 11 14 0.0430
313 927 9 12 0.0429
130 950 9 12 0.0427
182 785 7 9 0.0426
565 908 9 10 0.0423
694 796 6 8 0.0423
701 730 7 10 0.0421
429 700 6 8 0.0420
662 761 6 8 0.0420
794 948 8 11 0.0419
676 770 7 8 0.0419
96 1096 12 16 0.0417
663 1349 12 14 0.0417
380 1223 9 14 0.0416
593 1080 10 13 0.0415
150 855 8 9 0.0415
671 1217 12 18 0.0412
638 1092 11 15 0.0411
146 854 8 9 0.0411
324 1005 10 13 0.0411
567 1066 10 14 0.0408
155 1242 12 15 0.0407
568 1001 10 12 0.0407
251 1325 15 17 0.0406
676 743 6 8 0.0404
512 809 8 10 0.0403
631 788 7 9 0.0402
170 934 8 11 0.0401
651 1044 10 13 0.0400
256 759 7 7 0.0400
236 760 6 8 0.0399
792 944 8 10 0.0397
186 853 7 9 0.0397
32 827 7 9 0.0396
492 769 7 8 0.0396
468 716 7 8 0.0393
754 1095 10 13 0.0393
248 1342 17 20 0.0392
181 1136 11 13 0.0390
70 960 11 14 0.0389
635 1230 12 17 0.0387
258 1028 11 13 0.0386
621 811 7 9 0.0386
73 1027 10 13 0.0386
322 1239 12 16 0.0385
184 440 8 9 0.0383
598 766 7 9 0.0383
191 910 8 10 0.0382
14 878 7 10 0.0380
725 830 7 9 0.0380
158 979 8 10 0.0380
176 933 8 10 0.0379
314 784 7 9 0.0376
179 822 8 10 0.0375
348 742 7 7 0.0375
306 756 7 8 0.0374
866 875 7 8 0.0374
376 1223 9 15 0.0374
774 900 8 10 0.0374
692 1050 10 13 0.0373
247 790 7 8 0.0372
592 1242 11 16 0.0372
118 925 9 11 0.0369
724 1271 13 18 0.0368
353 743 6 7 0.0366
227 802 9 10 0.0366
313 902 8 10 0.0364
591 926 9 10 0.0364
180 440 7 8 0.0364
320 1005 10 13 0.0361
398 678 7 9 0.0360
316 735 7 9 0.0360
517 1129 10 14 0.0358
71 1022 11 14 0.0358
658 920 7 10 0.0357
105 915 9 12 0.0357
83 1212 12 15 0.0357
920 986 9 12 0.0356
617 727 7 8 0.0355
317 1239 12 17 0.0354
527 801 6 8 0.0353
447 1005 10 13 0.0351
629 990 10 12 0.0351
188 959 9 12 0.0350
454 1006 10 12 0.0350
144 1171 13 17 0.0350
316 902 8 10 0.0349
312 928 8 10 0.0348
13 879 8 10 0.0347
826 867 7 9 0.0346
96 872 8 10 0.0345
766 953 9 11 0.0345
290 736 5 7 0.0344
377 1221 9 15 0.0344
332 730 8 8 0.0343
271 1138 10 14 0.0342
233 758 6 8 0.0341
972 1049 10 14 0.0341
367 789 6 9 0.0341
231 1051 11 13 0.0340
278 1186 12 14 0.0338
616 726 6 7 0.0337
700 1256 12 17 0.0337
264 1030 11 13 0.0337
272 1184 12 14 0.0336
699 1188 12 16 0.0335
693 796 6 7 0.0335
239 740 5 7 0.0332
329 728 7 10 0.0332
658 918 7 10 0.0331
157 1240 12 15 0.0328
317 1164 11 15 0.0326
122 878 8 10 0.0326
877 901 9 11 0.0325
13 751 6 10 0.0325
767 1272 14 19 0.0325
644 1153 11 15 0.0323
798 965 8 11 0.0323
627 1235 12 15 0.0323
171 1200 12 15 0.0322
702 1142 11 13 0.0321
161 980 8 10 0.0321
93 1063 12 17 0.0320
702 1103 10 12 0.0320
534 1042 11 13 0.0319
30 752 7 9 0.0319
489 769 6 8 0.0317
8 874 8 9 0.0317
620 1309 11 14 0.0317
80 1308 13 16 0.0317
598 1131 11 14 0.0316
651 752 6 8 0.0315
399 1006 9 11 0.0315
150 820 6 8 0.0315
588 830 6 8 0.0314
43 1096 11 15 0.0314
128 988 9 11 0.0313
397 697 7 8 0.0311
684 1049 9 13 0.0310
124 989 9 11 0.0308
696 1349 15 16 0.0307
536 747 7 8 0.0303
96 436 7 9 0.0303
895 879 7 8 0.0302
253 762 7 8 0.0302
179 1220 13 16 0.0301
349 743 6 8 0.0300
621 776 8 9 0.0299
36 1252 12 15 0.0299
71 1350 15 15 0.0298
310 900 8 10 0.0298
79 1017 10 13 0.0297
883 999 9 12 0.0296
835 1052 9 13 0.0295
864 1172 12 15 0.0294
146 821 6 8 0.0294
459 728 7 7 0.0293
699 1008 9 12 0.0291
572 717 6 7 0.0290
86 1157 11 15 0.0290
18 1042 12 13 0.0288
92 1068 11 15 0.0287
521 1126 12 14 0.0287
696 797 7 8 0.0286
483 669 6 8 0.0286
591 1204 13 17 0.0286
634 722 6 7 0.0285
554 714 7 7 0.0285
592 755 7 8 0.0284
1 1268 10 16 0.0282
441 1233 10 14 0.0282
354 743 6 8 0.0281
869 1356 13 10 0.0280
244 1140 10 13 0.0280
663 716 6 7 0.0279
601 737 7 8 0.0279
700 1343 16 21 0.0277
121 1066 11 15 0.0276
591 1236 12 15 0.0274
526 999 9 12 0.0273
671 673 5 7 0.0273
315 788 7 9 0.0271
102 439 6 8 0.0270
445 1233 9 14 0.0269
727 1271 13 19 0.0267
151 1110 11 14 0.0267
867 872 7 9 0.0267
37 794 8 8 0.0267
228 757 7 8 0.0266
629 1083 9 14 0.0265
283 757 7 8 0.0265
724 1144 11 14 0.0265
534 702 6 8 0.0264
115 1197 14 16 0.0263
210 434 7 8 0.0262
321 1165 11 15 0.0262
562 1067 10 13 0.0261
667 673 6 7 0.0261
220 1056 11 14 0.0258
286 737 6 7 0.0258
508 809 8 11 0.0258
654 1188 13 17 0.0257
725 916 9 11 0.0256
357 788 6 8 0.0255
722 1247 13 16 0.0255
219 767 7 8 0.0255
872 902 8 10 0.0254
550 697 7 7 0.0254
845 1017 9 11 0.0254
647 753 6 9 0.0254
114 1234 12 15 0.0253
3 872 7 11 0.0253
598 1032 10 12 0.0253
500 726 6 7 0.0252
0 837 4 9 0.0251
16 754 8 9 0.0249
724 1168 12 15 0.0249
150 823 7 8 0.0246
532 909 8 10 0.0245
527 1311 12 17 0.0244
455 728 7 7 0.0244
360 991 12 16 0.0244
874 999 10 12 0.0243
840 1090 11 15 0.0242
234 740 6 7 0.0242
310 857 7 9 0.0241
535 908 8 9 0.0241
128 1048 10 13 0.0241
47 969 10 13 0.0240
158 1239 12 15 0.0239
152 1012 9 12 0.0239
530 702 6 8 0.0239
248 1140 11 14 0.0239
91 1094 11 15 0.0238
168 433 7 8 0.0237
560 821 7 8 0.0237
77 1270 15 18 0.0237
620 753 7 9 0.0235
68 957 10 12 0.0233
287 1219 12 16 0.0233
4 1318 13 18 0.0232
480 701 6 8 0.0232
843 971 9 11 0.0231
605 733 6 8 0.0231
465 775 7 9 0.0230
667 943 8 10 0.0230
533 746 7 8 0.0227
633 1170 13 17 0.0227
458 666 6 8 0.0227
454 666 6 7 0.0227
36 1223 12 15 0.0226
513 1129 10 14 0.0226
84 1153 11 14 0.0225
496 725 6 7 0.0225
367 722 6 7 0.0225
916 1135 12 15 0.0225
648 1151 12 15 0.0224
472 715 6 8 0.0224
283 1185 11 14 0.0223
622 726 7 8 0.0223
88 1091 11 15 0.0221
219 765 6 8 0.0221
452 719 6 7 0.0220
184 785 7 9 0.0219
346 702 7 8 0.0218
81 1305 14 18 0.0217
634 1106 11 13 0.0217
344 827 7 9 0.0216
101 988 11 13 0.0216
857 1358 16 8 0.0215
727 816 7 8 0.0215
393 1140 12 14 0.0214
343 1134 10 15 0.0213
41 1070 11 15 0.0211
703 784 7 9 0.0211
476 700 7 8 0.0209
404 1006 9 12 0.0207
81 1066 10 14 0.0206
104 992 11 13 0.0206
361 789 6 9 0.0206
805 1284 13 19 0.0205
620 1307 12 15 0.0204
200 446 8 9 0.0204
145 908 8 11 0.0204
537 683 6 8 0.0204
476 725 7 8 0.0203
535 906 8 11 0.0202
517 1133 12 15 0.0202
34 1260 13 16 0.0201
539 910 8 9 0.0200
704 705 7 9 0.0200
477 1013 10 11 0.0200
83 1195 12 16 0.0199
799 1337 16 21 0.0199
152 884 9 11 0.0198
366 776 6 8 0.0197
622 1157 11 14 0.0197
43 1324 14 17 0.0197
16 1337 17 20 0.0197
75 1221 13 17 0.0195
491 767 6 8 0.0195
650 741 7 8 0.0195
414 1228 9 12 0.0194
306 1216 12 16 0.0194
141 774 7 9 0.0194
628 726 6 8 0.0193
581 956 9 10 0.0193
625 1194 13 16 0.0193
386 1291 10 16 0.0193
3 1247 12 15 0.0193
672 741 6 8 0.0193
618 1308 11 13 0.0192
590 822 7 9 0.0190
892 1024 11 13 0.0190
50 442 8 9 0.0190
214 746 7 7 0.0188
683 1114 11 15 0.0188
683 1000 9 12 0.0187
503 802 8 9 0.0187
53 443 8 9 0.0186
698 1237 12 17 0.0186
699 733 6 9 0.0186
410 1012 9 11 0.0185
66 825 7 9 0.0184
154 1023 10 13 0.0183
323 1005 10 12 0.0182
42 1339 14 17 0.0182
177 769 6 8 0.0181
601 706 6 8 0.0181
144 775 7 8 0.0181
563 1064 10 14 0.0181
383 1292 11 16 0.0181
531 1039 9 12 0.0180
325 756 7 9 0.0180
518 673 6 7 0.0179
482 1247 11 15 0.0179
684 1098 11 15 0.0179
921 1135 11 14 0.0179
459 776 7 9 0.0177
304 1148 11 14 0.0176
664 1286 13 16 0.0176
116 1097 13 16 0.0176
466 681 6 7 0.0176
839 1097 10 13 0.0175
49 444 7 9 0.0175
274 1003 10 12 0.0174
591 1059 10 13 0.0173
661 714 6 8 0.0173
364 791 7 9 0.0173
642 1122 11 14 0.0173
428 722 7 7 0.0172
202 904 9 12 0.0172
185 438 7 9 0.0172
869 902 8 10 0.0172
314 719 6 8 0.0171
486 1247 11 15 0.0171
766 1274 13 18 0.0170
594 1240 13 16 0.0170
808 1047 9 13 0.0169
524 1311 11 16 0.0169
382 713 6 7 0.0168
516 1141 11 18 0.0168
360 773 6 8 0.0168
503 697 5 7 0.0168
455 665 6 8 0.0168
719 1124 11 13 0.0167
607 1224 13 16 0.0165
658 715 6 7 0.0165
693 674 7 8 0.0164
366 696 6 8 0.0164
410 1228 9 13 0.0164
378 711 6 8 0.0163
447 1200 9 13 0.0162
124 1132 12 15 0.0161
480 665 7 9 0.0160
697 674 6 8 0.0159
58 1123 10 14 0.0159
985 1167 11 15 0.0159
38 825 7 9 0.0159
661 944 8 10 0.0159
568 1021 9 11 0.0158
622 1308 11 14 0.0158
273 1186 11 14 0.0158
647 1171 13 15 0.0158
701 706 6 9 0.0158
761 1197 14 17 0.0156
519 1126 10 13 0.0156
393 663 6 8 0.0156
461 774 5 8 0.0155
471 712 6 8 0.0155
534 1039 9 11 0.0155
534 730 6 8 0.0155
891 1025 10 13 0.0153
66 1022 10 13 0.0153
377 668 6 8 0.0153
855 1223 12 16 0.0152
84 444 7 8 0.0152
806 1057 8 12 0.0152
340 718 7 8 0.0152
568 716 6 7 0.0152
401 679 6 8 0.0152
35 755 8 9 0.0151
79 1227 13 16 0.0151
579 718 6 8 0.0151
195 796 8 8 0.0150
102 437 6 8 0.0150
2 1265 11 17 0.0150
259 1319 13 17 0.0150
424 722 6 8 0.0150
703 1318 14 17 0.0148
848 855 7 9 0.0148
210 1278 11 17 0.0147
182 1242 14 17 0.0147
564 983 9 12 0.0147
487 767 7 8 0.0146
319 1237 12 16 0.0146
503 690 6 7 0.0146
429 725 6 8 0.0146
4 1315 12 17 0.0145
79 1322 14 19 0.0145
475 1255 10 14 0.0144
443 1139 10 15 0.0144
300 711 6 8 0.0144
696 1189 12 16 0.0144
463 1337 11 16 0.0144
564 741 6 8 0.0143
208 1277 12 15 0.0143
105 955 10 12 0.0143
392 1142 11 15 0.0143
395 679 7 8 0.0141
179 769 6 8 0.0140
432 1295 9 14 0.0140
276 1138 10 14 0.0138
837 1057 10 14 0.0137
403 1012 10 12 0.0137
129 949 9 11 0.0137
52 1323 14 16 0.0137
658 718 5 7 0.0137
1017 1074 7 18 0.0136
219 1124 11 13 0.0135
557 678 6 8 0.0134
594 1347 14 17 0.0134
729 1176 12 16 0.0133
24 879 8 11 0.0133
542 1111 12 15 0.0132
728 1174 12 15 0.0132
55 1125 11 14 0.0132
844 1015 9 12 0.0131
318 1314 12 17 0.0131
553 1330 14 18 0.0131
593 821 7 9 0.0131
490 769 6 7 0.0130
451 663 6 8 0.0130
333 1179 11 15 0.0130
422 730 6 8 0.0129
522 653 6 7 0.0129
556 677 6 8 0.0129
604 788 7 8 0.0129
836 1097 9 13 0.0128
142 927 9 11 0.0128
539 1051 10 13 0.0128
442 1201 10 13 0.0128
664 1261 13 15 0.0127
17 1103 12 15 0.0127
432 1305 10 15 0.0127
990 1167 11 14 0.0126
1017 1119 7 17 0.0126
311 1321 10 15 0.0126
158 1197 12 15 0.0126
389 738 6 8 0.0125
650 987 9 12 0.0125
307 1322 9 15 0.0124
796 1012 9 11 0.0124
116 944 11 14 0.0124
139 444 7 9 0.0124
131 1357 15 9 0.0122
532 748 7 8 0.0122
702 917 8 10 0.0122
548 861 8 10 0.0122
285 734 6 7 0.0121
599 706 6 7 0.0121
426 1309 11 14 0.0121
327 999 11 14 0.0121
0 1136 6 19 0.0120
532 681 7 8 0.0120
286 737 6 7 0.0119
111 1114 12 14 0.0119
528 1061 11 13 0.0118
561 677 7 8 0.0118
526 653 6 7 0.0117
181 1202 12 16 0.0117
47 441 7 9 0.0117
871 1328 13 18 0.0117
557 820 7 8 0.0117
386 737 6 7 0.0117
143 774 7 8 0.0117
248 1047 10 13 0.0117
49 1043 9 13 0.0117
436 1294 9 14 0.0116
557 1137 11 14 0.0115
591 706 7 8 0.0115
828 940 9 11 0.0115
655 1195 12 15 0.0115
495 724 6 7 0.0114
138 867 8 11 0.0114
329 730 7 8 0.0114
602 1125 11 13 0.0114
508 692 7 8 0.0113
396 674 6 8 0.0113
148 433 6 8 0.0113
70 807 7 9 0.0113
298 1148 11 16 0.0113
205 1275 12 17 0.0113
293 1154 11 15 0.0112
329 1177 12 16 0.0112
344 1225 11 14 0.0112
368 700 6 8 0.0112
319 1167 12 14 0.0112
893 879 7 8 0.0112
81 441 7 8 0.0112
685 1241 13 18 0.0111
941 1158 11 14 0.0111
96 989 11 12 0.0111
200 897 9 13 0.0110
396 1006 9 13 0.0109
513 1141 10 17 0.0109
614 679 6 8 0.0108
153 433 6 7 0.0108
114 1153 13 16 0.0108
887 1028 9 13 0.0108
41 1276 15 18 0.0108
325 704 6 8 0.0107
112 1262 12 15 0.0107
373 663 6 8 0.0107
120 436 6 7 0.0106
194 1151 10 13 0.0106
897 1203 13 18 0.0105
488 880 8 10 0.0105
3 1339 11 18 0.0104
5 1063 11 14 0.0104
499 1208 10 14 0.0103
320 1002 11 13 0.0103
762 1194 12 15 0.0103
698 731 6 9 0.0102
592 1354 15 12 0.0102
700 674 7 7 0.0102
432 1300 9 14 0.0102
558 945 9 11 0.0102
461 726 6 8 0.0101
397 714 6 8 0.0100
