21_Festival_Festival_21_218
34
100 156 39 53 0.8346
951 142 39 46 0.8320
304 118 36 51 0.8267
543 209 29 47 0.8150
859 115 39 51 0.8128
316 191 30 42 0.7852
636 168 33 39 0.7365
572 192 31 51 0.6915
636 168 34 39 0.3759
572 192 32 50 0.1722
637 197 24 40 0.1194
146 195 21 28 0.0928
431 257 24 30 0.0739
641 199 24 39 0.0575
525 244 28 47 0.0564
485 223 34 54 0.0506
999 17 25 102 0.0471
0 336 11 17 0.0351
521 244 31 48 0.0312
478 222 35 53 0.0292
143 196 17 23 0.0270
10 316 23 31 0.0256
754 249 22 21 0.0233
758 248 21 22 0.0233
639 202 24 39 0.0176
147 195 25 34 0.0161
1005 32 19 93 0.0144
400 227 29 39 0.0130
10 315 20 24 0.0129
527 245 22 37 0.0122
500 225 31 51 0.0119
1004 19 20 100 0.0118
1016 148 8 36 0.0110
645 204 24 36 0.0104
