21_Festival_Festival_21_378
257
636 240 22 27 0.8223
90 268 14 18 0.7338
820 218 11 14 0.5803
708 221 9 11 0.5671
744 214 11 13 0.5389
898 275 19 24 0.5271
859 219 11 14 0.5238
404 214 11 14 0.5070
208 201 11 13 0.5037
363 206 9 11 0.4994
872 224 11 14 0.4928
2 192 12 13 0.4843
350 213 10 12 0.4801
912 228 11 15 0.4801
718 217 10 13 0.4481
367 217 9 12 0.4387
128 229 10 13 0.4338
781 215 11 13 0.4298
335 204 10 13 0.4295
477 214 12 14 0.4276
970 216 12 13 0.4229
383 220 9 11 0.4221
119 205 9 11 0.4157
148 210 9 10 0.4022
63 285 11 14 0.3975
806 221 11 13 0.3920
49 212 9 12 0.3902
522 217 10 12 0.3887
838 273 10 12 0.3876
549 227 9 12 0.3823
174 214 10 12 0.3769
837 225 10 13 0.3762
480 214 12 14 0.3725
519 217 9 12 0.3715
30 208 10 13 0.3714
997 234 11 14 0.3695
374 205 9 12 0.3693
98 207 8 10 0.3685
629 221 10 12 0.3679
284 204 10 12 0.3663
546 227 9 12 0.3653
61 207 9 11 0.3651
258 205 9 11 0.3646
765 291 12 15 0.3627
897 225 11 12 0.3608
171 213 10 13 0.3602
778 215 11 13 0.3540
395 218 9 11 0.3526
233 222 9 12 0.3514
194 211 10 13 0.3497
291 211 10 13 0.3492
33 208 10 13 0.3488
288 211 10 13 0.3450
303 206 10 11 0.3424
967 216 12 13 0.3414
841 273 10 12 0.3396
762 291 12 15 0.3367
125 229 10 13 0.3364
95 206 9 12 0.3362
914 228 12 15 0.3337
900 275 20 25 0.3333
300 206 10 12 0.3322
258 216 9 11 0.3318
683 225 9 12 0.3270
192 211 11 13 0.3248
721 216 10 14 0.3236
840 225 10 13 0.3226
682 225 8 11 0.3204
669 231 8 10 0.3183
377 205 9 12 0.3174
137 210 10 12 0.3173
226 208 8 10 0.3147
631 221 10 12 0.3139
995 234 10 14 0.3117
79 210 11 13 0.3103
446 210 11 14 0.3097
895 224 10 13 0.3087
236 222 9 12 0.3018
583 216 9 10 0.2993
599 224 8 11 0.2921
542 216 8 10 0.2912
59 207 8 11 0.2906
581 215 8 11 0.2877
5 193 11 12 0.2872
139 211 9 11 0.2862
224 207 8 11 0.2856
423 220 8 11 0.2839
693 215 9 11 0.2834
595 224 9 11 0.2823
448 211 11 13 0.2781
260 217 9 11 0.2770
256 205 8 11 0.2740
281 204 10 12 0.2671
151 210 8 10 0.2587
545 216 8 10 0.2586
46 212 9 12 0.2465
136 211 9 12 0.2454
597 224 8 11 0.2441
667 231 7 10 0.2421
81 211 11 13 0.2357
680 225 9 11 0.2223
692 212 9 12 0.2222
445 211 10 14 0.2195
359 215 11 12 0.2187
870 223 11 14 0.2187
114 220 9 11 0.2100
823 218 10 13 0.2089
804 221 10 12 0.2088
338 205 10 11 0.1887
947 221 10 12 0.1837
61 285 10 13 0.1786
944 221 10 11 0.1692
424 272 11 14 0.1636
83 211 11 12 0.1522
386 220 8 11 0.1517
432 211 8 11 0.1515
710 221 9 11 0.1346
319 206 9 10 0.1323
627 221 9 11 0.1277
755 218 10 12 0.1163
460 212 9 10 0.1155
63 208 8 10 0.1150
428 272 10 13 0.1126
857 221 10 13 0.1113
320 211 9 10 0.1088
462 212 9 10 0.1087
425 220 8 11 0.1069
129 207 9 12 0.1068
808 224 11 13 0.0989
196 211 10 12 0.0969
930 229 10 12 0.0961
397 219 8 10 0.0945
282 203 9 11 0.0934
583 215 8 9 0.0897
758 222 9 11 0.0892
804 224 11 13 0.0848
1016 230 8 14 0.0829
256 204 9 10 0.0805
289 211 10 12 0.0789
411 201 8 10 0.0783
412 202 9 11 0.0754
394 217 8 11 0.0735
693 214 10 12 0.0728
360 205 9 11 0.0721
381 221 9 11 0.0705
540 216 8 9 0.0692
190 210 10 13 0.0654
544 215 7 10 0.0650
225 209 8 10 0.0640
444 210 10 13 0.0634
874 223 11 13 0.0626
59 207 9 11 0.0621
690 214 9 10 0.0618
948 223 10 12 0.0604
404 214 9 12 0.0597
421 220 8 11 0.0574
580 215 8 10 0.0567
136 211 9 11 0.0542
416 217 9 12 0.0537
423 276 11 12 0.0525
696 213 9 11 0.0509
874 224 11 14 0.0505
207 201 10 13 0.0504
99 208 8 10 0.0497
994 221 8 10 0.0495
260 214 10 11 0.0495
742 213 11 14 0.0481
510 215 8 10 0.0472
508 214 8 10 0.0462
83 210 10 12 0.0462
305 208 9 10 0.0440
367 216 9 11 0.0435
862 220 11 13 0.0430
761 222 9 10 0.0425
573 216 8 10 0.0420
899 237 10 11 0.0414
746 213 11 13 0.0412
381 187 7 9 0.0406
211 201 9 12 0.0402
190 212 9 12 0.0388
116 205 9 10 0.0375
572 215 8 10 0.0375
479 311 9 12 0.0364
336 207 10 10 0.0361
171 212 9 12 0.0359
116 206 8 10 0.0355
235 222 9 12 0.0355
308 207 9 10 0.0355
138 205 9 10 0.0324
805 220 10 12 0.0316
482 310 11 13 0.0311
990 221 9 11 0.0304
969 236 10 13 0.0303
664 225 7 10 0.0302
419 276 9 12 0.0301
72 282 11 13 0.0290
114 223 9 11 0.0289
1018 235 6 12 0.0289
466 221 9 10 0.0285
882 287 7 9 0.0284
254 204 8 10 0.0278
367 219 9 11 0.0269
409 203 7 9 0.0260
381 187 6 8 0.0259
337 206 9 11 0.0257
348 203 10 12 0.0243
544 216 9 11 0.0238
469 222 8 10 0.0237
966 236 10 13 0.0232
2 220 9 12 0.0230
18 199 9 10 0.0227
429 275 10 10 0.0225
169 213 9 12 0.0225
963 233 11 14 0.0224
378 186 8 9 0.0221
228 203 9 10 0.0221
669 230 8 11 0.0208
415 202 8 10 0.0207
884 287 7 10 0.0183
579 216 9 10 0.0180
333 204 10 12 0.0176
414 266 8 11 0.0174
721 216 10 13 0.0169
76 204 8 10 0.0167
856 219 9 13 0.0166
517 215 9 11 0.0166
302 205 9 10 0.0165
665 218 8 9 0.0164
953 220 9 10 0.0164
1017 225 7 12 0.0162
679 222 8 10 0.0160
280 203 8 11 0.0154
722 220 9 11 0.0151
622 216 7 9 0.0149
717 216 10 12 0.0143
885 287 7 10 0.0142
329 205 8 10 0.0141
25 209 9 11 0.0140
373 204 9 11 0.0135
899 222 9 11 0.0134
123 206 9 10 0.0133
93 206 8 9 0.0132
882 288 7 9 0.0130
475 214 10 13 0.0129
236 219 9 12 0.0126
929 230 10 13 0.0126
627 222 9 11 0.0124
584 236 8 9 0.0123
33 209 9 11 0.0122
824 217 10 13 0.0122
882 286 9 12 0.0121
210 204 9 11 0.0113
999 235 10 13 0.0110
632 222 10 11 0.0108
610 217 8 9 0.0103
443 211 11 14 0.0102
153 203 8 10 0.0101
