21_Festival_Festival_21_585
381
121 332 23 27 0.8194
213 289 17 21 0.7596
57 347 21 25 0.7564
199 315 19 23 0.7322
113 283 17 21 0.7316
24 257 17 20 0.7182
254 337 19 24 0.7084
18 322 19 24 0.7025
179 335 21 26 0.6797
307 321 18 23 0.6451
0 345 14 31 0.6435
14 301 18 19 0.6353
140 261 14 17 0.6067
65 228 11 13 0.5607
22 234 14 16 0.5218
128 203 9 11 0.5050
48 205 10 12 0.4752
266 261 14 17 0.4640
0 391 8 28 0.4594
5 205 11 14 0.4425
308 277 16 22 0.4422
129 279 15 19 0.4149
50 232 11 14 0.4077
30 207 11 12 0.4064
98 213 9 12 0.4003
45 286 17 21 0.3935
179 252 14 17 0.3881
261 230 12 14 0.3801
173 189 8 11 0.3712
0 391 10 29 0.3648
71 200 9 12 0.3321
8 205 11 14 0.3157
116 197 9 11 0.3105
152 192 9 11 0.3044
92 198 9 10 0.3028
176 189 9 11 0.3011
195 192 8 10 0.3011
246 275 16 21 0.3005
77 219 9 11 0.2923
157 240 12 14 0.2822
264 230 12 14 0.2809
100 213 10 11 0.2727
154 192 9 11 0.2689
33 207 11 12 0.2613
114 196 9 11 0.2559
35 196 10 10 0.2516
20 234 13 16 0.2467
74 201 10 11 0.2461
91 164 8 10 0.2426
58 257 14 16 0.2394
869 264 16 20 0.2381
131 281 15 20 0.2377
111 237 13 16 0.2377
27 183 9 10 0.2357
92 256 14 16 0.2326
91 197 8 10 0.2310
249 275 16 20 0.2253
197 242 13 17 0.2203
921 259 17 21 0.2200
34 195 9 11 0.2190
52 232 12 15 0.2187
200 242 13 18 0.2142
17 300 18 21 0.2142
756 94 43 48 0.2133
198 191 9 11 0.2094
230 247 14 18 0.2077
56 258 15 17 0.2076
108 237 13 16 0.2047
204 175 8 9 0.2037
313 224 11 14 0.2018
259 251 12 15 0.1924
269 178 9 11 0.1878
251 188 8 11 0.1876
30 183 8 10 0.1852
290 241 14 17 0.1811
59 258 15 17 0.1797
165 178 8 10 0.1765
255 188 8 10 0.1758
0 294 10 23 0.1743
291 244 15 19 0.1729
58 181 8 10 0.1722
129 177 8 10 0.1639
174 228 10 13 0.1626
96 255 15 16 0.1603
474 179 12 14 0.1548
95 198 8 10 0.1538
253 310 20 21 0.1534
126 177 8 10 0.1520
140 200 9 11 0.1502
161 177 8 11 0.1468
78 169 8 10 0.1460
228 239 15 18 0.1454
316 224 11 14 0.1447
182 335 21 26 0.1446
78 239 11 14 0.1428
43 286 16 20 0.1409
56 256 13 16 0.1406
264 261 12 17 0.1382
0 291 7 24 0.1373
232 184 8 10 0.1368
61 181 8 10 0.1365
156 193 8 10 0.1314
228 185 8 10 0.1312
176 228 11 13 0.1308
160 240 12 14 0.1291
77 284 14 17 0.1289
230 183 8 10 0.1259
51 205 10 12 0.1253
92 257 16 18 0.1212
1008 317 16 34 0.1201
0 256 5 15 0.1196
77 169 8 10 0.1195
284 177 9 10 0.1188
258 176 8 11 0.1135
303 172 8 10 0.1118
140 243 13 15 0.1116
451 135 11 12 0.1108
51 311 17 24 0.1085
366 63 27 49 0.1083
133 279 15 19 0.1071
59 277 15 18 0.1062
31 199 11 14 0.1013
48 231 11 14 0.0996
23 257 15 19 0.0991
262 251 12 15 0.0987
312 277 16 21 0.0983
228 183 7 10 0.0961
272 180 8 10 0.0950
304 170 9 11 0.0920
94 197 9 10 0.0915
191 169 8 10 0.0914
307 171 8 11 0.0912
130 204 9 11 0.0875
98 230 12 13 0.0869
168 165 8 9 0.0855
62 182 8 10 0.0853
164 165 8 9 0.0851
56 278 14 17 0.0839
241 175 8 9 0.0830
96 230 11 13 0.0826
288 241 12 15 0.0817
196 193 8 11 0.0814
456 135 10 11 0.0814
73 223 11 13 0.0812
33 182 9 10 0.0811
188 168 8 10 0.0811
75 281 14 18 0.0784
126 204 9 12 0.0755
133 178 8 10 0.0734
476 193 15 18 0.0725
74 169 8 10 0.0723
98 236 11 14 0.0707
201 244 14 18 0.0704
312 202 8 11 0.0637
120 160 9 12 0.0635
58 182 9 10 0.0597
251 306 19 22 0.0588
475 184 15 18 0.0584
968 252 17 20 0.0583
310 278 17 23 0.0576
220 239 14 17 0.0574
267 198 8 11 0.0554
270 198 8 10 0.0528
291 197 11 13 0.0526
480 190 13 16 0.0519
89 172 8 10 0.0513
193 171 8 10 0.0506
88 164 8 9 0.0502
32 206 11 13 0.0498
146 229 11 13 0.0494
438 340 35 37 0.0489
287 186 9 11 0.0488
53 204 10 12 0.0483
58 182 8 11 0.0482
291 186 8 11 0.0480
108 236 13 15 0.0472
73 220 10 12 0.0471
271 161 8 9 0.0468
366 58 27 49 0.0464
178 184 9 11 0.0460
204 159 7 8 0.0458
202 158 7 8 0.0457
315 203 8 10 0.0455
76 158 7 8 0.0454
311 321 17 23 0.0449
30 183 9 11 0.0444
472 179 10 14 0.0444
288 245 13 17 0.0440
144 261 13 16 0.0439
286 196 11 14 0.0438
268 179 8 11 0.0434
483 218 17 21 0.0427
183 252 13 17 0.0423
560 52 22 30 0.0421
321 265 14 17 0.0420
0 277 11 22 0.0414
160 237 11 14 0.0412
251 156 6 8 0.0411
254 156 7 8 0.0407
232 182 9 11 0.0403
198 244 13 18 0.0398
199 193 8 11 0.0394
89 164 8 10 0.0394
0 258 6 18 0.0389
499 179 11 14 0.0386
130 179 8 11 0.0385
123 159 10 13 0.0385
49 233 11 14 0.0384
180 256 14 16 0.0377
102 211 10 11 0.0374
56 278 16 20 0.0367
160 212 10 12 0.0364
958 235 14 18 0.0358
25 184 10 11 0.0354
199 157 7 9 0.0350
233 237 13 15 0.0346
372 65 26 48 0.0339
558 48 19 29 0.0339
97 257 16 18 0.0330
448 136 9 11 0.0330
149 230 11 13 0.0325
320 178 9 11 0.0323
166 250 14 17 0.0321
286 177 10 12 0.0321
322 186 9 12 0.0315
206 177 8 10 0.0314
131 202 9 11 0.0312
25 182 9 11 0.0311
93 163 8 11 0.0305
119 157 9 11 0.0300
436 178 10 12 0.0299
103 255 14 16 0.0299
925 259 17 20 0.0299
79 282 15 19 0.0298
242 174 7 9 0.0297
984 335 22 31 0.0296
263 260 14 18 0.0295
301 168 9 11 0.0295
0 344 10 27 0.0294
990 336 20 29 0.0282
210 373 20 24 0.0278
56 311 17 23 0.0278
80 236 11 14 0.0275
123 157 9 11 0.0272
472 221 14 18 0.0269
455 134 9 10 0.0265
885 255 14 17 0.0263
224 193 9 12 0.0260
872 267 16 20 0.0260
73 156 8 9 0.0259
53 232 12 14 0.0258
189 159 7 9 0.0257
166 164 8 10 0.0253
67 231 11 13 0.0246
193 190 8 10 0.0246
163 212 10 12 0.0244
472 181 13 15 0.0243
16 323 20 23 0.0240
235 247 12 16 0.0239
255 157 6 8 0.0239
160 210 11 12 0.0237
189 167 8 9 0.0237
372 59 25 46 0.0237
58 257 14 17 0.0235
158 188 9 11 0.0228
499 181 14 18 0.0228
115 191 9 11 0.0227
469 294 24 28 0.0227
451 134 9 11 0.0226
755 95 33 45 0.0224
367 73 28 44 0.0222
128 301 17 21 0.0221
71 310 19 24 0.0219
323 277 13 18 0.0219
207 374 17 22 0.0215
35 167 9 10 0.0209
445 342 30 34 0.0208
138 260 14 17 0.0207
289 238 13 15 0.0206
918 256 16 20 0.0206
428 166 10 13 0.0202
920 238 16 20 0.0200
121 194 9 12 0.0200
259 337 18 24 0.0197
288 174 8 10 0.0195
293 160 8 10 0.0194
448 198 11 14 0.0194
227 193 9 12 0.0192
967 258 22 27 0.0191
304 152 8 10 0.0188
477 296 22 26 0.0185
162 254 12 16 0.0185
52 157 8 10 0.0185
991 340 20 30 0.0183
965 252 16 19 0.0182
72 198 9 11 0.0182
904 266 15 19 0.0180
257 309 17 20 0.0179
81 284 15 19 0.0178
225 156 8 9 0.0177
1002 316 22 43 0.0176
234 251 15 18 0.0174
88 257 14 15 0.0172
118 161 8 11 0.0171
305 321 16 21 0.0171
268 160 8 10 0.0168
194 315 20 24 0.0167
922 257 19 22 0.0167
140 237 11 13 0.0166
58 157 8 10 0.0165
495 177 11 14 0.0164
551 266 20 26 0.0160
444 179 10 12 0.0159
213 162 8 9 0.0159
549 261 20 28 0.0158
229 157 7 8 0.0157
319 185 8 11 0.0157
90 199 9 12 0.0156
480 193 15 17 0.0155
314 280 17 21 0.0155
206 159 7 9 0.0154
133 281 15 20 0.0151
54 155 8 10 0.0149
489 165 10 13 0.0149
326 266 13 17 0.0148
431 167 9 12 0.0148
275 148 7 9 0.0147
317 184 10 12 0.0147
905 271 17 21 0.0146
467 290 19 24 0.0145
563 54 30 29 0.0145
123 242 12 14 0.0145
80 281 14 18 0.0143
449 135 11 13 0.0143
261 231 13 15 0.0141
133 303 16 20 0.0141
332 321 16 21 0.0141
110 234 12 14 0.0140
986 339 22 32 0.0138
22 173 8 9 0.0137
955 236 13 17 0.0136
2 284 12 20 0.0136
179 230 11 13 0.0133
1007 316 16 31 0.0131
204 238 12 15 0.0131
223 244 15 17 0.0130
440 180 11 13 0.0129
1012 322 12 35 0.0128
279 148 8 9 0.0128
892 271 16 18 0.0127
20 232 13 16 0.0126
313 227 13 16 0.0122
968 269 20 25 0.0122
494 179 13 17 0.0121
157 247 13 16 0.0120
334 204 10 13 0.0119
234 241 12 17 0.0117
201 230 12 14 0.0117
165 162 8 10 0.0117
288 251 15 18 0.0117
481 217 16 20 0.0115
431 172 10 12 0.0115
259 312 17 21 0.0114
445 199 9 12 0.0113
234 164 9 9 0.0111
960 260 22 27 0.0111
472 183 11 14 0.0109
7 205 12 15 0.0109
29 170 9 10 0.0109
299 154 9 11 0.0108
317 261 14 17 0.0107
0 255 11 17 0.0107
230 236 12 13 0.0104
418 220 14 18 0.0104
313 203 10 13 0.0104
100 170 9 9 0.0104
889 255 12 16 0.0103
139 258 13 16 0.0103
1018 245 6 26 0.0102
253 332 17 21 0.0101
552 259 25 32 0.0100
