21_Festival_Festival_21_605
52
805 82 65 78 0.8915
634 63 65 85 0.8882
313 69 72 88 0.8848
178 118 63 73 0.8846
448 38 82 104 0.8843
937 260 30 36 0.8401
993 267 28 32 0.7741
58 237 20 27 0.7652
87 266 16 26 0.7640
987 185 19 21 0.7537
7 247 16 23 0.5555
28 229 16 20 0.5418
935 206 16 20 0.5412
761 162 18 25 0.5380
77 159 13 16 0.4094
146 192 13 13 0.3650
758 163 18 25 0.3181
149 192 13 13 0.3142
5 247 15 23 0.2716
31 228 15 21 0.2689
75 159 13 15 0.2169
963 224 15 17 0.2158
937 207 16 20 0.2012
40 257 13 17 0.1671
1 233 10 16 0.1619
87 314 13 18 0.1302
53 277 14 19 0.1108
966 222 15 16 0.0784
967 224 14 16 0.0687
964 222 13 16 0.0655
58 277 14 18 0.0590
83 314 14 18 0.0443
41 259 13 17 0.0419
938 206 17 20 0.0392
990 184 18 23 0.0364
82 160 11 14 0.0322
84 310 13 19 0.0319
124 266 14 22 0.0311
119 267 13 21 0.0294
81 158 11 15 0.0252
0 261 9 21 0.0219
287 134 20 26 0.0214
44 258 13 17 0.0194
285 137 17 22 0.0193
124 191 8 11 0.0190
121 191 8 11 0.0182
69 230 15 23 0.0155
55 271 17 23 0.0137
1010 319 13 31 0.0137
909 260 20 28 0.0120
917 260 22 28 0.0117
962 196 12 14 0.0105
