21_Festival_Festival_21_797
42
418 217 52 64 0.8725
84 242 51 59 0.8614
503 259 52 67 0.8574
315 320 54 65 0.8570
96 329 54 63 0.8523
835 163 40 48 0.8489
293 236 48 59 0.8318
172 294 43 46 0.8187
779 277 49 68 0.8179
640 141 104 121 0.7862
285 198 28 40 0.7816
186 78 24 38 0.6434
662 67 37 45 0.5886
42 186 20 40 0.5855
271 303 38 41 0.4648
640 141 104 120 0.4442
745 218 30 41 0.4172
740 217 32 43 0.3645
965 146 17 53 0.1905
200 204 25 38 0.1655
47 186 19 38 0.1458
962 146 16 51 0.1437
777 154 22 26 0.0726
268 305 37 40 0.0703
195 205 23 37 0.0700
171 293 44 46 0.0641
293 236 48 59 0.0367
925 143 33 48 0.0348
270 299 38 44 0.0329
957 150 19 51 0.0268
957 146 18 49 0.0252
776 155 26 33 0.0228
41 292 24 41 0.0221
736 175 32 47 0.0208
197 210 21 34 0.0152
964 139 14 37 0.0138
780 152 26 32 0.0125
267 299 35 42 0.0125
45 287 31 46 0.0114
257 316 21 32 0.0111
204 206 26 39 0.0107
738 169 26 42 0.0106
