21_Festival_Festival_21_140
32
520 495 41 51 0.8193
430 460 21 28 0.4850
1014 514 10 41 0.4451
348 479 23 24 0.3440
434 459 22 28 0.3031
344 479 24 24 0.2768
1011 512 13 43 0.1039
208 764 19 32 0.0693
115 598 17 22 0.0500
347 480 23 25 0.0461
214 764 16 30 0.0402
352 481 22 23 0.0330
825 603 44 73 0.0308
118 721 10 12 0.0298
122 721 10 12 0.0265
111 598 17 21 0.0253
1007 512 17 43 0.0217
828 612 39 67 0.0186
1018 515 6 46 0.0184
43 647 23 26 0.0166
589 501 12 15 0.0165
594 500 12 16 0.0161
341 477 15 20 0.0158
831 585 39 49 0.0156
947 447 11 15 0.0143
695 473 18 21 0.0141
951 447 12 15 0.0138
690 474 18 21 0.0128
644 474 24 28 0.0120
853 557 23 29 0.0120
124 723 9 12 0.0116
697 722 34 45 0.0110
