21_Festival_Festival_21_219
58
565 278 84 114 0.8672
65 396 15 19 0.3651
585 436 9 12 0.1740
582 436 9 12 0.1714
608 437 9 11 0.1441
561 446 8 10 0.1012
611 437 9 12 0.0882
558 446 8 10 0.0871
318 540 8 9 0.0736
144 385 8 10 0.0695
147 385 7 10 0.0644
52 399 14 17 0.0633
321 540 8 9 0.0426
15 560 8 10 0.0407
412 542 6 8 0.0376
11 560 9 10 0.0353
19 437 7 10 0.0340
526 437 9 10 0.0322
669 446 8 11 0.0319
646 442 8 11 0.0317
415 543 6 8 0.0309
541 446 9 9 0.0307
643 442 8 10 0.0306
471 541 7 8 0.0296
228 541 8 11 0.0266
389 543 6 8 0.0266
142 385 8 9 0.0257
399 531 6 7 0.0248
392 544 6 8 0.0247
373 547 6 8 0.0238
468 541 7 8 0.0229
22 437 7 10 0.0229
389 544 6 8 0.0218
231 541 8 11 0.0213
397 531 6 7 0.0210
28 562 8 10 0.0207
672 446 8 11 0.0201
1 434 5 9 0.0185
523 438 8 9 0.0171
68 396 14 19 0.0171
632 452 9 11 0.0170
450 541 8 9 0.0167
432 536 6 8 0.0165
695 442 7 9 0.0160
192 540 6 9 0.0152
429 536 7 8 0.0148
13 559 8 10 0.0146
376 548 6 7 0.0144
25 562 7 9 0.0143
54 401 13 16 0.0130
176 540 8 10 0.0122
698 442 8 10 0.0119
506 522 6 8 0.0109
357 531 5 8 0.0108
505 521 6 8 0.0108
400 532 6 7 0.0105
509 522 6 8 0.0103
279 546 8 11 0.0101
