21_Festival_Festival_21_562
24
168 155 44 47 0.8153
400 272 27 32 0.7109
53 241 24 31 0.4511
356 290 19 20 0.3016
51 240 24 31 0.2982
452 360 7 7 0.1199
0 293 5 20 0.1020
456 360 6 8 0.0995
608 123 50 55 0.0971
2 342 11 16 0.0941
360 286 24 24 0.0642
608 124 51 54 0.0572
5 343 11 15 0.0484
0 295 7 20 0.0375
454 361 7 8 0.0312
474 357 6 7 0.0308
609 124 50 53 0.0301
352 291 15 18 0.0252
275 341 18 21 0.0251
270 341 18 20 0.0188
269 302 19 20 0.0153
360 289 19 21 0.0137
458 361 7 8 0.0128
359 292 20 21 0.0116
