21_Festival_Festival_21_340
460
791 208 67 100 0.8110
254 353 15 26 0.7568
701 291 14 17 0.5518
238 334 14 22 0.5329
360 263 12 14 0.4837
565 263 10 14 0.4761
222 334 16 23 0.4153
592 255 10 13 0.4074
296 263 11 14 0.3980
482 230 9 12 0.3784
485 230 9 12 0.3775
659 277 11 14 0.3668
742 243 9 12 0.3598
464 262 10 13 0.3597
662 277 11 15 0.3589
458 232 8 11 0.3532
595 255 10 13 0.3454
101 321 12 15 0.3417
71 343 18 24 0.3344
455 233 8 10 0.3141
399 323 17 23 0.3033
708 238 7 10 0.2988
567 263 10 14 0.2965
710 238 7 10 0.2908
448 252 11 14 0.2837
678 243 7 10 0.2823
351 251 9 12 0.2820
761 257 7 9 0.2782
309 242 10 12 0.2737
97 280 10 14 0.2688
764 257 7 9 0.2684
415 232 9 12 0.2677
473 247 9 11 0.2615
72 343 19 25 0.2592
621 256 9 11 0.2531
100 279 10 15 0.2465
739 243 9 12 0.2441
418 232 9 12 0.2374
167 327 13 18 0.2324
362 263 12 14 0.2277
383 236 9 11 0.2271
174 368 18 27 0.2259
624 256 9 11 0.2215
403 323 16 24 0.2141
382 235 8 11 0.2102
581 291 18 22 0.2076
291 233 10 12 0.2069
50 355 19 29 0.2021
172 368 17 26 0.2015
551 267 9 13 0.1820
20 344 17 29 0.1813
655 257 9 10 0.1781
675 243 7 10 0.1778
475 247 8 11 0.1741
294 263 10 14 0.1645
768 280 8 9 0.1520
665 236 8 10 0.1496
27 304 10 12 0.1484
279 240 9 11 0.1434
392 254 9 13 0.1369
15 359 11 29 0.1369
312 242 8 12 0.1358
57 291 9 13 0.1315
765 280 8 9 0.1313
445 252 11 14 0.1306
399 232 8 11 0.1284
306 227 8 10 0.1278
444 355 18 22 0.1278
373 236 9 12 0.1276
547 266 9 13 0.1265
514 312 11 23 0.1254
126 257 7 9 0.1252
141 301 10 16 0.1235
18 344 17 25 0.1220
657 257 9 10 0.1217
579 291 16 22 0.1203
288 233 10 12 0.1199
354 239 8 9 0.1147
772 267 8 9 0.1138
60 290 8 12 0.1131
656 331 13 19 0.1129
399 220 8 9 0.1123
139 254 8 10 0.1114
125 270 8 12 0.1096
276 240 8 11 0.1087
335 223 8 10 0.1087
481 262 9 12 0.1081
136 302 11 17 0.1078
228 333 17 24 0.1071
114 266 8 11 0.1063
379 261 10 12 0.1037
71 271 9 13 0.1030
169 264 11 13 0.1019
461 262 10 13 0.1017
111 266 9 11 0.1015
402 250 10 13 0.1010
397 220 7 9 0.1008
74 272 9 11 0.1008
123 257 8 9 0.1007
159 253 8 10 0.1003
55 301 9 12 0.0965
430 280 13 16 0.0932
30 304 9 12 0.0932
88 264 9 12 0.0922
298 263 11 14 0.0919
427 285 13 17 0.0907
169 367 15 24 0.0887
106 320 10 15 0.0881
537 256 9 14 0.0880
534 256 9 14 0.0874
97 321 13 15 0.0872
427 281 12 15 0.0871
699 291 13 17 0.0862
169 246 8 9 0.0862
337 224 8 10 0.0861
368 229 8 10 0.0854
51 353 18 28 0.0834
562 254 7 9 0.0833
17 344 13 24 0.0816
663 237 8 11 0.0816
370 227 7 9 0.0803
707 238 7 9 0.0795
359 263 9 13 0.0791
125 358 21 26 0.0788
335 236 9 11 0.0787
663 236 7 10 0.0751
339 221 8 9 0.0750
328 251 9 12 0.0744
220 299 9 16 0.0721
178 283 12 16 0.0713
398 252 11 14 0.0708
235 239 8 10 0.0699
654 257 8 11 0.0695
59 301 8 12 0.0689
124 272 8 10 0.0680
438 223 8 10 0.0677
635 218 6 7 0.0674
294 236 9 11 0.0663
17 347 15 29 0.0661
237 334 13 21 0.0660
782 274 7 10 0.0648
351 240 8 10 0.0642
140 274 10 12 0.0623
183 257 8 11 0.0612
471 248 9 11 0.0608
965 355 8 9 0.0606
56 268 9 12 0.0602
334 253 10 13 0.0597
710 237 7 10 0.0595
267 294 12 17 0.0592
25 304 10 13 0.0589
246 233 8 9 0.0572
62 331 10 13 0.0567
968 354 9 11 0.0567
128 271 8 11 0.0562
399 235 8 10 0.0556
625 259 11 14 0.0546
63 347 17 23 0.0539
539 244 7 11 0.0537
430 285 13 17 0.0536
675 244 8 10 0.0532
415 235 9 12 0.0529
351 239 7 9 0.0528
169 369 18 25 0.0517
560 254 8 11 0.0514
305 227 7 9 0.0511
632 218 6 7 0.0510
262 264 9 11 0.0510
366 227 7 9 0.0510
259 263 10 12 0.0499
462 261 10 12 0.0495
80 302 9 11 0.0493
164 327 10 17 0.0486
278 223 6 8 0.0466
66 344 16 23 0.0464
223 267 10 14 0.0457
180 286 11 16 0.0453
479 261 9 12 0.0448
656 261 9 11 0.0447
217 297 11 16 0.0440
163 349 14 20 0.0437
173 263 10 12 0.0434
57 356 15 27 0.0428
106 320 11 16 0.0427
320 265 9 11 0.0424
216 301 10 15 0.0422
126 355 18 24 0.0422
134 312 11 17 0.0421
447 251 12 13 0.0421
267 237 7 10 0.0420
189 280 10 14 0.0419
440 263 11 12 0.0417
536 244 8 12 0.0416
732 244 8 9 0.0414
558 252 8 9 0.0413
235 275 12 15 0.0410
337 259 9 11 0.0403
652 225 7 9 0.0402
614 300 13 15 0.0402
470 261 11 13 0.0401
59 331 10 14 0.0400
194 239 8 10 0.0397
140 297 11 17 0.0395
311 243 10 12 0.0391
167 265 9 13 0.0388
318 295 13 16 0.0383
367 228 8 10 0.0383
194 256 9 11 0.0380
140 265 9 11 0.0376
660 331 12 17 0.0375
549 268 9 13 0.0374
203 392 17 22 0.0369
471 275 11 14 0.0368
83 302 9 11 0.0365
437 222 7 10 0.0362
274 222 7 9 0.0359
139 314 11 17 0.0357
621 259 11 14 0.0356
622 255 9 11 0.0353
722 255 8 10 0.0353
763 258 7 10 0.0351
694 248 7 10 0.0350
238 276 12 14 0.0349
655 257 8 9 0.0349
233 238 7 8 0.0348
267 233 8 10 0.0343
675 242 7 9 0.0342
41 296 10 13 0.0341
137 300 11 16 0.0331
706 292 11 14 0.0328
137 253 8 9 0.0328
258 262 9 11 0.0325
30 303 9 12 0.0318
534 260 10 14 0.0315
338 224 8 10 0.0312
86 262 9 13 0.0309
934 364 13 17 0.0308
348 250 9 11 0.0307
138 274 10 12 0.0302
201 258 9 11 0.0301
144 301 10 15 0.0299
396 221 9 10 0.0298
57 289 9 10 0.0298
402 221 7 10 0.0295
227 267 11 15 0.0293
363 260 10 12 0.0291
62 262 8 10 0.0289
72 273 10 12 0.0288
580 295 16 22 0.0286
308 228 8 9 0.0284
76 273 9 11 0.0284
773 297 9 11 0.0283
226 332 14 23 0.0283
57 299 10 13 0.0276
738 245 9 11 0.0275
77 343 17 23 0.0274
231 240 8 9 0.0273
192 239 7 9 0.0272
175 283 11 16 0.0269
510 265 12 15 0.0268
312 246 10 12 0.0265
391 251 11 13 0.0263
178 239 7 9 0.0262
262 262 8 11 0.0258
374 235 9 12 0.0258
119 292 13 16 0.0257
177 286 10 16 0.0256
964 353 8 10 0.0252
780 274 8 10 0.0252
121 302 12 15 0.0251
438 209 8 10 0.0250
216 298 12 16 0.0247
289 232 8 10 0.0246
328 236 8 10 0.0245
898 357 12 15 0.0244
78 335 12 15 0.0244
170 328 14 19 0.0243
83 261 10 12 0.0241
276 313 19 24 0.0241
168 247 8 9 0.0240
654 331 17 23 0.0240
717 271 8 10 0.0238
164 349 12 16 0.0238
584 296 18 22 0.0236
777 295 9 11 0.0234
236 271 12 15 0.0234
192 336 12 18 0.0234
164 326 12 18 0.0231
244 235 8 9 0.0230
263 294 13 17 0.0230
17 286 9 13 0.0230
905 325 7 8 0.0229
539 254 9 12 0.0228
441 209 7 9 0.0227
167 252 9 12 0.0226
11 357 11 31 0.0224
128 242 6 7 0.0223
283 282 11 15 0.0222
82 300 9 12 0.0220
184 265 9 11 0.0219
652 264 9 11 0.0219
360 260 10 14 0.0219
303 228 7 9 0.0217
33 279 9 12 0.0216
970 369 16 20 0.0214
148 241 6 7 0.0212
111 249 7 8 0.0212
167 268 10 11 0.0212
278 291 12 16 0.0209
145 296 10 15 0.0209
26 345 17 26 0.0208
773 300 9 10 0.0207
140 356 14 20 0.0206
21 327 13 17 0.0205
62 271 9 12 0.0204
56 351 14 22 0.0204
38 317 12 15 0.0202
553 270 9 11 0.0198
144 274 9 12 0.0198
417 232 7 10 0.0197
103 279 10 13 0.0195
78 290 9 12 0.0195
517 312 12 23 0.0194
285 242 9 12 0.0192
75 383 21 27 0.0192
236 272 12 14 0.0192
564 254 9 11 0.0191
180 340 13 18 0.0191
60 329 10 13 0.0191
779 262 8 10 0.0191
267 227 8 9 0.0190
661 301 14 17 0.0189
79 314 12 16 0.0188
507 266 11 14 0.0187
606 274 9 12 0.0186
743 245 8 11 0.0185
968 351 8 11 0.0184
89 323 11 14 0.0184
111 263 8 11 0.0184
258 234 7 9 0.0182
512 259 10 13 0.0181
741 287 10 13 0.0181
401 263 10 14 0.0180
769 277 11 15 0.0180
744 244 8 11 0.0176
19 283 8 11 0.0175
624 254 9 10 0.0175
424 321 16 23 0.0175
97 324 13 15 0.0175
204 264 10 12 0.0175
620 254 8 10 0.0174
419 234 9 11 0.0172
264 296 13 17 0.0172
762 255 7 9 0.0170
317 298 14 17 0.0169
971 372 18 21 0.0169
512 312 10 22 0.0168
363 255 9 11 0.0167
188 278 9 12 0.0167
634 217 5 7 0.0165
290 215 6 7 0.0164
741 242 8 10 0.0164
677 244 8 10 0.0164
118 254 8 10 0.0163
16 277 7 8 0.0163
446 248 9 12 0.0163
136 359 16 22 0.0163
651 225 7 9 0.0162
26 301 9 13 0.0162
233 241 9 10 0.0161
230 259 10 13 0.0161
503 163 7 8 0.0160
104 322 12 16 0.0160
162 348 12 18 0.0157
500 163 7 8 0.0156
517 243 8 11 0.0156
191 242 8 9 0.0155
897 326 6 7 0.0154
11 361 13 29 0.0154
189 332 12 21 0.0154
738 288 10 13 0.0153
271 242 9 10 0.0153
894 325 7 9 0.0151
455 234 9 11 0.0151
609 272 9 11 0.0151
136 318 12 16 0.0151
714 270 9 11 0.0150
315 295 11 15 0.0150
903 337 8 10 0.0150
216 223 7 8 0.0147
647 275 10 13 0.0145
667 235 6 9 0.0145
272 312 15 22 0.0143
218 223 6 8 0.0142
337 291 11 15 0.0141
52 359 20 30 0.0141
900 337 9 11 0.0140
404 262 10 13 0.0139
445 291 9 11 0.0139
18 328 12 18 0.0139
906 326 7 8 0.0138
63 314 10 14 0.0138
740 284 10 13 0.0136
15 389 11 20 0.0136
334 224 7 9 0.0136
651 225 7 9 0.0136
459 234 8 10 0.0135
413 245 10 12 0.0134
426 354 15 20 0.0134
268 297 12 17 0.0133
653 242 8 10 0.0131
512 309 9 22 0.0131
652 289 10 15 0.0131
130 352 16 20 0.0130
197 242 8 10 0.0130
80 254 7 9 0.0129
318 265 10 13 0.0129
987 360 9 13 0.0129
332 276 11 13 0.0129
445 225 8 9 0.0128
703 285 12 16 0.0128
78 272 8 11 0.0127
23 376 14 23 0.0126
516 313 13 23 0.0126
465 264 10 13 0.0125
244 233 7 8 0.0124
452 232 8 10 0.0124
214 223 6 7 0.0122
632 217 5 7 0.0121
60 262 7 10 0.0121
772 292 12 16 0.0120
457 277 12 16 0.0120
454 278 11 15 0.0119
83 256 8 10 0.0119
261 267 9 12 0.0118
18 278 7 9 0.0117
219 269 9 12 0.0117
549 270 9 12 0.0116
288 214 6 8 0.0116
147 240 6 7 0.0116
508 273 11 15 0.0115
681 264 9 11 0.0115
295 261 10 14 0.0115
80 343 12 20 0.0113
145 316 11 17 0.0113
297 326 15 23 0.0112
623 268 11 12 0.0109
128 361 19 26 0.0108
293 266 11 13 0.0107
636 314 16 21 0.0107
79 384 23 28 0.0107
445 356 20 25 0.0106
655 276 10 13 0.0105
152 241 6 8 0.0105
126 241 6 7 0.0105
707 313 12 16 0.0104
678 281 10 14 0.0103
18 366 10 28 0.0102
439 355 15 21 0.0101
720 271 10 12 0.0100
