21_Festival_Festival_21_193
177
203 437 36 45 0.8477
626 437 22 37 0.4948
818 426 18 29 0.4526
716 456 21 37 0.4257
169 389 15 24 0.4170
238 410 15 25 0.4069
630 437 19 37 0.3978
379 407 15 21 0.3688
132 376 10 17 0.3041
48 418 24 40 0.3034
206 379 17 23 0.2649
173 389 14 24 0.2386
397 452 16 41 0.2048
234 410 17 25 0.1978
652 407 12 20 0.1861
53 418 20 40 0.1814
969 436 18 29 0.1550
961 355 10 12 0.1546
213 379 15 21 0.1532
135 376 10 17 0.1469
376 407 14 21 0.1345
719 457 22 36 0.1161
209 325 6 8 0.0884
958 355 10 12 0.0866
204 336 7 10 0.0823
964 355 9 12 0.0786
236 328 5 7 0.0781
804 346 8 11 0.0772
213 325 6 7 0.0772
259 364 11 16 0.0760
2 362 12 15 0.0707
800 348 8 11 0.0703
201 336 8 10 0.0671
103 372 14 18 0.0664
742 400 10 18 0.0661
988 404 12 18 0.0641
234 327 6 7 0.0633
1003 349 6 8 0.0619
964 327 7 9 0.0615
214 326 6 7 0.0615
174 354 9 13 0.0604
239 328 6 7 0.0581
101 372 13 17 0.0578
859 390 9 15 0.0535
379 407 17 22 0.0534
210 326 6 7 0.0529
189 330 6 8 0.0521
739 401 10 18 0.0510
799 351 8 10 0.0497
237 327 6 7 0.0492
1004 350 7 8 0.0474
314 346 6 9 0.0441
855 389 10 15 0.0438
1006 349 7 8 0.0424
654 407 13 21 0.0414
178 354 8 13 0.0405
992 404 12 18 0.0400
317 346 6 8 0.0381
396 450 15 42 0.0377
961 327 7 9 0.0370
378 389 8 12 0.0366
377 407 14 22 0.0360
281 377 11 15 0.0356
966 327 7 9 0.0349
649 406 11 20 0.0348
803 348 8 12 0.0346
186 330 6 8 0.0338
338 348 5 8 0.0333
381 386 8 12 0.0331
777 338 6 7 0.0324
774 338 6 7 0.0316
336 374 13 16 0.0308
207 381 16 22 0.0307
378 386 8 12 0.0303
130 374 10 16 0.0299
263 364 11 15 0.0297
410 349 6 7 0.0292
447 358 8 10 0.0280
382 388 7 12 0.0276
5 362 13 15 0.0274
450 358 8 10 0.0274
341 348 6 8 0.0263
413 349 6 7 0.0258
278 377 10 16 0.0257
976 439 15 25 0.0248
188 329 6 7 0.0237
138 353 6 8 0.0234
1 361 10 14 0.0230
133 375 12 17 0.0229
480 425 12 25 0.0227
134 353 7 9 0.0219
805 406 10 18 0.0216
31 494 28 50 0.0208
211 326 6 7 0.0207
821 426 19 29 0.0204
221 378 11 17 0.0202
794 382 9 12 0.0200
792 381 7 12 0.0193
5 359 12 15 0.0186
145 376 12 16 0.0185
963 314 6 8 0.0184
1007 350 7 9 0.0183
778 338 6 7 0.0183
36 378 19 22 0.0183
453 348 6 7 0.0182
236 328 7 7 0.0182
107 371 11 16 0.0177
339 349 6 8 0.0175
456 348 6 7 0.0173
185 329 5 7 0.0172
819 372 9 11 0.0171
374 350 6 8 0.0169
775 339 6 7 0.0168
1006 348 8 10 0.0167
372 350 6 7 0.0165
155 325 7 7 0.0165
105 372 14 17 0.0163
370 350 5 7 0.0160
37 352 8 11 0.0160
309 332 6 7 0.0158
960 315 6 9 0.0157
921 331 8 9 0.0157
41 352 8 10 0.0156
188 330 7 8 0.0154
816 371 9 11 0.0153
961 327 7 9 0.0153
876 376 11 14 0.0150
393 365 8 12 0.0149
35 382 20 24 0.0146
857 387 9 14 0.0145
109 374 11 15 0.0144
371 351 6 8 0.0143
339 374 14 16 0.0142
484 425 10 25 0.0139
77 356 10 12 0.0139
36 493 27 48 0.0135
136 353 7 8 0.0135
174 352 7 10 0.0132
961 434 22 33 0.0132
965 326 7 9 0.0132
390 348 6 7 0.0130
396 349 6 7 0.0129
29 495 32 57 0.0128
42 378 18 22 0.0127
802 348 8 11 0.0126
725 342 6 7 0.0126
862 390 9 14 0.0123
918 331 7 9 0.0121
192 356 9 11 0.0120
158 325 6 7 0.0119
133 352 7 8 0.0119
342 350 6 8 0.0118
880 377 11 14 0.0117
180 353 8 10 0.0116
214 381 14 21 0.0114
273 329 6 8 0.0113
394 348 5 7 0.0113
215 347 7 9 0.0112
178 351 7 10 0.0112
414 367 8 11 0.0112
39 351 8 10 0.0111
269 329 7 9 0.0109
802 406 10 18 0.0108
235 408 16 25 0.0106
260 360 10 16 0.0106
391 349 6 7 0.0104
339 349 7 7 0.0104
961 313 6 8 0.0104
299 331 5 6 0.0104
959 354 9 12 0.0103
972 436 19 31 0.0102
213 348 8 10 0.0102
721 342 5 7 0.0102
722 342 6 7 0.0101
44 352 9 12 0.0101
218 348 7 9 0.0100
371 350 6 7 0.0100
