21_Festival_Festival_21_604
1088
163 625 21 24 0.7738
10 543 17 20 0.7484
205 623 25 28 0.7469
71 589 18 25 0.7291
763 554 16 22 0.6256
893 656 18 18 0.5951
922 532 14 16 0.5240
731 583 16 20 0.5209
717 580 12 17 0.4938
960 641 13 22 0.4872
26 495 12 16 0.4786
688 503 13 15 0.4475
21 627 16 23 0.4459
203 494 11 16 0.4329
699 577 14 16 0.4193
208 594 14 19 0.4180
62 503 11 15 0.4162
745 607 12 19 0.3709
275 623 16 19 0.3649
11 476 11 14 0.3639
510 441 9 12 0.3629
973 503 10 15 0.3612
294 496 10 14 0.3603
948 462 11 14 0.3548
898 458 9 12 0.3417
506 441 9 12 0.3364
303 594 12 18 0.3242
201 494 10 15 0.3227
218 509 12 16 0.3192
343 467 9 11 0.3128
1004 479 10 15 0.3039
30 665 23 14 0.3018
141 473 10 14 0.2952
205 435 9 12 0.2944
8 476 11 15 0.2944
191 513 10 15 0.2899
860 510 12 15 0.2892
1006 479 12 15 0.2870
345 467 9 11 0.2827
219 454 9 12 0.2810
31 567 12 20 0.2808
58 504 11 16 0.2804
1003 453 9 12 0.2796
101 535 12 16 0.2795
862 587 13 20 0.2790
136 584 13 20 0.2781
751 640 15 21 0.2765
55 559 15 22 0.2727
806 510 10 14 0.2678
707 550 12 16 0.2648
248 578 13 19 0.2628
35 567 11 19 0.2582
987 472 10 13 0.2582
295 470 9 11 0.2539
246 463 9 11 0.2520
960 439 8 10 0.2517
340 488 9 13 0.2513
238 532 11 15 0.2513
285 594 15 20 0.2507
220 510 12 16 0.2485
293 470 9 11 0.2480
951 523 11 15 0.2401
57 559 16 21 0.2392
58 559 16 22 0.2388
188 513 10 15 0.2385
137 474 10 13 0.2373
178 491 10 13 0.2340
1014 463 9 11 0.2334
251 577 13 19 0.2330
734 583 15 21 0.2313
685 503 12 15 0.2305
992 454 8 11 0.2285
207 435 9 12 0.2281
696 576 14 17 0.2276
241 532 11 15 0.2267
665 455 9 12 0.2267
862 510 12 16 0.2217
851 481 8 11 0.2205
41 479 10 12 0.2202
843 447 8 11 0.2181
128 615 11 18 0.2163
399 477 11 14 0.2138
343 488 10 13 0.2127
272 622 16 20 0.2122
895 483 9 12 0.2091
660 494 11 13 0.2088
328 426 8 11 0.2085
865 588 14 19 0.2073
87 415 7 9 0.2058
212 594 12 18 0.2057
906 487 9 12 0.2055
139 473 10 13 0.2050
994 453 9 12 0.2038
868 495 10 12 0.1996
843 414 6 8 0.1987
30 496 11 14 0.1960
360 502 10 12 0.1958
985 446 7 9 0.1936
954 522 11 16 0.1932
896 458 9 11 0.1932
84 415 7 9 0.1919
865 494 9 12 0.1887
908 487 10 12 0.1882
222 454 8 11 0.1866
874 479 9 11 0.1864
164 554 12 20 0.1849
657 494 11 13 0.1846
331 426 8 11 0.1838
175 491 10 13 0.1837
217 454 9 12 0.1829
244 590 13 21 0.1805
392 428 7 9 0.1804
29 467 9 10 0.1790
395 428 7 9 0.1780
656 472 9 12 0.1779
376 467 9 12 0.1765
394 617 14 18 0.1751
883 392 6 8 0.1745
659 472 10 12 0.1730
846 447 7 11 0.1720
678 533 11 14 0.1718
16 628 17 22 0.1717
946 463 10 13 0.1684
133 585 13 20 0.1682
47 467 8 11 0.1675
717 508 10 13 0.1664
44 479 10 11 0.1641
705 548 11 17 0.1634
104 535 11 17 0.1619
971 464 10 13 0.1617
843 477 7 10 0.1609
662 455 9 11 0.1608
989 473 10 13 0.1604
3 411 9 10 0.1592
415 443 8 10 0.1572
50 467 9 11 0.1569
831 417 7 8 0.1569
290 594 13 20 0.1561
748 607 12 19 0.1525
747 640 14 21 0.1521
760 514 11 14 0.1513
926 588 11 16 0.1512
683 458 10 12 0.1502
133 584 12 20 0.1495
950 504 10 13 0.1495
241 428 9 10 0.1479
953 523 11 16 0.1454
997 400 7 9 0.1450
892 483 9 12 0.1449
1000 400 7 9 0.1446
223 508 10 15 0.1436
226 425 7 9 0.1396
991 429 7 9 0.1395
241 557 9 14 0.1394
835 445 7 9 0.1384
887 404 7 7 0.1379
273 624 16 20 0.1378
244 463 8 11 0.1377
803 510 10 13 0.1375
840 477 8 10 0.1370
687 459 9 11 0.1364
864 509 11 16 0.1350
223 425 7 9 0.1343
829 417 6 9 0.1322
137 585 13 20 0.1321
847 429 7 9 0.1306
297 495 10 14 0.1305
278 422 7 8 0.1304
842 448 8 10 0.1302
445 421 6 8 0.1296
244 558 9 13 0.1296
268 423 7 9 0.1296
266 489 10 13 0.1289
968 525 11 15 0.1289
763 514 11 14 0.1273
379 467 9 11 0.1269
765 445 8 10 0.1265
249 462 9 12 0.1263
969 445 7 10 0.1258
292 496 10 15 0.1251
243 447 8 10 0.1249
292 554 13 16 0.1235
55 559 14 20 0.1230
153 554 14 21 0.1216
418 444 8 10 0.1212
7 411 7 10 0.1206
397 438 8 9 0.1202
477 564 12 16 0.1190
715 508 10 12 0.1188
904 487 9 13 0.1179
945 440 7 9 0.1168
972 445 7 9 0.1164
1014 426 7 8 0.1157
95 409 6 8 0.1139
990 472 10 12 0.1138
763 444 8 11 0.1135
418 416 7 9 0.1129
994 430 7 9 0.1121
2 411 8 10 0.1112
338 553 12 15 0.1111
262 554 11 14 0.1110
291 564 12 16 0.1104
342 552 13 15 0.1090
265 424 7 9 0.1083
68 477 9 11 0.1080
874 462 9 10 0.1059
263 423 8 10 0.1056
924 452 8 11 0.1056
462 413 7 8 0.1052
104 502 10 12 0.1041
308 459 8 9 0.1030
365 479 9 12 0.1029
240 446 8 11 0.1029
34 444 7 10 0.1017
104 440 8 11 0.1003
363 502 9 12 0.0994
150 433 8 11 0.0993
743 502 9 13 0.0992
324 556 13 16 0.0988
873 461 8 10 0.0987
741 420 7 8 0.0987
97 409 7 8 0.0986
761 555 14 20 0.0986
951 462 10 13 0.0981
37 444 7 9 0.0979
282 422 6 8 0.0974
942 440 7 9 0.0968
1012 388 7 7 0.0962
217 476 10 14 0.0961
926 531 13 17 0.0957
734 583 16 21 0.0955
287 563 13 17 0.0945
265 554 12 15 0.0942
421 416 6 8 0.0939
431 415 7 8 0.0939
368 479 9 12 0.0938
373 528 11 15 0.0936
411 462 11 12 0.0936
1013 408 8 9 0.0933
739 502 10 12 0.0931
891 404 6 8 0.0929
156 451 8 10 0.0927
963 411 7 9 0.0926
202 539 12 14 0.0918
76 492 9 12 0.0918
205 436 9 11 0.0918
106 472 8 11 0.0916
402 477 11 14 0.0905
477 464 10 12 0.0903
989 387 7 8 0.0903
358 503 9 11 0.0898
214 476 10 13 0.0895
952 429 7 9 0.0894
385 515 11 13 0.0887
831 444 8 10 0.0882
924 587 11 15 0.0881
109 473 9 11 0.0877
709 548 11 16 0.0873
310 460 7 9 0.0872
101 503 10 11 0.0871
409 460 10 13 0.0871
222 424 7 9 0.0870
867 398 7 7 0.0866
44 424 7 8 0.0864
628 444 10 11 0.0862
802 648 19 22 0.0858
277 624 15 19 0.0857
284 438 9 11 0.0847
58 430 7 8 0.0838
111 477 8 12 0.0838
480 464 10 12 0.0832
23 451 9 9 0.0826
1002 434 8 9 0.0826
81 471 9 12 0.0825
52 625 14 22 0.0823
303 478 9 11 0.0822
1003 452 9 11 0.0822
854 540 12 16 0.0821
384 499 10 12 0.0817
146 431 9 12 0.0813
24 431 8 8 0.0813
786 439 8 9 0.0812
771 430 8 9 0.0812
137 473 10 13 0.0812
893 441 8 10 0.0811
40 534 13 16 0.0807
1013 426 7 8 0.0804
168 469 10 12 0.0798
811 414 8 9 0.0798
92 485 8 11 0.0797
62 430 7 8 0.0793
795 449 7 9 0.0793
245 461 8 12 0.0793
937 404 7 8 0.0790
32 661 20 17 0.0788
446 421 7 9 0.0787
27 431 8 9 0.0786
753 415 7 8 0.0785
41 424 7 8 0.0784
291 499 10 14 0.0780
124 615 11 18 0.0779
357 452 9 11 0.0775
865 511 12 15 0.0775
928 586 11 16 0.0770
99 443 8 12 0.0770
934 427 7 8 0.0767
342 548 13 16 0.0765
209 436 8 10 0.0765
257 482 10 12 0.0760
248 461 9 11 0.0759
799 647 18 21 0.0751
961 410 7 9 0.0751
286 406 7 7 0.0749
947 505 9 12 0.0749
929 589 12 16 0.0738
239 427 8 9 0.0738
199 540 10 14 0.0738
968 523 11 14 0.0736
792 449 7 9 0.0733
891 442 7 9 0.0732
843 429 8 9 0.0732
241 447 9 11 0.0732
962 524 11 16 0.0730
256 439 8 10 0.0729
956 439 7 9 0.0728
160 452 8 10 0.0726
904 432 9 10 0.0725
143 452 9 10 0.0724
811 613 12 18 0.0723
87 552 13 18 0.0719
738 419 7 9 0.0715
746 529 10 13 0.0713
819 428 7 8 0.0711
85 472 9 12 0.0710
905 412 7 8 0.0700
846 395 6 7 0.0697
391 617 14 18 0.0692
307 458 7 10 0.0691
856 444 7 10 0.0687
91 483 8 12 0.0684
269 406 7 8 0.0683
948 416 7 8 0.0682
947 460 10 13 0.0680
903 441 10 12 0.0677
749 529 10 13 0.0677
73 493 9 12 0.0671
735 529 10 14 0.0671
768 471 9 10 0.0671
983 446 8 10 0.0668
751 543 13 17 0.0668
139 452 9 11 0.0668
386 500 10 13 0.0666
96 448 9 10 0.0665
130 417 7 8 0.0663
108 476 8 11 0.0658
101 536 10 16 0.0654
60 464 9 10 0.0653
98 410 7 8 0.0650
266 405 7 9 0.0650
338 486 10 13 0.0648
648 532 12 14 0.0643
970 483 10 13 0.0642
27 665 23 14 0.0641
152 434 8 10 0.0636
894 417 7 9 0.0636
772 419 6 8 0.0636
239 428 8 9 0.0635
481 565 12 15 0.0635
658 473 9 11 0.0633
189 429 7 10 0.0630
900 459 9 11 0.0629
710 551 12 15 0.0628
148 434 8 10 0.0627
945 416 6 8 0.0624
319 479 9 10 0.0623
308 445 8 10 0.0619
58 416 7 7 0.0619
805 491 9 13 0.0616
815 427 8 9 0.0614
872 447 8 9 0.0613
182 419 7 8 0.0611
965 642 12 21 0.0610
702 476 8 12 0.0606
986 387 7 8 0.0603
288 595 14 20 0.0598
342 485 9 13 0.0598
1012 656 12 19 0.0596
83 473 9 12 0.0596
998 397 7 9 0.0595
852 485 9 11 0.0593
109 452 9 10 0.0591
358 500 10 12 0.0591
6 410 7 10 0.0589
675 533 10 14 0.0588
440 426 8 10 0.0583
807 511 10 14 0.0583
56 416 6 7 0.0583
808 491 9 13 0.0583
243 482 10 12 0.0580
1004 420 7 8 0.0578
967 483 10 12 0.0575
752 484 9 11 0.0574
810 541 12 15 0.0570
201 471 8 11 0.0570
139 495 11 14 0.0569
114 410 7 8 0.0568
814 610 12 18 0.0568
972 500 9 13 0.0563
537 478 9 12 0.0562
45 534 12 15 0.0561
381 444 8 9 0.0561
850 539 13 17 0.0560
149 423 8 10 0.0558
396 479 10 13 0.0558
20 451 9 10 0.0557
322 407 7 8 0.0557
930 427 7 8 0.0556
851 481 9 11 0.0555
1011 426 7 8 0.0555
41 537 13 16 0.0553
750 444 8 10 0.0553
317 454 9 11 0.0552
111 410 7 8 0.0551
1009 387 7 8 0.0544
825 398 7 7 0.0544
953 503 10 13 0.0544
803 512 10 13 0.0544
270 455 9 11 0.0541
421 445 7 9 0.0541
875 479 9 10 0.0539
930 468 9 12 0.0536
145 422 8 10 0.0536
900 456 10 13 0.0534
201 536 11 15 0.0534
797 420 7 9 0.0533
276 457 9 11 0.0532
533 478 10 11 0.0531
36 446 7 9 0.0528
705 476 9 12 0.0526
58 463 8 10 0.0525
948 396 6 8 0.0525
256 488 10 13 0.0524
813 541 11 14 0.0524
64 442 8 9 0.0523
189 439 8 10 0.0519
960 446 8 10 0.0518
901 391 6 8 0.0515
660 474 9 11 0.0515
986 472 9 12 0.0507
886 538 10 14 0.0506
430 415 6 8 0.0505
881 391 6 8 0.0503
213 560 12 16 0.0500
863 424 7 9 0.0499
790 440 7 9 0.0499
834 537 11 16 0.0497
214 475 10 12 0.0495
240 482 10 12 0.0490
39 509 10 12 0.0489
1018 445 6 11 0.0489
846 396 6 7 0.0487
810 413 7 9 0.0487
109 474 10 11 0.0485
987 386 7 8 0.0485
810 610 12 18 0.0484
884 534 11 16 0.0484
950 401 7 8 0.0483
0 444 5 11 0.0483
891 418 7 9 0.0482
223 407 7 8 0.0477
968 401 6 9 0.0476
191 510 10 14 0.0476
767 446 7 10 0.0475
265 423 8 10 0.0473
954 428 7 8 0.0470
800 421 7 8 0.0469
877 461 9 10 0.0469
288 555 13 17 0.0467
103 438 8 10 0.0465
859 398 6 7 0.0465
957 442 9 10 0.0462
286 598 15 20 0.0460
98 533 12 17 0.0459
116 553 13 16 0.0456
965 411 7 9 0.0456
456 425 7 9 0.0455
297 471 9 11 0.0454
65 476 8 12 0.0453
815 612 12 18 0.0451
296 527 11 14 0.0451
209 564 13 16 0.0450
905 402 6 8 0.0449
69 589 16 24 0.0448
247 500 10 14 0.0447
826 516 9 13 0.0447
832 534 11 17 0.0444
807 478 10 12 0.0441
83 409 7 9 0.0440
467 470 9 12 0.0439
828 418 7 8 0.0438
417 462 11 13 0.0438
188 427 7 9 0.0438
138 547 11 16 0.0437
766 470 8 10 0.0437
857 448 7 10 0.0437
84 551 12 18 0.0437
267 422 7 10 0.0435
29 496 12 16 0.0433
377 446 8 10 0.0433
843 476 7 9 0.0432
828 399 6 8 0.0431
1017 503 7 14 0.0430
975 502 11 15 0.0426
775 419 6 8 0.0426
227 422 8 9 0.0426
150 460 8 11 0.0424
673 479 10 13 0.0424
924 453 8 9 0.0424
209 560 12 16 0.0424
867 396 6 8 0.0418
94 523 11 14 0.0418
718 510 11 15 0.0416
76 443 7 9 0.0414
226 407 7 7 0.0413
763 446 8 11 0.0412
832 444 8 10 0.0412
846 426 8 9 0.0412
339 551 13 16 0.0412
625 443 9 13 0.0410
823 398 6 7 0.0410
819 468 8 10 0.0409
774 514 10 13 0.0408
862 400 6 7 0.0408
752 465 8 10 0.0407
444 433 8 9 0.0403
54 510 10 13 0.0400
805 437 7 9 0.0398
35 445 8 9 0.0397
102 499 10 12 0.0397
77 504 10 13 0.0397
752 415 6 8 0.0396
839 476 8 10 0.0395
921 451 8 11 0.0395
299 402 6 7 0.0394
749 484 9 11 0.0392
798 404 7 7 0.0392
399 447 8 10 0.0391
741 500 10 11 0.0391
193 477 10 12 0.0389
392 527 11 14 0.0388
904 392 6 7 0.0387
861 585 12 20 0.0386
952 503 10 13 0.0386
86 475 9 12 0.0386
396 475 10 13 0.0386
991 430 7 8 0.0385
204 435 8 11 0.0384
101 449 9 10 0.0382
729 494 9 13 0.0380
701 552 11 15 0.0380
803 477 9 13 0.0380
1008 388 6 7 0.0378
831 491 9 11 0.0378
319 533 10 13 0.0378
158 450 9 11 0.0376
141 450 9 12 0.0376
291 496 12 15 0.0375
734 437 8 10 0.0374
475 463 10 11 0.0374
893 485 9 12 0.0373
20 449 8 9 0.0371
376 528 11 14 0.0368
77 523 10 13 0.0367
296 497 10 15 0.0367
330 425 7 10 0.0367
352 452 9 11 0.0365
632 444 10 10 0.0364
750 636 14 21 0.0364
288 438 9 10 0.0364
866 425 7 9 0.0363
290 553 12 15 0.0362
80 524 10 13 0.0362
126 612 11 18 0.0359
62 444 7 9 0.0358
172 469 9 12 0.0358
784 438 7 9 0.0358
261 445 8 11 0.0357
73 391 7 8 0.0357
697 420 6 9 0.0356
29 419 8 8 0.0356
444 421 7 8 0.0356
407 462 10 11 0.0355
1005 476 11 15 0.0355
830 515 9 13 0.0354
748 527 10 13 0.0354
918 532 12 15 0.0354
287 436 8 10 0.0353
224 500 10 12 0.0352
387 498 10 13 0.0351
694 420 7 9 0.0351
291 598 13 20 0.0349
931 426 7 8 0.0349
861 423 7 9 0.0349
1016 540 8 18 0.0348
61 442 7 9 0.0345
97 522 11 15 0.0345
770 472 8 10 0.0345
812 479 9 11 0.0345
273 511 13 15 0.0345
416 444 9 10 0.0344
362 500 10 12 0.0344
766 491 10 13 0.0344
684 460 10 12 0.0341
58 428 7 9 0.0340
196 472 10 12 0.0339
59 502 11 14 0.0339
933 405 6 9 0.0339
477 559 11 16 0.0338
973 501 11 14 0.0337
104 500 10 12 0.0336
701 550 13 16 0.0334
890 656 15 17 0.0334
847 447 7 10 0.0333
956 640 13 23 0.0332
16 478 10 12 0.0332
836 504 8 12 0.0330
273 508 11 15 0.0330
744 502 10 11 0.0330
41 424 7 8 0.0329
292 471 10 13 0.0328
800 456 8 11 0.0327
662 611 13 16 0.0326
215 512 11 14 0.0326
888 428 8 10 0.0326
990 428 7 9 0.0326
645 532 12 13 0.0324
395 442 9 10 0.0324
177 418 8 9 0.0324
860 464 8 10 0.0323
769 431 7 9 0.0323
711 416 7 8 0.0323
155 559 14 21 0.0322
41 479 9 11 0.0322
742 420 7 8 0.0321
186 393 6 7 0.0321
242 554 10 14 0.0321
894 427 8 8 0.0320
799 420 7 9 0.0320
317 446 8 10 0.0320
49 622 13 23 0.0319
320 407 7 8 0.0316
464 400 7 9 0.0315
264 554 11 14 0.0315
9 476 11 14 0.0314
945 395 6 7 0.0314
251 488 9 13 0.0314
221 424 8 10 0.0314
388 515 10 14 0.0313
362 450 8 11 0.0313
380 423 7 9 0.0311
214 564 12 15 0.0310
804 552 15 19 0.0309
245 499 9 12 0.0309
277 510 11 15 0.0307
949 502 10 12 0.0305
976 432 8 9 0.0305
780 405 6 7 0.0304
864 585 13 19 0.0303
131 398 6 7 0.0303
479 462 10 11 0.0303
819 494 9 11 0.0303
754 485 8 11 0.0302
257 513 9 13 0.0302
748 543 12 16 0.0300
218 453 9 12 0.0299
703 476 9 12 0.0298
167 471 9 12 0.0297
435 444 9 10 0.0297
282 421 7 9 0.0296
877 448 8 10 0.0294
635 462 9 13 0.0292
93 447 9 11 0.0292
773 428 7 9 0.0291
419 418 7 9 0.0290
70 391 7 8 0.0290
158 449 8 10 0.0290
879 390 6 7 0.0289
779 501 9 13 0.0288
681 422 7 8 0.0288
795 448 8 10 0.0288
105 442 8 11 0.0288
78 493 10 12 0.0288
871 564 12 16 0.0287
189 393 6 7 0.0286
729 433 8 10 0.0285
934 392 6 8 0.0285
191 475 10 13 0.0285
307 594 11 17 0.0285
849 396 6 7 0.0285
47 536 11 15 0.0284
935 404 6 7 0.0284
930 470 9 10 0.0283
719 464 9 11 0.0281
956 642 14 23 0.0279
718 476 10 12 0.0279
392 500 11 13 0.0279
286 441 7 10 0.0278
750 451 8 11 0.0278
311 449 9 11 0.0278
629 445 9 12 0.0277
196 450 9 11 0.0273
393 426 7 9 0.0272
968 535 11 14 0.0272
481 560 12 15 0.0272
745 525 10 13 0.0272
795 647 16 18 0.0272
134 547 11 16 0.0271
161 552 13 18 0.0271
810 370 6 7 0.0271
5 631 14 19 0.0271
27 627 14 20 0.0270
54 624 15 22 0.0269
84 549 13 18 0.0269
720 449 8 11 0.0268
750 415 6 8 0.0268
166 427 8 9 0.0265
393 427 8 10 0.0264
106 440 8 10 0.0262
58 414 6 8 0.0262
815 468 8 10 0.0260
700 519 9 14 0.0260
796 649 19 21 0.0258
675 530 11 13 0.0257
144 425 8 10 0.0256
296 401 6 7 0.0256
679 422 6 8 0.0256
188 510 10 14 0.0255
771 405 6 6 0.0255
692 594 14 17 0.0255
136 496 10 14 0.0254
721 441 8 11 0.0254
128 397 6 7 0.0251
826 399 6 7 0.0251
135 548 12 17 0.0250
639 463 9 12 0.0250
950 398 6 8 0.0250
280 437 7 11 0.0249
316 532 10 14 0.0249
833 371 5 6 0.0249
437 446 8 9 0.0249
985 386 6 7 0.0248
185 420 7 10 0.0248
300 420 8 9 0.0248
904 401 6 8 0.0248
792 553 14 18 0.0248
76 525 9 12 0.0247
625 444 11 13 0.0247
770 470 9 11 0.0246
630 533 10 13 0.0244
882 538 10 14 0.0243
191 406 7 8 0.0241
363 535 11 13 0.0240
238 529 11 14 0.0240
363 538 10 14 0.0240
460 413 6 8 0.0240
292 528 10 13 0.0240
702 452 9 11 0.0239
32 568 13 19 0.0239
181 493 11 13 0.0239
655 472 9 11 0.0238
267 405 7 8 0.0238
0 436 5 11 0.0237
881 393 7 8 0.0237
905 430 8 8 0.0237
725 494 10 13 0.0237
265 492 10 13 0.0236
694 503 10 13 0.0236
30 400 6 6 0.0236
168 399 7 8 0.0235
864 422 7 10 0.0235
263 487 10 14 0.0235
1001 400 7 8 0.0234
150 502 11 14 0.0234
747 610 12 18 0.0233
86 405 7 8 0.0232
466 473 10 12 0.0232
965 534 9 14 0.0231
1005 483 10 13 0.0231
796 403 6 8 0.0231
536 473 9 12 0.0231
140 498 10 14 0.0230
209 399 7 7 0.0229
292 526 11 14 0.0229
357 450 8 11 0.0229
884 419 7 9 0.0228
901 502 9 12 0.0228
132 550 13 16 0.0228
798 404 6 7 0.0228
207 575 14 17 0.0227
342 491 10 13 0.0227
224 510 11 15 0.0225
532 474 9 11 0.0225
137 406 7 7 0.0225
901 459 9 11 0.0224
338 549 13 15 0.0224
363 499 9 12 0.0224
54 414 6 8 0.0224
805 523 10 13 0.0223
682 531 10 14 0.0222
337 437 8 10 0.0222
708 415 7 9 0.0221
427 415 7 8 0.0221
839 504 9 12 0.0220
352 450 8 10 0.0219
733 525 10 13 0.0219
381 424 7 9 0.0219
163 544 12 17 0.0218
0 590 6 19 0.0218
178 450 9 10 0.0217
221 541 11 13 0.0217
751 546 12 16 0.0217
774 502 10 12 0.0216
286 476 10 11 0.0216
169 557 10 16 0.0215
730 527 11 13 0.0215
1 446 9 12 0.0215
333 426 8 10 0.0213
836 371 5 7 0.0212
206 495 10 14 0.0212
325 406 7 8 0.0211
166 562 12 19 0.0211
371 527 12 14 0.0211
734 477 10 12 0.0210
726 434 7 9 0.0210
844 394 6 8 0.0208
371 471 9 12 0.0208
140 549 10 16 0.0208
311 398 6 7 0.0208
784 542 11 15 0.0208
467 400 7 9 0.0208
953 523 11 15 0.0207
900 388 5 8 0.0207
408 427 8 9 0.0205
73 420 7 9 0.0205
136 497 11 14 0.0205
817 448 8 10 0.0204
244 465 9 10 0.0204
924 422 8 10 0.0204
80 524 11 14 0.0204
699 522 10 13 0.0204
296 402 7 7 0.0204
103 390 7 8 0.0203
804 477 9 12 0.0203
189 443 9 11 0.0200
871 495 9 12 0.0197
688 460 8 11 0.0197
84 416 8 9 0.0197
254 510 10 14 0.0196
343 469 9 11 0.0196
700 548 11 15 0.0194
292 551 12 14 0.0190
0 447 6 10 0.0190
165 400 6 8 0.0190
172 508 10 14 0.0189
697 519 9 14 0.0189
107 554 13 16 0.0188
757 444 8 11 0.0188
709 439 8 9 0.0187
539 477 8 11 0.0187
462 399 7 8 0.0187
100 436 8 10 0.0186
748 644 15 20 0.0186
316 476 9 12 0.0185
324 408 7 9 0.0184
345 448 9 11 0.0184
54 460 8 11 0.0184
762 512 10 13 0.0183
659 497 10 13 0.0183
386 518 11 13 0.0182
708 403 6 8 0.0182
198 537 10 14 0.0181
105 535 11 16 0.0181
803 523 11 14 0.0181
963 393 6 8 0.0180
720 578 12 18 0.0180
935 368 5 6 0.0180
403 489 11 14 0.0179
771 471 9 11 0.0179
638 459 9 11 0.0178
714 389 6 8 0.0178
647 530 11 13 0.0177
711 498 10 12 0.0177
469 472 9 12 0.0177
210 574 13 17 0.0175
698 575 15 18 0.0175
206 399 7 7 0.0175
260 479 9 11 0.0174
720 507 9 11 0.0173
320 407 7 8 0.0173
813 370 6 7 0.0172
790 369 6 7 0.0171
1009 484 10 12 0.0171
697 402 6 9 0.0171
443 390 7 7 0.0170
439 446 7 9 0.0170
447 390 6 7 0.0169
166 398 6 8 0.0168
696 419 7 9 0.0167
649 537 12 14 0.0166
380 516 11 14 0.0166
185 406 7 9 0.0164
710 389 7 8 0.0163
769 405 6 6 0.0163
677 442 9 9 0.0163
720 448 9 10 0.0162
938 478 10 11 0.0162
708 600 11 16 0.0161
297 554 11 14 0.0161
174 539 11 14 0.0160
901 456 8 10 0.0160
112 408 6 8 0.0160
623 446 9 11 0.0160
671 476 10 12 0.0158
888 528 11 14 0.0157
898 656 17 19 0.0157
221 463 9 12 0.0156
677 535 13 16 0.0156
212 575 12 16 0.0154
656 495 10 12 0.0154
720 473 9 12 0.0153
264 471 9 11 0.0153
662 497 10 11 0.0153
778 406 6 7 0.0152
670 421 8 9 0.0151
758 513 10 13 0.0151
27 399 5 7 0.0151
131 397 6 8 0.0150
341 502 10 12 0.0150
988 389 5 7 0.0149
903 390 6 7 0.0149
320 408 7 9 0.0149
732 419 8 8 0.0149
390 425 7 9 0.0148
365 538 11 14 0.0148
314 493 10 12 0.0148
325 426 7 10 0.0147
106 436 8 10 0.0147
240 593 13 19 0.0146
951 367 5 6 0.0146
787 369 6 7 0.0145
493 628 11 18 0.0145
316 516 10 14 0.0144
57 498 10 13 0.0144
56 624 15 23 0.0144
703 474 9 12 0.0144
798 649 18 20 0.0144
626 436 9 11 0.0143
412 467 10 11 0.0143
41 401 6 8 0.0143
319 515 10 15 0.0142
27 666 27 13 0.0142
723 463 8 11 0.0142
711 600 11 15 0.0141
922 386 6 7 0.0141
468 471 9 12 0.0141
680 503 11 13 0.0141
706 597 12 16 0.0140
1017 604 7 15 0.0140
794 577 13 20 0.0140
941 518 11 15 0.0139
728 527 10 14 0.0139
829 534 10 15 0.0139
136 499 10 12 0.0139
156 427 8 9 0.0138
646 537 12 15 0.0137
165 399 7 8 0.0136
723 459 9 12 0.0135
667 454 9 12 0.0135
9 628 16 22 0.0135
466 398 7 8 0.0135
872 660 15 14 0.0135
399 491 11 15 0.0135
772 478 9 11 0.0134
698 446 9 11 0.0134
828 520 10 12 0.0134
106 501 9 13 0.0134
289 570 14 18 0.0134
418 430 7 9 0.0134
252 602 12 17 0.0134
926 528 13 16 0.0133
744 419 7 9 0.0132
215 425 8 9 0.0132
654 491 9 13 0.0132
240 592 13 19 0.0132
768 443 8 11 0.0131
938 378 5 7 0.0131
222 499 10 12 0.0130
876 565 12 16 0.0130
985 530 11 16 0.0130
321 536 9 11 0.0129
0 599 6 21 0.0128
163 399 7 8 0.0128
947 539 10 13 0.0128
209 595 16 20 0.0128
322 577 13 17 0.0128
467 412 7 9 0.0127
187 394 6 8 0.0127
665 429 8 9 0.0127
335 578 13 15 0.0127
107 538 11 16 0.0126
836 476 9 11 0.0126
20 623 15 23 0.0126
920 366 6 7 0.0126
88 382 6 8 0.0125
265 547 13 16 0.0125
316 379 5 6 0.0124
341 464 9 11 0.0124
354 418 8 11 0.0124
417 415 7 8 0.0124
6 415 7 9 0.0123
176 487 11 13 0.0122
358 426 8 9 0.0122
943 459 9 12 0.0122
251 512 10 13 0.0121
319 379 6 6 0.0121
678 422 7 8 0.0121
695 573 13 16 0.0121
816 584 12 16 0.0120
621 435 9 11 0.0120
350 393 7 9 0.0120
140 423 8 10 0.0119
350 552 11 14 0.0117
977 367 5 6 0.0117
811 584 13 18 0.0117
322 560 14 16 0.0116
71 454 8 10 0.0116
363 424 8 9 0.0116
462 415 7 8 0.0116
751 482 9 11 0.0115
357 419 8 9 0.0115
31 399 6 8 0.0115
85 548 10 15 0.0115
7 406 7 8 0.0114
463 374 5 6 0.0114
951 465 10 13 0.0114
376 460 9 12 0.0113
39 399 6 6 0.0113
704 523 9 13 0.0112
783 499 9 12 0.0112
799 465 8 12 0.0112
67 392 7 8 0.0112
1008 657 13 17 0.0112
699 574 13 16 0.0111
163 379 5 6 0.0111
137 474 10 12 0.0110
713 402 6 8 0.0109
948 367 6 6 0.0109
880 498 10 12 0.0109
166 379 6 6 0.0109
221 406 7 8 0.0108
802 525 10 12 0.0108
188 517 12 15 0.0108
388 404 7 7 0.0108
366 395 7 7 0.0108
497 628 13 18 0.0107
903 501 9 13 0.0107
343 521 10 12 0.0106
109 486 8 11 0.0106
691 381 6 7 0.0105
812 372 6 8 0.0105
803 549 12 16 0.0104
661 429 8 10 0.0104
359 377 6 7 0.0104
464 399 7 9 0.0104
156 545 13 18 0.0104
832 501 9 12 0.0103
262 387 7 9 0.0103
354 394 7 8 0.0102
1019 549 5 16 0.0102
1009 652 14 20 0.0102
698 454 8 11 0.0101
340 523 11 14 0.0101
462 451 9 10 0.0101
672 537 11 13 0.0101
356 377 6 8 0.0101
728 400 7 8 0.0101
924 638 17 23 0.0101
925 488 10 12 0.0100
