21_Festival_Festival_21_275
135
255 267 32 53 0.8275
0 186 31 108 0.7794
968 330 16 19 0.5583
314 334 30 35 0.4893
883 342 9 11 0.4788
998 344 17 20 0.4439
1000 346 17 19 0.4397
688 230 10 13 0.3919
750 227 11 13 0.3800
753 227 11 13 0.3790
867 345 11 12 0.3691
685 230 10 13 0.3673
922 350 9 11 0.2972
861 342 9 12 0.2919
966 330 15 19 0.2834
918 350 9 11 0.2647
902 347 9 10 0.2283
906 348 8 10 0.2220
568 339 25 26 0.2181
920 349 10 11 0.1909
858 343 9 11 0.1856
926 346 8 10 0.1635
454 338 24 30 0.1432
687 107 8 11 0.1327
691 107 8 10 0.1305
689 107 9 10 0.1070
644 106 7 9 0.1048
726 125 7 8 0.1020
315 332 33 38 0.1004
723 125 7 8 0.1000
708 253 7 8 0.0997
789 98 9 11 0.0985
711 252 7 9 0.0929
792 97 9 12 0.0928
746 124 7 10 0.0928
686 106 8 10 0.0903
881 342 8 11 0.0894
403 140 7 9 0.0889
946 354 7 10 0.0874
648 106 7 9 0.0868
646 107 7 9 0.0829
406 140 7 9 0.0794
515 321 17 27 0.0790
637 335 15 21 0.0789
649 107 8 9 0.0783
949 354 8 10 0.0772
519 322 16 26 0.0759
748 126 7 9 0.0677
905 347 8 10 0.0661
904 349 8 9 0.0651
452 340 27 33 0.0618
765 112 7 9 0.0588
356 294 19 40 0.0544
711 113 7 10 0.0529
124 278 27 44 0.0508
768 111 7 10 0.0500
643 121 9 12 0.0498
871 346 9 12 0.0490
357 295 20 39 0.0485
751 104 7 8 0.0483
714 114 7 9 0.0478
132 278 22 41 0.0475
858 344 8 10 0.0443
834 348 7 8 0.0432
866 347 10 12 0.0420
743 337 12 14 0.0418
881 343 8 11 0.0417
564 339 22 23 0.0394
836 348 6 9 0.0380
808 95 10 11 0.0361
646 122 8 11 0.0356
951 349 8 10 0.0337
312 337 19 26 0.0334
536 312 12 19 0.0331
466 339 16 24 0.0330
806 94 9 11 0.0328
710 251 7 9 0.0318
404 142 6 8 0.0306
724 123 7 8 0.0292
407 142 7 8 0.0287
710 91 7 8 0.0284
742 330 12 16 0.0279
634 333 15 21 0.0265
739 98 8 9 0.0246
736 98 8 9 0.0242
950 352 9 10 0.0239
823 86 10 12 0.0239
729 308 11 12 0.0233
706 250 8 9 0.0226
422 315 16 23 0.0222
748 123 7 9 0.0221
923 349 8 10 0.0220
832 347 6 9 0.0218
641 121 8 12 0.0217
713 90 7 8 0.0215
879 341 9 12 0.0213
725 123 7 9 0.0203
748 330 11 14 0.0202
309 338 24 31 0.0185
629 335 18 22 0.0182
657 97 7 9 0.0181
747 128 7 9 0.0178
827 86 9 12 0.0172
805 95 9 11 0.0172
738 337 11 15 0.0171
646 121 8 10 0.0166
748 337 11 14 0.0165
724 331 12 15 0.0164
925 344 8 9 0.0162
577 340 20 24 0.0160
832 348 8 10 0.0157
715 336 16 16 0.0153
811 94 9 11 0.0150
751 104 6 8 0.0149
717 331 14 16 0.0146
751 129 6 8 0.0142
953 349 8 11 0.0136
832 350 7 9 0.0135
447 340 31 35 0.0135
735 96 8 10 0.0131
738 96 8 9 0.0128
859 341 8 11 0.0122
746 122 7 9 0.0120
842 90 10 14 0.0119
790 96 9 11 0.0118
314 332 24 28 0.0114
788 97 7 10 0.0110
929 344 7 8 0.0109
533 307 14 22 0.0106
834 367 6 8 0.0106
427 315 16 23 0.0106
666 105 8 10 0.0106
308 330 17 24 0.0105
765 111 7 8 0.0102
642 106 6 9 0.0101
