21_Festival_Festival_21_943
153
707 194 11 14 0.4397
113 195 11 14 0.4181
737 189 9 13 0.4155
103 178 11 16 0.4078
355 177 11 15 0.3762
883 176 10 17 0.3549
740 189 9 13 0.3479
294 191 14 18 0.3395
832 194 9 13 0.3339
352 177 11 15 0.3280
803 190 10 13 0.3188
806 190 10 13 0.3181
191 195 10 12 0.2989
101 178 10 16 0.2957
759 185 9 12 0.2922
830 194 9 13 0.2833
497 192 7 9 0.2781
494 192 7 9 0.2658
941 197 8 10 0.2651
570 193 6 9 0.2395
542 190 7 10 0.2322
938 197 7 10 0.2298
322 194 9 12 0.2288
880 176 10 16 0.2242
710 194 11 14 0.2150
188 195 10 12 0.2143
762 185 9 12 0.2117
978 209 6 8 0.1937
573 193 7 10 0.1863
545 189 7 11 0.1843
66 194 12 14 0.1778
111 194 11 15 0.1768
981 209 6 8 0.1717
515 185 7 9 0.1582
170 193 8 11 0.1524
325 194 8 11 0.1502
156 197 9 11 0.1357
760 186 9 12 0.1325
519 185 7 9 0.1319
517 186 7 9 0.1247
70 194 11 14 0.1205
158 199 9 10 0.1157
554 184 7 10 0.1065
259 195 8 11 0.1052
161 198 8 11 0.1024
262 195 9 11 0.0931
940 198 7 9 0.0901
763 186 9 12 0.0881
391 185 6 9 0.0834
387 185 7 9 0.0834
559 186 7 9 0.0740
255 186 7 10 0.0724
540 189 7 10 0.0697
640 195 6 9 0.0665
424 188 6 9 0.0630
251 185 8 11 0.0625
54 177 9 13 0.0605
979 210 6 8 0.0586
643 195 6 9 0.0585
835 194 9 12 0.0579
520 186 7 10 0.0575
261 197 8 10 0.0550
422 188 6 8 0.0542
420 188 7 9 0.0540
389 186 7 9 0.0517
943 198 7 9 0.0515
210 191 10 11 0.0515
68 197 12 14 0.0477
106 179 11 15 0.0474
419 187 7 9 0.0467
518 186 7 9 0.0464
493 191 6 8 0.0464
496 190 6 9 0.0462
254 189 8 10 0.0446
571 195 6 9 0.0445
650 194 7 9 0.0424
56 179 10 13 0.0417
570 192 7 9 0.0416
575 195 6 8 0.0394
543 189 8 10 0.0383
385 184 7 9 0.0373
392 188 7 9 0.0364
982 210 6 8 0.0340
189 197 9 11 0.0333
71 197 11 13 0.0331
569 192 7 9 0.0327
166 192 9 11 0.0325
496 191 6 9 0.0322
230 187 7 11 0.0319
214 190 9 12 0.0318
52 177 9 13 0.0315
391 186 6 9 0.0306
154 199 9 10 0.0298
325 195 8 11 0.0294
261 193 9 11 0.0286
211 189 10 12 0.0277
401 199 7 8 0.0276
193 196 10 12 0.0272
264 196 9 11 0.0271
645 196 6 8 0.0266
152 197 8 10 0.0261
880 180 10 15 0.0257
290 190 12 16 0.0257
810 195 8 11 0.0251
329 190 8 9 0.0245
1017 216 6 8 0.0239
209 187 10 12 0.0235
167 193 8 9 0.0234
981 209 6 8 0.0234
227 185 8 11 0.0231
651 196 6 8 0.0229
830 197 8 11 0.0224
291 188 12 15 0.0215
803 189 10 13 0.0210
112 197 10 13 0.0203
528 196 6 8 0.0199
404 200 7 8 0.0198
801 189 9 11 0.0182
936 197 7 9 0.0182
321 192 9 12 0.0180
870 204 5 7 0.0178
105 179 11 15 0.0177
829 192 9 12 0.0174
62 190 10 14 0.0173
116 197 10 12 0.0173
804 188 9 13 0.0169
296 195 14 16 0.0167
57 181 11 14 0.0167
419 188 7 9 0.0162
640 197 7 8 0.0160
833 196 9 11 0.0159
184 189 9 10 0.0154
484 191 7 10 0.0153
386 186 7 9 0.0149
867 204 6 7 0.0145
710 196 10 14 0.0143
643 194 7 9 0.0134
112 255 13 17 0.0129
300 190 12 16 0.0128
1000 203 6 8 0.0128
188 193 10 11 0.0126
277 186 8 12 0.0117
649 192 7 9 0.0116
1018 214 5 9 0.0116
1013 216 7 7 0.0114
886 179 10 15 0.0110
458 193 5 8 0.0108
52 175 9 12 0.0107
281 186 11 13 0.0107
327 196 8 11 0.0103
198 196 9 10 0.0103
324 191 7 10 0.0102
215 195 8 10 0.0101
