21_Festival_Festival_21_414
40
285 344 22 38 0.5775
143 340 24 35 0.2146
911 372 20 41 0.1714
282 345 23 37 0.1585
913 371 21 41 0.1519
913 372 22 41 0.0949
597 336 52 86 0.0865
911 370 17 41 0.0829
139 338 27 37 0.0749
593 338 39 66 0.0587
1019 390 5 33 0.0452
594 336 45 74 0.0344
1017 389 7 31 0.0329
600 340 61 105 0.0316
796 345 10 13 0.0264
743 392 37 52 0.0239
477 382 9 12 0.0217
785 351 10 13 0.0207
992 375 20 29 0.0199
450 389 7 9 0.0196
448 388 8 10 0.0187
139 336 24 34 0.0182
742 386 38 57 0.0179
800 344 10 13 0.0174
43 301 18 25 0.0160
125 288 17 20 0.0150
481 381 8 12 0.0142
0 547 7 62 0.0140
599 342 68 111 0.0140
818 329 8 9 0.0137
46 305 17 23 0.0136
459 381 11 13 0.0133
13 265 14 19 0.0130
34 299 20 26 0.0127
806 332 8 9 0.0126
0 539 6 66 0.0120
104 279 19 25 0.0118
739 381 43 64 0.0116
596 336 36 61 0.0115
597 335 48 76 0.0105
