21_Festival_Festival_21_526
190
163 754 21 31 0.5525
624 628 16 21 0.4796
649 636 14 20 0.2968
261 676 12 15 0.2357
120 632 13 17 0.2098
770 757 19 33 0.2097
839 802 23 18 0.2082
465 771 14 23 0.1983
124 630 12 18 0.1942
124 632 13 17 0.1667
646 636 13 20 0.1633
424 674 11 17 0.1620
266 676 10 14 0.1571
773 758 20 32 0.1393
120 631 12 16 0.1319
450 808 14 12 0.1240
627 629 16 21 0.1224
988 562 11 14 0.1204
802 526 7 11 0.1057
468 772 14 22 0.1043
798 527 8 10 0.0912
834 801 21 19 0.0905
1016 608 8 18 0.0883
65 751 17 25 0.0874
988 619 13 18 0.0859
868 564 12 16 0.0847
978 720 14 23 0.0830
421 674 10 17 0.0654
831 570 13 15 0.0653
981 720 15 23 0.0623
986 618 12 17 0.0575
864 563 12 17 0.0573
464 771 12 20 0.0564
934 563 10 13 0.0519
422 671 11 16 0.0506
70 752 16 22 0.0503
1019 562 5 15 0.0493
931 563 10 13 0.0481
988 671 15 20 0.0479
468 770 12 20 0.0473
988 552 10 12 0.0433
87 601 14 19 0.0428
1013 607 10 15 0.0409
950 628 13 17 0.0404
228 637 11 16 0.0389
742 594 12 19 0.0389
27 542 10 12 0.0388
27 545 10 14 0.0383
224 637 11 15 0.0376
985 561 10 14 0.0351
950 632 15 22 0.0343
972 595 11 17 0.0338
965 687 13 19 0.0331
269 503 10 13 0.0329
828 571 11 14 0.0323
869 568 12 16 0.0315
577 608 10 12 0.0306
936 736 15 21 0.0304
177 528 8 9 0.0294
420 673 11 18 0.0293
865 568 12 16 0.0287
21 546 10 13 0.0286
738 595 11 17 0.0286
114 697 14 20 0.0282
453 809 15 11 0.0280
180 527 8 10 0.0274
991 621 13 16 0.0270
934 660 13 20 0.0269
976 579 9 11 0.0253
829 568 12 16 0.0248
266 503 10 12 0.0246
0 536 5 16 0.0237
579 610 10 12 0.0236
171 755 16 28 0.0233
246 497 8 9 0.0230
63 752 21 33 0.0228
262 674 12 16 0.0225
629 804 16 16 0.0225
968 687 13 20 0.0223
641 587 10 14 0.0223
985 553 9 13 0.0221
903 568 9 11 0.0220
420 670 10 16 0.0214
907 569 9 10 0.0214
724 802 20 18 0.0212
986 669 13 17 0.0212
760 542 9 13 0.0211
954 628 13 16 0.0209
90 581 10 13 0.0208
839 799 33 21 0.0207
992 671 15 20 0.0206
661 568 10 13 0.0206
622 628 14 19 0.0206
999 525 8 11 0.0204
243 496 8 9 0.0198
324 501 10 14 0.0194
969 595 10 16 0.0194
1002 539 9 12 0.0188
933 524 9 10 0.0183
996 525 8 10 0.0182
991 562 11 14 0.0182
1011 542 10 11 0.0182
204 612 13 16 0.0180
270 506 10 12 0.0178
792 530 8 10 0.0178
912 620 14 17 0.0177
669 527 8 11 0.0174
266 507 10 11 0.0174
988 534 8 10 0.0173
771 528 8 11 0.0172
90 583 12 16 0.0170
968 528 8 10 0.0170
113 500 9 10 0.0170
109 500 9 11 0.0169
665 527 9 11 0.0165
426 673 13 18 0.0161
972 528 8 11 0.0158
930 524 8 11 0.0156
984 619 11 16 0.0155
734 489 6 8 0.0154
829 612 15 19 0.0154
463 587 11 14 0.0152
784 547 8 10 0.0151
911 617 12 17 0.0150
20 543 10 12 0.0149
726 501 7 8 0.0146
755 679 14 17 0.0145
974 716 15 25 0.0144
658 568 9 13 0.0144
721 802 18 18 0.0143
663 569 10 14 0.0142
359 755 16 20 0.0139
764 541 10 13 0.0135
740 591 11 19 0.0134
188 491 8 9 0.0133
736 489 7 8 0.0132
986 564 10 14 0.0131
842 805 31 15 0.0129
973 578 9 12 0.0128
192 490 8 10 0.0128
975 706 14 17 0.0128
704 548 8 11 0.0128
979 715 16 27 0.0127
950 535 10 14 0.0125
659 570 10 13 0.0123
724 796 19 21 0.0123
985 620 11 16 0.0122
48 524 12 17 0.0122
757 513 9 9 0.0121
744 512 7 9 0.0120
829 630 12 15 0.0120
328 501 9 13 0.0119
686 546 10 12 0.0119
683 546 9 11 0.0119
1016 547 8 15 0.0119
647 637 14 21 0.0118
983 534 9 11 0.0115
264 672 11 15 0.0114
1020 568 4 14 0.0113
953 623 13 17 0.0113
256 656 11 12 0.0113
634 584 12 18 0.0112
977 515 8 10 0.0112
760 544 10 12 0.0112
715 574 9 13 0.0111
982 616 11 17 0.0110
867 557 9 11 0.0110
935 539 9 10 0.0109
935 731 14 20 0.0109
952 558 10 12 0.0109
929 659 13 20 0.0108
978 717 17 25 0.0108
824 633 13 17 0.0108
919 503 7 9 0.0107
885 534 9 13 0.0107
825 629 12 16 0.0106
740 512 7 9 0.0106
159 585 10 13 0.0106
201 612 11 15 0.0105
94 541 9 11 0.0104
604 696 15 21 0.0104
695 565 10 13 0.0104
1013 613 10 16 0.0104
617 714 16 20 0.0103
718 574 9 13 0.0102
30 544 10 14 0.0102
803 652 11 14 0.0102
104 512 11 14 0.0101
827 569 13 16 0.0101
801 526 7 9 0.0100
