21_Festival_Festival_21_373
147
79 182 38 50 0.8487
403 244 26 30 0.7761
597 272 30 26 0.7601
871 179 16 21 0.6730
863 221 18 19 0.6153
934 168 18 20 0.5448
832 169 15 21 0.5423
401 203 19 22 0.4935
550 220 13 20 0.4612
834 170 15 21 0.3598
399 203 19 22 0.3404
746 189 9 12 0.3258
749 188 9 12 0.3185
371 195 12 15 0.3059
729 186 8 11 0.2993
644 193 8 11 0.2969
647 193 8 11 0.2914
726 186 8 11 0.2866
566 191 9 11 0.2677
687 222 12 13 0.2535
691 197 7 10 0.2514
693 197 8 10 0.2443
606 214 10 13 0.2369
803 185 9 12 0.2154
875 179 15 21 0.2151
569 191 8 11 0.2125
846 185 13 16 0.2100
3 191 6 8 0.2095
41 196 7 9 0.2049
799 184 10 12 0.1885
939 168 16 19 0.1772
39 196 7 9 0.1731
683 221 12 13 0.1713
1 191 6 8 0.1675
811 248 20 22 0.1584
605 212 10 12 0.1533
604 193 7 9 0.1517
601 193 7 9 0.1478
43 196 7 9 0.1444
553 220 13 20 0.1429
608 211 10 12 0.1329
860 221 18 19 0.1315
6 192 6 7 0.1265
609 214 10 13 0.1222
694 197 8 10 0.1142
809 248 19 21 0.1108
564 191 8 10 0.1093
368 195 11 14 0.1024
673 199 7 9 0.0918
849 182 11 16 0.0911
543 204 10 13 0.0840
731 187 7 10 0.0829
5 191 6 7 0.0827
794 185 8 11 0.0817
545 204 11 12 0.0795
674 201 7 9 0.0771
69 197 9 13 0.0769
583 181 7 9 0.0757
805 187 9 12 0.0738
563 191 9 11 0.0717
801 188 9 12 0.0716
512 205 9 12 0.0708
727 187 8 10 0.0702
509 205 9 12 0.0664
554 219 11 18 0.0631
710 185 7 10 0.0615
373 198 12 15 0.0615
745 188 9 12 0.0580
586 181 7 9 0.0573
690 199 9 9 0.0568
375 196 10 14 0.0566
601 192 7 9 0.0561
488 189 10 12 0.0483
689 224 13 12 0.0435
396 178 9 12 0.0390
513 187 7 9 0.0388
694 197 8 9 0.0369
484 189 10 12 0.0357
487 187 9 12 0.0349
69 198 10 14 0.0339
673 200 8 10 0.0329
581 180 7 8 0.0329
393 179 9 10 0.0326
748 188 9 11 0.0323
38 196 8 9 0.0317
685 224 13 12 0.0314
43 197 7 9 0.0309
515 188 7 10 0.0302
585 180 6 8 0.0299
848 179 12 16 0.0297
545 202 10 13 0.0289
646 192 8 10 0.0288
936 169 17 20 0.0288
496 247 16 17 0.0286
694 223 9 11 0.0282
679 218 9 13 0.0279
794 187 8 10 0.0274
643 192 8 10 0.0271
851 185 11 15 0.0260
5 193 6 7 0.0251
511 186 6 10 0.0239
606 192 7 10 0.0238
368 196 13 16 0.0237
601 195 8 9 0.0236
527 221 11 15 0.0231
544 201 8 11 0.0220
349 186 7 8 0.0213
517 186 7 9 0.0208
568 193 8 10 0.0207
546 221 14 19 0.0206
560 190 8 10 0.0204
558 238 14 17 0.0199
681 222 9 12 0.0193
434 206 12 14 0.0182
792 206 10 14 0.0177
801 182 10 12 0.0174
39 198 7 9 0.0173
392 178 7 9 0.0168
395 178 7 8 0.0167
555 239 13 17 0.0160
428 207 11 15 0.0158
576 197 10 14 0.0153
514 204 8 11 0.0147
442 203 11 13 0.0144
40 194 7 9 0.0142
352 186 7 9 0.0134
841 175 13 19 0.0133
807 247 17 22 0.0126
498 252 15 17 0.0124
441 197 10 14 0.0124
444 198 10 12 0.0123
369 191 9 11 0.0122
606 190 6 9 0.0121
850 171 13 17 0.0119
548 223 12 17 0.0117
442 201 11 14 0.0114
836 170 15 19 0.0113
483 187 9 11 0.0112
65 195 10 16 0.0108
801 192 11 14 0.0107
816 187 10 12 0.0106
459 183 10 11 0.0104
717 233 7 9 0.0103
394 179 9 10 0.0103
861 223 19 17 0.0102
547 220 12 19 0.0102
351 187 8 10 0.0100
