21_Festival_Festival_21_107
36
182 214 58 80 0.8333
689 215 38 55 0.8182
465 195 54 70 0.8096
596 181 47 61 0.8039
75 238 74 108 0.7853
788 194 32 46 0.7710
919 181 24 30 0.7416
723 217 35 49 0.6976
348 207 42 59 0.6882
998 186 22 25 0.5595
837 185 25 32 0.4393
595 181 48 63 0.4014
1001 186 22 25 0.3206
553 202 42 55 0.2171
836 185 25 30 0.1655
550 197 48 60 0.1604
550 202 45 54 0.1389
552 216 39 41 0.0747
962 186 17 23 0.0684
17 178 49 57 0.0624
965 185 18 23 0.0555
964 194 14 17 0.0549
722 216 36 52 0.0498
801 164 16 20 0.0260
967 194 14 17 0.0232
179 510 32 41 0.0216
778 145 17 24 0.0176
595 180 49 65 0.0159
835 196 26 32 0.0159
799 164 21 27 0.0140
655 264 35 45 0.0132
397 239 33 34 0.0120
379 155 28 29 0.0112
447 204 45 59 0.0104
797 165 17 20 0.0102
334 206 44 57 0.0101
