21_Festival_Festival_21_395
99
560 396 41 56 0.8709
517 274 38 55 0.8673
407 261 32 45 0.8520
764 414 34 43 0.8400
689 262 31 44 0.8338
547 126 33 40 0.8244
296 253 29 35 0.7599
307 422 34 39 0.7522
978 502 21 28 0.6085
666 500 16 20 0.5412
996 502 16 22 0.2950
175 492 21 24 0.1948
421 587 17 20 0.1828
418 586 18 21 0.1736
749 587 58 93 0.1615
128 490 19 24 0.1585
976 502 20 28 0.1580
663 500 16 20 0.1537
21 467 13 17 0.1530
18 467 13 17 0.1526
914 525 23 25 0.1495
76 482 23 30 0.1082
1004 522 17 21 0.1067
132 490 18 23 0.0997
553 584 26 51 0.0870
288 386 32 38 0.0863
0 492 17 24 0.0765
79 485 24 27 0.0648
489 494 12 17 0.0640
1001 521 17 21 0.0634
245 414 24 42 0.0589
75 482 21 26 0.0553
1000 522 20 26 0.0527
64 447 15 16 0.0523
9 518 17 22 0.0445
920 477 17 20 0.0444
493 494 11 16 0.0435
666 429 24 32 0.0433
601 492 16 19 0.0432
87 556 20 25 0.0425
1000 503 16 21 0.0422
1001 503 14 20 0.0395
995 501 15 19 0.0394
1 539 14 20 0.0387
109 488 18 23 0.0375
127 508 20 24 0.0374
0 498 15 27 0.0356
126 500 20 28 0.0339
211 424 30 38 0.0336
1004 523 19 24 0.0318
5 493 16 21 0.0301
96 555 16 23 0.0298
209 415 32 43 0.0291
84 558 24 29 0.0289
233 408 35 50 0.0279
39 472 14 17 0.0265
549 587 27 48 0.0261
169 492 20 24 0.0260
96 533 18 22 0.0253
963 488 15 20 0.0250
80 482 22 26 0.0246
105 488 18 23 0.0244
1001 519 19 26 0.0238
608 492 15 17 0.0236
1 493 20 28 0.0226
0 449 12 20 0.0219
0 447 11 19 0.0214
75 560 24 26 0.0209
966 486 14 19 0.0200
851 448 29 33 0.0199
948 492 11 14 0.0194
66 448 15 19 0.0187
962 486 14 17 0.0186
53 488 15 20 0.0183
612 465 18 23 0.0179
665 430 21 28 0.0176
667 426 31 39 0.0166
1015 461 9 28 0.0164
128 491 21 27 0.0160
62 477 16 21 0.0147
918 470 19 22 0.0141
69 447 14 16 0.0140
61 469 17 22 0.0137
100 516 21 24 0.0134
92 532 18 23 0.0129
1 487 12 17 0.0128
37 447 13 16 0.0128
851 455 31 33 0.0126
242 402 26 30 0.0125
273 552 23 30 0.0124
212 409 43 50 0.0122
222 402 45 56 0.0120
200 424 30 38 0.0119
199 413 30 44 0.0113
4 516 19 29 0.0113
39 474 15 20 0.0112
96 535 20 25 0.0106
1015 454 9 27 0.0104
12 523 16 22 0.0104
