21_Festival_Festival_21_201
94
771 308 31 45 0.8139
718 377 24 30 0.7877
505 346 25 33 0.7814
41 379 30 44 0.7564
392 367 25 32 0.7547
677 296 24 34 0.7251
611 328 17 23 0.6661
292 344 16 22 0.6448
217 425 21 27 0.5432
551 311 21 26 0.5203
323 401 25 38 0.5077
941 305 19 26 0.4422
906 307 18 24 0.4201
903 307 18 24 0.3885
641 294 17 25 0.3755
277 363 15 19 0.3418
554 311 20 26 0.3353
638 294 17 24 0.3275
11 433 15 20 0.2815
274 363 15 19 0.2768
220 425 21 27 0.2545
398 336 18 26 0.1924
353 373 28 29 0.1380
438 346 15 21 0.1355
437 337 12 14 0.1337
943 305 20 28 0.1261
401 338 19 25 0.1102
441 337 12 14 0.1021
668 287 18 26 0.0965
918 278 19 24 0.0949
437 339 15 20 0.0867
11 398 16 18 0.0806
469 326 17 23 0.0798
373 336 19 26 0.0705
648 325 17 21 0.0697
379 336 19 25 0.0570
441 347 15 21 0.0516
398 333 15 22 0.0491
402 333 16 22 0.0460
192 348 17 22 0.0419
358 372 28 30 0.0419
589 321 15 18 0.0411
456 319 12 16 0.0363
440 336 14 18 0.0341
318 405 26 35 0.0316
317 400 27 38 0.0315
6 433 18 22 0.0297
152 358 21 30 0.0292
453 319 11 15 0.0280
12 401 18 23 0.0276
520 326 17 21 0.0272
663 313 16 20 0.0266
431 325 12 14 0.0263
664 306 15 23 0.0255
276 361 14 19 0.0236
596 320 17 21 0.0235
276 389 19 25 0.0231
355 371 22 24 0.0228
456 328 14 21 0.0218
753 286 17 23 0.0217
188 344 17 25 0.0213
428 327 14 18 0.0210
363 369 21 26 0.0192
312 401 29 39 0.0192
441 340 17 24 0.0192
937 306 19 27 0.0183
427 324 13 15 0.0177
480 330 15 19 0.0176
313 351 16 19 0.0175
7 433 14 19 0.0172
522 322 15 18 0.0168
573 341 17 22 0.0163
926 278 16 22 0.0161
390 335 17 26 0.0158
12 434 18 24 0.0152
241 385 16 19 0.0149
645 325 15 20 0.0148
379 334 15 20 0.0147
590 322 17 21 0.0145
923 279 18 24 0.0143
937 304 17 26 0.0141
617 329 14 21 0.0137
200 383 18 22 0.0134
918 281 21 27 0.0131
452 336 12 16 0.0127
289 342 17 23 0.0125
7 410 18 21 0.0125
910 279 20 25 0.0122
374 334 13 19 0.0121
268 388 23 28 0.0110
1016 357 8 32 0.0109
157 360 19 28 0.0108
243 388 17 22 0.0108
467 324 13 19 0.0104
