21_Festival_Festival_21_22
463
210 493 34 48 0.8464
317 493 20 33 0.7128
180 468 18 33 0.4596
354 446 14 26 0.4462
335 438 15 25 0.4283
914 399 13 17 0.4204
946 500 15 21 0.3814
917 399 13 17 0.3510
279 424 13 23 0.2637
932 419 16 17 0.2557
184 468 16 33 0.2480
450 266 7 8 0.2107
453 266 7 9 0.2081
882 455 15 23 0.1873
117 266 9 12 0.1674
434 476 15 21 0.1616
350 445 15 26 0.1550
201 274 11 13 0.1429
934 419 17 19 0.1410
450 266 6 8 0.1380
527 348 10 14 0.1379
114 267 9 11 0.1350
886 456 13 22 0.1321
323 266 7 8 0.1249
353 378 13 18 0.1247
326 266 7 8 0.1196
185 349 15 23 0.1175
707 194 6 7 0.1167
350 378 13 17 0.1161
198 275 11 12 0.1153
180 349 16 23 0.1120
340 440 13 24 0.1113
746 278 6 8 0.1063
748 278 7 8 0.1053
933 403 13 16 0.1042
279 399 12 19 0.0989
413 266 7 8 0.0968
817 299 6 8 0.0965
709 194 6 7 0.0962
813 298 7 9 0.0911
410 266 7 8 0.0898
337 440 14 24 0.0892
753 288 6 8 0.0784
983 408 13 16 0.0763
754 303 7 10 0.0757
743 425 11 22 0.0746
751 303 7 10 0.0728
797 285 7 10 0.0707
735 292 7 8 0.0694
981 407 13 17 0.0691
977 428 12 20 0.0682
1016 322 6 8 0.0679
359 402 12 18 0.0675
452 267 7 8 0.0668
906 447 15 23 0.0651
887 373 8 14 0.0649
710 193 6 7 0.0633
276 424 13 23 0.0626
800 286 8 10 0.0620
10 322 12 18 0.0587
887 328 7 9 0.0586
439 302 9 12 0.0578
900 335 9 11 0.0568
155 333 12 19 0.0547
529 348 10 14 0.0546
559 374 9 12 0.0535
276 399 11 18 0.0527
727 306 7 8 0.0522
717 285 7 8 0.0519
423 264 7 8 0.0517
712 311 7 9 0.0513
422 275 7 8 0.0512
603 364 9 15 0.0509
591 469 19 28 0.0508
395 270 7 8 0.0501
724 306 7 8 0.0486
628 207 6 7 0.0486
136 284 9 13 0.0486
414 267 7 8 0.0483
933 442 14 21 0.0483
6 321 14 20 0.0480
442 303 9 12 0.0479
1013 321 7 9 0.0469
903 335 9 11 0.0463
607 299 6 8 0.0461
846 312 6 8 0.0460
525 348 9 14 0.0456
980 408 12 16 0.0452
322 266 6 9 0.0447
843 312 6 8 0.0444
374 277 8 9 0.0443
93 276 8 9 0.0442
646 328 8 11 0.0442
957 288 5 6 0.0441
714 285 6 8 0.0441
372 277 7 9 0.0438
899 334 8 10 0.0437
392 270 6 8 0.0437
1014 349 8 10 0.0436
562 374 9 12 0.0433
96 275 8 10 0.0433
946 325 6 7 0.0424
649 328 8 12 0.0423
662 329 11 14 0.0414
934 309 6 7 0.0412
936 322 6 7 0.0410
752 305 7 9 0.0409
1012 322 7 8 0.0408
603 324 7 10 0.0398
889 374 9 13 0.0393
325 267 7 8 0.0389
716 284 6 8 0.0388
762 288 7 8 0.0388
903 333 8 11 0.0380
960 288 6 6 0.0378
381 307 7 10 0.0376
980 428 12 21 0.0375
156 331 9 14 0.0375
888 454 15 22 0.0375
814 298 7 8 0.0373
593 468 22 31 0.0371
975 497 16 28 0.0370
118 268 9 11 0.0370
427 286 8 10 0.0367
140 284 9 12 0.0366
962 325 7 8 0.0363
523 364 10 16 0.0362
710 194 6 7 0.0360
295 269 7 9 0.0355
626 219 6 8 0.0353
283 276 7 9 0.0349
600 324 7 10 0.0346
756 304 7 9 0.0344
430 285 8 10 0.0343
951 300 6 7 0.0342
745 278 6 8 0.0340
337 438 16 27 0.0340
1011 349 7 11 0.0338
952 273 5 6 0.0335
803 344 8 11 0.0330
358 290 7 9 0.0329
183 351 15 23 0.0327
68 284 11 12 0.0325
377 307 8 10 0.0324
625 207 6 7 0.0322
950 272 5 6 0.0321
523 330 9 12 0.0320
392 271 7 8 0.0320
799 285 6 9 0.0317
600 300 6 8 0.0316
297 269 7 10 0.0314
36 315 12 15 0.0311
826 309 7 9 0.0311
155 276 10 13 0.0311
627 206 6 8 0.0309
958 287 5 7 0.0304
624 205 6 8 0.0303
623 219 6 8 0.0300
799 343 8 12 0.0299
618 297 7 8 0.0299
912 421 12 16 0.0298
850 300 6 8 0.0295
795 283 7 9 0.0293
639 311 7 10 0.0290
794 272 7 9 0.0290
869 421 11 20 0.0287
883 327 7 10 0.0286
354 290 8 10 0.0286
978 431 13 21 0.0285
920 317 6 8 0.0281
926 303 6 7 0.0280
853 300 6 8 0.0279
713 284 7 8 0.0278
159 333 12 19 0.0277
933 322 6 8 0.0276
330 383 9 16 0.0275
407 287 7 9 0.0274
600 364 9 14 0.0274
910 419 13 16 0.0270
574 326 8 10 0.0269
160 330 10 15 0.0269
642 310 7 11 0.0269
577 326 8 10 0.0269
706 320 8 9 0.0266
606 364 8 15 0.0266
706 194 6 8 0.0265
603 299 6 8 0.0260
327 384 9 15 0.0259
603 341 8 12 0.0257
268 544 20 29 0.0256
847 291 6 7 0.0255
791 273 6 8 0.0254
651 342 10 14 0.0254
743 292 7 8 0.0253
978 406 12 17 0.0253
761 287 6 8 0.0252
942 313 6 7 0.0252
520 329 8 12 0.0252
932 300 6 7 0.0249
696 309 7 10 0.0248
261 270 7 9 0.0247
71 283 11 13 0.0246
604 316 7 10 0.0246
815 306 6 9 0.0245
890 510 16 32 0.0245
1012 348 7 10 0.0245
845 291 5 8 0.0242
874 289 6 7 0.0241
12 317 10 13 0.0240
980 497 15 27 0.0239
793 277 6 8 0.0236
959 324 6 8 0.0236
252 263 6 8 0.0236
888 458 14 20 0.0234
255 263 6 8 0.0234
449 268 6 8 0.0234
378 310 8 10 0.0234
274 545 18 28 0.0233
1 277 6 10 0.0231
861 289 6 7 0.0230
648 296 8 10 0.0230
982 433 11 21 0.0229
983 531 21 33 0.0228
909 302 5 7 0.0227
293 268 7 10 0.0227
886 371 7 13 0.0225
694 308 8 10 0.0224
404 287 7 9 0.0223
747 279 6 7 0.0223
987 327 6 8 0.0222
42 277 9 10 0.0222
727 307 7 9 0.0220
977 340 7 8 0.0219
268 360 10 15 0.0218
1016 299 6 8 0.0218
445 280 7 9 0.0216
8 317 10 14 0.0216
14 281 7 9 0.0216
21 296 8 10 0.0215
520 365 9 15 0.0214
306 316 8 9 0.0213
828 309 7 9 0.0211
917 318 6 8 0.0211
678 314 8 9 0.0211
341 280 7 9 0.0210
944 500 12 20 0.0209
621 296 6 9 0.0208
19 296 8 10 0.0207
995 314 6 8 0.0205
629 197 6 7 0.0205
117 290 10 13 0.0205
697 339 9 13 0.0205
898 311 7 9 0.0204
413 267 7 8 0.0204
422 262 6 7 0.0204
935 442 15 23 0.0204
1012 485 11 23 0.0204
412 264 6 7 0.0203
273 374 11 14 0.0199
376 279 7 10 0.0198
865 422 11 19 0.0198
896 302 6 7 0.0196
600 342 7 11 0.0196
113 268 9 10 0.0196
381 309 8 10 0.0193
646 296 7 10 0.0193
329 381 9 16 0.0190
751 302 8 9 0.0190
450 267 6 8 0.0188
276 374 10 13 0.0187
159 300 10 13 0.0187
159 278 11 12 0.0185
938 417 15 17 0.0185
31 316 9 13 0.0181
29 321 9 11 0.0181
930 419 15 18 0.0181
915 421 11 16 0.0181
616 296 7 8 0.0180
743 430 14 22 0.0180
977 293 6 7 0.0179
884 294 6 7 0.0178
560 370 10 14 0.0178
264 269 6 8 0.0177
479 298 7 9 0.0177
455 267 6 8 0.0177
1 247 5 8 0.0176
745 277 6 8 0.0175
320 294 9 10 0.0175
18 293 9 11 0.0175
701 339 9 13 0.0173
929 305 6 8 0.0173
494 311 8 9 0.0173
0 246 4 8 0.0172
698 309 8 10 0.0172
556 369 10 15 0.0171
306 306 8 9 0.0170
873 378 8 11 0.0169
949 274 5 6 0.0168
151 336 12 17 0.0168
667 286 7 9 0.0166
674 314 8 10 0.0166
188 351 15 22 0.0164
929 442 16 22 0.0164
885 509 18 34 0.0164
92 275 8 9 0.0163
1012 323 7 7 0.0163
500 326 9 12 0.0162
856 310 7 8 0.0162
625 198 6 6 0.0161
7 319 14 20 0.0161
182 273 8 8 0.0160
255 368 10 16 0.0159
482 298 7 9 0.0158
306 289 8 9 0.0158
0 256 5 10 0.0158
800 274 6 8 0.0158
256 327 8 12 0.0158
280 243 5 7 0.0157
138 282 8 11 0.0156
356 401 11 18 0.0155
578 312 7 9 0.0155
706 195 6 7 0.0155
961 301 6 7 0.0154
37 320 11 13 0.0152
732 325 8 9 0.0152
633 200 6 7 0.0151
891 512 17 32 0.0150
665 332 9 12 0.0150
26 288 9 12 0.0150
926 339 7 9 0.0150
394 271 6 8 0.0150
338 280 8 8 0.0150
339 314 8 9 0.0149
92 277 7 9 0.0149
343 314 8 9 0.0148
894 302 5 7 0.0147
664 286 7 8 0.0146
895 301 5 6 0.0145
781 296 7 9 0.0144
187 266 6 8 0.0143
948 271 5 7 0.0141
125 274 9 10 0.0141
47 277 8 10 0.0141
884 327 7 8 0.0141
619 347 8 12 0.0141
1011 349 8 10 0.0140
371 276 7 9 0.0140
950 334 7 9 0.0139
483 313 6 9 0.0139
439 476 13 20 0.0138
889 370 8 13 0.0138
992 314 6 7 0.0137
857 286 6 7 0.0137
851 278 6 7 0.0136
852 300 6 7 0.0136
709 365 9 12 0.0135
277 243 6 7 0.0134
542 264 6 7 0.0134
797 274 6 8 0.0133
194 312 12 15 0.0133
459 299 8 11 0.0133
326 381 10 16 0.0133
895 349 7 11 0.0133
592 462 21 34 0.0133
133 297 10 14 0.0132
645 296 7 9 0.0132
361 406 13 17 0.0131
264 271 8 9 0.0131
599 321 7 11 0.0130
960 325 6 7 0.0130
525 346 9 13 0.0130
897 349 8 11 0.0130
324 295 8 10 0.0130
450 314 10 12 0.0129
604 300 7 7 0.0129
655 317 8 10 0.0128
345 325 8 10 0.0128
625 200 6 8 0.0128
268 255 6 8 0.0127
394 351 10 13 0.0127
859 452 14 22 0.0127
740 426 10 20 0.0127
993 347 8 12 0.0127
648 342 10 14 0.0127
252 327 8 11 0.0126
779 295 7 8 0.0126
704 303 7 10 0.0126
748 277 6 7 0.0125
735 324 7 9 0.0125
478 297 7 9 0.0123
363 403 12 17 0.0123
498 298 8 9 0.0123
707 510 13 26 0.0123
66 283 10 11 0.0122
160 220 6 7 0.0122
680 297 7 8 0.0122
523 266 6 7 0.0122
138 302 9 12 0.0122
689 294 6 8 0.0121
853 276 5 7 0.0121
378 284 7 9 0.0120
141 315 11 14 0.0120
975 339 6 8 0.0120
268 357 9 14 0.0120
992 377 11 15 0.0120
419 297 7 9 0.0120
585 348 8 12 0.0120
322 267 7 8 0.0119
934 322 6 7 0.0119
216 213 6 7 0.0119
903 447 15 22 0.0118
767 297 7 8 0.0118
589 463 17 31 0.0117
673 353 9 11 0.0117
974 504 16 27 0.0117
804 503 18 24 0.0117
615 321 7 10 0.0116
472 329 7 11 0.0116
219 213 6 7 0.0115
953 273 5 7 0.0115
624 219 6 8 0.0115
921 280 6 9 0.0115
923 275 6 6 0.0115
372 260 7 8 0.0115
768 342 7 9 0.0114
683 331 8 11 0.0113
281 244 5 7 0.0113
388 427 12 22 0.0113
746 427 11 19 0.0113
263 269 7 9 0.0112
984 377 15 20 0.0112
981 291 5 7 0.0111
159 219 6 8 0.0111
330 324 8 9 0.0111
713 364 9 14 0.0111
990 529 21 33 0.0111
808 297 8 9 0.0111
1002 273 5 6 0.0111
683 295 7 8 0.0110
520 266 6 8 0.0110
601 323 6 10 0.0110
803 506 22 29 0.0109
886 514 17 30 0.0109
182 344 16 25 0.0109
871 288 6 7 0.0108
928 302 6 6 0.0107
135 261 7 10 0.0107
619 296 7 9 0.0107
109 289 9 12 0.0107
165 299 11 13 0.0107
959 290 5 6 0.0106
557 284 7 9 0.0106
765 342 7 10 0.0105
133 261 7 10 0.0104
351 444 14 25 0.0103
256 292 8 10 0.0103
705 193 6 8 0.0102
422 297 7 9 0.0102
633 197 6 7 0.0102
968 321 7 8 0.0101
1016 391 7 13 0.0101
539 264 6 7 0.0101
850 275 5 7 0.0101
