21_Festival_Festival_21_331
49
744 225 57 70 0.8759
151 409 86 99 0.8724
354 293 44 57 0.8619
60 365 39 43 0.8503
262 271 32 39 0.8443
237 278 28 32 0.8404
662 277 41 51 0.8221
521 297 31 32 0.8139
162 280 20 24 0.8037
989 266 35 46 0.7998
304 392 37 42 0.7815
142 315 24 30 0.7523
0 296 15 36 0.7073
872 236 37 46 0.6712
495 290 22 26 0.3482
462 270 11 14 0.3454
465 270 10 14 0.2689
461 270 10 13 0.1780
579 270 8 10 0.1725
576 270 8 10 0.1392
623 312 26 29 0.1322
482 285 12 16 0.0886
580 269 8 12 0.0710
641 279 24 34 0.0535
494 292 26 31 0.0472
638 275 24 36 0.0419
492 288 18 22 0.0401
481 286 12 14 0.0373
489 266 9 11 0.0367
960 277 21 33 0.0308
417 306 26 32 0.0256
427 304 20 29 0.0254
959 277 19 31 0.0244
426 305 22 31 0.0229
489 287 17 20 0.0223
494 287 18 21 0.0205
575 269 9 11 0.0198
486 266 9 10 0.0188
652 278 27 39 0.0185
559 262 7 9 0.0165
576 269 7 10 0.0158
646 276 24 36 0.0150
623 305 26 29 0.0145
628 313 23 27 0.0134
487 294 27 31 0.0133
560 264 8 9 0.0133
477 282 12 15 0.0127
490 266 9 11 0.0124
623 319 26 30 0.0118
