13_Interview_Interview_2_People_Visible_13_252
31
324 557 46 57 0.8691
872 10 65 83 0.8674
620 28 61 81 0.8627
864 521 32 41 0.8616
577 508 33 42 0.8493
109 552 46 62 0.8408
805 271 33 43 0.8322
32 27 52 66 0.8284
226 15 31 35 0.8242
83 284 28 34 0.8182
434 11 24 28 0.7680
503 280 24 29 0.6655
278 292 28 34 0.6319
20 259 27 29 0.6003
272 263 26 28 0.5896
217 137 16 21 0.3974
503 280 25 29 0.2266
750 241 17 20 0.0971
110 552 45 62 0.0780
549 346 15 16 0.0509
445 315 14 16 0.0490
747 242 15 18 0.0423
415 305 18 21 0.0280
432 331 16 19 0.0199
411 305 19 21 0.0187
442 315 14 16 0.0162
238 122 22 27 0.0162
986 320 19 21 0.0153
990 320 19 20 0.0139
998 334 16 19 0.0129
622 305 22 24 0.0109
