13_Interview_Interview_On_Location_13_313
53
296 473 28 36 0.8692
829 334 27 34 0.8638
958 349 27 33 0.8558
591 474 24 35 0.8549
414 364 23 29 0.8546
219 443 28 36 0.8542
803 321 26 29 0.8513
452 497 27 37 0.8511
800 360 26 37 0.8499
597 369 26 33 0.8493
877 317 27 35 0.8479
773 332 24 33 0.8449
116 348 25 27 0.8448
177 370 24 32 0.8436
495 361 24 31 0.8434
364 349 24 29 0.8367
263 353 24 31 0.8361
624 338 23 33 0.8314
930 344 27 33 0.8273
656 474 25 35 0.8243
213 361 21 30 0.8238
309 345 23 32 0.8223
558 361 26 33 0.8205
658 336 26 33 0.8126
739 331 23 29 0.8041
518 359 20 29 0.8018
391 359 21 25 0.7885
38 352 25 34 0.7835
637 321 25 30 0.7791
154 352 22 30 0.7680
444 357 22 29 0.7300
60 354 26 34 0.4591
212 345 22 26 0.3718
61 354 28 35 0.3415
658 336 26 32 0.2426
194 348 18 21 0.1778
829 334 27 34 0.1712
156 353 22 29 0.1427
208 345 19 25 0.1372
210 343 21 24 0.1204
33 336 17 21 0.1130
558 362 26 32 0.0995
61 352 23 30 0.0503
641 321 23 31 0.0495
207 343 17 22 0.0451
29 337 19 21 0.0438
89 334 20 25 0.0313
217 345 22 25 0.0255
54 354 24 34 0.0175
55 359 24 33 0.0154
208 344 20 26 0.0133
0 331 15 38 0.0128
221 342 20 23 0.0112
