13_Interview_Interview_2_People_Visible_13_325
60
291 120 39 55 0.8658
369 635 33 38 0.8252
499 581 14 16 0.6772
227 520 13 16 0.5613
104 523 11 13 0.4569
90 507 10 11 0.4195
424 570 10 13 0.4052
456 570 13 14 0.3937
453 570 13 14 0.3838
68 489 14 19 0.3672
140 526 9 12 0.3356
157 524 9 13 0.3072
422 570 10 12 0.2928
180 528 10 13 0.2831
159 524 10 13 0.2818
178 525 11 15 0.2683
138 526 9 11 0.2487
225 520 13 15 0.2458
194 533 9 11 0.2325
197 533 8 11 0.2263
87 507 10 11 0.2260
71 490 13 17 0.1950
177 529 10 13 0.1664
102 522 10 13 0.1507
141 526 9 12 0.1419
114 514 9 11 0.1392
284 554 7 8 0.1296
286 554 7 9 0.1238
138 527 9 12 0.1165
159 526 9 12 0.0943
287 553 7 9 0.0927
288 555 6 8 0.0883
321 559 5 6 0.0805
324 559 4 6 0.0780
109 521 11 13 0.0740
496 582 12 14 0.0678
322 559 4 6 0.0621
426 570 10 13 0.0616
112 515 9 11 0.0590
283 555 7 9 0.0398
150 81 39 49 0.0338
491 579 9 12 0.0329
198 531 7 10 0.0327
195 536 8 9 0.0297
320 558 5 6 0.0270
269 549 6 8 0.0265
193 532 9 11 0.0237
193 534 8 10 0.0224
87 508 10 12 0.0220
108 525 9 11 0.0207
106 520 10 12 0.0185
106 524 10 12 0.0185
451 572 9 11 0.0153
270 553 6 7 0.0149
321 559 6 6 0.0148
407 613 13 16 0.0147
71 485 13 18 0.0142
326 559 4 6 0.0119
66 484 16 21 0.0119
181 525 8 10 0.0107
