13_Interview_Interview_2_People_Visible_13_1001
56
814 315 24 32 0.8257
624 324 21 26 0.7886
188 353 19 23 0.7576
124 365 19 23 0.7505
957 332 16 21 0.7255
577 338 16 27 0.7105
473 350 19 26 0.7016
724 340 17 23 0.6891
217 145 15 21 0.5405
294 358 17 23 0.4862
294 142 16 20 0.4635
659 334 16 21 0.3350
297 141 17 21 0.2932
376 147 13 18 0.2827
297 358 16 24 0.2600
213 366 14 21 0.2557
661 334 17 23 0.2408
380 147 13 18 0.2403
210 366 13 20 0.2097
477 350 18 26 0.1731
463 138 12 19 0.1387
213 144 16 22 0.0943
92 340 11 15 0.0864
580 338 16 27 0.0813
299 141 15 20 0.0803
222 146 12 19 0.0787
467 139 12 17 0.0764
298 358 17 23 0.0724
657 334 17 23 0.0602
95 340 11 15 0.0562
240 146 11 14 0.0523
242 147 12 16 0.0447
722 340 16 23 0.0429
662 384 15 19 0.0369
410 146 11 12 0.0350
325 164 11 14 0.0330
329 164 10 14 0.0316
210 364 13 20 0.0288
46 761 28 7 0.0278
959 332 17 22 0.0245
211 362 13 20 0.0241
414 146 10 12 0.0227
245 363 15 19 0.0179
90 339 11 14 0.0172
412 147 11 13 0.0170
206 358 14 20 0.0156
442 165 10 14 0.0139
300 359 18 23 0.0135
500 158 10 12 0.0123
95 339 10 13 0.0122
49 762 28 6 0.0120
657 332 14 21 0.0118
446 165 9 14 0.0116
243 358 15 21 0.0115
213 146 15 20 0.0103
409 147 10 13 0.0101
