13_Interview_Interview_Sequences_13_717
47
298 170 174 225 0.8841
628 152 81 107 0.8362
650 463 21 32 0.7086
71 308 19 22 0.7022
807 407 20 25 0.5997
681 447 17 25 0.5771
390 413 20 24 0.5586
835 460 22 33 0.5534
901 319 20 24 0.4768
133 308 18 21 0.4298
606 406 21 28 0.4264
844 280 17 20 0.3978
846 280 18 20 0.3868
164 421 18 22 0.3836
131 307 18 22 0.3725
603 406 21 28 0.2959
161 420 18 22 0.2939
834 461 20 31 0.2818
258 444 14 17 0.2686
810 406 19 26 0.2681
898 319 20 24 0.2665
684 447 17 25 0.2630
386 412 20 25 0.2332
263 445 12 16 0.1400
493 382 24 33 0.1099
849 278 16 21 0.1070
236 465 20 30 0.0983
352 473 25 29 0.0673
239 467 19 28 0.0610
233 467 22 30 0.0458
68 308 18 22 0.0418
346 474 20 26 0.0403
231 464 22 30 0.0358
389 408 20 22 0.0351
259 446 15 16 0.0234
258 448 16 19 0.0221
491 378 22 33 0.0221
131 306 18 21 0.0183
159 422 17 22 0.0152
900 318 19 24 0.0136
489 384 21 30 0.0132
129 306 17 20 0.0127
301 144 16 18 0.0120
386 408 17 21 0.0119
297 143 17 19 0.0116
342 470 17 26 0.0114
69 307 18 22 0.0101
