13_Interview_Interview_On_Location_13_138
51
55 340 37 41 0.8055
672 277 20 21 0.7765
98 261 17 20 0.6484
334 228 17 19 0.5508
507 252 21 21 0.4868
197 111 20 26 0.3666
337 229 17 18 0.2864
413 245 11 16 0.2790
416 246 10 14 0.1836
194 113 19 23 0.1357
501 250 21 21 0.1138
96 261 17 20 0.1070
227 144 28 38 0.0885
305 151 16 21 0.0858
214 173 17 17 0.0776
211 167 19 22 0.0743
383 261 8 11 0.0686
379 261 9 12 0.0615
194 116 21 26 0.0528
208 172 18 17 0.0509
318 317 21 26 0.0486
232 141 27 38 0.0477
555 283 11 12 0.0441
204 166 21 23 0.0433
558 282 12 14 0.0430
412 250 13 16 0.0390
237 136 25 33 0.0355
197 113 24 29 0.0353
506 248 20 22 0.0317
318 320 24 30 0.0282
514 255 17 18 0.0266
228 152 24 32 0.0263
379 264 10 13 0.0257
237 160 19 26 0.0226
324 317 19 26 0.0225
221 173 13 17 0.0203
174 146 17 24 0.0200
243 172 14 17 0.0199
406 253 12 14 0.0172
301 152 15 20 0.0166
209 166 21 25 0.0166
169 146 18 23 0.0158
383 263 9 12 0.0158
270 137 11 13 0.0144
231 140 27 38 0.0118
268 207 10 13 0.0117
325 324 20 27 0.0115
269 136 9 11 0.0114
249 137 16 21 0.0109
443 292 13 16 0.0104
534 267 12 15 0.0100
