13_Interview_Interview_On_Location_13_921
29
660 386 26 34 0.8358
200 390 22 26 0.8085
936 385 18 30 0.7367
753 392 27 33 0.4661
506 384 9 14 0.2348
509 384 9 14 0.1888
645 394 9 14 0.1762
753 391 27 34 0.1721
753 391 27 34 0.1285
846 377 8 11 0.0949
849 377 8 11 0.0627
594 384 7 15 0.0625
938 385 19 30 0.0481
845 377 7 10 0.0475
440 389 14 22 0.0448
646 393 11 16 0.0390
641 395 9 12 0.0371
849 377 7 11 0.0320
598 384 7 14 0.0298
446 389 11 20 0.0280
643 393 9 13 0.0225
161 375 6 8 0.0221
846 378 7 10 0.0173
75 376 8 10 0.0168
71 376 8 10 0.0133
163 377 4 7 0.0130
158 375 6 8 0.0112
546 387 8 11 0.0111
595 387 8 13 0.0106
