13_Interview_Interview_Sequences_13_495
63
536 67 48 56 0.8101
495 118 30 37 0.7749
432 142 31 36 0.7305
408 140 25 35 0.7039
401 118 24 30 0.6510
0 120 22 40 0.5174
107 124 24 28 0.5007
350 127 26 33 0.4856
206 108 31 38 0.4171
304 135 26 28 0.1853
462 18 14 19 0.1794
588 99 17 21 0.1710
586 97 16 22 0.1419
667 110 17 25 0.0935
668 110 13 19 0.0768
303 130 26 30 0.0746
177 142 20 23 0.0732
365 85 25 28 0.0688
102 125 26 29 0.0610
306 129 26 30 0.0604
466 18 14 19 0.0572
192 140 18 21 0.0548
410 140 26 35 0.0506
398 118 22 30 0.0428
594 99 12 17 0.0400
197 139 18 22 0.0396
672 110 13 19 0.0387
595 101 13 18 0.0384
1 120 25 40 0.0366
349 140 24 30 0.0365
672 111 17 23 0.0355
344 126 26 33 0.0329
308 135 25 27 0.0325
400 118 23 32 0.0301
361 86 20 24 0.0277
429 142 29 35 0.0270
58 124 26 31 0.0268
668 137 17 22 0.0255
364 83 21 24 0.0251
70 127 19 26 0.0242
666 133 17 24 0.0239
668 109 18 27 0.0238
357 128 24 30 0.0237
580 96 18 28 0.0237
179 135 17 20 0.0228
346 142 24 29 0.0215
339 120 22 31 0.0195
670 129 21 29 0.0193
589 129 19 25 0.0186
594 130 18 24 0.0181
178 135 26 29 0.0171
360 83 17 22 0.0163
302 142 28 30 0.0161
342 133 28 35 0.0148
333 123 21 30 0.0144
98 151 23 25 0.0139
189 135 19 23 0.0138
671 134 21 27 0.0124
177 149 24 26 0.0117
586 98 23 33 0.0112
336 120 18 28 0.0108
94 164 22 22 0.0108
67 89 16 20 0.0106
