13_Interview_Interview_Sequences_13_868
38
287 86 35 45 0.8735
402 292 12 14 0.3651
405 293 11 13 0.3282
929 548 8 10 0.2592
932 548 8 10 0.2213
734 550 8 9 0.1667
780 250 12 12 0.1525
580 264 9 12 0.1508
737 549 8 10 0.1488
583 264 9 11 0.1040
776 251 11 11 0.0602
955 550 8 10 0.0567
958 550 7 10 0.0547
736 552 7 9 0.0546
779 248 11 11 0.0414
1012 46 6 9 0.0403
739 551 8 9 0.0398
934 550 8 9 0.0379
1014 44 6 8 0.0363
930 550 8 10 0.0358
1015 45 7 9 0.0348
777 249 12 12 0.0299
784 250 10 11 0.0267
930 549 8 10 0.0266
775 250 10 10 0.0192
582 267 8 10 0.0182
975 253 9 11 0.0181
978 253 8 10 0.0175
1011 45 6 8 0.0173
955 552 7 9 0.0164
597 267 8 9 0.0160
576 264 10 12 0.0150
959 552 7 8 0.0144
579 266 9 9 0.0120
586 268 7 9 0.0116
955 551 8 9 0.0114
784 249 9 10 0.0105
928 546 7 9 0.0103
