13_Interview_Interview_On_Location_13_521
29
898 7 109 146 0.8672
177 217 37 51 0.8661
881 209 31 44 0.8546
707 38 90 150 0.8334
542 406 51 60 0.2826
542 408 50 58 0.2727
637 319 12 16 0.1532
390 348 15 19 0.1322
603 327 12 14 0.1099
387 348 16 20 0.0833
635 320 11 14 0.0423
638 320 12 15 0.0363
592 342 8 9 0.0352
552 409 43 53 0.0290
594 342 9 10 0.0250
490 313 8 10 0.0224
606 327 11 13 0.0217
431 311 11 13 0.0210
428 311 11 13 0.0196
541 409 46 56 0.0153
597 292 11 11 0.0148
594 291 11 13 0.0145
591 339 8 10 0.0134
538 269 8 9 0.0133
487 313 8 10 0.0133
508 316 9 10 0.0121
488 312 8 10 0.0107
450 298 10 13 0.0106
635 321 12 15 0.0101
