13_Interview_Interview_Sequences_13_867
179
383 262 247 344 0.8963
285 401 35 47 0.8453
881 427 23 30 0.7484
24 460 19 26 0.7134
10 440 17 23 0.6664
996 369 17 21 0.6653
218 455 18 25 0.6425
173 419 20 27 0.5928
241 415 19 25 0.5598
1013 365 11 18 0.3839
628 38 11 14 0.3688
718 25 11 13 0.3394
576 72 9 11 0.3350
651 38 10 13 0.3328
600 62 10 13 0.3199
626 39 10 13 0.3045
647 38 10 13 0.3043
597 62 9 12 0.2996
881 329 18 20 0.2975
558 71 8 11 0.2528
555 71 8 11 0.2450
222 455 17 24 0.2272
769 0 13 15 0.2174
722 25 10 13 0.2069
755 3 9 13 0.2032
936 430 11 18 0.1944
752 3 9 13 0.1747
574 72 8 10 0.1729
879 470 14 17 0.1401
942 359 16 20 0.1391
708 33 10 11 0.1359
746 22 9 11 0.1344
553 70 8 11 0.1286
678 27 12 14 0.1271
944 362 16 20 0.1245
875 470 14 17 0.1084
945 408 14 19 0.1060
749 21 9 11 0.1038
63 470 12 18 0.0946
487 95 8 11 0.0888
489 96 9 11 0.0854
889 329 16 18 0.0819
452 109 10 12 0.0807
705 32 10 11 0.0797
557 70 8 11 0.0768
807 427 15 18 0.0762
757 4 9 13 0.0758
774 1 12 15 0.0729
685 28 10 12 0.0724
516 73 8 10 0.0708
454 109 10 12 0.0703
682 30 11 12 0.0630
939 430 10 18 0.0606
1012 363 11 16 0.0606
519 73 9 10 0.0592
753 5 9 12 0.0579
933 430 11 18 0.0558
664 32 10 12 0.0535
491 94 8 11 0.0501
472 98 10 12 0.0499
689 30 9 10 0.0493
451 108 9 11 0.0488
436 119 9 11 0.0470
573 72 8 11 0.0446
855 428 15 20 0.0426
230 430 16 21 0.0419
628 62 10 15 0.0409
246 416 19 24 0.0407
193 217 7 8 0.0404
518 70 8 11 0.0399
514 71 8 11 0.0395
59 469 13 19 0.0392
809 2 9 11 0.0382
830 6 11 13 0.0378
468 99 10 11 0.0374
667 28 11 14 0.0374
942 408 13 19 0.0371
491 95 9 12 0.0370
647 38 10 13 0.0349
126 86 13 15 0.0346
804 21 9 11 0.0345
0 421 10 16 0.0338
772 3 12 15 0.0334
940 363 15 20 0.0327
748 20 9 12 0.0325
406 126 13 14 0.0299
170 420 17 25 0.0295
807 20 9 11 0.0295
518 71 9 12 0.0293
437 121 9 10 0.0290
552 70 9 12 0.0289
1000 370 15 20 0.0281
184 216 6 8 0.0278
783 421 11 13 0.0271
7 440 15 23 0.0271
632 63 10 13 0.0270
489 95 9 12 0.0267
823 7 12 13 0.0267
552 71 8 11 0.0266
597 64 10 14 0.0263
641 32 10 12 0.0261
433 120 9 10 0.0261
555 117 8 10 0.0258
485 94 8 11 0.0255
677 25 10 12 0.0250
393 134 10 13 0.0249
721 23 10 12 0.0249
932 427 12 20 0.0248
828 5 11 12 0.0233
918 466 21 32 0.0228
920 469 21 31 0.0226
468 98 10 12 0.0223
416 146 17 21 0.0218
983 382 11 14 0.0214
389 135 10 12 0.0212
804 424 14 20 0.0210
412 145 16 22 0.0210
467 97 9 11 0.0209
121 86 13 16 0.0209
513 73 8 11 0.0208
951 390 14 17 0.0206
848 428 16 21 0.0205
940 359 14 18 0.0202
59 470 14 19 0.0193
817 26 10 12 0.0193
390 132 9 12 0.0179
418 141 14 16 0.0176
846 0 11 11 0.0172
630 68 10 13 0.0171
812 3 9 11 0.0169
237 416 19 27 0.0167
805 430 10 14 0.0166
777 4 12 14 0.0163
433 122 10 11 0.0162
413 140 14 18 0.0160
649 22 10 12 0.0158
631 39 10 13 0.0156
182 216 6 8 0.0156
771 0 11 11 0.0156
558 117 9 10 0.0153
438 119 9 11 0.0151
1001 368 17 20 0.0150
626 40 11 13 0.0150
648 41 10 12 0.0147
787 420 10 14 0.0146
724 26 9 12 0.0145
599 61 8 10 0.0145
8 438 15 23 0.0144
955 389 14 16 0.0144
189 216 7 9 0.0139
627 65 10 13 0.0134
947 410 14 20 0.0131
704 34 9 11 0.0128
805 18 9 12 0.0128
979 383 11 14 0.0128
0 479 9 22 0.0127
237 416 16 23 0.0126
400 127 13 15 0.0124
820 458 15 21 0.0123
716 29 10 13 0.0122
810 428 16 19 0.0120
878 327 18 21 0.0120
783 15 9 10 0.0119
164 221 6 7 0.0114
948 367 14 19 0.0114
651 23 10 11 0.0113
224 430 16 21 0.0112
15 421 11 13 0.0112
596 61 8 11 0.0111
806 3 9 10 0.0110
647 21 9 11 0.0109
853 0 11 9 0.0108
167 221 6 7 0.0107
190 218 7 8 0.0104
123 446 16 20 0.0104
807 1 8 10 0.0103
650 20 9 11 0.0103
8 442 16 24 0.0102
624 43 9 12 0.0101
