13_Interview_Interview_Sequences_13_2
26
266 190 54 68 0.8798
0 23 24 43 0.8666
639 242 55 70 0.8661
494 174 51 59 0.8655
116 268 64 65 0.8583
568 29 40 45 0.8577
657 25 36 46 0.8526
326 28 32 41 0.8492
918 220 36 47 0.8487
237 29 37 42 0.8382
645 147 29 37 0.8380
546 201 33 41 0.8318
742 293 82 87 0.8293
227 189 31 40 0.8249
0 135 14 35 0.8163
316 138 25 34 0.8150
948 22 46 50 0.8096
449 0 36 17 0.7999
119 0 36 18 0.7753
949 20 46 52 0.7466
11 242 23 26 0.7234
805 0 39 13 0.6608
741 293 82 87 0.3250
804 0 41 21 0.0288
120 0 36 18 0.0146
949 21 46 51 0.0110
