13_Interview_Interview_Sequences_13_7
40
637 191 38 50 0.8706
254 203 36 49 0.8635
476 246 27 31 0.8536
106 244 24 30 0.8290
863 239 24 30 0.8267
915 252 26 27 0.8182
383 263 22 25 0.7855
782 276 14 22 0.6399
769 295 13 16 0.4435
766 294 13 16 0.3213
437 298 13 16 0.1478
757 302 9 12 0.1031
784 276 15 22 0.0928
573 302 13 14 0.0928
784 277 15 22 0.0678
570 302 12 14 0.0504
436 280 11 15 0.0476
437 285 12 15 0.0468
738 307 11 14 0.0445
435 298 10 14 0.0422
738 308 12 16 0.0371
732 309 15 19 0.0339
438 296 15 19 0.0285
771 294 11 15 0.0284
735 306 11 16 0.0282
755 302 8 12 0.0234
551 284 16 21 0.0216
288 170 6 8 0.0209
440 285 14 18 0.0204
766 296 11 14 0.0192
438 296 14 16 0.0181
439 280 12 15 0.0179
291 170 7 9 0.0167
288 171 7 9 0.0162
780 312 10 13 0.0144
291 170 6 8 0.0127
431 289 11 13 0.0125
556 284 16 22 0.0117
777 312 10 12 0.0114
434 281 10 14 0.0106
