13_Interview_Interview_2_People_Visible_13_668
56
599 470 15 19 0.6665
935 454 18 23 0.4956
414 472 11 15 0.3873
292 467 12 17 0.3834
939 454 17 23 0.3431
417 472 11 14 0.3062
289 467 11 16 0.2932
292 744 14 20 0.2131
708 472 11 18 0.1833
535 471 11 16 0.1216
532 470 10 16 0.1015
6 681 14 22 0.0966
711 472 12 18 0.0943
84 683 11 18 0.0840
10 681 13 21 0.0835
88 683 11 18 0.0815
295 744 14 22 0.0625
392 738 10 17 0.0560
396 738 9 17 0.0511
8 679 14 22 0.0478
86 682 11 17 0.0432
290 744 13 19 0.0411
321 753 13 15 0.0400
73 729 12 20 0.0384
92 734 14 22 0.0366
536 482 13 17 0.0307
69 729 12 20 0.0303
709 476 13 19 0.0289
5 679 14 21 0.0285
254 743 14 22 0.0269
69 733 13 20 0.0254
61 692 9 17 0.0250
290 466 11 17 0.0242
226 706 13 19 0.0221
32 742 16 22 0.0215
597 470 13 18 0.0208
603 751 17 17 0.0208
297 743 12 19 0.0201
255 745 15 23 0.0195
57 692 10 17 0.0182
129 714 11 15 0.0177
83 682 11 17 0.0156
499 484 11 13 0.0156
719 625 13 14 0.0148
91 732 13 18 0.0147
325 752 12 15 0.0145
288 743 16 22 0.0139
222 706 14 18 0.0135
531 484 11 15 0.0133
34 689 10 15 0.0124
537 471 11 14 0.0119
348 757 13 11 0.0118
125 715 11 14 0.0113
496 483 9 12 0.0110
74 733 11 19 0.0107
223 708 14 19 0.0103
