35_Basketball_playingbasketball_35_794
42
751 89 42 57 0.8871
100 157 28 37 0.8804
0 167 24 46 0.8640
284 174 28 38 0.8582
512 135 30 39 0.8582
555 124 33 36 0.8494
835 141 32 39 0.8428
440 198 22 30 0.7935
380 171 20 26 0.7032
266 146 15 27 0.6786
322 161 21 28 0.6176
187 161 16 29 0.6062
424 174 21 29 0.5911
389 145 19 26 0.5685
601 172 22 27 0.4817
145 27 20 24 0.3974
426 175 21 28 0.3728
603 173 22 26 0.2761
241 181 20 31 0.2746
387 146 18 24 0.2309
21 180 18 32 0.1499
143 28 20 23 0.1291
320 162 23 28 0.1269
247 181 17 31 0.1031
184 162 16 28 0.0859
321 161 21 27 0.0540
381 194 21 31 0.0492
244 185 17 28 0.0428
801 136 24 32 0.0335
23 185 17 30 0.0287
186 162 16 28 0.0266
71 198 15 24 0.0221
323 161 21 28 0.0215
805 136 18 24 0.0213
231 183 20 28 0.0190
384 196 21 32 0.0187
68 200 13 21 0.0155
236 183 20 30 0.0151
387 195 21 31 0.0148
339 183 16 26 0.0132
28 183 14 30 0.0130
161 183 20 25 0.0126
