35_Basketball_playingbasketball_35_78
22
578 753 67 75 0.8438
635 482 72 86 0.8183
154 304 87 73 0.7552
156 302 84 76 0.6736
167 1031 94 70 0.4057
300 838 49 62 0.4015
170 557 109 84 0.2868
426 456 69 98 0.2856
426 456 69 98 0.2720
635 481 73 88 0.2087
168 1036 84 65 0.1885
195 568 82 71 0.1277
293 838 51 63 0.0605
177 1032 77 68 0.0500
183 1030 75 67 0.0335
233 386 47 47 0.0334
291 836 47 61 0.0253
1016 705 8 66 0.0183
238 391 44 42 0.0131
162 1041 75 61 0.0126
1019 715 5 67 0.0118
284 851 53 65 0.0102
