35_Basketball_playingbasketball_35_248
25
394 827 36 45 0.8349
629 901 52 48 0.8108
492 924 30 37 0.7917
650 860 22 24 0.7272
154 952 30 41 0.6792
818 860 18 20 0.5445
144 854 18 21 0.5363
170 892 24 28 0.5230
168 890 25 30 0.3522
28 891 23 34 0.3478
286 853 12 15 0.3236
815 860 18 20 0.3175
289 853 12 15 0.2888
147 855 18 21 0.1413
26 891 19 28 0.0696
288 855 12 14 0.0563
22 894 20 29 0.0453
172 890 24 29 0.0442
151 952 30 41 0.0341
654 860 20 23 0.0252
174 892 23 28 0.0247
283 852 12 15 0.0211
143 857 17 19 0.0167
292 855 11 13 0.0161
142 854 17 20 0.0103
