35_Basketball_basketballgame_ball_35_478
65
130 416 68 95 0.8717
721 320 9 12 0.3220
724 320 10 12 0.3101
332 459 12 14 0.2613
399 392 9 11 0.2500
401 392 9 11 0.2164
344 245 7 10 0.2028
340 245 8 9 0.2017
703 333 8 10 0.1987
861 275 8 10 0.1971
397 392 9 11 0.1881
706 333 8 10 0.1818
863 275 8 10 0.1633
809 340 10 11 0.1497
860 275 7 9 0.1257
329 459 11 14 0.1212
813 339 9 11 0.1060
863 274 7 9 0.1001
310 279 11 12 0.0820
859 276 8 9 0.0813
409 261 7 9 0.0794
405 262 7 8 0.0775
812 337 9 11 0.0701
807 337 10 12 0.0695
805 340 10 12 0.0688
408 260 6 9 0.0675
398 391 8 10 0.0627
315 279 10 12 0.0602
404 260 7 9 0.0589
707 333 8 10 0.0587
341 247 8 9 0.0542
345 246 7 9 0.0539
940 302 6 7 0.0455
336 459 11 13 0.0381
938 301 6 8 0.0368
703 335 8 10 0.0368
397 444 11 14 0.0345
334 462 11 12 0.0337
943 302 6 7 0.0337
372 449 10 12 0.0315
805 342 11 11 0.0301
401 391 8 10 0.0289
313 284 9 10 0.0286
394 445 10 13 0.0259
859 276 7 9 0.0255
335 456 11 13 0.0234
368 449 10 12 0.0222
921 297 6 8 0.0219
941 301 6 7 0.0217
316 283 9 10 0.0207
373 451 10 12 0.0199
341 246 7 10 0.0188
313 277 11 12 0.0184
368 451 11 12 0.0172
369 452 10 11 0.0159
308 279 8 11 0.0148
921 301 5 7 0.0148
329 463 12 12 0.0148
199 177 5 7 0.0147
924 300 5 7 0.0142
937 302 6 7 0.0140
393 447 11 13 0.0124
858 275 7 9 0.0111
196 178 6 6 0.0105
925 290 5 7 0.0105
