35_Basketball_basketballgame_ball_35_80
46
494 89 103 131 0.8860
263 126 45 69 0.8633
294 10 40 52 0.8625
167 0 42 54 0.8588
382 12 40 58 0.8512
6 166 42 49 0.8479
67 204 45 55 0.8419
2 357 43 60 0.8390
810 79 48 50 0.8366
888 60 50 66 0.8347
33 112 38 51 0.8270
93 180 38 52 0.8256
137 146 37 44 0.8161
904 373 38 55 0.8158
1 235 31 53 0.8053
163 228 40 55 0.7865
437 200 31 44 0.7212
490 0 39 9 0.6315
355 109 53 59 0.5514
693 201 33 47 0.4728
615 175 38 44 0.3858
78 278 37 49 0.3001
200 285 32 50 0.1346
980 290 30 48 0.1286
688 202 33 43 0.1093
492 0 43 9 0.0813
622 174 35 43 0.0562
92 181 40 53 0.0551
623 171 33 40 0.0508
969 290 36 50 0.0494
654 180 24 34 0.0461
456 60 39 49 0.0387
195 285 32 49 0.0383
435 201 29 42 0.0289
687 201 29 41 0.0269
481 169 17 32 0.0246
981 290 30 51 0.0205
1007 318 16 52 0.0201
361 106 47 52 0.0195
94 180 38 53 0.0169
483 172 23 38 0.0152
607 176 37 43 0.0143
485 0 41 13 0.0142
46 163 28 37 0.0115
970 292 36 49 0.0111
662 182 20 31 0.0101
