35_Basketball_playingbasketball_35_362
193
622 373 18 21 0.7839
538 406 20 24 0.6594
492 229 25 24 0.4945
890 426 16 19 0.4227
45 521 10 13 0.3924
887 427 16 18 0.3818
49 521 9 13 0.3544
16 523 10 13 0.3534
706 465 11 13 0.3503
19 523 10 13 0.3228
540 406 20 24 0.2820
169 520 9 12 0.2587
244 526 9 10 0.2449
709 465 10 13 0.2392
794 495 6 8 0.2296
242 526 8 10 0.2295
171 520 10 12 0.2198
139 524 8 10 0.2076
100 528 8 10 0.2039
142 524 8 10 0.2037
96 528 8 10 0.2023
790 495 6 8 0.1941
28 495 7 9 0.1736
25 495 7 9 0.1714
492 229 25 26 0.1649
74 526 10 13 0.1585
114 526 9 10 0.1579
151 507 7 9 0.1549
71 526 9 12 0.1441
921 441 12 14 0.1299
101 528 8 10 0.1288
148 508 7 8 0.1288
71 529 10 12 0.1266
75 529 9 11 0.1229
97 529 8 10 0.1163
118 527 7 10 0.1132
246 526 8 10 0.0990
167 520 9 11 0.0880
206 487 10 12 0.0880
155 493 8 9 0.0854
705 464 10 14 0.0810
183 494 7 8 0.0778
187 503 8 10 0.0756
186 522 9 11 0.0663
182 503 9 11 0.0653
1 473 6 8 0.0648
49 464 6 8 0.0623
49 466 6 7 0.0603
705 466 10 12 0.0599
185 501 8 10 0.0598
44 497 7 9 0.0584
792 494 6 8 0.0556
53 465 6 8 0.0547
242 527 8 10 0.0542
48 497 7 9 0.0536
917 440 12 15 0.0534
263 524 7 8 0.0533
227 526 7 9 0.0522
51 465 7 7 0.0515
92 475 7 7 0.0493
26 494 7 9 0.0475
159 496 7 8 0.0461
181 493 6 8 0.0450
1 485 7 11 0.0446
98 484 7 9 0.0431
113 527 8 10 0.0428
25 450 6 9 0.0425
95 485 7 8 0.0425
210 488 9 11 0.0423
267 523 7 8 0.0420
28 450 6 8 0.0403
113 474 6 8 0.0403
315 521 7 9 0.0402
929 442 9 13 0.0400
1 489 6 9 0.0399
105 493 7 8 0.0396
300 518 6 8 0.0395
284 518 7 8 0.0389
319 521 7 9 0.0367
207 494 10 11 0.0364
139 525 8 10 0.0350
789 494 6 8 0.0341
119 488 8 8 0.0337
29 452 6 8 0.0330
144 525 8 10 0.0326
69 472 7 9 0.0314
139 526 8 10 0.0311
241 526 8 10 0.0311
116 474 6 8 0.0304
771 496 6 7 0.0304
239 513 8 9 0.0304
297 518 7 8 0.0301
102 492 7 8 0.0295
959 500 7 7 0.0295
186 523 8 10 0.0294
139 486 7 8 0.0281
72 472 7 9 0.0274
430 527 6 8 0.0268
281 517 7 8 0.0264
117 475 6 8 0.0264
148 503 7 9 0.0261
24 453 7 8 0.0255
185 502 8 10 0.0252
708 464 11 13 0.0246
226 528 8 9 0.0237
168 518 8 11 0.0231
135 486 7 8 0.0227
133 493 7 9 0.0227
236 513 7 9 0.0227
116 520 7 10 0.0226
920 439 10 14 0.0221
152 483 7 8 0.0221
295 526 6 8 0.0220
23 494 7 9 0.0218
433 527 7 8 0.0217
28 496 7 9 0.0217
26 483 7 8 0.0208
168 521 8 10 0.0207
767 496 6 8 0.0206
375 529 7 8 0.0201
0 472 5 7 0.0200
479 388 17 19 0.0198
71 475 7 9 0.0197
406 528 5 7 0.0193
962 500 7 8 0.0189
81 480 8 9 0.0189
14 523 9 12 0.0185
89 475 7 8 0.0183
744 491 6 6 0.0183
1017 534 5 7 0.0182
372 528 7 9 0.0182
302 517 7 8 0.0181
264 525 7 9 0.0181
291 526 7 9 0.0179
4 478 7 9 0.0177
157 527 9 11 0.0174
195 481 7 9 0.0171
127 472 6 8 0.0169
346 506 6 7 0.0164
349 506 6 7 0.0164
768 495 6 8 0.0163
178 527 9 10 0.0162
223 503 8 9 0.0162
352 522 5 7 0.0158
316 520 7 9 0.0158
278 515 7 9 0.0153
155 504 8 9 0.0152
292 525 7 9 0.0152
476 388 16 18 0.0150
113 476 6 7 0.0149
79 527 8 11 0.0148
748 492 5 6 0.0147
347 505 6 8 0.0147
431 529 6 8 0.0144
355 522 6 7 0.0144
388 499 6 7 0.0140
393 532 6 8 0.0136
113 520 7 9 0.0134
385 499 6 7 0.0134
292 508 8 8 0.0132
137 485 7 8 0.0131
264 522 7 8 0.0131
264 526 7 9 0.0130
483 527 6 8 0.0129
260 527 8 8 0.0129
741 490 5 7 0.0126
408 528 5 7 0.0125
1012 535 6 7 0.0125
960 486 6 7 0.0123
366 507 6 7 0.0123
363 507 6 7 0.0122
178 493 6 7 0.0121
435 528 6 8 0.0119
163 475 6 7 0.0118
317 523 6 8 0.0117
396 532 6 7 0.0117
364 531 7 8 0.0115
208 498 8 10 0.0115
30 451 6 8 0.0109
189 524 8 10 0.0109
69 469 6 7 0.0107
794 495 6 7 0.0107
403 528 6 7 0.0106
238 495 7 9 0.0105
292 508 8 9 0.0105
67 474 7 8 0.0104
146 507 8 9 0.0104
973 501 8 10 0.0103
47 495 7 8 0.0102
225 501 8 10 0.0101
72 469 7 8 0.0101
479 527 6 8 0.0100
209 487 8 9 0.0100
