35_Basketball_playingbasketball_35_495
525
341 752 65 72 0.8631
541 400 90 75 0.8597
825 816 63 75 0.8567
3 775 91 74 0.8393
737 1057 24 33 0.8034
172 1114 27 37 0.7925
234 1153 25 35 0.7908
741 988 24 33 0.7824
727 812 20 26 0.7574
182 922 21 29 0.7441
771 855 18 24 0.7430
835 794 18 23 0.7110
234 638 17 23 0.6961
942 791 19 23 0.6915
109 627 18 22 0.6905
820 656 15 21 0.6732
170 632 17 24 0.6678
340 736 18 23 0.6655
676 821 19 25 0.6570
204 963 24 32 0.6554
783 817 19 24 0.6531
906 814 19 26 0.6452
721 849 19 23 0.6390
694 752 16 23 0.6362
245 705 19 22 0.6310
662 857 19 23 0.6307
1003 1093 19 32 0.6274
738 750 17 24 0.6263
1005 1197 18 31 0.6254
169 567 17 23 0.6154
862 763 17 21 0.6141
987 693 16 23 0.6107
220 587 16 19 0.6027
722 900 19 23 0.5976
284 671 17 22 0.5965
802 727 17 20 0.5873
207 609 17 20 0.5736
590 684 17 23 0.5499
175 704 20 25 0.5490
729 658 15 20 0.5476
264 772 20 26 0.5475
683 961 22 26 0.5450
867 729 19 23 0.5446
668 984 21 28 0.5441
945 863 18 22 0.5397
1008 900 14 22 0.5358
832 630 15 21 0.5305
306 634 17 20 0.5248
792 755 17 21 0.5193
138 673 16 21 0.5189
46 568 17 21 0.5165
164 1212 24 19 0.5161
290 703 18 23 0.5153
972 895 21 26 0.5127
869 659 16 22 0.5087
741 598 15 20 0.5077
290 580 15 20 0.4917
882 690 15 18 0.4831
254 1103 25 32 0.4811
227 741 21 28 0.4810
973 842 16 18 0.4770
203 433 15 20 0.4754
789 645 15 19 0.4686
218 458 16 21 0.4651
592 709 18 23 0.4612
945 629 16 20 0.4547
865 703 15 19 0.4543
263 605 16 22 0.4485
962 737 15 19 0.4426
845 604 16 20 0.4412
952 829 17 21 0.4364
320 611 17 21 0.4313
948 828 17 21 0.4181
917 670 16 21 0.4179
346 472 16 21 0.4152
936 694 16 21 0.4090
691 690 15 23 0.4075
991 658 17 22 0.3983
124 444 15 19 0.3932
687 690 16 23 0.3928
251 1104 25 31 0.3924
679 172 16 21 0.3909
969 895 21 26 0.3903
680 439 15 19 0.3842
107 573 17 24 0.3760
347 718 16 19 0.3752
921 670 15 22 0.3723
698 721 16 20 0.3720
350 717 16 20 0.3707
260 604 17 22 0.3695
686 961 22 26 0.3687
360 424 15 19 0.3617
1016 833 8 18 0.3585
933 694 16 21 0.3564
223 741 22 28 0.3558
992 608 16 18 0.3539
697 793 17 22 0.3406
766 895 21 26 0.3403
287 580 15 20 0.3393
937 605 14 18 0.3388
261 772 20 26 0.3387
1012 833 10 19 0.3382
522 152 16 20 0.3356
709 620 15 20 0.3337
445 477 17 23 0.3297
712 621 14 20 0.3289
207 963 24 32 0.3289
596 709 17 23 0.3284
518 152 16 20 0.3274
671 984 21 28 0.3219
842 604 15 20 0.3197
105 572 17 23 0.3190
350 472 15 21 0.3173
933 605 14 18 0.3098
141 435 15 20 0.3093
653 802 20 23 0.3089
731 790 19 23 0.3073
796 756 17 21 0.3049
1006 444 14 19 0.3046
317 611 17 21 0.2951
290 450 16 21 0.2943
762 895 21 26 0.2897
602 646 16 22 0.2858
289 742 18 22 0.2850
966 737 15 19 0.2825
854 483 14 16 0.2789
829 630 15 20 0.2787
303 634 17 20 0.2767
932 731 18 20 0.2744
739 599 14 19 0.2703
353 578 14 20 0.2611
950 863 16 22 0.2592
287 704 17 22 0.2575
265 694 17 21 0.2551
895 513 15 17 0.2542
949 629 15 21 0.2529
776 489 15 16 0.2527
872 658 16 22 0.2514
290 744 18 21 0.2514
134 673 16 21 0.2464
744 660 13 18 0.2457
858 483 13 16 0.2445
144 436 15 20 0.2443
121 445 14 18 0.2435
876 629 15 21 0.2424
697 183 15 19 0.2370
286 744 18 21 0.2344
764 895 20 24 0.2337
985 638 15 19 0.2319
1012 900 12 22 0.2305
657 802 19 23 0.2257
799 81 15 18 0.2248
748 660 13 17 0.2241
935 731 18 21 0.2216
200 433 14 19 0.2209
707 467 14 18 0.2169
702 471 16 22 0.2167
292 452 15 20 0.2123
786 646 14 18 0.2104
605 63 17 21 0.2068
52 448 14 17 0.2053
703 467 15 18 0.2028
678 439 13 19 0.2021
706 472 16 21 0.1983
179 704 19 24 0.1960
872 629 15 21 0.1954
42 568 17 21 0.1892
781 490 14 16 0.1862
999 761 16 20 0.1856
996 608 14 18 0.1843
984 635 16 19 0.1836
999 759 15 18 0.1836
4 443 12 21 0.1813
735 790 18 23 0.1799
103 574 17 22 0.1773
288 451 15 21 0.1771
767 452 15 18 0.1759
793 81 16 18 0.1751
1009 445 13 18 0.1749
261 828 19 24 0.1729
630 160 17 21 0.1719
894 678 13 17 0.1703
576 172 16 19 0.1667
223 586 14 19 0.1665
183 1088 22 26 0.1660
375 456 15 22 0.1657
237 479 15 20 0.1649
664 141 15 21 0.1631
764 453 16 19 0.1624
991 606 14 18 0.1621
350 578 14 20 0.1610
859 763 17 21 0.1607
734 789 18 21 0.1594
702 722 15 19 0.1588
287 671 17 21 0.1583
286 742 18 22 0.1582
981 638 15 19 0.1579
287 450 15 20 0.1578
866 89 16 19 0.1574
628 157 17 21 0.1573
210 608 16 21 0.1535
730 789 18 21 0.1535
768 453 16 19 0.1527
189 478 16 21 0.1518
995 761 16 19 0.1504
441 478 16 21 0.1494
165 567 17 23 0.1492
862 703 14 19 0.1480
625 161 17 20 0.1476
763 452 15 18 0.1448
132 1216 25 15 0.1415
735 750 17 24 0.1409
719 900 19 22 0.1372
995 658 16 22 0.1362
835 74 14 19 0.1332
86 847 21 24 0.1329
793 705 13 18 0.1320
725 849 18 23 0.1314
2 421 10 18 0.1303
146 435 14 19 0.1255
603 795 16 20 0.1221
580 172 17 19 0.1205
216 459 15 19 0.1171
853 504 13 18 0.1167
702 183 14 18 0.1164
161 1213 23 18 0.1161
289 822 22 26 0.1156
793 645 13 18 0.1132
82 847 23 28 0.1131
52 628 17 21 0.1089
1014 960 8 22 0.1080
160 493 13 16 0.1076
843 767 14 16 0.1068
102 573 17 21 0.1067
977 842 14 17 0.1061
805 727 16 21 0.1030
708 622 14 19 0.1025
326 675 15 18 0.1012
49 144 14 17 0.1007
242 704 18 23 0.0997
719 1084 22 28 0.0995
995 759 15 18 0.0979
1 443 11 20 0.0977
55 446 13 17 0.0965
1018 960 6 23 0.0954
363 424 14 19 0.0954
0 421 8 17 0.0911
831 74 14 18 0.0889
796 706 13 17 0.0886
238 484 17 19 0.0886
992 694 14 19 0.0884
898 514 15 19 0.0883
677 437 15 20 0.0841
681 174 17 21 0.0837
760 970 19 23 0.0827
625 158 16 20 0.0817
379 457 14 21 0.0796
864 727 18 23 0.0794
357 422 15 20 0.0793
608 131 18 23 0.0793
86 848 23 27 0.0791
259 605 16 22 0.0791
289 790 26 30 0.0788
654 803 20 23 0.0784
691 752 16 23 0.0773
783 796 16 20 0.0770
3 422 10 19 0.0757
1010 1197 14 30 0.0744
765 969 19 24 0.0743
856 484 14 17 0.0709
324 604 16 20 0.0689
836 196 15 18 0.0688
902 814 20 26 0.0684
0 422 9 19 0.0683
753 9 16 19 0.0676
241 480 15 18 0.0675
651 477 15 20 0.0666
885 690 14 18 0.0657
161 610 16 19 0.0656
725 658 15 19 0.0655
337 736 16 21 0.0652
58 629 14 19 0.0649
857 505 13 17 0.0648
613 131 17 23 0.0646
995 606 14 18 0.0631
163 493 13 16 0.0620
666 143 16 21 0.0599
128 1218 23 13 0.0590
985 879 17 20 0.0583
999 857 15 19 0.0581
84 473 17 20 0.0577
981 635 15 19 0.0577
588 683 15 21 0.0569
605 616 16 21 0.0564
911 120 17 22 0.0557
228 1128 25 29 0.0556
322 675 15 18 0.0547
1010 989 12 29 0.0537
890 679 13 15 0.0515
79 839 26 30 0.0514
749 9 16 19 0.0503
676 172 15 20 0.0501
63 413 14 17 0.0498
824 773 14 16 0.0497
893 512 14 17 0.0494
795 83 16 18 0.0480
609 63 16 20 0.0467
191 481 16 22 0.0462
740 892 17 20 0.0460
780 796 16 20 0.0452
447 479 17 24 0.0451
900 513 14 17 0.0451
939 791 18 22 0.0451
183 890 19 25 0.0450
934 606 15 19 0.0449
166 609 17 21 0.0443
652 482 15 22 0.0438
673 821 17 25 0.0433
126 616 16 22 0.0429
1017 958 7 22 0.0425
904 853 21 29 0.0423
882 707 17 20 0.0422
745 599 13 18 0.0409
49 448 13 16 0.0407
738 1161 25 35 0.0407
715 1084 23 29 0.0401
753 1055 19 28 0.0401
695 790 16 22 0.0400
220 902 15 22 0.0400
173 632 17 24 0.0397
515 121 14 17 0.0391
699 34 15 18 0.0387
578 176 16 19 0.0377
1013 957 8 23 0.0377
783 182 16 19 0.0368
597 645 18 24 0.0365
1004 445 13 18 0.0364
357 424 14 19 0.0358
286 823 19 22 0.0355
708 621 13 18 0.0349
863 89 14 18 0.0347
264 834 22 28 0.0344
860 484 13 17 0.0340
60 413 13 16 0.0335
594 684 17 23 0.0331
596 794 17 23 0.0328
359 449 16 21 0.0325
765 974 19 24 0.0325
41 464 16 18 0.0320
807 727 14 19 0.0316
229 1122 22 26 0.0316
872 731 17 21 0.0314
39 625 18 24 0.0313
827 774 16 20 0.0311
110 887 20 25 0.0306
673 820 18 25 0.0304
82 119 15 20 0.0303
787 208 15 18 0.0299
929 1187 29 40 0.0297
230 636 18 23 0.0295
780 182 15 19 0.0295
51 145 14 18 0.0294
194 478 14 19 0.0293
73 1220 24 11 0.0289
823 657 15 20 0.0287
603 621 20 25 0.0282
661 141 14 19 0.0282
703 34 15 18 0.0281
88 472 16 20 0.0279
46 144 12 16 0.0276
523 178 16 21 0.0275
698 753 15 20 0.0274
288 817 21 23 0.0272
817 657 15 19 0.0267
178 1087 23 28 0.0267
832 197 13 16 0.0257
870 90 15 18 0.0255
656 477 14 18 0.0252
167 632 16 23 0.0248
1015 958 9 27 0.0248
59 435 15 17 0.0244
855 502 14 18 0.0236
930 728 16 19 0.0234
45 461 16 21 0.0231
754 830 15 17 0.0231
607 125 15 20 0.0230
606 646 17 23 0.0229
101 1215 28 16 0.0228
885 688 15 19 0.0226
590 116 15 20 0.0223
206 434 14 18 0.0220
846 123 15 20 0.0220
306 118 15 17 0.0219
872 640 14 17 0.0216
106 627 17 22 0.0215
607 794 15 20 0.0213
774 664 14 18 0.0209
900 770 16 20 0.0206
893 707 16 20 0.0204
65 1218 27 13 0.0202
606 646 15 21 0.0202
1009 981 12 31 0.0199
904 771 16 20 0.0199
619 516 17 22 0.0198
946 761 17 22 0.0192
218 587 14 18 0.0190
739 1158 19 23 0.0188
703 468 17 20 0.0187
976 840 15 19 0.0185
145 435 16 20 0.0184
213 461 17 21 0.0184
937 525 16 20 0.0184
605 651 16 19 0.0184
200 1068 22 29 0.0182
610 615 15 19 0.0181
582 176 17 19 0.0181
786 818 18 23 0.0179
520 179 15 19 0.0179
781 817 17 23 0.0178
0 437 13 24 0.0177
55 444 14 17 0.0176
268 696 17 23 0.0176
700 717 15 20 0.0175
805 818 14 18 0.0175
600 788 18 24 0.0175
775 667 16 20 0.0173
659 857 17 22 0.0172
286 792 19 24 0.0171
185 461 13 17 0.0168
876 624 13 16 0.0167
147 437 14 18 0.0167
843 209 13 17 0.0167
847 605 14 20 0.0166
801 83 14 17 0.0165
242 485 15 19 0.0165
885 708 17 22 0.0164
731 657 17 20 0.0164
931 1185 24 33 0.0164
1001 1094 18 30 0.0164
615 107 17 21 0.0160
302 792 23 30 0.0160
55 435 15 17 0.0159
847 209 13 16 0.0156
90 1219 26 12 0.0155
999 735 13 15 0.0153
2 1222 17 9 0.0152
443 480 15 22 0.0152
785 205 14 18 0.0151
925 1187 31 41 0.0151
726 995 14 22 0.0149
702 655 14 18 0.0149
751 828 14 18 0.0149
45 466 16 21 0.0146
258 827 17 23 0.0145
667 857 19 24 0.0144
685 440 13 18 0.0143
752 6 16 19 0.0142
521 143 16 20 0.0142
843 202 14 18 0.0141
223 459 15 20 0.0141
267 827 23 28 0.0141
933 525 15 19 0.0140
114 488 14 16 0.0140
824 777 15 18 0.0140
1017 989 7 29 0.0139
669 984 21 29 0.0137
302 118 15 17 0.0136
519 121 13 16 0.0133
850 504 12 17 0.0131
843 606 15 19 0.0131
992 859 16 20 0.0131
831 195 15 19 0.0130
1012 834 12 20 0.0130
938 607 14 17 0.0128
47 146 13 17 0.0127
490 0 17 12 0.0126
747 43 17 22 0.0126
830 73 15 19 0.0126
6 638 16 23 0.0126
169 752 17 23 0.0126
698 727 16 21 0.0125
605 796 19 24 0.0124
677 175 15 20 0.0124
1010 443 14 19 0.0124
610 128 18 24 0.0124
206 434 16 20 0.0123
901 777 15 19 0.0123
783 208 14 18 0.0122
588 781 19 25 0.0122
916 120 15 21 0.0121
782 776 15 18 0.0121
608 65 17 21 0.0119
948 626 15 19 0.0119
1014 981 10 35 0.0118
987 656 15 20 0.0118
674 438 18 22 0.0118
139 435 14 18 0.0116
54 626 17 22 0.0116
609 784 17 24 0.0115
704 654 14 19 0.0115
290 788 22 25 0.0113
656 484 13 19 0.0113
367 640 17 22 0.0112
668 142 15 19 0.0111
894 515 14 17 0.0111
694 720 15 21 0.0111
751 43 17 22 0.0110
720 849 17 23 0.0109
892 100 15 19 0.0109
842 123 15 19 0.0109
364 640 16 22 0.0108
123 110 14 15 0.0108
765 489 13 15 0.0107
856 1214 26 17 0.0107
934 728 17 20 0.0106
618 511 17 23 0.0106
204 885 19 25 0.0105
667 1 19 22 0.0105
970 842 14 18 0.0105
122 443 15 18 0.0102
286 818 17 21 0.0102
912 1008 12 13 0.0102
611 108 15 19 0.0101
878 690 15 19 0.0100
561 747 30 34 0.0100
