35_Basketball_basketballgame_ball_35_662
61
66 105 40 54 0.8890
207 147 41 55 0.8745
479 83 53 69 0.8741
111 67 31 35 0.8727
595 47 50 65 0.8635
799 128 54 62 0.8553
243 68 36 38 0.8499
287 134 33 38 0.8476
362 138 35 40 0.8449
756 0 30 35 0.8439
62 41 27 33 0.8433
115 113 32 35 0.8401
378 71 29 33 0.8355
168 0 32 34 0.8318
307 98 32 37 0.8247
805 41 32 33 0.8176
683 51 32 36 0.8168
429 13 26 35 0.8079
228 123 33 38 0.8071
207 147 41 55 0.8033
557 34 26 31 0.8023
710 83 31 38 0.7948
739 130 35 39 0.7838
279 0 31 29 0.7837
397 189 28 41 0.7535
683 124 52 58 0.7404
845 143 26 38 0.7401
1 172 24 34 0.7283
660 2 33 36 0.7037
494 0 25 18 0.6985
0 0 15 24 0.6831
36 115 27 30 0.6659
411 144 30 37 0.5164
623 1 19 24 0.2065
862 57 23 26 0.1081
973 74 23 37 0.0654
37 115 27 31 0.0623
0 0 15 24 0.0601
979 75 20 35 0.0584
661 2 33 35 0.0510
857 57 24 26 0.0392
263 7 30 33 0.0389
479 59 20 23 0.0384
61 1 27 22 0.0380
436 85 31 44 0.0361
865 62 21 24 0.0340
857 62 25 26 0.0320
527 62 26 33 0.0317
684 124 52 58 0.0314
582 0 26 28 0.0288
60 1 25 17 0.0276
232 144 29 45 0.0233
875 158 26 37 0.0214
200 97 25 30 0.0171
621 1 17 20 0.0149
475 58 20 23 0.0136
348 114 29 33 0.0118
262 0 34 36 0.0116
199 100 30 38 0.0113
433 85 28 43 0.0111
578 64 18 28 0.0105
