35_Basketball_Basketball_35_327
44
789 166 31 41 0.8923
915 136 39 57 0.8778
828 144 26 35 0.8708
763 141 28 38 0.8577
84 160 27 37 0.8546
413 224 51 80 0.8526
663 149 28 35 0.8521
969 180 29 39 0.8486
24 173 24 33 0.8469
737 152 25 33 0.8408
540 151 26 35 0.8380
598 158 21 29 0.8333
981 156 25 27 0.8249
186 179 20 27 0.8216
250 165 21 28 0.8206
465 176 23 30 0.8202
636 168 21 28 0.8056
435 160 21 26 0.7270
492 176 18 22 0.6921
384 172 24 29 0.6875
563 158 17 26 0.5619
325 181 19 25 0.4469
323 181 18 25 0.4289
508 191 17 18 0.3808
383 172 24 29 0.3301
763 142 29 37 0.3071
438 160 20 26 0.2273
510 191 17 22 0.2149
567 159 15 23 0.1271
106 161 16 28 0.1128
0 192 10 36 0.1089
104 159 16 30 0.0800
489 175 18 22 0.0732
362 144 14 17 0.0444
1016 138 8 27 0.0383
365 144 15 18 0.0349
99 161 20 31 0.0304
1013 136 11 26 0.0290
1014 174 10 20 0.0285
99 158 21 34 0.0225
0 192 12 37 0.0216
526 179 14 16 0.0201
267 140 16 15 0.0166
562 160 17 27 0.0132
