35_Basketball_basketballgame_ball_35_197
26
258 183 62 82 0.8819
802 8 53 76 0.8801
821 274 66 73 0.8755
46 102 64 71 0.8727
719 204 68 97 0.8725
629 153 58 81 0.8666
245 103 64 74 0.8605
447 160 58 69 0.8580
22 36 55 75 0.8256
1 0 54 42 0.7477
702 168 48 74 0.7305
2 0 55 43 0.7282
462 0 60 20 0.3609
321 0 63 28 0.3342
440 0 40 16 0.3312
462 0 62 23 0.2161
321 0 64 24 0.1960
701 167 49 75 0.1511
328 0 57 26 0.1301
147 0 53 16 0.1234
329 0 54 30 0.0798
441 0 39 17 0.0576
147 0 53 17 0.0478
320 0 61 29 0.0277
324 0 59 30 0.0193
315 0 60 21 0.0147
