35_Basketball_playingbasketball_35_405
25
984 440 40 203 0.5739
828 294 14 23 0.2472
829 295 15 23 0.2373
346 319 11 19 0.2208
824 297 15 21 0.1684
358 310 12 15 0.0930
1015 454 9 75 0.0795
824 294 14 22 0.0701
342 320 12 18 0.0639
585 316 12 17 0.0637
354 317 14 18 0.0595
810 305 10 13 0.0584
580 315 14 19 0.0549
1016 451 8 73 0.0460
348 321 11 19 0.0354
362 310 11 14 0.0283
342 317 13 18 0.0208
361 311 12 16 0.0184
584 310 13 19 0.0167
578 309 15 21 0.0123
837 301 12 18 0.0123
362 317 11 15 0.0115
543 335 9 11 0.0105
806 305 9 12 0.0105
1018 460 6 78 0.0103
