35_Basketball_playingbasketball_35_795
281
83 35 24 31 0.8511
221 72 24 30 0.8479
48 262 66 96 0.8338
912 435 22 35 0.7908
557 49 45 64 0.7737
972 76 18 26 0.7654
641 15 17 23 0.7611
953 26 19 28 0.6955
485 497 14 20 0.6910
137 110 20 26 0.6173
769 7 18 25 0.5869
136 109 21 27 0.5446
843 77 49 71 0.5374
611 518 12 16 0.4673
701 521 7 9 0.4263
38 14 11 15 0.4178
843 77 48 71 0.4119
197 128 11 15 0.3917
850 594 12 15 0.3903
715 525 7 8 0.3858
608 518 12 17 0.3850
853 593 12 16 0.3553
683 523 6 9 0.3535
794 520 7 8 0.3491
685 523 7 9 0.3479
477 113 14 22 0.3475
727 521 6 8 0.3441
786 550 7 9 0.3303
664 552 7 9 0.3283
383 73 8 11 0.3219
784 551 7 8 0.3041
666 552 7 9 0.3022
785 518 6 8 0.3021
937 571 10 12 0.3012
199 128 11 15 0.3003
1001 98 17 33 0.2950
576 558 7 8 0.2894
523 464 12 18 0.2873
744 551 6 8 0.2819
754 525 6 7 0.2750
752 525 5 8 0.2727
380 73 9 11 0.2690
573 558 7 8 0.2671
771 550 6 8 0.2611
729 548 8 13 0.2550
442 520 8 12 0.2545
773 6 16 25 0.2519
726 547 9 15 0.2461
940 571 9 11 0.2454
856 2 17 15 0.2380
439 520 9 13 0.2287
769 550 6 8 0.2265
783 518 7 8 0.2184
474 113 15 22 0.2164
682 562 7 9 0.2128
692 549 8 13 0.2080
792 520 6 8 0.2035
487 497 14 20 0.2035
690 550 8 10 0.2022
858 2 17 16 0.1974
596 26 14 17 0.1969
700 543 10 17 0.1949
1001 98 19 44 0.1853
368 83 7 9 0.1844
782 518 7 8 0.1819
597 28 13 17 0.1699
393 48 8 10 0.1635
1005 97 17 33 0.1593
594 29 13 15 0.1583
41 14 10 14 0.1534
772 552 6 8 0.1507
396 48 8 10 0.1499
520 464 12 17 0.1495
365 83 7 9 0.1490
747 551 6 8 0.1473
726 521 6 8 0.1454
713 525 7 9 0.1447
581 568 7 9 0.1442
717 525 6 9 0.1436
620 498 5 6 0.1394
370 65 7 10 0.1372
623 498 5 6 0.1368
452 178 15 21 0.1315
394 8 11 14 0.1254
41 15 10 14 0.1235
584 568 7 9 0.1201
840 3 15 15 0.1148
282 29 11 15 0.1141
743 510 5 6 0.1140
412 6 10 14 0.1126
392 9 11 13 0.1124
878 583 13 16 0.1112
876 583 12 14 0.1088
707 514 7 7 0.1062
582 567 7 9 0.1019
357 6 10 12 0.1008
951 27 18 27 0.1006
724 521 6 9 0.0945
1001 101 19 54 0.0934
1008 119 14 37 0.0910
840 3 14 14 0.0872
667 553 7 9 0.0858
329 62 7 9 0.0832
454 179 16 20 0.0809
156 94 16 23 0.0802
594 26 13 16 0.0774
785 551 7 8 0.0756
455 177 13 19 0.0708
569 543 5 7 0.0706
478 112 15 22 0.0699
931 54 19 21 0.0699
837 3 14 15 0.0697
590 3 15 17 0.0695
575 558 6 8 0.0685
591 511 8 9 0.0675
746 549 7 9 0.0665
354 6 10 12 0.0655
700 521 6 8 0.0647
520 462 13 18 0.0638
739 8 19 22 0.0633
589 512 7 8 0.0621
326 62 7 9 0.0616
700 521 7 8 0.0600
350 65 7 8 0.0598
769 552 6 7 0.0592
595 499 6 6 0.0584
571 569 6 8 0.0581
280 29 10 15 0.0559
664 553 7 9 0.0558
347 83 6 8 0.0554
694 571 10 13 0.0541
981 532 10 12 0.0538
598 498 6 7 0.0537
1004 118 15 38 0.0533
411 89 5 7 0.0526
754 526 6 8 0.0520
769 548 7 8 0.0517
405 392 19 42 0.0500
572 542 6 7 0.0498
413 89 6 7 0.0492
452 177 13 19 0.0487
353 65 6 9 0.0486
984 532 10 12 0.0482
600 48 13 15 0.0471
752 526 6 7 0.0471
741 510 5 6 0.0453
648 108 45 44 0.0449
437 522 8 11 0.0429
363 45 6 7 0.0408
700 540 7 12 0.0407
788 5 15 21 0.0406
437 85 11 14 0.0404
1005 105 18 52 0.0404
427 537 8 11 0.0403
953 97 18 22 0.0399
719 525 7 8 0.0398
345 83 6 8 0.0393
739 13 21 23 0.0389
370 68 7 10 0.0386
708 510 5 7 0.0381
333 6 11 13 0.0379
37 15 10 13 0.0375
606 574 6 8 0.0370
619 497 5 7 0.0367
342 37 6 8 0.0351
725 513 5 6 0.0344
682 522 6 8 0.0332
694 550 9 12 0.0332
365 83 7 8 0.0317
340 37 6 8 0.0317
559 50 43 62 0.0311
622 497 5 6 0.0311
837 2 14 15 0.0311
589 1 14 16 0.0310
743 512 6 6 0.0301
693 3 16 21 0.0300
879 583 9 8 0.0296
574 559 6 8 0.0295
697 571 10 13 0.0294
1002 98 22 53 0.0290
351 52 7 8 0.0289
479 113 16 23 0.0284
782 551 7 8 0.0284
159 95 15 21 0.0278
982 529 11 13 0.0276
793 521 7 8 0.0276
727 549 9 12 0.0274
990 3 19 24 0.0270
740 511 4 6 0.0267
935 571 9 11 0.0264
707 512 6 7 0.0263
782 518 6 8 0.0259
447 543 6 8 0.0259
362 43 6 8 0.0259
684 563 7 10 0.0259
987 4 17 23 0.0248
877 583 8 9 0.0246
300 65 7 9 0.0243
380 70 9 12 0.0242
315 92 6 7 0.0241
428 542 7 11 0.0239
949 96 19 23 0.0237
328 98 6 7 0.0233
816 61 20 21 0.0230
620 499 5 7 0.0224
326 98 5 7 0.0215
593 511 6 8 0.0212
11 456 23 28 0.0202
823 523 6 7 0.0200
1005 98 18 43 0.0200
751 531 6 9 0.0195
487 527 11 16 0.0194
783 521 7 8 0.0193
326 37 7 9 0.0192
682 524 7 8 0.0192
878 583 12 13 0.0188
442 519 7 10 0.0187
440 524 9 10 0.0186
629 581 6 8 0.0185
365 37 8 10 0.0181
573 557 6 8 0.0180
631 582 6 7 0.0179
449 158 12 15 0.0179
1014 131 9 31 0.0178
728 543 7 10 0.0177
411 86 7 8 0.0176
298 65 6 9 0.0174
443 537 7 9 0.0174
594 498 6 7 0.0170
349 66 7 8 0.0169
952 100 22 25 0.0167
323 80 6 8 0.0166
280 28 10 15 0.0164
739 565 6 8 0.0162
414 5 10 15 0.0162
395 48 8 10 0.0162
743 9 20 23 0.0161
1004 111 19 50 0.0159
440 85 10 14 0.0151
608 574 7 8 0.0151
693 551 8 10 0.0151
577 573 6 7 0.0150
394 46 9 11 0.0149
449 53 14 18 0.0149
38 16 10 14 0.0148
362 44 8 9 0.0148
860 2 17 15 0.0148
812 60 28 31 0.0146
787 551 7 8 0.0146
319 93 6 7 0.0145
667 550 8 10 0.0142
598 497 5 7 0.0140
950 102 18 21 0.0139
647 103 48 48 0.0138
438 540 7 8 0.0136
48 261 67 97 0.0135
821 522 6 8 0.0135
317 94 5 6 0.0134
604 574 6 7 0.0133
619 56 22 26 0.0133
384 72 8 10 0.0129
825 62 16 18 0.0126
590 447 5 6 0.0126
439 519 8 11 0.0126
985 542 9 11 0.0124
438 532 8 10 0.0120
365 45 6 8 0.0119
931 51 17 20 0.0118
713 510 6 6 0.0118
367 85 7 8 0.0118
260 83 6 7 0.0117
982 531 11 13 0.0116
1000 58 18 33 0.0116
628 582 6 7 0.0112
980 529 10 14 0.0111
731 551 7 11 0.0110
604 444 5 7 0.0109
593 447 5 6 0.0108
1002 90 18 34 0.0102
737 565 6 8 0.0100
541 563 6 7 0.0100
