35_Basketball_Basketball_35_801
24
641 277 13 19 0.5582
920 254 13 18 0.4790
521 318 15 18 0.3493
524 320 14 17 0.3353
587 348 13 16 0.2811
922 254 14 18 0.2691
644 277 12 18 0.1272
584 347 12 16 0.1141
585 343 14 19 0.0619
310 108 10 11 0.0473
587 374 14 18 0.0420
520 321 13 16 0.0418
526 230 14 19 0.0334
314 106 11 12 0.0258
589 347 13 16 0.0246
639 277 11 17 0.0226
268 106 12 15 0.0179
306 109 9 11 0.0176
317 103 11 13 0.0152
309 106 10 12 0.0140
520 318 13 17 0.0125
524 225 16 22 0.0124
527 317 13 18 0.0122
520 319 14 18 0.0119
