35_Basketball_playingbasketball_35_876
428
463 103 81 123 0.8832
68 101 73 111 0.8753
656 502 24 30 0.8086
709 500 24 30 0.8017
800 504 24 30 0.7842
956 505 20 24 0.7795
262 529 24 30 0.7757
887 513 23 29 0.7748
930 520 19 23 0.7593
931 414 17 21 0.7431
981 519 20 24 0.7320
883 403 18 23 0.7300
1011 503 13 23 0.7257
89 466 17 22 0.7233
622 403 19 25 0.7211
208 528 22 27 0.7064
996 379 15 19 0.6961
856 485 20 26 0.6907
136 463 19 23 0.6283
923 490 16 21 0.6211
730 318 15 18 0.6189
843 313 16 18 0.6175
865 448 18 22 0.6172
930 450 18 22 0.6152
732 524 22 28 0.6080
908 267 14 17 0.5946
895 460 20 25 0.5908
331 150 13 18 0.5888
816 255 15 19 0.5863
716 252 14 18 0.5825
890 320 17 23 0.5739
191 156 13 16 0.5710
210 488 20 25 0.5700
678 180 14 18 0.5660
267 474 17 21 0.5604
772 498 22 27 0.5597
955 314 16 20 0.5573
779 319 14 18 0.5495
819 449 16 20 0.5438
944 341 16 20 0.5325
257 203 12 17 0.5156
1000 416 18 21 0.5079
703 280 13 17 0.4986
993 432 17 21 0.4973
792 490 16 21 0.4967
967 344 17 21 0.4962
152 154 12 15 0.4892
104 476 17 21 0.4796
587 177 13 16 0.4757
998 178 13 16 0.4724
258 264 13 16 0.4693
281 142 12 16 0.4610
953 399 16 21 0.4601
851 422 17 24 0.4571
233 179 12 16 0.4498
962 447 17 21 0.4474
238 227 13 16 0.4417
826 476 18 22 0.4393
284 176 13 16 0.4380
866 264 14 18 0.4374
664 258 14 15 0.4348
626 246 14 17 0.4324
158 480 19 26 0.4293
983 219 13 16 0.4281
212 241 14 18 0.4199
334 71 14 16 0.4198
999 203 13 17 0.4175
1007 359 14 17 0.4146
726 229 13 17 0.4127
780 206 12 16 0.4036
1010 480 14 21 0.4005
244 80 12 15 0.3986
814 288 15 18 0.3933
811 288 14 17 0.3897
726 181 13 16 0.3819
209 241 14 18 0.3819
730 524 23 28 0.3805
1003 416 17 20 0.3749
947 222 15 18 0.3737
770 498 21 27 0.3709
990 433 16 20 0.3689
155 481 19 25 0.3626
863 264 14 17 0.3620
912 429 17 21 0.3556
423 12 13 15 0.3506
298 230 14 17 0.3460
723 229 13 16 0.3447
964 344 16 21 0.3427
956 149 13 16 0.3382
958 199 12 15 0.3377
301 230 13 17 0.3371
981 460 18 22 0.3355
687 230 13 16 0.3322
235 226 13 17 0.3262
915 429 17 21 0.3241
965 447 17 21 0.3237
290 81 12 15 0.3211
927 450 19 22 0.3086
683 230 13 16 0.3033
980 219 12 16 0.2992
207 488 20 25 0.2971
952 315 16 19 0.2941
723 181 13 16 0.2939
945 221 14 18 0.2912
936 181 12 14 0.2850
953 149 13 16 0.2818
235 179 13 16 0.2813
635 182 13 16 0.2663
769 245 14 16 0.2661
339 495 21 25 0.2567
970 175 15 16 0.2499
287 81 12 15 0.2476
394 161 14 16 0.2472
593 72 13 17 0.2471
768 183 12 16 0.2463
193 71 13 15 0.2437
848 423 18 23 0.2423
823 476 18 23 0.2397
896 460 21 26 0.2371
149 154 12 16 0.2358
1008 341 15 19 0.2310
790 490 16 20 0.2293
951 399 16 21 0.2286
103 475 16 21 0.2281
824 475 18 23 0.2260
632 182 13 16 0.2220
283 492 19 24 0.2205
629 247 13 17 0.2198
169 135 11 15 0.2196
585 177 12 16 0.2143
287 176 12 15 0.2119
868 448 18 22 0.2086
298 199 14 16 0.2044
247 80 11 15 0.2040
596 73 13 16 0.2019
701 281 12 16 0.1995
738 487 16 21 0.1888
1005 552 14 19 0.1877
778 206 11 15 0.1873
328 150 13 18 0.1864
427 12 11 15 0.1800
954 199 13 15 0.1764
279 142 11 15 0.1760
298 210 14 17 0.1716
838 459 15 19 0.1707
966 177 13 16 0.1702
188 156 12 16 0.1697
888 496 21 24 0.1696
852 423 17 23 0.1648
790 160 13 16 0.1635
771 184 12 16 0.1544
836 459 14 18 0.1530
947 447 14 19 0.1508
286 492 19 24 0.1489
269 242 13 16 0.1483
926 490 16 20 0.1444
259 204 12 16 0.1424
787 160 12 16 0.1398
337 71 13 15 0.1393
270 475 17 21 0.1388
662 257 13 16 0.1380
191 69 12 15 0.1359
815 314 15 20 0.1353
751 270 14 17 0.1352
301 200 13 15 0.1351
776 279 13 17 0.1339
887 320 17 22 0.1312
772 279 14 17 0.1287
297 196 14 16 0.1272
107 475 16 21 0.1267
410 162 12 15 0.1203
924 287 16 18 0.1201
997 178 12 16 0.1191
1001 179 12 15 0.1179
602 368 19 24 0.1169
743 303 13 14 0.1158
767 309 13 15 0.1131
899 460 19 24 0.1125
741 489 16 20 0.1080
216 200 13 17 0.1078
632 185 14 16 0.1075
260 264 12 15 0.1069
607 368 18 23 0.1048
1005 359 13 16 0.1042
255 203 12 16 0.1040
1001 552 15 19 0.1025
649 225 12 16 0.1005
821 450 17 20 0.0965
858 485 20 26 0.0962
301 196 13 16 0.0947
1002 204 13 16 0.0924
305 548 22 25 0.0916
774 470 18 22 0.0916
824 449 15 19 0.0908
939 181 12 14 0.0891
769 250 16 18 0.0887
332 0 12 4 0.0856
645 225 13 15 0.0825
773 246 12 15 0.0822
848 422 17 23 0.0797
301 209 13 17 0.0794
906 267 13 17 0.0793
340 500 21 28 0.0786
630 247 12 15 0.0770
954 430 15 18 0.0765
311 549 19 24 0.0743
668 258 12 14 0.0737
983 461 20 24 0.0730
190 72 12 13 0.0729
813 256 14 18 0.0710
287 82 12 16 0.0707
242 80 11 14 0.0693
332 70 13 16 0.0690
171 135 11 15 0.0662
290 82 13 16 0.0661
954 399 17 22 0.0660
714 252 13 17 0.0656
283 250 15 17 0.0642
717 281 13 15 0.0638
928 288 15 17 0.0628
167 134 11 14 0.0625
636 185 13 16 0.0619
911 267 13 16 0.0606
840 312 16 19 0.0606
734 318 13 18 0.0594
1009 503 13 22 0.0594
134 463 18 23 0.0593
748 271 13 16 0.0590
739 253 13 15 0.0589
1005 342 14 18 0.0581
181 193 13 17 0.0565
682 181 12 16 0.0563
272 160 13 15 0.0557
783 320 12 17 0.0553
942 342 14 19 0.0548
812 314 15 19 0.0544
970 172 13 16 0.0529
392 158 13 17 0.0525
1005 361 15 18 0.0514
611 242 12 17 0.0508
618 230 14 17 0.0502
928 414 17 21 0.0490
1002 553 16 20 0.0490
771 470 17 21 0.0481
718 293 14 16 0.0470
615 242 13 18 0.0467
336 496 19 23 0.0462
98 506 19 24 0.0459
329 0 11 5 0.0448
951 431 14 17 0.0444
769 265 14 17 0.0441
165 82 15 19 0.0437
292 95 13 16 0.0436
956 198 12 14 0.0436
409 160 12 14 0.0413
1016 381 8 17 0.0411
1006 340 16 19 0.0410
1 50 18 21 0.0409
143 217 13 18 0.0399
783 206 11 15 0.0397
794 453 17 21 0.0397
299 573 20 29 0.0396
114 510 15 21 0.0387
1009 335 13 18 0.0381
833 282 15 18 0.0380
4 49 19 22 0.0370
884 497 21 24 0.0370
284 142 11 15 0.0369
235 554 24 26 0.0361
239 587 19 21 0.0354
622 230 13 15 0.0348
303 576 18 27 0.0346
378 161 14 16 0.0343
185 194 11 15 0.0328
753 330 16 18 0.0325
740 301 12 15 0.0325
229 302 14 17 0.0320
944 223 13 17 0.0319
195 68 12 15 0.0315
171 133 10 14 0.0308
198 370 18 24 0.0306
794 490 19 23 0.0298
845 342 16 18 0.0296
784 182 12 16 0.0293
668 257 14 16 0.0290
287 250 15 17 0.0287
205 469 18 21 0.0286
307 550 22 26 0.0284
1016 448 8 20 0.0282
332 71 12 15 0.0280
777 320 13 17 0.0279
954 472 15 19 0.0277
434 154 12 16 0.0276
278 261 15 18 0.0271
993 379 15 19 0.0262
633 217 12 15 0.0260
742 486 18 24 0.0258
301 467 19 24 0.0250
720 284 13 16 0.0241
1001 179 14 17 0.0240
648 222 11 15 0.0239
258 227 12 15 0.0239
634 484 17 21 0.0234
1015 452 9 22 0.0234
273 244 12 14 0.0233
164 79 15 18 0.0228
198 375 18 25 0.0227
771 259 15 18 0.0224
1006 553 16 21 0.0224
1001 203 15 18 0.0220
175 583 15 19 0.0220
387 160 15 17 0.0219
392 160 13 17 0.0217
274 190 11 14 0.0216
951 399 16 22 0.0215
378 157 12 17 0.0212
194 375 19 27 0.0206
840 464 16 21 0.0205
800 454 15 19 0.0204
108 476 16 21 0.0202
949 470 16 19 0.0198
892 321 17 22 0.0197
789 158 12 16 0.0197
772 183 13 17 0.0194
411 160 13 16 0.0193
300 429 21 25 0.0192
978 460 17 21 0.0190
266 239 13 16 0.0189
293 122 14 17 0.0184
682 281 13 16 0.0183
838 283 13 16 0.0183
950 221 13 15 0.0182
204 160 12 14 0.0181
0 110 8 24 0.0180
520 500 21 27 0.0180
0 368 24 65 0.0176
354 190 12 15 0.0176
205 176 13 15 0.0175
989 459 16 20 0.0175
721 283 13 14 0.0174
179 177 12 16 0.0174
272 475 15 19 0.0174
246 81 12 15 0.0173
773 467 16 21 0.0173
633 368 15 21 0.0168
628 368 16 22 0.0167
933 180 13 17 0.0167
247 523 15 19 0.0166
942 270 14 15 0.0166
290 577 25 28 0.0166
261 228 12 14 0.0163
870 292 14 17 0.0161
933 180 12 15 0.0161
255 264 12 16 0.0160
302 535 22 27 0.0159
244 288 14 17 0.0158
773 281 15 18 0.0154
335 501 21 27 0.0151
974 178 13 16 0.0149
323 96 15 19 0.0147
939 270 14 15 0.0147
120 513 14 17 0.0144
749 274 12 16 0.0143
163 134 14 19 0.0143
773 182 14 17 0.0142
316 494 19 23 0.0142
997 203 12 16 0.0142
263 243 14 17 0.0142
351 190 12 15 0.0141
213 201 13 16 0.0141
719 253 15 18 0.0139
87 465 16 21 0.0139
296 466 19 24 0.0138
103 508 20 24 0.0138
314 551 19 24 0.0137
590 177 12 16 0.0136
291 118 14 17 0.0133
661 465 19 21 0.0132
802 523 21 27 0.0131
778 183 15 17 0.0131
431 155 12 15 0.0129
753 325 14 15 0.0127
926 286 16 18 0.0126
756 202 13 17 0.0126
681 182 13 17 0.0126
775 207 14 16 0.0125
974 415 16 20 0.0124
848 365 15 17 0.0124
92 503 18 24 0.0124
2 54 18 20 0.0122
171 583 15 18 0.0122
641 82 17 20 0.0121
847 312 15 18 0.0121
146 217 13 17 0.0121
133 464 18 21 0.0120
295 515 18 23 0.0119
752 274 13 16 0.0119
921 490 15 20 0.0119
289 96 12 16 0.0119
722 291 12 15 0.0117
0 354 28 81 0.0117
666 259 13 17 0.0117
602 434 18 22 0.0117
860 485 19 25 0.0116
306 544 23 26 0.0115
749 304 13 15 0.0115
421 13 12 15 0.0115
631 484 16 21 0.0115
92 499 14 18 0.0114
317 175 13 16 0.0113
777 317 14 17 0.0112
209 469 18 22 0.0112
852 365 14 16 0.0111
338 504 21 28 0.0108
642 221 13 16 0.0108
646 230 13 17 0.0107
608 435 17 22 0.0107
511 499 25 31 0.0106
744 307 13 16 0.0106
195 371 17 24 0.0105
719 253 14 17 0.0103
230 464 16 21 0.0103
699 281 15 18 0.0103
358 550 16 18 0.0103
260 262 14 17 0.0102
206 527 22 28 0.0102
796 458 17 22 0.0102
806 473 16 21 0.0101
