35_Basketball_basketballgame_ball_35_689
669
318 316 16 22 0.7444
624 316 16 20 0.7037
652 201 13 16 0.6763
523 207 13 15 0.6479
665 226 13 17 0.6194
552 216 12 14 0.6194
514 189 11 15 0.6175
489 86 11 14 0.6083
551 194 12 15 0.6054
474 143 12 15 0.6037
451 114 11 15 0.5985
550 92 11 14 0.5984
579 193 12 16 0.5925
615 71 12 14 0.5894
424 51 11 14 0.5833
370 15 10 13 0.5819
589 217 13 16 0.5744
322 99 10 14 0.5737
435 142 11 15 0.5697
478 116 12 16 0.5669
390 50 10 13 0.5652
925 167 12 16 0.5648
206 255 14 18 0.5647
516 65 10 13 0.5632
579 132 10 14 0.5632
296 97 10 14 0.5550
575 93 11 14 0.5536
519 91 11 14 0.5523
555 161 11 15 0.5503
689 237 13 16 0.5444
67 147 11 15 0.5436
580 64 12 14 0.5393
672 368 17 20 0.5383
629 199 11 15 0.5375
294 67 11 14 0.5373
448 201 12 16 0.5355
218 120 10 13 0.5326
352 103 10 14 0.5301
95 152 12 15 0.5286
298 11 10 14 0.5263
271 163 11 15 0.5220
0 88 6 13 0.5215
310 40 10 13 0.5156
870 199 13 15 0.5155
806 153 12 17 0.5143
313 130 11 14 0.5140
269 65 10 12 0.5128
421 201 12 15 0.5127
986 141 12 15 0.5122
547 130 10 13 0.5057
182 153 12 14 0.5054
144 87 10 14 0.5045
938 113 11 13 0.5041
461 54 10 13 0.5013
410 141 11 14 0.5003
443 81 10 13 0.4996
600 231 12 14 0.4985
682 78 11 14 0.4981
615 131 10 14 0.4952
517 2 10 13 0.4931
368 77 9 13 0.4916
613 11 10 12 0.4912
393 79 9 13 0.4868
236 91 10 13 0.4865
34 65 10 13 0.4859
283 131 10 13 0.4831
80 102 11 13 0.4811
245 60 10 13 0.4805
54 98 9 13 0.4798
135 136 11 15 0.4792
394 23 10 13 0.4780
350 16 10 13 0.4777
467 219 12 15 0.4770
212 84 10 15 0.4767
19 94 9 12 0.4754
447 177 11 15 0.4745
698 20 10 14 0.4743
381 140 10 13 0.4743
28 144 11 15 0.4716
461 23 10 14 0.4702
937 70 11 15 0.4685
234 153 11 14 0.4671
721 182 12 14 0.4658
930 38 11 14 0.4587
60 68 10 13 0.4586
647 43 10 13 0.4578
20 122 11 14 0.4575
927 9 10 13 0.4562
171 0 10 12 0.4547
652 104 11 14 0.4544
577 42 10 13 0.4528
48 40 9 13 0.4487
436 23 11 13 0.4458
401 0 9 7 0.4448
622 103 11 13 0.4445
870 131 11 14 0.4438
984 107 11 14 0.4426
48 125 10 14 0.4416
73 128 10 13 0.4416
594 12 10 13 0.4413
342 137 11 14 0.4399
516 131 9 12 0.4339
239 124 11 14 0.4331
153 48 11 14 0.4328
393 189 13 15 0.4309
391 189 12 15 0.4295
343 137 12 14 0.4292
824 63 9 13 0.4291
241 124 11 14 0.4265
655 70 11 14 0.4256
78 43 8 12 0.4255
119 71 9 13 0.4248
801 87 11 15 0.4234
959 189 12 15 0.4207
186 29 11 13 0.4203
230 0 10 14 0.4181
121 195 12 14 0.4179
83 17 9 12 0.4175
724 143 11 15 0.4167
201 118 10 12 0.4165
97 44 10 12 0.4158
206 3 9 12 0.4128
486 52 10 13 0.4114
333 67 9 13 0.4107
910 95 12 16 0.4105
412 108 11 14 0.4104
726 143 12 15 0.4088
228 1 10 12 0.4076
970 37 12 15 0.4032
174 113 11 13 0.4015
144 18 10 12 0.4012
673 45 10 14 0.3997
964 227 10 13 0.3993
75 128 10 14 0.3992
424 87 9 12 0.3948
62 16 9 11 0.3933
968 37 11 15 0.3916
484 52 10 13 0.3907
151 48 10 13 0.3858
697 173 11 14 0.3839
945 140 12 14 0.3831
435 23 9 13 0.3828
804 202 11 16 0.3826
974 79 11 14 0.3815
706 57 10 13 0.3805
804 87 11 15 0.3803
62 68 10 13 0.3790
98 133 12 14 0.3789
395 23 11 13 0.3735
419 201 11 15 0.3733
99 44 11 12 0.3701
270 45 11 14 0.3695
957 189 11 15 0.3691
484 1 10 12 0.3685
943 140 11 14 0.3682
446 177 10 14 0.3682
138 136 11 15 0.3669
411 107 11 15 0.3610
893 78 9 12 0.3597
801 202 11 15 0.3587
176 113 12 14 0.3585
128 53 10 12 0.3584
488 190 10 15 0.3569
422 173 11 14 0.3565
333 51 10 12 0.3559
771 145 10 14 0.3551
883 174 11 14 0.3547
831 94 10 13 0.3524
994 20 10 13 0.3522
624 102 11 14 0.3508
932 38 11 14 0.3495
676 23 8 11 0.3490
469 218 13 16 0.3473
552 10 9 13 0.3449
383 140 10 13 0.3439
445 80 10 14 0.3438
124 195 12 14 0.3435
189 29 10 14 0.3430
998 281 12 13 0.3428
204 118 9 13 0.3380
50 126 11 13 0.3380
880 174 11 14 0.3375
549 303 15 18 0.3369
512 31 10 13 0.3352
497 35 10 12 0.3348
952 17 10 13 0.3345
550 10 9 12 0.3315
658 169 12 14 0.3310
50 40 10 13 0.3308
549 130 10 14 0.3298
520 3 9 12 0.3288
650 43 10 13 0.3276
104 0 9 6 0.3255
174 1 9 11 0.3254
1 16 9 11 0.3252
126 52 9 12 0.3245
370 77 9 13 0.3227
114 22 9 11 0.3222
394 80 10 12 0.3203
36 65 10 13 0.3189
359 56 9 12 0.3174
97 152 12 15 0.3174
353 16 10 13 0.3168
214 84 11 15 0.3164
826 63 10 13 0.3163
23 122 10 14 0.3158
4 70 8 12 0.3150
670 367 16 21 0.3099
768 208 11 14 0.3097
64 16 9 11 0.3092
141 75 10 12 0.3088
271 97 9 12 0.3080
895 78 10 12 0.3048
22 94 9 12 0.3046
741 18 11 14 0.3044
997 21 10 12 0.2991
829 94 10 13 0.2971
724 183 12 14 0.2970
500 34 10 13 0.2963
701 20 10 14 0.2963
86 17 9 12 0.2955
239 91 10 14 0.2903
117 22 9 11 0.2897
676 45 10 13 0.2895
542 45 10 14 0.2891
513 32 11 14 0.2867
354 103 11 14 0.2867
650 19 10 13 0.2860
930 9 10 13 0.2855
0 123 5 14 0.2854
775 0 11 7 0.2847
521 91 11 14 0.2836
147 18 10 12 0.2833
316 130 10 14 0.2826
583 64 11 14 0.2790
102 0 8 6 0.2777
908 94 12 16 0.2772
270 96 9 12 0.2767
541 43 9 13 0.2763
248 60 10 13 0.2757
481 116 12 16 0.2703
69 147 12 15 0.2684
509 158 10 14 0.2671
331 67 10 13 0.2663
661 169 12 14 0.2655
57 99 9 12 0.2601
96 132 11 15 0.2578
778 0 11 8 0.2569
5 16 9 11 0.2565
894 44 10 11 0.2555
31 144 11 15 0.2551
83 102 11 13 0.2547
678 23 9 11 0.2544
937 207 11 15 0.2528
596 12 10 13 0.2506
508 160 10 14 0.2490
996 280 10 13 0.2487
404 0 9 7 0.2472
274 163 11 15 0.2460
312 39 10 14 0.2457
386 112 10 13 0.2457
129 23 8 11 0.2443
301 11 10 14 0.2436
325 99 10 14 0.2428
651 18 10 13 0.2427
185 153 12 14 0.2420
392 50 10 13 0.2411
205 4 8 11 0.2409
422 87 9 12 0.2400
420 173 10 14 0.2396
653 19 10 13 0.2389
121 71 10 13 0.2372
237 153 11 14 0.2371
146 87 11 14 0.2356
285 130 10 14 0.2354
481 1 10 12 0.2351
774 144 11 15 0.2326
413 141 10 14 0.2324
967 227 11 14 0.2279
492 86 11 14 0.2277
582 193 11 16 0.2261
941 113 11 13 0.2252
685 78 11 14 0.2246
928 167 11 15 0.2236
651 104 10 13 0.2209
654 70 11 13 0.2209
581 132 11 14 0.2190
1006 0 9 9 0.2189
955 272 13 15 0.2187
955 18 10 12 0.2176
518 65 11 13 0.2167
7 70 9 11 0.2166
700 173 11 14 0.2152
940 70 11 15 0.2145
892 44 10 11 0.2144
558 161 11 15 0.2091
951 272 13 15 0.2086
699 378 15 17 0.2060
989 142 12 14 0.2058
451 201 11 15 0.2056
516 189 12 15 0.2049
338 166 12 15 0.2039
743 18 11 15 0.2032
454 114 10 15 0.2010
427 51 11 14 0.2001
541 68 10 13 0.1990
294 357 14 19 0.1980
268 44 11 14 0.1970
459 23 10 14 0.1964
632 199 11 15 0.1949
555 215 11 15 0.1948
298 98 10 13 0.1945
518 132 9 11 0.1938
740 19 11 14 0.1937
296 67 11 14 0.1932
463 23 10 14 0.1878
438 142 10 15 0.1838
709 57 10 12 0.1838
554 10 9 13 0.1837
1009 0 10 10 0.1834
361 58 9 11 0.1808
869 130 10 15 0.1792
209 255 15 18 0.1757
687 237 12 16 0.1738
1017 46 7 16 0.1736
658 70 10 14 0.1727
656 104 10 14 0.1696
579 41 10 14 0.1687
770 187 10 13 0.1661
554 194 11 15 0.1643
510 160 11 13 0.1632
118 70 9 13 0.1632
549 92 10 14 0.1622
420 172 11 14 0.1620
707 57 10 13 0.1596
804 153 12 17 0.1580
664 226 11 16 0.1574
477 143 11 15 0.1570
5 71 9 11 0.1563
873 129 11 15 0.1542
593 217 12 17 0.1511
709 0 9 5 0.1509
340 167 13 15 0.1479
333 181 11 15 0.1475
768 112 11 13 0.1471
766 112 9 13 0.1466
471 3 9 12 0.1442
978 79 10 13 0.1434
487 186 10 13 0.1427
490 191 11 14 0.1418
543 43 10 13 0.1412
952 275 13 15 0.1412
544 46 11 13 0.1403
460 53 9 14 0.1395
696 378 14 17 0.1376
370 0 8 5 0.1336
506 157 11 15 0.1336
869 199 11 15 0.1325
936 70 11 14 0.1293
613 131 9 13 0.1290
768 185 10 13 0.1279
80 44 8 11 0.1247
389 111 10 13 0.1234
617 131 11 14 0.1228
99 133 12 15 0.1219
983 106 10 15 0.1218
574 93 10 14 0.1211
243 60 10 14 0.1160
383 112 9 13 0.1152
447 201 11 15 0.1152
941 208 10 14 0.1146
361 56 10 12 0.1141
896 130 10 15 0.1133
115 21 9 11 0.1128
913 124 11 16 0.1112
19 36 9 12 0.1111
209 4 8 11 0.1108
952 19 11 12 0.1104
696 172 11 14 0.1089
767 188 10 12 0.1060
956 275 13 15 0.1059
766 208 10 14 0.1056
604 231 11 14 0.1056
269 97 9 13 0.1037
415 108 10 15 0.1017
570 170 11 15 0.1000
450 177 11 15 0.0985
611 9 10 12 0.0979
8 71 8 11 0.0979
650 18 9 13 0.0974
896 45 10 10 0.0970
0 154 5 13 0.0968
544 67 10 13 0.0963
76 43 8 12 0.0952
907 96 11 15 0.0942
651 0 9 4 0.0941
575 42 10 13 0.0930
367 0 9 5 0.0929
22 36 9 12 0.0915
742 0 10 4 0.0896
578 93 10 13 0.0891
126 22 8 11 0.0883
392 170 10 12 0.0878
52 0 8 4 0.0866
874 199 11 15 0.0851
553 247 11 15 0.0845
486 190 9 14 0.0844
342 179 13 16 0.0844
390 169 9 13 0.0844
893 46 9 10 0.0841
220 121 10 13 0.0812
655 201 12 16 0.0812
809 154 12 16 0.0811
670 146 11 14 0.0804
829 95 10 14 0.0794
618 70 11 15 0.0791
4 18 8 9 0.0786
833 95 10 13 0.0778
96 134 12 14 0.0773
712 0 9 6 0.0769
699 172 11 13 0.0764
988 106 10 14 0.0762
330 181 11 14 0.0760
133 0 7 7 0.0759
710 58 10 12 0.0754
916 123 12 17 0.0726
772 187 10 13 0.0717
670 148 12 15 0.0717
516 31 10 13 0.0709
1019 77 5 16 0.0691
657 69 10 14 0.0683
572 172 12 15 0.0681
950 140 10 13 0.0668
676 22 9 11 0.0659
649 0 8 4 0.0650
140 74 9 12 0.0638
772 185 10 13 0.0633
739 0 9 5 0.0631
547 297 15 19 0.0631
614 71 11 14 0.0628
868 197 13 16 0.0624
386 109 10 13 0.0622
145 19 10 12 0.0622
959 83 12 16 0.0618
772 146 11 14 0.0614
568 171 10 15 0.0605
221 120 10 13 0.0603
272 66 8 12 0.0595
517 33 10 14 0.0592
504 141 10 14 0.0591
770 209 11 16 0.0587
1019 83 5 16 0.0585
595 166 9 13 0.0582
542 70 10 12 0.0570
292 66 10 14 0.0566
422 86 9 12 0.0552
679 0 9 3 0.0550
986 107 11 15 0.0543
272 46 11 13 0.0542
66 17 8 10 0.0534
522 207 11 15 0.0524
273 96 9 13 0.0520
675 44 9 13 0.0520
709 218 12 16 0.0520
673 146 11 13 0.0517
956 19 10 12 0.0515
232 1 10 12 0.0514
995 20 10 12 0.0506
913 96 11 15 0.0505
357 55 9 12 0.0499
668 225 11 16 0.0498
268 47 10 13 0.0498
697 375 14 18 0.0489
335 66 10 14 0.0475
938 210 11 14 0.0472
145 74 10 12 0.0471
281 27 11 13 0.0470
897 134 11 14 0.0463
156 47 10 14 0.0456
770 206 11 16 0.0456
409 141 10 13 0.0445
471 4 10 13 0.0443
135 0 8 7 0.0432
355 370 13 20 0.0425
464 55 9 12 0.0422
334 69 10 13 0.0421
547 304 12 16 0.0412
1001 282 11 13 0.0409
553 248 13 16 0.0407
983 108 11 14 0.0397
489 187 11 14 0.0386
984 141 11 14 0.0377
724 221 10 14 0.0375
334 185 12 14 0.0364
48 0 8 4 0.0361
148 19 10 12 0.0359
1016 44 8 16 0.0357
489 52 10 13 0.0355
332 70 9 12 0.0353
899 131 11 15 0.0351
438 117 9 13 0.0349
373 16 9 13 0.0345
904 152 12 17 0.0344
977 79 11 14 0.0342
739 18 11 13 0.0339
361 57 10 12 0.0338
614 70 11 15 0.0334
0 122 3 12 0.0333
295 96 10 14 0.0333
674 148 11 14 0.0325
771 208 11 15 0.0324
130 52 9 12 0.0324
32 756 20 12 0.0321
745 17 10 14 0.0320
886 174 10 14 0.0318
472 5 8 10 0.0318
77 44 8 11 0.0318
675 0 9 4 0.0308
414 107 11 14 0.0305
335 182 13 15 0.0304
390 122 9 12 0.0302
487 1 10 13 0.0301
658 173 12 13 0.0299
597 167 10 12 0.0298
281 130 10 14 0.0297
771 186 11 14 0.0296
29 145 11 15 0.0296
956 84 10 14 0.0295
556 247 11 15 0.0293
912 94 11 15 0.0273
390 110 10 13 0.0271
766 210 11 15 0.0270
515 31 10 13 0.0268
596 10 10 13 0.0263
910 721 13 22 0.0259
1001 281 12 13 0.0259
497 33 10 13 0.0258
975 82 12 15 0.0257
819 0 11 5 0.0256
775 146 10 14 0.0255
1 87 10 14 0.0255
842 136 11 15 0.0247
7 154 10 12 0.0241
723 224 10 14 0.0240
962 189 11 15 0.0240
366 11 11 16 0.0233
600 34 10 12 0.0233
486 2 9 12 0.0232
672 44 10 13 0.0228
719 220 11 15 0.0226
838 137 12 14 0.0225
567 8 9 12 0.0225
599 232 12 14 0.0224
993 19 9 12 0.0224
902 152 11 16 0.0223
963 80 11 15 0.0215
63 18 8 10 0.0214
476 145 11 15 0.0213
527 207 11 15 0.0213
103 72 9 13 0.0213
104 1 9 9 0.0210
682 369 13 18 0.0209
957 83 10 13 0.0205
334 248 12 14 0.0204
647 44 11 13 0.0201
131 54 8 11 0.0198
350 370 15 19 0.0196
769 112 10 12 0.0196
266 63 10 13 0.0195
464 53 10 13 0.0195
330 186 11 13 0.0194
554 303 14 18 0.0193
338 164 12 14 0.0189
881 173 10 14 0.0186
349 0 9 5 0.0185
438 0 11 6 0.0184
272 95 9 13 0.0184
22 756 23 12 0.0184
205 5 9 11 0.0184
676 24 10 13 0.0183
727 223 10 15 0.0183
209 2 10 12 0.0183
20 34 8 11 0.0183
106 0 8 7 0.0180
1004 1 13 12 0.0178
610 9 10 11 0.0178
614 10 10 12 0.0177
272 44 10 13 0.0177
616 133 10 13 0.0174
411 194 11 14 0.0173
7 18 8 10 0.0169
942 210 10 14 0.0169
716 105 12 14 0.0169
622 168 10 13 0.0167
611 39 11 14 0.0166
545 69 10 13 0.0165
98 45 10 12 0.0162
862 269 12 13 0.0162
267 67 8 12 0.0162
900 134 10 14 0.0161
516 133 10 12 0.0161
766 186 10 12 0.0160
277 27 10 13 0.0159
339 184 12 15 0.0158
620 167 10 14 0.0158
815 0 10 5 0.0156
546 305 14 19 0.0156
766 110 10 13 0.0153
131 26 9 11 0.0152
497 34 10 13 0.0151
297 361 14 18 0.0151
335 251 13 15 0.0150
579 43 10 13 0.0147
4 13 11 13 0.0146
557 249 12 15 0.0145
632 4 9 10 0.0145
592 214 12 16 0.0144
866 269 11 13 0.0142
290 358 16 20 0.0138
793 226 11 16 0.0137
489 194 10 13 0.0136
302 168 12 14 0.0134
651 44 9 12 0.0134
364 58 9 12 0.0132
487 52 10 13 0.0132
594 10 9 11 0.0132
939 69 11 14 0.0132
461 56 9 12 0.0131
492 165 10 13 0.0129
115 25 9 11 0.0129
397 0 11 10 0.0128
874 130 11 14 0.0127
627 200 10 15 0.0127
587 216 11 16 0.0123
1017 334 7 13 0.0122
662 173 12 13 0.0121
600 33 9 12 0.0121
65 146 11 14 0.0121
996 279 11 12 0.0121
673 192 11 15 0.0121
907 719 12 21 0.0121
296 68 10 15 0.0119
490 185 10 14 0.0119
897 77 11 14 0.0119
577 320 12 16 0.0117
554 8 9 12 0.0114
418 172 10 14 0.0114
336 53 10 12 0.0113
289 356 14 20 0.0113
628 198 11 15 0.0110
687 235 12 17 0.0110
836 54 10 14 0.0109
299 167 11 14 0.0109
596 163 10 13 0.0109
517 132 10 12 0.0109
81 106 9 11 0.0108
435 22 10 12 0.0108
345 87 10 13 0.0107
101 44 10 13 0.0104
84 13 8 11 0.0104
602 234 12 13 0.0103
965 755 19 13 0.0103
903 156 12 15 0.0103
285 29 9 12 0.0102
0 33 4 12 0.0101
613 134 10 13 0.0101
599 234 11 13 0.0101
331 51 9 11 0.0101
7 67 9 11 0.0101
