35_Basketball_basketballgame_ball_35_565
885
882 354 21 27 0.8135
785 471 24 33 0.8059
701 387 22 27 0.8038
800 426 22 28 0.7823
877 460 21 25 0.7577
613 342 15 19 0.7399
794 316 15 20 0.7375
256 456 20 24 0.7322
816 276 15 19 0.7094
591 474 18 24 0.7091
866 431 25 31 0.6773
579 425 16 21 0.6549
533 448 17 22 0.6528
782 383 20 26 0.6516
552 434 14 19 0.6330
276 458 16 22 0.6142
869 217 13 17 0.6062
899 290 16 22 0.6011
952 353 19 27 0.5920
707 312 14 17 0.5763
650 347 12 16 0.5683
778 262 13 17 0.5408
605 428 15 21 0.5216
799 333 17 20 0.5205
319 423 11 14 0.4999
803 257 12 16 0.4974
858 252 12 15 0.4932
137 450 13 16 0.4925
445 414 12 17 0.4903
500 368 11 15 0.4767
720 290 13 16 0.4746
829 226 12 16 0.4701
445 370 11 14 0.4695
195 456 12 16 0.4633
916 252 13 17 0.4628
385 409 11 15 0.4614
514 355 11 13 0.4585
928 390 17 24 0.4511
333 373 10 11 0.4501
225 447 14 21 0.4433
842 277 12 14 0.4419
966 283 17 21 0.4416
938 234 14 17 0.4409
541 325 11 15 0.4397
716 248 11 14 0.4297
515 432 16 22 0.4289
518 433 16 21 0.4275
858 269 11 15 0.4266
662 290 12 15 0.4246
689 307 11 16 0.4232
204 413 10 12 0.4225
954 244 13 18 0.4210
731 307 15 18 0.4206
242 396 9 12 0.4192
405 415 12 14 0.4171
914 252 13 17 0.4133
1 419 8 10 0.4106
489 398 11 16 0.4089
631 267 10 13 0.4019
244 382 9 10 0.3983
473 380 10 14 0.3968
102 443 11 14 0.3922
195 429 11 13 0.3916
308 369 8 10 0.3902
866 431 24 30 0.3878
661 306 12 16 0.3877
785 231 11 14 0.3873
764 249 11 15 0.3850
675 263 10 12 0.3838
910 234 11 13 0.3805
616 297 11 14 0.3798
325 333 7 8 0.3792
294 368 7 10 0.3747
379 346 8 11 0.3735
663 257 9 11 0.3702
402 415 12 14 0.3695
337 359 10 12 0.3674
977 144 11 14 0.3668
761 249 11 14 0.3617
658 306 12 15 0.3575
881 236 11 15 0.3548
349 331 7 8 0.3539
784 185 9 13 0.3537
788 232 11 13 0.3524
826 227 12 15 0.3516
571 310 9 13 0.3510
891 249 12 14 0.3462
1008 195 12 14 0.3457
117 424 9 11 0.3445
660 257 9 11 0.3434
641 224 8 11 0.3428
223 448 13 20 0.3375
500 297 8 11 0.3368
568 310 10 13 0.3360
607 428 16 21 0.3358
830 385 17 22 0.3350
437 303 7 9 0.3348
175 457 13 16 0.3338
686 307 11 15 0.3320
847 178 9 12 0.3312
925 389 16 25 0.3304
682 252 9 12 0.3289
471 316 8 10 0.3274
162 391 8 10 0.3261
638 224 8 12 0.3236
51 404 7 9 0.3213
420 336 11 13 0.3212
914 160 11 17 0.3209
366 330 8 11 0.3172
946 328 17 24 0.3169
376 346 9 11 0.3168
543 325 11 15 0.3160
703 247 10 14 0.3140
486 295 8 9 0.3134
901 290 17 22 0.3121
964 283 16 21 0.3113
409 386 10 13 0.3113
645 326 11 14 0.3099
648 326 11 14 0.3096
442 370 11 14 0.3088
320 363 8 10 0.3065
450 321 7 10 0.3051
436 342 10 11 0.3026
483 295 8 9 0.3022
470 380 10 14 0.3021
787 185 9 13 0.3005
672 263 10 12 0.3005
618 227 8 11 0.3003
708 483 20 24 0.3000
442 414 12 17 0.2980
461 311 8 10 0.2974
633 267 10 13 0.2961
889 249 11 14 0.2957
980 143 11 15 0.2954
239 396 9 12 0.2931
129 429 12 13 0.2909
363 330 9 11 0.2877
685 252 9 12 0.2868
198 429 10 13 0.2856
496 355 9 12 0.2842
705 247 11 15 0.2839
171 457 15 16 0.2830
702 349 14 19 0.2813
493 355 9 12 0.2770
723 290 12 15 0.2769
338 346 8 9 0.2764
529 292 7 9 0.2763
317 351 7 8 0.2744
452 391 10 13 0.2733
509 285 8 9 0.2727
850 178 9 11 0.2719
976 264 15 18 0.2709
115 396 8 9 0.2697
701 214 8 9 0.2693
660 290 11 14 0.2687
664 278 10 12 0.2686
427 322 9 10 0.2659
75 401 11 13 0.2648
192 413 9 11 0.2644
733 310 14 18 0.2637
77 401 11 14 0.2636
664 219 8 10 0.2621
617 281 10 11 0.2620
975 194 13 16 0.2609
980 263 14 19 0.2597
578 243 8 10 0.2594
555 240 7 9 0.2593
879 236 10 14 0.2581
348 350 9 10 0.2577
877 172 10 12 0.2566
434 303 7 9 0.2537
666 219 8 11 0.2535
577 329 11 15 0.2535
801 257 11 16 0.2503
749 189 9 11 0.2502
455 290 6 8 0.2482
339 359 10 12 0.2475
231 376 8 9 0.2445
917 160 11 17 0.2432
408 291 7 8 0.2423
581 244 8 10 0.2415
977 196 13 15 0.2402
316 423 11 14 0.2390
351 349 8 11 0.2384
14 421 9 10 0.2381
256 370 8 10 0.2381
47 404 8 10 0.2377
698 347 14 18 0.2374
277 367 7 9 0.2361
159 391 8 10 0.2361
826 382 19 25 0.2354
521 337 10 12 0.2349
704 213 8 10 0.2342
295 397 9 14 0.2334
453 290 6 8 0.2321
661 278 10 12 0.2318
16 390 7 9 0.2313
473 358 8 11 0.2303
752 188 9 12 0.2302
414 314 8 9 0.2301
168 370 6 7 0.2298
488 367 9 12 0.2294
115 424 9 11 0.2289
455 391 10 12 0.2271
1007 142 12 15 0.2264
198 456 11 16 0.2254
233 376 7 9 0.2249
507 284 7 10 0.2238
669 328 12 15 0.2236
492 398 11 16 0.2233
604 237 8 9 0.2225
471 308 8 10 0.2210
714 247 11 15 0.2208
993 199 12 14 0.2206
775 263 13 15 0.2160
947 154 12 15 0.2145
519 337 10 12 0.2143
448 321 7 10 0.2137
14 389 8 9 0.2134
130 387 6 7 0.2113
99 443 10 14 0.2086
1004 143 11 14 0.2080
229 376 8 9 0.2071
381 323 7 9 0.2068
881 172 9 12 0.2053
289 341 7 9 0.2027
300 334 6 8 0.2015
913 233 11 14 0.1967
318 351 7 9 0.1961
218 343 6 8 0.1952
582 425 16 21 0.1944
156 367 5 7 0.1939
286 355 7 8 0.1929
405 291 6 8 0.1919
464 345 9 10 0.1916
304 336 7 9 0.1913
393 310 6 8 0.1889
784 383 20 26 0.1879
854 196 12 16 0.1877
236 455 13 18 0.1874
375 309 7 7 0.1862
593 474 18 23 0.1849
877 171 9 12 0.1834
1006 194 11 15 0.1833
856 252 11 15 0.1821
619 296 11 14 0.1820
470 357 8 12 0.1815
203 360 6 8 0.1812
248 381 8 11 0.1809
189 412 9 11 0.1806
495 282 8 9 0.1800
496 260 7 8 0.1793
532 291 8 10 0.1783
275 367 7 9 0.1781
214 355 7 7 0.1776
206 376 8 10 0.1775
648 346 11 17 0.1773
383 409 10 15 0.1768
225 354 6 8 0.1767
880 171 9 12 0.1763
182 374 7 9 0.1747
347 330 7 9 0.1741
287 341 6 8 0.1736
316 380 9 11 0.1733
106 444 12 15 0.1727
957 245 13 18 0.1719
493 259 7 9 0.1694
839 277 12 15 0.1688
73 403 11 12 0.1678
515 256 7 8 0.1677
112 396 8 9 0.1676
378 323 8 9 0.1675
202 387 7 9 0.1672
451 322 7 9 0.1662
417 336 10 13 0.1661
549 280 10 12 0.1653
336 307 6 7 0.1647
314 380 9 11 0.1645
851 197 12 15 0.1638
390 310 7 8 0.1637
335 373 9 12 0.1630
406 386 9 13 0.1625
391 394 9 12 0.1621
552 240 7 9 0.1619
703 483 21 23 0.1617
62 400 8 10 0.1608
314 351 8 9 0.1597
867 217 12 16 0.1594
0 419 7 10 0.1593
412 314 7 8 0.1581
314 350 7 9 0.1578
949 354 19 26 0.1573
17 419 9 11 0.1570
400 345 9 10 0.1569
203 387 7 9 0.1552
458 270 5 7 0.1547
519 338 10 13 0.1544
502 309 8 10 0.1537
199 386 7 9 0.1536
725 281 11 14 0.1529
458 310 8 11 0.1520
522 338 11 12 0.1513
518 356 11 15 0.1504
251 409 12 14 0.1489
385 392 10 13 0.1488
502 297 9 11 0.1486
207 414 9 11 0.1482
552 241 7 9 0.1480
672 328 12 16 0.1465
252 330 7 8 0.1464
546 281 9 11 0.1447
615 281 8 10 0.1445
252 346 7 9 0.1441
979 194 12 16 0.1434
421 337 10 13 0.1431
722 280 12 15 0.1427
186 387 8 10 0.1422
941 234 14 18 0.1412
12 389 8 9 0.1391
351 350 9 11 0.1381
412 272 6 7 0.1381
97 396 8 9 0.1376
245 338 7 8 0.1373
801 334 17 19 0.1371
200 360 6 8 0.1365
245 367 7 8 0.1360
291 397 9 13 0.1355
491 399 11 17 0.1355
478 279 7 8 0.1353
743 212 10 13 0.1342
268 337 6 7 0.1342
566 297 8 10 0.1335
710 312 14 17 0.1334
165 369 6 7 0.1317
183 365 7 8 0.1316
526 315 9 12 0.1311
861 269 11 15 0.1299
161 389 8 11 0.1298
270 336 6 8 0.1297
184 370 7 8 0.1295
367 367 9 10 0.1285
468 346 8 11 0.1285
953 246 12 17 0.1282
702 212 9 10 0.1275
229 377 8 9 0.1274
382 392 10 13 0.1267
382 324 7 9 0.1260
141 371 6 7 0.1258
417 338 11 12 0.1252
358 407 9 15 0.1249
13 391 7 9 0.1240
1005 146 10 13 0.1237
393 277 6 7 0.1221
139 450 13 17 0.1221
333 307 6 7 0.1210
214 343 7 8 0.1206
662 242 9 11 0.1204
364 366 8 11 0.1204
280 459 15 22 0.1196
476 336 8 10 0.1189
819 213 10 14 0.1185
312 312 6 8 0.1182
510 285 8 10 0.1179
1018 342 6 21 0.1177
455 270 5 7 0.1176
287 314 6 8 0.1163
154 367 5 7 0.1162
455 289 6 8 0.1153
468 316 7 10 0.1150
410 272 6 7 0.1138
534 250 8 10 0.1135
248 409 11 14 0.1132
463 322 8 10 0.1128
435 303 7 8 0.1123
689 234 9 10 0.1113
132 387 7 8 0.1110
740 213 9 12 0.1109
451 289 6 8 0.1104
36 436 8 10 0.1102
116 378 6 7 0.1098
522 316 9 10 0.1098
182 383 8 11 0.1090
343 331 7 8 0.1085
615 227 8 10 0.1076
531 251 9 10 0.1075
372 308 7 8 0.1072
295 319 6 8 0.1070
135 450 12 16 0.1054
682 217 9 11 0.1052
753 218 11 14 0.1040
331 325 7 9 0.1022
846 179 9 11 0.1018
39 435 9 11 0.1015
138 371 6 7 0.1004
693 234 8 10 0.0999
1012 283 11 22 0.0986
390 277 6 8 0.0983
497 260 7 9 0.0979
687 352 14 18 0.0971
193 413 9 11 0.0969
576 243 8 9 0.0968
206 484 13 15 0.0968
120 425 8 10 0.0964
241 365 6 8 0.0956
414 272 5 7 0.0954
564 346 13 17 0.0946
298 397 10 13 0.0938
319 364 8 10 0.0934
107 388 7 9 0.0919
548 285 8 9 0.0918
230 450 15 21 0.0910
354 407 10 15 0.0910
639 224 8 10 0.0908
216 342 7 7 0.0907
499 310 7 9 0.0905
1010 196 11 14 0.0905
294 353 7 9 0.0900
249 330 6 8 0.0900
50 403 8 10 0.0895
284 314 6 7 0.0894
158 390 8 10 0.0893
353 373 9 12 0.0883
502 369 12 15 0.0880
251 329 6 8 0.0873
860 252 12 14 0.0872
688 347 14 17 0.0871
573 331 10 15 0.0864
612 230 8 10 0.0864
699 212 9 10 0.0859
447 323 8 9 0.0843
564 352 13 16 0.0838
735 307 14 18 0.0819
393 311 7 8 0.0814
1008 146 11 13 0.0801
526 292 8 10 0.0799
116 379 7 8 0.0795
385 304 6 7 0.0787
113 378 6 7 0.0781
822 387 19 22 0.0781
441 285 7 8 0.0780
469 315 8 10 0.0778
214 429 10 13 0.0778
292 369 8 10 0.0771
273 318 6 7 0.0769
912 234 12 14 0.0768
689 481 17 24 0.0763
282 379 8 10 0.0761
724 226 10 13 0.0759
580 245 8 10 0.0753
309 312 6 8 0.0752
659 242 9 10 0.0750
101 452 11 14 0.0748
193 429 10 11 0.0744
783 185 9 12 0.0740
972 312 15 18 0.0738
494 261 7 8 0.0737
389 276 6 8 0.0734
591 233 8 11 0.0727
289 341 6 8 0.0721
484 226 7 9 0.0720
438 341 9 10 0.0718
125 426 11 13 0.0716
147 393 7 9 0.0713
359 377 11 12 0.0712
457 407 11 14 0.0707
47 404 7 8 0.0705
414 314 8 9 0.0703
555 434 14 18 0.0702
673 262 11 13 0.0698
286 340 7 8 0.0694
401 338 8 10 0.0692
488 226 6 8 0.0688
446 268 6 8 0.0685
98 452 9 14 0.0685
143 387 7 8 0.0683
152 367 5 7 0.0678
410 387 10 14 0.0675
555 277 8 11 0.0672
401 346 8 10 0.0671
266 336 6 8 0.0670
540 324 10 15 0.0669
636 304 11 14 0.0668
17 389 7 9 0.0663
726 225 11 14 0.0661
186 388 7 9 0.0657
499 299 8 11 0.0655
797 331 16 21 0.0655
546 284 9 11 0.0647
556 239 7 9 0.0647
311 299 5 6 0.0645
242 366 6 8 0.0644
592 220 8 10 0.0642
184 369 7 9 0.0641
243 337 6 8 0.0639
424 408 11 14 0.0638
134 401 8 9 0.0638
334 306 6 7 0.0638
551 276 9 11 0.0636
248 329 6 7 0.0635
298 301 5 7 0.0633
685 577 18 32 0.0628
531 249 8 10 0.0627
941 233 13 17 0.0626
607 220 7 9 0.0622
165 370 6 8 0.0620
742 210 9 12 0.0619
113 395 7 9 0.0618
790 215 11 13 0.0617
479 336 8 11 0.0616
601 236 7 10 0.0613
549 368 12 16 0.0604
230 349 6 9 0.0602
131 385 7 9 0.0600
978 145 12 15 0.0594
711 486 20 23 0.0592
324 332 7 8 0.0590
466 260 7 8 0.0589
213 341 7 8 0.0585
14 418 8 10 0.0585
526 292 8 10 0.0581
392 311 7 8 0.0576
938 234 12 16 0.0576
615 296 9 13 0.0573
279 380 7 10 0.0572
298 300 5 6 0.0571
176 420 8 10 0.0562
618 298 11 14 0.0561
193 355 6 7 0.0558
511 254 7 9 0.0556
500 310 7 10 0.0553
1019 344 5 26 0.0551
390 391 10 13 0.0550
132 432 12 13 0.0550
191 413 8 11 0.0546
224 449 14 19 0.0546
816 214 10 13 0.0545
311 313 7 7 0.0539
470 294 7 9 0.0539
364 366 9 10 0.0539
212 409 10 13 0.0538
523 314 9 11 0.0522
274 366 7 9 0.0521
1 451 9 11 0.0518
244 338 6 8 0.0515
470 259 7 9 0.0511
346 332 8 9 0.0507
192 388 8 9 0.0507
689 271 10 12 0.0503
420 289 6 8 0.0499
568 296 9 11 0.0498
668 221 8 10 0.0495
460 343 9 10 0.0494
323 334 7 8 0.0494
585 265 8 10 0.0487
149 406 8 11 0.0487
102 407 9 10 0.0483
572 333 12 15 0.0482
523 310 9 11 0.0481
448 266 5 8 0.0480
358 325 9 10 0.0478
259 369 8 9 0.0476
575 242 8 10 0.0472
1011 280 12 23 0.0469
685 352 13 17 0.0469
287 315 6 7 0.0465
1018 305 6 21 0.0465
397 342 9 11 0.0464
272 397 10 11 0.0460
373 310 7 8 0.0458
173 420 8 11 0.0454
345 307 6 7 0.0453
214 358 7 8 0.0449
547 368 11 15 0.0449
515 257 7 8 0.0446
2 418 9 11 0.0446
340 360 10 11 0.0445
802 291 13 17 0.0444
138 372 6 7 0.0440
374 306 6 7 0.0439
369 283 6 7 0.0439
495 260 7 8 0.0438
550 241 7 8 0.0437
254 369 8 8 0.0434
450 355 11 12 0.0431
285 301 5 6 0.0430
190 355 6 8 0.0430
686 348 11 15 0.0428
551 241 7 9 0.0427
452 291 7 8 0.0424
619 228 8 10 0.0419
470 359 10 13 0.0418
476 380 10 13 0.0416
696 328 12 15 0.0414
950 154 11 14 0.0412
580 328 11 14 0.0410
705 486 21 23 0.0407
981 197 13 14 0.0406
465 343 9 11 0.0405
751 186 8 11 0.0401
948 331 18 25 0.0401
739 211 9 11 0.0397
412 290 7 9 0.0396
945 154 11 15 0.0394
336 308 6 8 0.0393
445 266 5 8 0.0391
664 221 8 10 0.0389
583 245 8 10 0.0387
51 435 9 11 0.0385
105 442 11 15 0.0383
581 265 9 11 0.0382
98 394 7 9 0.0378
880 236 12 15 0.0372
446 268 5 7 0.0369
215 343 7 8 0.0367
598 264 9 12 0.0367
206 412 10 13 0.0367
68 442 11 13 0.0365
384 389 10 13 0.0356
699 289 11 14 0.0354
873 217 11 15 0.0353
924 286 15 20 0.0353
1017 216 7 16 0.0352
210 413 8 11 0.0346
15 424 8 9 0.0346
619 282 10 13 0.0346
1020 310 4 21 0.0339
248 412 12 14 0.0338
681 250 9 11 0.0337
674 226 9 11 0.0337
30 402 8 10 0.0336
569 347 11 15 0.0335
12 390 8 10 0.0327
270 319 6 7 0.0326
367 334 8 11 0.0325
682 214 8 10 0.0324
365 302 6 7 0.0322
651 347 13 17 0.0322
637 224 8 10 0.0321
161 390 8 11 0.0320
1016 269 8 16 0.0319
489 295 7 9 0.0318
748 187 8 10 0.0315
861 271 10 14 0.0315
414 273 6 7 0.0314
1018 222 6 15 0.0312
451 389 10 12 0.0311
497 365 11 14 0.0311
852 195 11 15 0.0310
348 290 6 7 0.0309
60 399 8 9 0.0306
305 467 14 17 0.0305
951 328 17 24 0.0303
432 302 7 9 0.0303
736 311 14 17 0.0303
245 428 13 15 0.0302
147 407 8 10 0.0300
467 261 6 8 0.0300
272 316 6 7 0.0298
700 214 9 10 0.0298
486 225 6 8 0.0296
628 268 9 12 0.0293
620 299 11 14 0.0293
380 388 10 12 0.0291
644 324 10 13 0.0289
520 337 11 13 0.0288
448 321 7 9 0.0286
515 356 11 15 0.0286
282 301 5 7 0.0286
814 276 13 18 0.0285
666 219 9 10 0.0284
589 283 9 10 0.0280
82 401 9 11 0.0279
560 352 12 15 0.0279
756 220 11 16 0.0279
35 437 8 10 0.0278
5 444 9 11 0.0278
339 361 9 10 0.0278
260 456 18 23 0.0277
39 437 8 10 0.0277
29 401 7 10 0.0276
529 448 17 22 0.0273
138 370 6 7 0.0273
922 281 14 18 0.0273
448 427 12 17 0.0270
699 329 11 14 0.0269
745 211 9 12 0.0268
545 252 8 9 0.0266
784 218 11 13 0.0265
79 399 10 11 0.0264
949 330 18 24 0.0264
799 334 15 19 0.0263
982 329 17 19 0.0263
575 217 8 9 0.0259
703 289 11 14 0.0254
983 224 12 14 0.0253
907 214 9 13 0.0252
209 484 13 15 0.0250
673 297 11 14 0.0247
205 387 8 10 0.0246
315 383 8 11 0.0245
72 442 11 14 0.0245
499 339 9 12 0.0244
690 273 10 13 0.0243
360 408 11 15 0.0243
687 486 19 25 0.0243
672 231 9 11 0.0240
647 325 10 12 0.0238
507 254 7 8 0.0236
576 240 8 10 0.0236
831 206 10 13 0.0236
951 154 11 14 0.0235
418 337 11 12 0.0235
100 441 8 12 0.0233
502 223 7 8 0.0233
683 577 15 31 0.0232
1009 282 14 22 0.0232
661 445 15 19 0.0225
537 263 8 9 0.0225
719 249 10 13 0.0222
312 299 5 7 0.0222
791 317 13 18 0.0221
995 215 11 16 0.0220
411 386 10 13 0.0220
506 302 9 12 0.0219
593 343 11 14 0.0217
36 436 9 12 0.0217
324 293 6 6 0.0217
388 408 11 15 0.0217
500 222 7 9 0.0217
693 234 9 11 0.0216
429 271 6 7 0.0216
486 248 7 9 0.0215
297 300 6 6 0.0215
135 451 13 16 0.0215
697 484 19 23 0.0212
684 450 19 27 0.0212
929 288 16 19 0.0211
950 157 11 13 0.0208
492 353 8 11 0.0208
406 348 8 10 0.0205
345 290 6 8 0.0205
1008 193 11 12 0.0204
977 260 15 19 0.0204
546 277 9 10 0.0203
5 437 8 11 0.0199
327 296 6 8 0.0199
547 364 12 16 0.0198
750 188 10 11 0.0198
560 180 6 9 0.0197
980 224 11 15 0.0197
584 283 10 11 0.0197
6 438 9 11 0.0195
405 473 14 17 0.0194
115 422 9 11 0.0188
682 488 16 22 0.0186
476 278 7 9 0.0186
86 390 8 9 0.0185
252 412 12 13 0.0185
267 395 9 11 0.0181
381 347 8 11 0.0179
966 283 16 20 0.0176
958 204 12 14 0.0174
469 383 11 13 0.0174
345 291 5 7 0.0174
593 219 8 9 0.0171
500 339 9 12 0.0170
700 287 11 15 0.0169
614 235 8 10 0.0167
270 316 6 7 0.0167
761 463 19 23 0.0167
818 210 9 13 0.0165
776 260 12 16 0.0164
568 295 8 10 0.0163
516 258 7 9 0.0163
483 250 7 8 0.0162
534 185 6 8 0.0162
394 376 8 11 0.0161
592 297 9 11 0.0161
140 474 11 16 0.0160
569 349 12 15 0.0159
576 245 8 9 0.0159
780 220 9 12 0.0159
531 185 6 8 0.0159
611 343 13 17 0.0158
569 311 10 14 0.0158
357 279 7 8 0.0158
557 344 12 15 0.0157
908 234 11 15 0.0156
388 455 11 15 0.0155
758 462 18 22 0.0155
572 217 8 10 0.0154
293 394 9 12 0.0154
687 275 10 13 0.0154
975 331 17 21 0.0153
835 213 10 13 0.0152
1006 139 12 14 0.0151
665 289 11 14 0.0151
751 288 11 15 0.0151
613 320 12 14 0.0149
296 399 10 12 0.0149
763 247 11 15 0.0148
499 422 15 18 0.0147
557 272 9 11 0.0147
391 377 9 11 0.0147
3 452 10 11 0.0147
274 400 10 13 0.0147
849 179 10 12 0.0146
782 186 9 11 0.0146
174 429 10 12 0.0144
753 291 12 15 0.0144
191 458 11 14 0.0144
556 180 7 9 0.0143
990 211 12 16 0.0143
55 437 8 10 0.0142
246 410 9 13 0.0142
822 213 10 13 0.0141
115 376 6 7 0.0141
963 282 16 21 0.0140
661 259 9 11 0.0139
585 323 10 13 0.0138
347 288 6 8 0.0137
531 448 16 22 0.0136
497 352 9 12 0.0136
669 331 13 15 0.0135
218 404 9 10 0.0135
141 477 14 18 0.0133
786 184 9 12 0.0132
405 217 8 9 0.0131
680 482 17 24 0.0131
595 340 11 15 0.0131
904 214 10 14 0.0131
884 260 11 16 0.0130
655 307 11 14 0.0130
430 267 7 7 0.0128
291 400 9 12 0.0127
953 241 13 16 0.0127
756 459 17 22 0.0126
598 263 9 12 0.0125
760 461 18 21 0.0124
233 415 9 12 0.0123
1014 338 10 21 0.0123
1018 177 6 16 0.0123
651 511 14 19 0.0123
611 259 9 12 0.0122
915 234 11 14 0.0122
662 527 18 24 0.0121
451 390 10 12 0.0121
679 453 19 26 0.0120
396 285 7 9 0.0119
657 445 15 18 0.0119
855 256 11 15 0.0119
456 421 11 16 0.0116
393 273 6 8 0.0116
699 354 15 18 0.0115
572 311 10 14 0.0114
677 462 19 25 0.0113
443 413 12 17 0.0112
561 300 9 11 0.0112
761 248 10 14 0.0112
401 413 11 14 0.0111
657 258 9 12 0.0110
53 406 8 9 0.0110
483 225 7 8 0.0110
407 369 12 14 0.0110
234 455 15 19 0.0109
391 455 11 15 0.0108
922 115 7 10 0.0108
715 484 19 23 0.0107
750 290 11 15 0.0107
635 269 9 12 0.0106
974 335 17 21 0.0106
402 217 8 10 0.0106
926 285 14 19 0.0106
719 247 10 13 0.0104
654 515 14 20 0.0103
256 410 11 14 0.0103
359 410 9 15 0.0103
826 194 9 11 0.0103
282 458 16 21 0.0103
889 248 11 14 0.0102
919 115 7 10 0.0102
377 347 9 11 0.0101
904 213 10 13 0.0101
322 422 11 13 0.0101
367 286 6 8 0.0101
