35_Basketball_basketballgame_ball_35_216
619
370 170 21 22 0.7769
481 207 19 19 0.7512
117 430 8 10 0.4070
294 391 12 15 0.4015
638 418 9 12 0.3357
709 405 10 12 0.3242
706 405 10 12 0.3173
641 418 9 12 0.3148
1013 434 8 11 0.2962
194 426 9 11 0.2961
197 427 9 11 0.2931
103 418 7 10 0.2924
66 417 8 11 0.2817
45 447 9 12 0.2703
41 392 7 8 0.2626
25 395 7 10 0.2608
292 391 11 15 0.2603
156 430 8 10 0.2543
68 417 8 10 0.2529
48 448 9 11 0.2499
138 403 6 7 0.2435
1010 434 8 10 0.2411
159 430 8 10 0.2341
14 389 7 9 0.2324
142 403 6 8 0.2306
101 392 7 9 0.2305
175 420 6 8 0.2301
64 417 8 11 0.2294
95 409 6 9 0.2278
27 426 8 10 0.2223
105 392 7 10 0.2178
24 426 7 10 0.2162
179 420 6 8 0.2085
43 407 7 9 0.2012
10 390 7 8 0.1964
28 396 7 9 0.1877
47 407 7 9 0.1867
124 390 6 8 0.1865
121 390 6 8 0.1837
88 434 7 9 0.1806
85 433 7 9 0.1792
935 464 6 8 0.1779
118 437 8 10 0.1751
106 419 7 9 0.1728
99 409 6 9 0.1726
121 459 7 8 0.1712
243 440 7 9 0.1705
24 396 7 10 0.1679
240 440 6 9 0.1640
90 435 7 8 0.1638
93 375 7 8 0.1603
115 437 8 10 0.1558
133 419 6 8 0.1528
221 444 6 9 0.1508
44 390 7 9 0.1503
50 449 8 10 0.1474
227 417 8 11 0.1466
144 394 7 8 0.1456
131 436 8 9 0.1453
125 458 6 9 0.1449
86 436 7 8 0.1394
45 449 9 10 0.1392
137 419 6 9 0.1375
157 387 7 8 0.1319
230 417 9 11 0.1316
112 407 7 9 0.1313
931 464 7 8 0.1253
62 370 7 9 0.1252
131 434 7 10 0.1227
155 430 7 9 0.1213
68 353 7 7 0.1176
3 371 7 7 0.1175
91 374 7 9 0.1152
80 384 7 8 0.1109
47 360 6 7 0.1082
169 443 7 8 0.1064
25 415 8 9 0.1060
99 409 8 10 0.1045
66 407 8 9 0.1028
44 360 6 8 0.0998
65 371 7 9 0.0994
42 359 6 8 0.0993
248 447 6 8 0.0989
83 354 6 8 0.0985
134 435 7 10 0.0949
47 380 8 9 0.0935
96 374 7 9 0.0912
28 354 7 8 0.0909
26 371 7 7 0.0901
42 410 8 9 0.0898
22 417 8 10 0.0888
297 391 10 15 0.0864
241 439 6 9 0.0856
96 466 8 9 0.0851
965 464 6 8 0.0845
71 407 7 9 0.0837
46 359 6 8 0.0833
99 466 8 10 0.0822
215 443 7 9 0.0818
86 354 7 8 0.0803
155 409 7 8 0.0802
414 467 6 8 0.0794
12 389 6 8 0.0792
22 371 6 8 0.0790
160 387 6 9 0.0789
41 381 7 9 0.0785
892 468 7 9 0.0778
150 378 7 8 0.0770
249 445 7 9 0.0770
271 423 6 8 0.0765
8 358 7 8 0.0763
896 468 6 9 0.0745
194 418 8 10 0.0742
268 423 6 9 0.0741
4 358 7 9 0.0732
344 395 6 9 0.0726
861 482 6 8 0.0718
718 485 8 10 0.0665
251 447 6 8 0.0663
961 465 6 7 0.0660
120 366 7 7 0.0658
864 482 7 9 0.0656
76 384 7 9 0.0651
106 353 6 8 0.0649
269 445 6 8 0.0646
1 404 7 9 0.0628
133 364 6 7 0.0628
962 464 6 7 0.0625
172 441 7 9 0.0611
323 456 7 8 0.0592
662 413 9 12 0.0591
126 459 6 8 0.0582
336 418 6 8 0.0576
8 359 6 8 0.0575
156 422 7 10 0.0573
884 481 6 8 0.0570
917 479 6 8 0.0563
119 388 6 8 0.0552
914 479 6 8 0.0550
319 456 7 8 0.0529
936 449 8 9 0.0526
170 364 7 9 0.0524
352 405 7 9 0.0518
136 420 7 9 0.0515
502 381 17 22 0.0514
1 369 7 9 0.0509
333 417 6 9 0.0508
5 370 7 9 0.0505
122 460 7 8 0.0505
410 468 6 7 0.0504
75 374 7 9 0.0503
355 457 7 7 0.0503
265 416 6 9 0.0502
75 371 7 10 0.0501
138 403 7 8 0.0500
450 471 7 9 0.0498
105 393 8 9 0.0498
930 429 8 10 0.0496
347 395 6 9 0.0495
160 429 8 10 0.0492
268 415 7 9 0.0484
13 390 7 9 0.0482
681 413 10 12 0.0482
62 370 7 8 0.0482
466 485 7 8 0.0472
983 453 6 7 0.0472
443 463 7 8 0.0471
154 381 6 9 0.0466
938 451 7 9 0.0461
116 429 8 9 0.0461
123 389 6 7 0.0460
944 431 8 9 0.0456
1015 434 8 10 0.0456
198 354 7 9 0.0454
182 348 6 8 0.0450
435 465 6 8 0.0442
95 373 7 9 0.0438
942 451 7 9 0.0435
352 457 6 7 0.0435
29 425 7 10 0.0431
824 442 7 8 0.0431
716 484 8 11 0.0430
194 413 8 10 0.0429
642 418 10 13 0.0428
721 485 8 10 0.0427
167 365 7 8 0.0426
507 381 17 22 0.0425
145 359 6 8 0.0419
345 470 6 9 0.0418
63 405 7 9 0.0408
827 442 7 8 0.0406
202 353 7 9 0.0405
835 481 7 9 0.0405
199 411 7 10 0.0402
434 463 7 8 0.0399
171 377 7 9 0.0397
470 486 7 8 0.0396
941 450 7 9 0.0392
927 429 7 9 0.0391
91 374 7 9 0.0389
423 456 7 9 0.0386
356 405 6 9 0.0385
979 453 6 7 0.0383
411 466 6 8 0.0382
510 495 6 8 0.0375
159 432 7 9 0.0375
176 380 8 10 0.0375
824 459 7 9 0.0372
737 386 8 10 0.0370
575 493 6 8 0.0366
741 385 8 11 0.0365
838 483 7 9 0.0364
477 466 8 10 0.0363
935 410 7 8 0.0360
571 479 7 8 0.0359
218 392 7 9 0.0358
225 456 6 8 0.0354
30 353 7 8 0.0354
64 418 8 10 0.0354
66 354 6 7 0.0350
193 427 8 10 0.0348
555 505 6 8 0.0346
365 391 6 8 0.0346
505 379 17 22 0.0345
513 495 6 8 0.0344
720 486 8 10 0.0342
341 470 6 9 0.0339
27 395 8 9 0.0338
171 364 7 9 0.0338
454 472 7 8 0.0334
223 410 8 10 0.0334
1011 435 8 10 0.0334
219 445 6 8 0.0329
222 452 6 9 0.0328
84 353 7 8 0.0326
977 469 6 7 0.0326
899 440 8 10 0.0326
240 442 6 7 0.0325
453 472 6 8 0.0324
481 496 7 9 0.0322
343 420 6 8 0.0321
873 469 7 8 0.0311
190 427 8 10 0.0311
554 487 6 7 0.0308
578 493 7 8 0.0308
113 415 8 10 0.0306
977 451 6 8 0.0306
552 485 7 8 0.0305
640 487 7 9 0.0305
223 458 7 7 0.0305
828 457 8 10 0.0305
68 419 8 10 0.0304
932 409 7 9 0.0302
387 469 7 7 0.0301
270 447 6 9 0.0300
501 379 16 20 0.0298
663 408 9 12 0.0298
533 488 6 8 0.0296
130 363 6 8 0.0295
863 484 6 7 0.0295
767 470 6 8 0.0294
915 457 8 10 0.0293
741 477 7 8 0.0293
762 470 7 8 0.0292
553 423 8 9 0.0292
179 347 7 9 0.0288
142 358 6 9 0.0287
12 336 7 9 0.0286
214 374 6 9 0.0286
50 337 6 7 0.0286
167 443 7 9 0.0285
1019 418 5 12 0.0281
575 400 9 11 0.0281
468 487 7 8 0.0279
983 378 7 9 0.0276
477 495 8 10 0.0275
243 417 8 10 0.0275
368 391 7 8 0.0271
981 469 6 8 0.0271
8 356 7 9 0.0270
342 451 7 9 0.0269
123 343 6 8 0.0269
641 488 8 10 0.0268
228 421 8 10 0.0268
842 432 6 8 0.0267
370 463 7 9 0.0267
981 451 7 8 0.0266
785 480 7 8 0.0266
770 394 8 11 0.0265
558 504 7 8 0.0264
882 448 7 8 0.0264
334 461 7 8 0.0264
303 481 6 8 0.0260
986 378 8 9 0.0260
913 476 7 9 0.0259
366 463 7 8 0.0259
203 389 7 11 0.0256
76 341 6 7 0.0254
558 423 7 9 0.0254
265 413 7 9 0.0253
930 461 7 9 0.0249
919 445 8 10 0.0248
892 361 8 10 0.0246
932 499 7 9 0.0245
37 329 7 7 0.0244
930 410 8 9 0.0244
207 389 7 10 0.0243
480 465 8 11 0.0243
267 423 7 9 0.0242
67 351 7 8 0.0241
8 337 7 8 0.0241
661 409 9 12 0.0240
443 471 6 8 0.0239
551 505 7 8 0.0238
916 445 8 10 0.0237
929 499 7 8 0.0236
118 341 7 8 0.0235
970 414 8 9 0.0235
414 467 7 7 0.0234
791 479 7 9 0.0233
845 433 7 8 0.0232
694 478 8 10 0.0232
906 481 7 9 0.0232
976 399 7 9 0.0231
637 489 8 10 0.0229
232 419 8 10 0.0228
252 402 7 9 0.0228
34 328 6 8 0.0228
74 464 7 8 0.0227
667 472 8 9 0.0226
571 400 8 11 0.0226
980 452 7 8 0.0226
665 472 7 9 0.0225
986 412 7 9 0.0224
107 352 6 9 0.0224
523 487 6 8 0.0224
310 409 8 9 0.0223
424 466 7 8 0.0223
918 509 6 8 0.0222
558 483 7 9 0.0220
636 487 7 9 0.0220
840 486 7 8 0.0218
299 480 7 9 0.0217
837 486 6 9 0.0216
753 486 7 7 0.0216
880 447 7 8 0.0215
920 400 8 10 0.0213
555 424 8 9 0.0212
367 459 7 9 0.0212
840 469 7 9 0.0212
266 446 7 8 0.0211
699 501 7 10 0.0211
868 469 7 8 0.0210
406 451 7 8 0.0209
64 419 8 10 0.0209
593 478 7 10 0.0207
827 415 8 10 0.0207
218 374 6 9 0.0207
346 452 7 8 0.0207
949 358 7 8 0.0206
704 404 10 12 0.0206
706 351 7 10 0.0204
914 509 7 8 0.0204
656 496 7 8 0.0201
228 408 8 11 0.0201
826 460 7 9 0.0201
130 453 7 10 0.0200
966 414 8 9 0.0200
888 361 8 10 0.0199
346 472 6 8 0.0199
151 350 7 8 0.0198
860 483 6 7 0.0198
515 477 7 8 0.0198
47 336 7 7 0.0198
536 407 8 10 0.0197
695 501 8 10 0.0197
449 471 6 8 0.0196
893 466 7 9 0.0195
518 482 6 9 0.0195
752 486 6 9 0.0195
811 448 8 9 0.0195
257 403 6 9 0.0194
756 486 7 8 0.0194
643 417 8 12 0.0193
831 415 8 10 0.0191
199 372 7 9 0.0191
132 366 7 8 0.0190
462 373 11 13 0.0188
28 351 7 9 0.0188
341 473 7 8 0.0187
154 352 7 8 0.0186
3 323 6 8 0.0186
936 450 7 9 0.0185
392 452 6 8 0.0184
694 500 8 9 0.0184
881 481 7 8 0.0183
216 373 6 9 0.0182
972 399 7 10 0.0181
233 377 7 9 0.0180
522 486 7 8 0.0180
115 366 6 8 0.0180
702 352 7 9 0.0179
94 407 7 9 0.0179
345 454 7 8 0.0177
598 476 7 9 0.0177
475 373 12 15 0.0176
559 424 7 9 0.0175
71 464 6 8 0.0174
160 389 6 9 0.0174
166 366 8 8 0.0174
161 412 7 9 0.0173
590 436 8 10 0.0172
217 447 7 8 0.0172
804 406 9 10 0.0171
116 440 8 10 0.0171
16 322 7 9 0.0171
374 431 8 10 0.0169
175 386 8 10 0.0169
801 406 8 10 0.0168
736 465 9 11 0.0168
37 375 7 8 0.0168
791 457 7 8 0.0167
539 476 7 8 0.0167
212 372 6 9 0.0166
581 470 7 9 0.0166
965 368 8 9 0.0164
246 365 7 9 0.0164
958 384 7 9 0.0164
321 456 6 8 0.0163
736 383 9 11 0.0163
748 445 8 11 0.0162
419 457 7 8 0.0162
740 467 8 10 0.0161
843 446 9 10 0.0161
982 412 8 9 0.0161
813 450 8 9 0.0161
396 452 7 8 0.0160
432 470 7 8 0.0160
866 484 6 8 0.0160
87 431 8 9 0.0160
216 393 8 9 0.0159
14 424 9 9 0.0159
665 492 6 9 0.0159
394 450 7 9 0.0158
952 358 7 9 0.0158
523 426 7 9 0.0157
574 455 7 9 0.0156
570 479 7 8 0.0156
533 407 7 9 0.0156
589 445 7 10 0.0156
99 459 8 10 0.0155
767 394 9 11 0.0155
569 479 7 8 0.0153
11 445 7 10 0.0153
231 353 7 8 0.0152
92 343 8 8 0.0152
752 446 8 10 0.0152
571 456 7 8 0.0150
366 458 7 8 0.0150
554 389 8 9 0.0148
236 431 8 10 0.0147
835 480 6 8 0.0147
586 446 7 9 0.0147
822 440 8 9 0.0147
476 445 10 10 0.0146
973 398 7 10 0.0145
933 465 6 8 0.0145
930 428 8 10 0.0144
630 392 9 11 0.0144
483 498 6 7 0.0143
842 450 8 10 0.0142
879 352 7 9 0.0142
722 486 8 9 0.0141
674 395 9 11 0.0141
944 373 7 9 0.0140
692 477 7 9 0.0140
352 430 6 9 0.0139
934 500 7 8 0.0139
343 470 7 9 0.0139
870 440 7 9 0.0139
344 396 7 9 0.0138
963 385 7 8 0.0138
524 499 6 8 0.0138
143 326 9 10 0.0137
769 485 7 8 0.0137
721 360 8 10 0.0137
42 341 6 8 0.0137
196 357 8 10 0.0137
910 419 9 10 0.0137
811 470 8 9 0.0137
969 368 7 9 0.0137
475 464 9 10 0.0136
828 389 8 11 0.0136
168 329 8 9 0.0136
390 468 6 7 0.0134
11 322 7 8 0.0134
740 382 9 11 0.0134
67 332 7 7 0.0134
393 452 7 8 0.0133
869 411 7 8 0.0133
553 504 7 8 0.0133
425 370 8 9 0.0133
477 368 10 11 0.0133
906 406 8 10 0.0132
980 469 6 8 0.0132
180 452 7 9 0.0131
513 480 7 10 0.0131
831 389 8 11 0.0130
719 358 8 11 0.0130
814 474 7 9 0.0130
894 386 8 10 0.0130
772 396 7 9 0.0130
604 471 8 10 0.0130
538 408 7 9 0.0130
214 373 7 10 0.0130
170 446 7 9 0.0129
780 364 7 10 0.0129
479 498 7 8 0.0129
339 420 6 7 0.0129
73 462 7 9 0.0128
787 457 7 8 0.0128
717 487 8 10 0.0128
94 464 9 10 0.0127
918 399 8 10 0.0127
880 448 7 8 0.0127
447 381 9 11 0.0127
148 349 6 8 0.0127
590 500 8 10 0.0126
695 479 7 9 0.0126
736 461 9 11 0.0126
963 465 6 7 0.0125
812 432 7 9 0.0125
983 377 8 10 0.0125
683 490 8 10 0.0124
948 488 6 8 0.0123
890 434 8 10 0.0123
35 328 6 8 0.0123
13 306 6 8 0.0122
550 458 8 9 0.0122
389 449 7 9 0.0121
907 474 7 8 0.0121
867 412 8 9 0.0120
9 306 6 8 0.0120
668 474 8 9 0.0120
233 368 7 9 0.0120
669 473 8 9 0.0119
383 397 8 10 0.0119
616 461 7 8 0.0118
930 500 7 8 0.0117
420 455 7 9 0.0117
721 484 7 8 0.0117
595 478 8 8 0.0116
370 414 7 9 0.0116
552 483 7 9 0.0116
165 329 7 9 0.0116
858 436 7 10 0.0116
754 364 9 12 0.0115
52 447 8 10 0.0115
573 398 9 10 0.0115
869 369 6 8 0.0114
181 348 8 9 0.0113
784 364 7 9 0.0113
831 477 7 9 0.0113
880 383 7 9 0.0113
355 429 7 9 0.0113
518 481 7 8 0.0113
878 447 6 9 0.0113
110 349 7 9 0.0112
865 369 7 8 0.0112
591 475 7 8 0.0112
784 478 7 9 0.0112
876 384 8 9 0.0111
555 357 7 9 0.0111
522 477 7 9 0.0111
975 399 8 9 0.0111
903 406 8 10 0.0110
188 413 8 10 0.0110
886 433 9 11 0.0110
642 371 6 8 0.0109
372 444 8 10 0.0109
1008 386 8 11 0.0109
657 497 7 8 0.0109
386 399 7 9 0.0108
686 364 9 10 0.0108
953 358 7 9 0.0108
262 356 6 9 0.0108
187 375 8 9 0.0107
158 351 7 9 0.0107
569 399 8 10 0.0107
459 371 12 13 0.0107
536 459 7 9 0.0106
535 487 6 8 0.0106
782 480 7 8 0.0106
751 364 8 12 0.0105
698 500 8 10 0.0105
198 352 7 8 0.0105
374 413 7 9 0.0105
688 482 7 10 0.0105
138 449 8 9 0.0104
243 364 7 9 0.0104
8 410 7 11 0.0104
938 383 8 9 0.0104
620 385 8 10 0.0104
871 411 8 9 0.0104
340 419 6 8 0.0104
578 373 7 9 0.0102
354 453 7 8 0.0102
56 308 6 8 0.0102
87 443 9 10 0.0102
103 348 7 8 0.0102
723 360 8 10 0.0102
1006 499 9 11 0.0101
216 349 7 9 0.0101
617 384 8 10 0.0101
639 371 7 8 0.0101
681 367 9 10 0.0101
875 352 7 9 0.0101
173 358 6 8 0.0101
236 388 7 10 0.0100
