35_Basketball_Basketball_35_209
502
501 135 33 45 0.8556
418 107 34 43 0.8400
173 189 21 27 0.7665
898 182 19 24 0.4612
977 223 13 17 0.4329
980 223 13 16 0.4193
900 182 19 24 0.4172
153 228 7 9 0.4167
613 234 11 14 0.4087
712 264 8 11 0.3805
87 238 9 11 0.3714
85 266 8 10 0.3670
611 234 10 14 0.3667
108 211 7 9 0.3627
108 238 7 9 0.3554
715 264 8 11 0.3378
65 268 9 12 0.3300
14 261 9 12 0.3265
132 228 7 9 0.3180
11 261 10 13 0.3124
85 238 8 10 0.3087
17 232 8 11 0.3002
87 266 8 10 0.2955
161 212 7 9 0.2947
110 211 8 9 0.2944
663 262 7 9 0.2936
79 227 7 9 0.2915
666 262 7 9 0.2886
179 276 8 10 0.2869
132 207 7 8 0.2854
143 252 9 10 0.2853
51 243 9 11 0.2852
17 209 8 10 0.2835
288 268 6 8 0.2806
833 262 11 13 0.2804
176 276 8 10 0.2791
931 194 8 9 0.2771
290 268 7 9 0.2706
1018 212 6 12 0.2639
20 209 8 10 0.2634
77 227 7 9 0.2626
111 238 7 9 0.2596
19 232 9 11 0.2588
128 198 6 8 0.2576
713 245 7 9 0.2532
182 248 8 9 0.2499
49 220 7 9 0.2439
928 193 8 11 0.2433
322 248 7 9 0.2422
319 248 7 9 0.2412
52 219 7 9 0.2400
269 225 5 7 0.2353
164 212 7 8 0.2339
159 238 7 9 0.2306
265 265 7 8 0.2302
117 268 7 9 0.2273
135 227 8 10 0.2260
263 265 6 8 0.2243
743 268 8 10 0.2234
711 245 6 9 0.2220
317 224 6 7 0.2216
266 225 5 7 0.2197
118 197 7 8 0.2176
184 249 8 10 0.2174
146 251 8 10 0.2161
89 207 7 9 0.2143
279 213 6 7 0.2124
162 239 7 8 0.2115
712 236 7 8 0.2111
314 224 6 7 0.2080
48 188 7 8 0.2061
115 267 7 10 0.2044
337 211 7 8 0.2041
135 206 6 9 0.2025
0 242 7 10 0.2018
74 209 6 8 0.1975
715 236 7 8 0.1969
31 264 9 10 0.1947
836 262 10 14 0.1897
369 250 7 9 0.1893
77 208 6 9 0.1892
67 269 9 12 0.1889
53 243 9 11 0.1858
86 207 8 9 0.1845
114 251 8 9 0.1840
950 189 7 8 0.1822
51 219 6 9 0.1820
151 266 8 10 0.1792
276 212 6 7 0.1792
300 201 5 7 0.1774
967 220 10 12 0.1758
21 182 7 8 0.1749
24 182 7 8 0.1720
288 222 6 7 0.1719
291 222 5 7 0.1708
115 197 7 8 0.1699
50 244 8 11 0.1651
125 197 7 8 0.1618
341 212 6 7 0.1591
49 218 6 10 0.1574
51 188 7 8 0.1572
153 198 6 8 0.1560
181 230 9 11 0.1538
360 270 6 8 0.1455
119 268 7 10 0.1427
16 232 8 10 0.1423
49 242 9 11 0.1417
34 264 9 11 0.1395
1 243 8 9 0.1392
337 250 7 8 0.1365
745 269 8 9 0.1359
742 268 7 10 0.1306
953 189 7 8 0.1303
926 183 8 9 0.1301
264 206 5 8 0.1300
140 276 8 9 0.1295
742 270 7 9 0.1258
262 205 6 7 0.1257
832 262 10 13 0.1243
691 240 6 7 0.1228
357 270 6 8 0.1224
77 232 7 9 0.1217
148 266 8 10 0.1197
643 271 6 8 0.1173
300 211 5 7 0.1145
278 199 5 6 0.1123
133 230 8 9 0.1112
611 265 9 12 0.1096
925 182 7 9 0.1068
129 273 7 10 0.1066
608 266 9 11 0.1063
334 198 5 7 0.1056
368 261 7 8 0.1048
142 251 8 10 0.1028
981 174 6 8 0.1018
23 181 7 9 0.1001
354 252 6 8 0.0984
454 265 7 9 0.0982
1003 215 8 10 0.0974
313 200 5 6 0.0973
1000 166 6 8 0.0970
116 197 6 8 0.0960
357 269 7 8 0.0922
112 250 7 10 0.0920
280 278 6 8 0.0919
74 207 6 9 0.0917
153 267 7 9 0.0917
65 197 6 7 0.0916
888 172 7 8 0.0913
929 183 7 8 0.0911
115 269 8 9 0.0905
33 202 8 9 0.0903
640 271 6 8 0.0884
136 233 8 10 0.0880
958 173 5 8 0.0879
20 181 7 8 0.0865
668 230 6 7 0.0864
64 269 9 12 0.0862
954 206 7 9 0.0854
181 247 7 9 0.0835
320 247 7 9 0.0834
358 248 6 8 0.0833
331 199 5 6 0.0829
62 198 6 8 0.0824
680 232 6 7 0.0824
997 166 6 8 0.0823
1 184 7 11 0.0819
275 198 5 7 0.0816
953 190 6 8 0.0816
978 173 6 8 0.0815
1018 274 6 17 0.0804
358 246 6 8 0.0804
147 193 6 8 0.0802
928 181 7 9 0.0798
291 269 7 8 0.0795
640 270 7 8 0.0777
670 230 5 7 0.0775
303 211 6 7 0.0752
967 218 9 12 0.0743
285 237 6 7 0.0736
640 237 7 9 0.0726
355 246 7 8 0.0726
18 231 9 11 0.0725
679 231 5 7 0.0723
961 173 6 8 0.0720
457 265 7 9 0.0713
76 189 7 9 0.0697
652 253 6 8 0.0691
990 156 6 7 0.0689
334 248 7 9 0.0688
283 280 6 7 0.0683
1 220 7 10 0.0678
843 225 7 9 0.0675
702 215 5 6 0.0673
666 230 5 6 0.0663
341 265 6 8 0.0661
253 200 5 6 0.0656
745 251 8 9 0.0650
957 207 7 9 0.0648
360 213 7 7 0.0633
957 205 7 9 0.0632
840 225 7 9 0.0631
143 250 8 10 0.0629
369 247 6 8 0.0629
149 195 7 9 0.0623
160 240 8 9 0.0610
289 222 6 7 0.0600
134 205 6 9 0.0598
876 186 7 9 0.0598
696 257 6 9 0.0594
1016 233 8 11 0.0592
697 258 7 9 0.0590
277 197 5 6 0.0586
630 236 7 10 0.0585
649 252 6 9 0.0575
298 200 6 7 0.0575
140 273 8 10 0.0556
339 249 7 8 0.0542
687 212 5 7 0.0541
63 267 9 12 0.0534
161 237 7 8 0.0530
1009 167 6 7 0.0524
732 241 7 9 0.0521
593 274 8 10 0.0501
684 212 5 7 0.0500
114 197 6 7 0.0497
663 238 6 9 0.0496
971 151 6 7 0.0496
310 199 5 7 0.0494
469 265 7 8 0.0491
367 251 6 8 0.0489
134 225 7 9 0.0485
960 261 10 12 0.0482
958 261 9 11 0.0480
339 210 6 8 0.0479
251 198 5 6 0.0478
111 238 7 9 0.0477
280 281 6 7 0.0477
888 196 9 12 0.0476
85 240 8 10 0.0476
879 185 8 11 0.0476
377 247 6 8 0.0473
267 223 6 8 0.0469
316 223 6 7 0.0469
254 198 6 7 0.0468
0 216 5 10 0.0466
320 248 7 8 0.0463
274 196 5 7 0.0461
930 192 8 11 0.0455
713 234 7 9 0.0450
116 198 7 8 0.0448
162 213 8 9 0.0447
96 69 5 8 0.0447
696 223 5 8 0.0444
74 180 7 8 0.0440
338 266 6 7 0.0437
988 156 5 7 0.0430
2 241 9 11 0.0427
745 267 9 11 0.0419
496 251 6 8 0.0414
184 229 10 13 0.0414
313 200 6 7 0.0414
951 189 7 9 0.0411
332 197 6 7 0.0409
643 270 7 8 0.0408
1013 166 5 7 0.0404
115 268 8 10 0.0400
670 241 7 9 0.0397
499 252 6 7 0.0387
841 193 6 8 0.0386
318 247 6 8 0.0382
129 197 6 8 0.0380
701 227 6 8 0.0380
349 215 6 8 0.0378
676 245 7 8 0.0375
298 202 6 7 0.0374
77 226 8 9 0.0374
71 179 7 8 0.0373
340 212 6 8 0.0372
17 207 8 10 0.0369
283 277 6 8 0.0367
30 201 7 10 0.0364
839 195 6 7 0.0362
110 213 7 9 0.0361
818 213 6 7 0.0360
33 265 9 11 0.0356
885 162 6 7 0.0350
959 171 6 7 0.0349
838 194 6 7 0.0346
842 194 6 8 0.0346
1003 216 9 11 0.0337
650 252 7 8 0.0335
613 267 9 9 0.0334
376 246 7 7 0.0334
85 239 8 10 0.0331
455 267 6 9 0.0328
181 247 7 10 0.0321
90 239 8 10 0.0314
736 247 7 9 0.0313
637 249 7 10 0.0311
864 181 5 7 0.0310
667 262 7 9 0.0306
340 267 6 8 0.0304
670 214 5 6 0.0301
329 197 6 7 0.0301
815 213 6 7 0.0301
185 246 7 10 0.0299
54 241 8 11 0.0297
592 272 7 9 0.0297
748 251 8 10 0.0295
38 240 8 11 0.0295
52 66 6 8 0.0292
288 269 7 8 0.0288
341 265 6 8 0.0288
180 277 8 8 0.0288
958 174 6 7 0.0287
124 271 8 10 0.0283
468 265 7 9 0.0281
54 189 7 8 0.0279
491 265 7 8 0.0279
98 69 6 8 0.0277
37 266 8 11 0.0271
594 273 8 9 0.0269
980 173 6 8 0.0263
155 268 7 9 0.0261
749 215 6 7 0.0260
360 269 6 8 0.0258
590 275 8 9 0.0258
79 189 7 9 0.0255
470 267 6 8 0.0254
890 163 6 9 0.0253
836 265 9 11 0.0252
471 250 7 8 0.0251
36 220 8 10 0.0251
468 250 6 8 0.0248
64 66 6 8 0.0245
53 218 7 9 0.0243
637 222 6 7 0.0243
754 215 6 8 0.0240
751 216 6 7 0.0238
669 230 6 7 0.0236
712 213 6 7 0.0235
1019 266 5 14 0.0233
1018 228 6 13 0.0233
50 186 6 8 0.0232
760 239 6 9 0.0231
29 54 6 7 0.0231
956 147 5 6 0.0230
183 248 9 9 0.0228
177 274 7 10 0.0227
997 215 9 12 0.0222
700 216 6 6 0.0221
634 225 6 8 0.0220
265 267 6 9 0.0219
107 236 7 9 0.0219
468 248 6 7 0.0218
167 289 8 9 0.0217
69 187 7 9 0.0216
333 199 7 7 0.0215
94 196 8 9 0.0214
472 246 7 7 0.0214
286 239 7 8 0.0214
56 245 8 10 0.0213
753 214 6 7 0.0212
945 158 6 6 0.0211
667 267 7 8 0.0211
181 294 8 9 0.0209
664 260 7 9 0.0207
877 188 7 9 0.0205
5 186 7 10 0.0204
874 181 6 8 0.0204
458 261 5 7 0.0203
270 199 6 8 0.0203
47 186 6 8 0.0203
635 266 7 9 0.0202
916 166 7 8 0.0202
315 222 6 8 0.0200
458 267 6 9 0.0200
361 214 7 8 0.0199
708 246 7 9 0.0198
265 266 7 8 0.0197
95 67 6 8 0.0196
729 217 6 7 0.0196
929 176 6 7 0.0195
832 259 10 13 0.0195
89 267 8 10 0.0195
0 181 6 9 0.0194
831 263 11 13 0.0184
49 67 6 7 0.0184
495 265 6 9 0.0182
98 68 6 7 0.0180
262 263 6 8 0.0179
900 149 5 6 0.0179
953 147 5 6 0.0179
1002 167 6 7 0.0176
604 270 8 9 0.0176
749 203 6 8 0.0175
651 225 6 8 0.0174
1015 212 9 13 0.0173
50 65 7 8 0.0172
617 266 8 10 0.0171
85 268 8 10 0.0170
726 229 7 8 0.0169
1018 209 6 11 0.0168
149 287 7 8 0.0167
753 204 6 8 0.0165
963 219 8 11 0.0164
26 54 6 8 0.0161
980 154 5 6 0.0161
491 268 7 9 0.0161
147 81 6 7 0.0156
32 267 9 11 0.0156
359 195 6 7 0.0156
10 262 10 13 0.0155
894 174 8 14 0.0155
933 158 5 7 0.0155
182 276 8 10 0.0154
591 214 6 8 0.0154
288 240 6 9 0.0154
1019 278 5 14 0.0154
85 266 8 10 0.0153
89 290 8 9 0.0153
86 234 8 10 0.0152
865 182 6 7 0.0152
60 66 6 8 0.0152
885 173 7 8 0.0152
495 249 6 9 0.0150
967 242 9 11 0.0148
356 215 7 8 0.0147
587 213 7 8 0.0145
253 220 6 7 0.0144
751 216 6 7 0.0143
469 249 6 8 0.0143
228 207 6 7 0.0142
126 79 8 10 0.0140
745 268 8 9 0.0139
686 211 5 6 0.0139
227 206 6 7 0.0139
373 214 6 7 0.0139
138 64 5 6 0.0138
747 251 7 8 0.0137
981 139 6 7 0.0134
683 211 5 7 0.0134
653 221 6 7 0.0133
762 238 6 10 0.0133
879 248 10 14 0.0132
583 255 6 9 0.0131
185 253 7 10 0.0129
0 172 4 9 0.0129
64 178 7 8 0.0129
361 192 6 7 0.0128
64 269 9 11 0.0128
978 139 6 6 0.0127
493 266 6 8 0.0127
207 186 8 9 0.0126
693 270 7 8 0.0125
926 150 5 6 0.0125
454 266 6 8 0.0125
742 240 7 9 0.0124
265 228 7 8 0.0124
358 199 6 8 0.0122
729 298 7 9 0.0122
48 65 6 8 0.0122
54 290 7 8 0.0122
224 205 6 8 0.0121
178 293 7 9 0.0120
27 53 6 7 0.0119
173 273 8 10 0.0118
871 190 6 8 0.0116
496 252 6 7 0.0115
1015 274 9 13 0.0115
160 197 7 11 0.0115
0 335 6 29 0.0114
873 246 12 16 0.0114
964 242 10 11 0.0114
929 159 6 8 0.0114
716 240 7 9 0.0114
935 207 9 11 0.0113
165 290 7 9 0.0113
863 191 6 7 0.0111
843 176 5 8 0.0111
26 179 7 9 0.0110
14 211 9 11 0.0110
250 199 6 7 0.0109
955 146 5 6 0.0109
663 266 7 9 0.0109
1018 182 6 10 0.0108
868 206 11 16 0.0108
15 178 7 9 0.0108
129 79 8 10 0.0106
13 260 8 11 0.0105
955 147 5 6 0.0104
114 287 7 10 0.0104
962 243 9 10 0.0103
909 167 8 9 0.0102
7 47 6 7 0.0102
727 298 6 9 0.0102
36 242 8 10 0.0101
952 145 5 7 0.0101
591 208 6 7 0.0101
369 234 7 7 0.0100
711 209 6 7 0.0100
