35_Basketball_playingbasketball_35_127
29
595 181 51 68 0.8818
492 108 38 49 0.8700
531 162 39 53 0.8688
318 55 30 38 0.8563
638 31 32 44 0.8531
887 62 27 36 0.8226
851 5 27 27 0.7652
90 18 19 24 0.6908
760 13 21 24 0.6902
1007 115 15 32 0.5801
168 5 19 18 0.5403
401 6 23 19 0.5355
15 64 17 22 0.4912
170 5 19 18 0.3427
1003 115 14 31 0.2755
14 64 16 21 0.2467
419 82 21 23 0.2373
93 18 18 24 0.1337
126 4 16 13 0.0704
418 76 20 25 0.0497
758 13 20 25 0.0484
18 64 16 22 0.0394
373 15 16 21 0.0342
128 5 16 14 0.0327
17 64 16 21 0.0307
426 83 18 22 0.0287
399 6 22 19 0.0218
401 4 22 19 0.0170
370 13 15 20 0.0131
