35_Basketball_Basketball_35_457
347
607 146 39 44 0.8417
939 319 14 16 0.3569
410 335 9 11 0.3178
407 334 9 13 0.3171
50 380 8 10 0.2917
152 351 6 9 0.2711
155 351 6 8 0.2686
52 380 8 10 0.2499
157 372 6 8 0.2302
375 327 11 13 0.2290
195 369 6 8 0.2217
249 390 6 9 0.2116
119 352 6 7 0.2113
246 390 7 9 0.2110
129 370 7 9 0.2091
127 370 6 8 0.2090
12 357 8 8 0.2082
271 364 5 6 0.1999
193 369 6 8 0.1980
212 358 6 7 0.1972
160 371 7 8 0.1912
282 375 6 8 0.1830
81 346 7 8 0.1826
88 359 7 8 0.1813
122 352 6 8 0.1808
143 336 6 7 0.1767
85 346 6 8 0.1723
379 327 9 13 0.1679
93 379 7 9 0.1649
96 379 7 8 0.1641
215 358 6 8 0.1623
10 357 7 8 0.1607
941 318 15 17 0.1594
85 359 7 8 0.1572
303 364 6 8 0.1555
234 349 7 8 0.1517
280 375 5 8 0.1515
159 371 7 9 0.1506
197 369 6 8 0.1504
213 384 7 9 0.1489
138 385 6 9 0.1487
134 385 7 9 0.1438
124 339 6 7 0.1412
262 380 6 8 0.1390
209 341 5 7 0.1353
130 370 7 8 0.1352
141 336 7 7 0.1337
245 390 7 9 0.1310
306 364 7 8 0.1308
177 340 5 6 0.1297
290 330 5 7 0.1294
293 330 5 7 0.1274
10 358 8 8 0.1271
216 359 5 7 0.1240
269 363 5 7 0.1218
43 348 7 8 0.1215
14 357 7 8 0.1212
127 371 7 9 0.1209
210 384 7 9 0.1185
208 388 7 8 0.1176
206 342 5 6 0.1155
136 384 7 9 0.1153
254 373 6 8 0.1132
180 340 5 6 0.1118
251 372 6 8 0.1116
42 347 6 8 0.1103
324 339 6 7 0.1052
233 349 6 8 0.1036
82 310 6 7 0.1007
122 339 5 7 0.0986
205 388 7 8 0.0972
170 386 7 9 0.0959
941 318 14 17 0.0955
215 385 7 8 0.0948
212 360 6 7 0.0943
71 382 8 9 0.0932
236 350 6 8 0.0928
45 347 6 8 0.0887
84 309 6 7 0.0875
80 309 6 8 0.0870
517 390 5 6 0.0867
302 343 6 6 0.0859
115 334 6 7 0.0832
154 349 6 8 0.0826
181 298 5 6 0.0812
305 343 6 6 0.0804
164 316 6 7 0.0788
46 348 6 8 0.0786
74 382 8 9 0.0767
167 316 6 7 0.0758
83 347 6 8 0.0752
173 384 7 9 0.0735
218 321 5 6 0.0728
140 336 6 7 0.0724
360 323 10 13 0.0716
171 404 8 9 0.0715
335 334 5 7 0.0712
173 385 7 9 0.0709
0 350 6 10 0.0707
502 391 5 6 0.0694
246 390 6 8 0.0692
183 355 6 7 0.0686
938 318 15 17 0.0654
175 404 8 9 0.0652
114 335 6 7 0.0645
112 333 6 7 0.0639
332 334 5 7 0.0633
155 297 6 8 0.0622
360 322 7 8 0.0598
178 298 5 6 0.0585
42 331 6 7 0.0584
183 308 6 7 0.0582
117 352 6 8 0.0576
38 302 5 7 0.0575
177 299 5 6 0.0571
101 307 6 6 0.0566
542 404 5 6 0.0544
98 307 6 7 0.0540
83 309 6 7 0.0534
35 302 5 7 0.0533
234 314 5 7 0.0526
86 346 6 9 0.0524
176 298 5 6 0.0496
499 391 5 6 0.0485
42 360 7 9 0.0482
73 384 7 10 0.0477
490 364 5 6 0.0473
151 298 7 8 0.0459
257 346 6 6 0.0455
153 295 6 8 0.0454
377 348 8 13 0.0451
357 324 9 12 0.0448
66 305 6 7 0.0446
192 317 5 7 0.0443
648 384 5 6 0.0438
252 344 6 7 0.0436
214 404 9 10 0.0430
428 349 6 9 0.0428
169 384 7 9 0.0427
64 305 6 7 0.0424
77 384 7 9 0.0413
260 367 6 7 0.0409
167 387 8 9 0.0409
215 320 5 7 0.0407
187 352 5 7 0.0404
69 355 7 9 0.0400
514 387 5 7 0.0397
461 376 5 6 0.0396
178 339 5 6 0.0394
408 334 9 11 0.0383
160 372 7 7 0.0382
193 370 6 7 0.0375
380 348 8 12 0.0374
130 369 7 8 0.0372
119 351 6 8 0.0367
44 331 6 8 0.0366
218 405 8 9 0.0360
39 331 6 7 0.0359
525 392 5 6 0.0358
120 303 6 7 0.0355
458 376 5 6 0.0352
329 381 7 9 0.0350
126 387 8 9 0.0349
95 292 6 7 0.0346
267 362 5 7 0.0341
540 403 5 6 0.0341
1 330 6 9 0.0339
200 302 5 6 0.0339
287 376 6 7 0.0339
207 340 5 7 0.0333
519 390 5 7 0.0326
210 420 7 9 0.0323
236 348 6 8 0.0321
857 381 5 6 0.0320
209 314 5 6 0.0318
98 292 6 7 0.0316
304 363 7 7 0.0315
292 335 5 7 0.0311
326 382 6 8 0.0309
492 379 5 6 0.0302
496 381 4 6 0.0302
229 302 5 6 0.0300
874 445 6 8 0.0295
127 302 7 8 0.0294
175 338 5 7 0.0293
54 381 7 10 0.0292
85 347 6 7 0.0290
327 337 5 7 0.0288
478 383 5 6 0.0285
534 382 5 6 0.0284
50 382 7 10 0.0282
543 404 6 7 0.0282
156 350 6 8 0.0280
42 349 7 7 0.0277
91 379 7 8 0.0276
213 420 8 9 0.0269
536 400 5 6 0.0268
491 401 6 6 0.0267
130 396 6 9 0.0260
210 342 6 8 0.0260
873 382 5 6 0.0259
258 332 5 7 0.0258
264 344 5 7 0.0254
644 384 6 6 0.0253
283 375 6 7 0.0252
436 386 5 6 0.0252
1009 391 4 6 0.0245
318 338 6 6 0.0243
267 364 7 8 0.0243
301 364 6 7 0.0240
726 395 5 6 0.0238
169 404 7 8 0.0232
203 302 5 6 0.0232
292 329 5 6 0.0231
438 387 5 6 0.0230
453 359 5 6 0.0229
181 340 6 8 0.0229
190 318 5 7 0.0224
860 398 5 5 0.0222
542 404 5 5 0.0221
449 357 5 7 0.0220
469 371 6 7 0.0220
462 373 5 7 0.0219
453 393 5 7 0.0215
167 318 6 6 0.0215
856 398 5 6 0.0214
357 321 7 8 0.0213
215 321 5 6 0.0211
36 301 6 7 0.0211
320 341 6 6 0.0209
649 385 5 6 0.0209
280 316 5 7 0.0209
451 358 5 7 0.0207
263 381 6 8 0.0204
880 396 5 6 0.0202
278 362 6 7 0.0201
723 395 5 6 0.0200
109 367 7 9 0.0198
524 330 6 7 0.0198
627 390 5 6 0.0197
226 302 5 6 0.0196
246 391 6 7 0.0195
139 293 6 8 0.0194
521 330 5 7 0.0194
330 383 6 7 0.0191
888 398 5 6 0.0191
433 384 5 8 0.0190
518 391 5 6 0.0188
877 445 7 8 0.0187
857 396 4 7 0.0187
136 293 7 8 0.0187
646 384 5 7 0.0187
296 343 6 7 0.0184
327 383 6 7 0.0184
54 379 7 9 0.0184
216 404 7 9 0.0184
68 306 6 7 0.0180
624 390 5 6 0.0180
434 387 5 7 0.0179
125 300 6 7 0.0179
265 351 6 8 0.0175
116 369 7 8 0.0174
701 368 6 6 0.0174
234 316 5 6 0.0172
64 306 6 7 0.0171
480 354 5 6 0.0169
457 393 5 7 0.0166
362 323 8 10 0.0166
263 279 5 6 0.0165
514 361 5 7 0.0164
140 340 6 7 0.0162
875 383 5 6 0.0162
138 294 6 8 0.0161
1012 392 5 5 0.0161
161 403 7 9 0.0161
10 356 8 9 0.0160
488 401 5 6 0.0158
657 404 5 6 0.0156
425 347 7 9 0.0156
439 399 6 8 0.0155
93 382 7 9 0.0155
272 314 5 7 0.0154
157 297 5 7 0.0154
500 361 5 6 0.0153
266 279 5 6 0.0152
485 353 4 6 0.0150
199 299 5 7 0.0149
202 300 5 6 0.0149
330 348 7 8 0.0148
15 393 8 10 0.0147
268 300 5 6 0.0144
0 416 6 10 0.0144
861 397 4 5 0.0144
494 379 6 7 0.0143
871 444 7 9 0.0141
40 331 6 6 0.0140
236 284 5 6 0.0140
420 382 5 8 0.0138
463 375 6 7 0.0138
72 274 6 7 0.0137
337 314 6 7 0.0137
895 397 5 5 0.0136
118 303 5 6 0.0136
1007 389 5 7 0.0134
861 381 5 6 0.0131
39 360 7 8 0.0131
265 300 5 6 0.0130
938 378 5 6 0.0129
895 396 4 6 0.0128
239 320 6 7 0.0128
463 396 5 7 0.0128
271 316 5 7 0.0127
135 389 6 9 0.0126
65 304 5 7 0.0125
248 372 6 8 0.0124
212 382 7 8 0.0124
181 299 5 6 0.0124
43 398 8 9 0.0122
469 354 5 7 0.0122
497 360 4 6 0.0122
268 314 5 7 0.0122
477 388 5 6 0.0119
511 333 5 7 0.0118
70 274 5 7 0.0117
68 358 7 8 0.0116
99 381 7 8 0.0116
501 393 5 7 0.0115
244 319 5 7 0.0115
726 397 5 6 0.0114
892 397 4 5 0.0114
307 365 6 8 0.0111
450 360 5 7 0.0109
705 368 5 6 0.0109
179 402 7 9 0.0108
723 397 5 7 0.0108
913 406 5 5 0.0107
511 359 6 6 0.0107
871 420 5 7 0.0105
715 390 6 6 0.0105
429 347 7 8 0.0104
628 377 5 7 0.0104
153 339 6 7 0.0104
612 398 5 7 0.0101
212 419 8 10 0.0101
374 347 9 11 0.0101
231 349 6 8 0.0100
600 405 5 7 0.0100
