35_Basketball_playingbasketball_35_195
111
460 390 16 20 0.7648
972 386 15 19 0.7139
583 378 16 24 0.4700
1013 397 11 16 0.4143
211 271 17 31 0.4085
1011 396 12 16 0.3908
306 402 10 12 0.3872
112 405 10 13 0.3671
740 396 9 13 0.3660
539 400 10 14 0.3581
116 405 9 12 0.3565
713 397 9 12 0.3525
736 396 10 13 0.3451
53 400 10 13 0.3342
208 271 16 31 0.3279
503 384 11 14 0.3206
709 397 10 12 0.3198
303 402 9 12 0.3190
433 400 8 12 0.3064
775 403 9 10 0.3026
252 405 8 11 0.3023
154 402 9 13 0.2989
151 403 9 12 0.2969
347 396 9 12 0.2913
507 384 10 14 0.2903
249 405 8 11 0.2814
537 401 10 13 0.2802
772 403 9 10 0.2794
344 396 9 11 0.2608
782 387 10 13 0.2496
414 407 7 10 0.2221
0 421 5 12 0.2158
359 398 8 12 0.1976
361 399 9 11 0.1955
587 379 14 23 0.1953
56 400 9 12 0.1885
559 396 10 15 0.1815
431 400 9 12 0.1780
618 427 7 9 0.1761
417 406 7 11 0.1706
683 404 8 10 0.1603
681 404 8 10 0.1562
429 400 8 11 0.1550
556 397 10 14 0.1543
135 415 8 9 0.1469
616 427 7 8 0.1466
580 378 16 24 0.1452
560 397 10 15 0.1445
615 428 7 8 0.1280
362 398 9 12 0.1242
779 386 10 13 0.1211
138 415 8 9 0.1188
51 400 10 13 0.1166
504 385 11 14 0.1114
51 398 10 14 0.1074
620 427 7 9 0.0899
418 408 7 9 0.0882
541 401 10 14 0.0871
679 404 8 10 0.0784
349 397 9 11 0.0777
619 426 7 9 0.0776
363 400 9 11 0.0703
507 385 11 13 0.0634
785 387 9 13 0.0599
416 409 6 9 0.0558
417 407 8 10 0.0523
0 423 6 12 0.0519
679 403 7 10 0.0500
665 394 7 9 0.0490
55 398 10 13 0.0465
136 412 7 9 0.0462
669 395 7 9 0.0457
137 413 7 11 0.0396
345 399 9 10 0.0391
157 404 8 11 0.0349
777 389 10 12 0.0338
777 387 9 11 0.0329
1010 398 11 15 0.0321
966 400 10 12 0.0292
209 273 16 30 0.0253
614 426 7 9 0.0251
683 402 7 10 0.0250
249 409 8 10 0.0245
581 381 15 21 0.0228
537 400 10 12 0.0223
679 405 7 9 0.0222
152 402 8 11 0.0209
777 388 10 11 0.0208
669 395 7 9 0.0198
392 427 7 9 0.0177
290 433 8 11 0.0176
784 386 9 12 0.0175
390 428 6 8 0.0168
1008 396 12 15 0.0165
254 408 8 9 0.0152
286 433 8 11 0.0147
112 406 10 12 0.0147
305 401 9 11 0.0145
969 387 13 17 0.0144
411 407 7 10 0.0142
411 401 8 10 0.0130
590 379 13 21 0.0125
368 418 9 12 0.0121
710 398 10 12 0.0121
248 405 7 11 0.0115
150 403 7 10 0.0114
769 402 9 11 0.0113
774 403 9 10 0.0107
251 404 8 9 0.0104
664 399 8 9 0.0103
288 435 7 10 0.0101
