35_Basketball_playingbasketball_35_417
34
370 20 44 51 0.8529
351 237 36 50 0.8377
284 255 32 48 0.8352
889 163 29 35 0.8075
960 53 31 41 0.8020
214 244 29 53 0.7936
183 49 25 30 0.7738
741 89 31 34 0.7467
51 66 29 35 0.7395
527 38 27 31 0.6777
226 132 31 36 0.6592
247 64 25 27 0.5290
314 57 26 28 0.4955
54 197 24 29 0.2882
919 114 26 32 0.2496
51 196 23 31 0.1228
924 114 23 31 0.1201
208 203 31 41 0.0872
447 34 21 28 0.0765
446 36 25 37 0.0595
451 33 21 31 0.0468
164 71 22 28 0.0467
449 35 28 40 0.0321
908 114 27 32 0.0224
1006 181 18 35 0.0222
209 200 29 36 0.0175
244 61 23 27 0.0170
319 57 26 28 0.0165
245 63 24 28 0.0144
165 74 25 28 0.0125
135 0 17 19 0.0112
905 111 25 33 0.0111
1008 178 16 27 0.0101
110 164 20 21 0.0100
