35_Basketball_basketballgame_ball_35_375
1789
986 481 12 17 0.5306
626 154 7 9 0.5133
612 115 7 9 0.4774
203 167 7 8 0.4721
231 152 7 9 0.4689
994 533 13 19 0.4685
273 176 7 8 0.4661
612 230 7 10 0.4554
576 91 7 8 0.4533
640 76 6 8 0.4391
612 151 8 9 0.4365
629 215 8 10 0.4364
1016 259 7 12 0.4317
721 99 7 9 0.4315
501 166 7 9 0.4306
459 180 7 8 0.4286
156 176 6 8 0.4276
164 163 7 8 0.4173
478 102 6 8 0.4088
395 64 6 8 0.4040
548 166 6 9 0.4011
877 117 7 9 0.3973
907 204 7 10 0.3960
283 138 7 8 0.3924
963 167 7 9 0.3914
449 140 6 8 0.3903
133 64 6 8 0.3874
557 125 6 8 0.3856
925 72 7 9 0.3844
412 153 7 9 0.3829
322 182 7 9 0.3801
517 104 6 9 0.3792
257 176 6 8 0.3779
464 14 5 7 0.3763
588 214 7 9 0.3760
292 175 7 9 0.3746
540 90 6 8 0.3735
573 192 8 10 0.3721
95 154 6 8 0.3716
542 206 7 10 0.3706
491 140 7 8 0.3703
111 63 6 7 0.3703
81 128 6 8 0.3692
566 55 6 7 0.3682
106 91 6 7 0.3676
280 192 7 9 0.3672
567 167 7 9 0.3663
478 180 6 9 0.3638
648 179 7 9 0.3620
442 178 7 8 0.3608
277 192 7 9 0.3603
386 78 6 7 0.3598
54 138 6 9 0.3588
738 100 6 9 0.3582
556 234 8 10 0.3577
298 106 6 7 0.3577
297 141 7 8 0.3576
249 155 6 8 0.3572
915 138 7 9 0.3540
655 220 7 10 0.3534
534 185 7 9 0.3526
67 138 7 9 0.3518
592 227 8 10 0.3507
361 115 6 7 0.3506
272 90 6 7 0.3505
994 169 8 9 0.3495
703 60 6 8 0.3486
946 138 6 9 0.3481
915 117 7 9 0.3474
595 111 7 9 0.3457
916 227 7 9 0.3455
544 206 7 10 0.3447
863 181 7 8 0.3444
594 227 8 10 0.3444
684 235 7 11 0.3441
458 120 6 8 0.3441
677 116 6 9 0.3434
556 106 6 8 0.3432
143 79 5 7 0.3430
300 192 7 9 0.3426
992 533 12 19 0.3423
156 139 7 9 0.3423
593 149 7 10 0.3421
213 154 6 7 0.3421
635 132 7 9 0.3417
517 164 7 10 0.3416
450 65 6 8 0.3416
636 232 8 10 0.3415
740 100 7 9 0.3408
968 80 7 9 0.3405
846 150 7 10 0.3402
891 156 7 9 0.3401
741 25 6 8 0.3401
321 125 7 8 0.3394
809 188 8 11 0.3390
165 151 6 8 0.3386
271 158 6 8 0.3384
303 192 7 9 0.3383
92 16 6 7 0.3368
491 125 6 8 0.3368
238 118 6 7 0.3361
624 177 6 8 0.3358
466 159 6 8 0.3357
517 88 6 7 0.3355
673 158 7 10 0.3353
909 204 8 10 0.3353
613 216 7 9 0.3346
823 152 7 9 0.3334
550 166 7 9 0.3326
494 139 7 9 0.3322
673 220 8 10 0.3322
55 93 6 7 0.3321
940 164 7 9 0.3317
682 136 7 9 0.3309
463 28 6 8 0.3308
526 204 7 9 0.3294
344 183 7 10 0.3293
319 181 7 9 0.3292
877 54 6 7 0.3289
895 182 8 9 0.3289
555 90 6 8 0.3289
593 111 7 9 0.3287
864 223 7 9 0.3287
504 1 6 6 0.3268
660 78 6 8 0.3266
643 24 6 7 0.3262
519 88 6 7 0.3261
825 152 7 10 0.3261
682 63 6 8 0.3255
541 107 6 8 0.3251
69 138 7 9 0.3248
531 126 6 8 0.3248
339 131 6 7 0.3245
271 104 7 8 0.3243
481 180 6 9 0.3240
479 123 6 8 0.3231
861 157 6 8 0.3228
440 178 6 8 0.3227
593 53 6 9 0.3227
881 210 7 9 0.3213
319 194 7 10 0.3204
110 156 6 8 0.3202
616 216 7 9 0.3200
777 214 8 10 0.3194
680 136 7 8 0.3193
132 144 6 7 0.3193
591 132 6 9 0.3189
620 76 6 8 0.3187
520 164 7 10 0.3184
506 127 6 9 0.3182
177 129 5 8 0.3180
498 104 6 8 0.3177
524 204 6 8 0.3177
245 136 6 8 0.3174
852 94 7 8 0.3173
219 170 7 8 0.3171
495 104 6 8 0.3164
237 186 6 8 0.3159
974 186 7 10 0.3157
383 115 6 8 0.3156
270 73 6 8 0.3154
577 113 6 8 0.3154
697 140 6 8 0.3147
216 154 6 8 0.3140
639 232 8 10 0.3136
971 186 8 9 0.3134
415 64 6 8 0.3130
173 129 6 8 0.3128
783 25 6 9 0.3127
806 188 8 11 0.3127
774 215 7 9 0.3112
957 100 6 9 0.3111
85 77 6 7 0.3109
605 191 7 10 0.3106
258 89 5 7 0.3105
687 236 7 10 0.3101
251 155 7 8 0.3100
933 208 7 9 0.3095
717 81 6 8 0.3092
866 223 8 9 0.3091
380 25 6 8 0.3089
585 214 7 9 0.3086
241 118 6 7 0.3085
649 240 7 9 0.3083
950 77 6 8 0.3083
650 179 7 9 0.3081
147 64 5 8 0.3080
97 128 6 8 0.3079
915 158 7 9 0.3078
446 14 6 7 0.3076
649 159 7 9 0.3073
626 177 7 8 0.3069
890 138 6 8 0.3068
948 77 6 8 0.3068
381 193 7 9 0.3068
612 96 6 7 0.3068
390 42 5 8 0.3065
418 64 5 8 0.3063
728 30 5 7 0.3057
265 142 5 7 0.3056
774 146 7 9 0.3048
851 117 7 8 0.3047
716 126 6 8 0.3046
262 142 6 7 0.3045
500 218 7 10 0.3044
626 42 6 7 0.3034
685 63 6 8 0.3034
100 167 7 7 0.3032
300 141 6 8 0.3031
683 203 7 9 0.3031
380 115 6 7 0.3031
569 128 6 8 0.3029
563 73 6 7 0.3023
113 156 6 8 0.3020
679 117 7 8 0.3015
332 76 6 8 0.3008
558 90 6 8 0.3005
181 66 6 8 0.3002
509 128 6 8 0.3000
143 176 6 7 0.2999
75 167 7 8 0.2997
524 226 8 10 0.2995
539 148 7 8 0.2995
694 120 6 8 0.2994
753 226 7 9 0.2993
756 29 7 8 0.2992
368 94 6 7 0.2989
933 102 7 8 0.2987
860 135 7 9 0.2985
704 23 6 9 0.2985
502 219 7 9 0.2983
350 128 6 8 0.2981
939 38 7 8 0.2975
354 77 6 7 0.2973
269 104 6 8 0.2971
713 126 6 8 0.2968
559 234 8 10 0.2962
9 158 5 7 0.2957
520 104 6 9 0.2948
646 240 8 9 0.2947
487 2 5 6 0.2946
103 167 7 8 0.2945
860 198 8 9 0.2942
357 77 6 7 0.2933
171 174 6 8 0.2932
393 42 5 8 0.2931
255 89 6 7 0.2928
94 128 6 8 0.2928
646 56 5 8 0.2922
936 121 6 8 0.2922
897 182 8 9 0.2922
839 175 7 9 0.2921
195 3 6 7 0.2919
403 95 6 8 0.2915
622 76 6 8 0.2913
361 167 7 9 0.2912
426 14 6 7 0.2912
5 158 6 7 0.2907
131 158 6 8 0.2907
429 121 7 8 0.2906
352 128 7 8 0.2900
976 23 7 8 0.2899
880 118 7 8 0.2898
570 167 7 9 0.2897
706 241 7 10 0.2896
485 12 6 8 0.2892
672 40 6 7 0.2888
1000 103 7 9 0.2888
863 157 7 8 0.2887
253 186 7 9 0.2887
905 77 6 8 0.2886
525 70 5 8 0.2885
149 64 6 8 0.2885
866 181 7 8 0.2884
322 93 7 7 0.2883
533 126 7 8 0.2874
780 25 7 9 0.2872
378 193 7 8 0.2867
460 120 7 8 0.2866
449 158 6 8 0.2866
834 216 7 10 0.2865
346 183 8 10 0.2865
94 64 6 7 0.2863
310 123 6 7 0.2860
572 128 6 8 0.2856
216 132 6 8 0.2856
695 204 7 9 0.2853
482 12 6 7 0.2850
966 167 7 10 0.2843
443 14 5 7 0.2841
950 186 7 10 0.2836
429 135 7 9 0.2836
364 144 6 9 0.2825
361 144 7 9 0.2819
637 117 6 8 0.2813
1005 276 9 11 0.2811
533 4 6 7 0.2809
919 227 7 9 0.2807
347 107 7 8 0.2805
948 138 7 9 0.2804
43 75 5 8 0.2802
82 77 6 7 0.2799
133 52 5 6 0.2792
456 100 6 8 0.2791
188 168 6 7 0.2790
409 194 7 9 0.2770
257 72 6 7 0.2767
583 179 6 8 0.2766
777 146 7 9 0.2760
971 80 6 9 0.2760
471 137 6 8 0.2760
359 167 7 9 0.2757
51 138 7 9 0.2757
289 175 7 9 0.2756
730 30 6 7 0.2754
936 102 7 8 0.2750
995 38 7 9 0.2748
942 164 7 9 0.2748
195 176 6 8 0.2745
412 194 6 9 0.2745
60 163 6 8 0.2745
406 95 6 8 0.2743
474 137 6 8 0.2742
1007 276 9 11 0.2740
593 3 5 8 0.2738
917 138 8 9 0.2738
595 150 7 9 0.2738
681 100 7 7 0.2735
997 169 7 9 0.2731
616 24 6 7 0.2729
960 100 6 9 0.2726
679 83 6 7 0.2725
879 53 7 8 0.2724
102 3 5 7 0.2721
273 158 7 8 0.2718
475 47 6 7 0.2716
638 132 7 9 0.2714
235 83 6 8 0.2712
541 71 6 8 0.2708
607 192 7 9 0.2708
652 159 7 9 0.2708
33 91 6 8 0.2707
213 132 6 8 0.2707
572 149 7 9 0.2704
521 226 8 9 0.2704
335 106 6 8 0.2704
593 17 6 8 0.2702
312 161 6 8 0.2699
819 174 8 10 0.2698
542 148 6 8 0.2696
224 82 6 7 0.2689
505 148 7 9 0.2689
364 60 6 8 0.2688
534 49 5 8 0.2682
676 220 7 10 0.2680
371 93 6 8 0.2676
307 123 6 7 0.2676
611 39 5 7 0.2673
174 174 6 8 0.2670
221 39 6 7 0.2668
458 99 7 9 0.2661
537 49 5 8 0.2660
31 91 6 8 0.2660
238 172 6 7 0.2658
701 24 6 7 0.2655
378 25 5 8 0.2653
676 159 7 9 0.2652
432 121 6 9 0.2649
998 38 7 9 0.2647
220 183 7 8 0.2642
254 175 7 9 0.2638
995 6 7 9 0.2638
899 57 6 8 0.2635
694 104 7 8 0.2633
426 157 6 8 0.2631
998 80 6 8 0.2631
571 213 7 9 0.2631
476 123 6 8 0.2623
854 117 6 8 0.2615
893 156 7 9 0.2614
942 38 6 8 0.2614
721 9 6 7 0.2613
99 3 5 7 0.2608
575 149 7 9 0.2607
676 41 6 8 0.2605
452 213 7 10 0.2601
484 159 6 9 0.2601
163 52 5 7 0.2600
194 147 6 8 0.2598
936 53 6 8 0.2597
180 163 6 8 0.2595
455 2 5 7 0.2595
313 105 6 8 0.2595
499 87 6 7 0.2594
701 42 6 7 0.2590
919 58 7 8 0.2589
362 27 5 7 0.2585
527 70 6 7 0.2584
416 175 7 9 0.2583
855 94 6 8 0.2582
421 195 6 8 0.2581
350 108 6 7 0.2578
935 208 7 9 0.2578
634 100 6 7 0.2578
543 108 6 7 0.2577
289 121 6 8 0.2575
450 43 6 7 0.2572
831 216 8 10 0.2571
842 174 7 10 0.2570
29 105 6 7 0.2570
413 133 7 9 0.2567
697 205 8 9 0.2565
118 171 6 8 0.2564
336 107 6 8 0.2557
615 95 6 8 0.2553
319 125 7 8 0.2550
550 53 6 7 0.2548
399 174 7 9 0.2548
196 147 6 8 0.2546
408 46 6 7 0.2542
225 137 6 8 0.2540
559 106 6 8 0.2539
286 160 7 8 0.2539
64 121 6 8 0.2536
8 93 6 7 0.2536
429 157 7 9 0.2534
97 64 5 7 0.2534
700 140 6 9 0.2532
730 63 6 8 0.2531
157 128 6 8 0.2530
732 63 6 8 0.2530
472 3 5 7 0.2528
160 53 5 7 0.2527
663 78 6 8 0.2526
427 46 6 7 0.2524
437 199 7 9 0.2519
1018 168 6 10 0.2516
659 136 7 9 0.2508
639 117 7 8 0.2505
414 175 7 9 0.2503
519 185 7 9 0.2494
21 160 7 8 0.2490
125 110 6 7 0.2484
1000 57 7 9 0.2481
893 138 6 9 0.2481
823 203 7 10 0.2474
575 17 6 7 0.2473
718 9 6 7 0.2471
301 36 7 8 0.2464
125 81 6 7 0.2464
323 144 6 8 0.2453
68 77 6 7 0.2452
908 77 6 8 0.2452
207 35 5 7 0.2452
637 100 6 7 0.2452
964 41 6 7 0.2446
611 134 7 8 0.2445
335 26 6 7 0.2441
243 135 6 8 0.2439
91 52 6 6 0.2438
57 163 6 8 0.2438
918 117 6 9 0.2437
704 42 6 8 0.2433
833 118 6 8 0.2428
614 39 5 7 0.2427
494 185 7 9 0.2423
496 185 7 9 0.2422
316 106 6 7 0.2422
179 5 6 7 0.2417
886 98 6 8 0.2417
380 60 6 7 0.2407
488 124 7 9 0.2401
749 226 8 9 0.2400
154 128 6 8 0.2399
202 95 6 7 0.2397
120 172 6 7 0.2394
11 92 6 7 0.2392
830 118 6 8 0.2392
539 71 6 8 0.2391
314 38 6 7 0.2385
892 40 5 7 0.2376
197 133 6 8 0.2375
350 65 6 7 0.2374
493 186 7 8 0.2373
938 121 6 8 0.2372
884 210 7 9 0.2371
123 81 5 7 0.2370
234 82 6 7 0.2369
387 94 6 8 0.2359
0 116 5 8 0.2355
660 57 7 8 0.2352
410 12 5 7 0.2350
537 185 6 9 0.2346
612 6 6 8 0.2342
123 110 6 8 0.2338
137 97 6 8 0.2334
818 174 7 10 0.2332
605 59 6 8 0.2329
309 161 7 8 0.2326
235 68 6 7 0.2325
767 44 7 9 0.2325
784 12 6 7 0.2315
362 60 6 7 0.2314
862 135 6 9 0.2311
351 42 5 7 0.2310
61 121 7 8 0.2309
121 94 5 7 0.2309
561 73 5 7 0.2307
628 57 6 8 0.2306
917 36 6 8 0.2304
522 15 6 7 0.2303
746 41 6 8 0.2302
140 176 6 7 0.2300
519 15 6 7 0.2296
829 96 7 8 0.2292
134 159 6 8 0.2291
354 42 6 7 0.2291
615 6 5 8 0.2291
602 59 6 8 0.2287
134 143 6 8 0.2281
920 188 8 9 0.2280
203 53 6 7 0.2277
207 54 5 6 0.2277
654 97 6 7 0.2275
649 56 6 8 0.2274
292 122 6 8 0.2273
105 110 6 8 0.2270
246 102 6 7 0.2270
681 83 6 7 0.2269
272 120 6 8 0.2268
597 77 5 7 0.2266
524 4 6 7 0.2266
901 57 6 8 0.2265
499 18 5 7 0.2262
939 17 6 8 0.2258
626 57 5 7 0.2258
836 141 7 8 0.2256
838 14 5 7 0.2251
398 148 6 9 0.2249
434 200 6 8 0.2238
289 160 7 8 0.2238
844 150 7 10 0.2237
478 87 6 7 0.2235
558 185 6 9 0.2235
124 2 6 6 0.2232
569 213 6 9 0.2230
918 159 7 9 0.2228
1003 513 10 15 0.2227
651 97 6 7 0.2225
469 3 5 7 0.2222
446 139 7 9 0.2221
65 95 6 7 0.2216
435 199 6 9 0.2212
250 186 6 8 0.2211
481 87 5 8 0.2210
595 17 6 8 0.2208
481 160 6 9 0.2202
155 18 6 7 0.2198
511 73 6 7 0.2198
128 13 6 8 0.2196
56 17 5 6 0.2194
222 183 7 9 0.2193
390 96 6 7 0.2191
662 136 6 9 0.2189
68 95 6 7 0.2186
883 98 6 9 0.2186
890 40 5 7 0.2179
349 8 6 6 0.2179
204 95 6 7 0.2171
398 174 6 8 0.2171
275 122 6 7 0.2164
452 159 6 8 0.2163
698 82 6 7 0.2161
1000 80 7 8 0.2161
841 14 5 7 0.2161
320 93 6 7 0.2159
832 97 6 7 0.2158
373 14 6 7 0.2156
299 36 6 8 0.2153
974 22 7 8 0.2153
596 95 6 8 0.2152
33 160 7 8 0.2150
161 82 6 8 0.2149
599 96 6 7 0.2148
833 97 6 8 0.2145
980 3 6 8 0.2145
723 43 6 7 0.2141
30 61 5 7 0.2139
577 17 6 7 0.2139
81 107 6 7 0.2134
946 57 7 8 0.2134
949 1 7 8 0.2134
681 28 6 7 0.2134
951 187 7 9 0.2134
125 13 6 8 0.2133
627 215 8 9 0.2132
359 28 5 6 0.2131
442 30 6 7 0.2129
414 80 6 8 0.2129
240 172 7 8 0.2127
644 5 6 7 0.2124
315 78 6 8 0.2116
377 58 6 8 0.2113
988 127 6 9 0.2110
467 159 7 8 0.2110
179 115 6 8 0.2108
124 94 5 7 0.2107
863 197 8 10 0.2106
588 266 7 10 0.2105
219 183 6 8 0.2100
908 36 6 7 0.2096
121 1 6 7 0.2092
699 13 6 7 0.2087
473 47 6 7 0.2086
558 187 7 9 0.2081
378 60 5 7 0.2081
763 68 7 8 0.2078
658 135 6 9 0.2075
614 24 5 7 0.2073
25 160 6 8 0.2068
246 6 5 7 0.2063
586 179 6 8 0.2063
508 148 7 9 0.2062
119 31 5 7 0.2053
159 82 5 7 0.2049
737 83 7 7 0.2041
405 46 6 8 0.2040
36 160 6 8 0.2039
521 3 6 8 0.2034
260 7 5 6 0.2033
226 83 6 7 0.2030
394 149 7 9 0.2029
224 39 5 7 0.2029
252 57 6 7 0.2025
285 95 6 7 0.2023
65 121 6 9 0.2020
949 57 6 8 0.2016
781 12 6 7 0.2014
522 186 6 8 0.2014
192 146 6 9 0.2013
927 2 7 8 0.2012
472 47 6 7 0.2007
962 20 6 8 0.2005
659 59 6 8 0.2004
146 160 6 8 0.1996
130 51 6 7 0.1996
407 13 5 7 0.1994
157 19 6 7 0.1993
820 31 7 8 0.1989
503 219 8 10 0.1986
1002 19 7 9 0.1983
701 82 6 7 0.1982
818 13 6 7 0.1979
161 150 6 8 0.1979
740 83 6 8 0.1976
231 22 6 6 0.1975
613 134 7 9 0.1965
410 42 6 7 0.1965
452 44 5 7 0.1964
287 161 6 8 0.1961
423 30 5 7 0.1958
575 112 6 8 0.1956
723 183 7 10 0.1953
635 43 6 7 0.1953
749 258 8 10 0.1951
150 162 6 8 0.1951
697 13 6 8 0.1947
884 98 7 8 0.1945
593 133 6 8 0.1944
161 5 5 7 0.1944
175 151 6 8 0.1942
501 19 6 7 0.1939
321 195 7 9 0.1938
696 120 6 8 0.1933
978 104 7 8 0.1931
941 17 7 8 0.1928
912 18 6 7 0.1923
622 23 6 8 0.1923
981 104 6 8 0.1922
820 0 6 6 0.1917
0 4 5 7 0.1913
902 57 6 7 0.1912
16 118 6 7 0.1910
147 162 6 8 0.1909
1006 514 10 14 0.1908
922 58 6 8 0.1907
244 18 6 7 0.1894
629 57 6 8 0.1894
180 66 5 8 0.1893
17 79 6 7 0.1892
67 3 6 8 0.1883
186 32 5 7 0.1882
198 185 6 8 0.1875
215 55 6 6 0.1874
257 7 5 7 0.1867
209 18 6 7 0.1866
420 29 6 7 0.1865
671 8 6 8 0.1862
757 185 7 9 0.1861
1005 19 7 9 0.1860
270 58 6 7 0.1859
762 85 7 8 0.1856
761 84 7 8 0.1853
681 202 7 10 0.1853
1015 82 7 8 0.1853
600 77 5 7 0.1853
88 52 6 6 0.1850
603 192 7 9 0.1847
382 79 6 7 0.1846
497 30 5 7 0.1843
560 185 7 9 0.1843
506 148 7 9 0.1842
470 212 7 9 0.1840
205 34 5 7 0.1838
255 58 5 6 0.1834
485 160 6 8 0.1832
286 96 6 7 0.1831
193 19 6 7 0.1826
103 110 6 8 0.1825
163 6 5 6 0.1825
55 62 6 7 0.1823
30 124 7 7 0.1822
765 84 7 9 0.1818
32 104 5 8 0.1813
598 96 6 7 0.1805
189 33 5 6 0.1802
585 266 7 10 0.1802
660 135 7 9 0.1797
113 51 6 6 0.1797
149 161 6 8 0.1794
679 100 6 8 0.1793
764 43 7 9 0.1790
816 174 7 9 0.1789
449 213 8 10 0.1789
633 8 5 7 0.1785
360 0 6 6 0.1785
723 44 6 8 0.1780
450 213 7 9 0.1779
313 78 5 8 0.1776
930 3 6 8 0.1772
396 148 7 9 0.1760
749 64 6 8 0.1759
974 57 7 9 0.1758
65 77 5 8 0.1757
568 212 6 9 0.1755
103 90 6 7 0.1753
591 53 6 8 0.1751
616 7 6 7 0.1746
477 87 5 7 0.1743
872 518 10 16 0.1743
657 221 7 9 0.1742
821 137 7 9 0.1740
719 82 6 8 0.1732
53 17 5 6 0.1732
803 13 6 7 0.1731
918 187 7 10 0.1724
726 183 7 10 0.1723
574 148 7 9 0.1722
304 70 6 8 0.1719
952 185 8 10 0.1718
826 203 7 9 0.1717
594 132 7 9 0.1715
289 122 6 8 0.1714
859 0 6 4 0.1711
823 32 6 7 0.1709
967 41 6 8 0.1707
742 12 5 6 0.1707
963 146 7 9 0.1704
415 134 7 9 0.1703
78 566 9 17 0.1701
301 70 6 7 0.1697
916 160 7 9 0.1697
542 148 7 8 0.1696
508 72 5 7 0.1694
561 186 7 10 0.1692
438 3 6 7 0.1691
662 59 6 7 0.1683
1002 57 7 10 0.1681
609 176 7 9 0.1680
176 115 6 8 0.1669
630 8 5 7 0.1667
520 187 6 8 0.1662
523 186 6 8 0.1661
764 84 7 8 0.1652
424 46 6 7 0.1650
697 104 6 7 0.1647
427 82 6 8 0.1646
862 134 7 10 0.1645
648 114 6 8 0.1638
752 258 8 10 0.1638
901 99 6 8 0.1637
272 58 6 7 0.1636
830 97 6 8 0.1624
759 185 6 9 0.1618
330 58 6 7 0.1616
595 18 6 7 0.1614
121 31 5 7 0.1612
78 10 5 8 0.1610
242 31 5 7 0.1610
751 64 6 8 0.1609
976 58 7 8 0.1607
602 60 6 7 0.1603
868 69 6 8 0.1598
442 45 5 7 0.1598
885 234 7 8 0.1595
190 33 5 7 0.1589
395 173 7 9 0.1586
247 7 5 6 0.1586
80 568 9 16 0.1584
669 7 6 8 0.1578
800 13 6 7 0.1573
755 185 7 8 0.1573
66 77 5 7 0.1571
321 21 5 6 0.1569
206 96 6 7 0.1569
984 4 6 8 0.1566
703 241 7 9 0.1563
903 98 7 8 0.1555
454 213 7 10 0.1551
413 174 7 9 0.1546
173 25 5 7 0.1544
393 147 7 10 0.1534
431 70 6 7 0.1534
155 128 6 7 0.1533
871 72 6 8 0.1533
973 121 7 9 0.1532
1017 82 6 7 0.1532
768 44 7 9 0.1530
756 209 7 9 0.1529
936 209 7 9 0.1520
1004 275 9 11 0.1519
972 123 6 9 0.1514
1006 193 7 9 0.1511
918 59 7 8 0.1511
84 106 6 8 0.1509
141 18 6 6 0.1509
242 173 6 7 0.1503
331 59 6 8 0.1502
472 212 7 9 0.1502
75 11 6 7 0.1501
52 518 9 17 0.1500
646 5 6 7 0.1499
317 196 7 9 0.1498
509 73 5 7 0.1495
328 59 5 7 0.1494
726 43 6 7 0.1486
959 20 6 8 0.1485
522 225 8 10 0.1484
213 17 5 7 0.1480
84 95 6 7 0.1479
647 57 6 8 0.1477
1003 20 7 9 0.1473
137 18 6 7 0.1471
378 0 5 4 0.1468
433 121 6 9 0.1468
841 173 7 10 0.1467
975 122 6 9 0.1465
572 148 7 9 0.1462
1001 81 7 8 0.1461
971 121 7 9 0.1458
463 57 6 8 0.1458
87 27 5 7 0.1457
680 7 6 8 0.1454
765 45 6 8 0.1453
61 27 6 8 0.1451
579 17 5 8 0.1448
557 108 7 8 0.1448
82 108 6 7 0.1443
738 12 5 7 0.1443
223 2 6 8 0.1434
752 209 7 9 0.1434
1003 104 7 9 0.1433
649 96 6 8 0.1432
940 18 6 7 0.1430
28 61 5 6 0.1428
223 136 6 8 0.1425
679 83 5 8 0.1424
535 4 6 7 0.1421
292 122 6 8 0.1421
38 49 5 7 0.1417
75 2 6 7 0.1413
838 174 7 9 0.1407
462 120 6 8 0.1407
256 58 5 7 0.1403
448 66 5 7 0.1402
677 7 6 8 0.1389
1017 260 7 11 0.1388
56 162 6 9 0.1388
283 36 5 8 0.1387
279 37 6 7 0.1383
426 80 6 8 0.1382
844 0 5 4 0.1381
302 71 6 8 0.1381
329 7 5 7 0.1365
510 72 5 7 0.1362
26 62 6 7 0.1361
869 73 6 7 0.1358
381 0 5 3 0.1355
871 69 6 8 0.1354
578 44 6 8 0.1350
939 120 7 8 0.1349
900 98 6 8 0.1340
697 120 6 8 0.1333
481 160 6 8 0.1328
966 146 7 9 0.1324
946 137 6 9 0.1324
90 51 5 7 0.1311
80 63 6 7 0.1309
59 162 7 8 0.1309
882 97 6 8 0.1301
338 44 5 7 0.1300
562 39 6 7 0.1299
714 125 6 8 0.1286
913 19 6 7 0.1274
179 56 6 7 0.1267
290 161 6 8 0.1266
903 97 6 8 0.1262
798 224 7 9 0.1258
625 58 6 8 0.1254
0 133 5 8 0.1253
594 350 8 13 0.1247
1002 105 7 9 0.1244
187 34 5 6 0.1243
987 5 6 8 0.1241
645 24 5 8 0.1240
159 84 6 7 0.1234
560 220 7 9 0.1229
93 153 7 8 0.1219
136 95 6 8 0.1214
21 161 6 7 0.1213
363 145 6 9 0.1212
782 11 6 7 0.1210
422 0 6 6 0.1207
174 36 6 7 0.1206
916 187 7 9 0.1204
52 61 6 7 0.1201
187 164 7 9 0.1199
149 2 6 7 0.1194
221 118 6 8 0.1186
633 98 6 8 0.1185
403 96 6 8 0.1183
53 32 5 6 0.1177
953 186 8 10 0.1166
698 83 5 7 0.1160
693 203 7 9 0.1160
740 11 5 7 0.1156
331 7 5 7 0.1155
535 49 6 7 0.1154
653 159 7 9 0.1147
340 146 7 8 0.1144
399 310 7 11 0.1142
429 158 6 8 0.1141
28 123 6 7 0.1137
328 60 5 7 0.1136
321 9 5 6 0.1133
888 136 7 10 0.1132
825 201 7 10 0.1132
69 30 5 7 0.1131
574 112 6 9 0.1116
841 0 5 4 0.1110
122 95 6 8 0.1109
494 32 6 7 0.1097
1019 126 5 10 0.1094
882 73 6 8 0.1091
229 21 5 6 0.1087
275 57 5 7 0.1085
448 44 5 6 0.1083
701 83 6 7 0.1082
255 72 5 7 0.1077
960 491 9 14 0.1076
650 160 6 9 0.1075
396 310 8 10 0.1073
348 184 7 10 0.1072
161 162 7 8 0.1064
34 160 6 8 0.1064
117 172 6 8 0.1055
919 160 7 9 0.1052
899 183 7 9 0.1050
1006 20 6 9 0.1049
820 32 6 8 0.1046
87 94 6 7 0.1045
1018 197 6 8 0.1034
677 160 7 9 0.1032
498 166 7 9 0.1031
327 7 4 7 0.1031
590 227 7 9 0.1029
238 173 6 7 0.1028
429 82 6 8 0.1027
801 223 7 10 0.1025
991 127 7 9 0.1022
27 105 6 7 0.1022
915 35 7 8 0.1022
746 43 6 7 0.1021
704 44 6 7 0.1015
457 99 6 8 0.1015
162 83 6 7 0.1014
406 96 6 8 0.1013
496 87 7 8 0.1011
90 26 5 6 0.1008
870 516 9 17 0.1004
889 534 9 16 0.1004
999 58 7 9 0.0999
863 199 7 9 0.0993
393 65 6 7 0.0992
910 19 6 7 0.0988
362 114 7 8 0.0981
348 3 5 6 0.0981
560 72 5 7 0.0976
622 202 7 10 0.0969
654 220 6 9 0.0967
539 261 7 9 0.0966
227 22 5 7 0.0965
864 136 6 8 0.0963
575 18 6 8 0.0960
253 59 5 6 0.0959
934 100 7 9 0.0958
554 89 6 9 0.0957
471 137 7 8 0.0954
891 137 7 9 0.0947
913 501 9 17 0.0947
453 211 7 10 0.0942
183 67 5 7 0.0932
371 94 6 8 0.0932
597 350 8 13 0.0929
862 158 7 8 0.0927
57 93 5 7 0.0927
65 5 5 7 0.0927
288 93 6 8 0.0922
673 160 7 9 0.0915
624 176 7 9 0.0913
801 35 6 7 0.0910
755 29 6 8 0.0910
783 188 7 9 0.0910
549 54 6 7 0.0906
959 492 8 15 0.0906
573 191 8 10 0.0903
423 13 6 7 0.0899
810 63 6 7 0.0898
363 167 7 8 0.0890
303 62 6 8 0.0890
1000 158 7 9 0.0890
374 39 6 8 0.0888
177 114 6 8 0.0885
801 225 7 9 0.0880
533 48 5 8 0.0878
971 81 7 9 0.0878
531 124 6 8 0.0873
134 64 6 8 0.0873
39 75 6 8 0.0871
1 134 6 8 0.0870
238 185 7 9 0.0870
985 125 7 9 0.0870
8 159 5 7 0.0868
203 97 6 7 0.0867
28 143 6 8 0.0866
144 51 5 7 0.0864
917 188 7 9 0.0860
915 17 6 8 0.0860
494 184 7 9 0.0856
40 75 6 7 0.0854
410 0 5 5 0.0854
799 225 6 9 0.0853
52 31 5 6 0.0852
962 492 8 15 0.0847
236 82 6 8 0.0844
158 139 7 8 0.0841
285 71 5 7 0.0840
756 186 7 9 0.0837
111 63 6 7 0.0834
973 58 6 9 0.0833
972 58 7 8 0.0829
543 106 6 8 0.0828
218 184 6 8 0.0828
480 86 6 8 0.0825
133 158 6 9 0.0821
852 95 7 8 0.0821
870 518 9 15 0.0820
49 31 5 6 0.0820
998 81 6 8 0.0818
242 137 6 7 0.0816
728 185 7 9 0.0816
270 158 6 8 0.0816
468 211 8 9 0.0815
318 10 5 6 0.0811
489 266 9 11 0.0810
896 183 7 9 0.0809
1019 171 5 10 0.0807
703 0 5 4 0.0803
23 121 5 7 0.0801
888 233 7 9 0.0798
729 30 7 7 0.0796
839 128 6 8 0.0794
454 98 6 8 0.0791
180 12 5 7 0.0789
749 225 7 9 0.0788
242 102 6 7 0.0783
391 13 5 7 0.0782
695 12 6 7 0.0781
287 159 7 9 0.0781
752 225 7 10 0.0780
679 81 6 8 0.0773
939 164 6 8 0.0773
576 88 6 8 0.0771
298 36 6 7 0.0770
422 31 6 7 0.0763
681 63 7 8 0.0762
141 79 5 7 0.0759
464 12 6 7 0.0755
893 534 9 16 0.0754
319 92 6 8 0.0754
496 28 5 7 0.0754
284 72 6 8 0.0753
725 185 7 9 0.0752
583 178 6 9 0.0751
698 139 7 8 0.0751
213 154 7 8 0.0750
637 234 8 10 0.0750
296 141 7 8 0.0749
413 195 7 9 0.0749
394 28 6 8 0.0749
700 61 6 7 0.0747
730 63 6 7 0.0745
135 143 6 7 0.0742
751 64 6 7 0.0740
797 64 6 7 0.0732
804 23 6 7 0.0731
567 54 6 8 0.0731
463 28 7 7 0.0729
603 191 7 9 0.0728
927 72 7 9 0.0726
314 37 6 7 0.0723
39 171 6 8 0.0718
26 61 5 6 0.0717
774 147 8 9 0.0716
906 35 7 8 0.0715
447 64 6 8 0.0713
681 63 6 8 0.0712
984 482 11 17 0.0710
390 43 6 7 0.0710
318 9 4 6 0.0709
218 39 6 7 0.0708
570 167 7 8 0.0706
808 63 5 7 0.0705
269 89 6 8 0.0704
519 87 6 8 0.0703
958 490 8 15 0.0701
856 95 6 8 0.0700
287 92 6 7 0.0698
518 164 7 9 0.0698
369 13 6 7 0.0697
162 5 6 8 0.0696
648 237 7 10 0.0696
622 77 7 9 0.0695
316 106 6 7 0.0695
454 29 5 7 0.0695
50 516 9 17 0.0694
41 39 5 6 0.0693
738 10 5 7 0.0693
1019 37 5 10 0.0693
33 91 6 7 0.0692
409 80 6 8 0.0691
239 32 5 7 0.0691
591 53 6 7 0.0691
347 108 6 8 0.0689
699 81 6 8 0.0688
90 14 6 8 0.0688
958 99 7 9 0.0688
496 31 5 6 0.0688
346 64 6 7 0.0687
194 180 7 8 0.0686
264 142 6 8 0.0684
614 215 7 9 0.0684
364 61 6 7 0.0684
445 13 5 8 0.0683
574 91 6 8 0.0682
164 6 5 6 0.0680
81 566 10 16 0.0680
14 116 6 8 0.0680
368 95 6 8 0.0679
989 481 12 16 0.0678
449 42 6 8 0.0677
590 4 5 6 0.0676
344 185 7 9 0.0676
698 12 6 8 0.0675
864 224 7 9 0.0672
1002 56 8 9 0.0668
445 140 7 8 0.0668
439 177 6 9 0.0667
229 6 5 7 0.0667
448 158 6 8 0.0666
362 28 6 6 0.0662
593 110 6 9 0.0660
642 14 6 8 0.0660
801 12 5 7 0.0657
360 144 6 9 0.0657
570 212 7 9 0.0654
387 78 6 8 0.0654
639 133 6 8 0.0653
719 82 7 8 0.0651
83 107 6 8 0.0650
415 133 7 9 0.0650
915 504 9 17 0.0648
596 112 7 9 0.0645
2 4 5 8 0.0644
112 156 6 8 0.0642
119 31 6 7 0.0640
780 187 7 9 0.0640
721 9 5 8 0.0637
737 234 7 10 0.0637
879 211 7 9 0.0634
48 518 10 16 0.0633
756 20 6 9 0.0633
100 111 6 8 0.0632
887 235 7 9 0.0631
270 58 6 7 0.0630
61 122 6 8 0.0629
598 80 7 8 0.0629
494 139 7 8 0.0626
799 12 5 6 0.0624
776 213 7 10 0.0623
188 32 6 7 0.0622
244 7 5 7 0.0621
94 65 5 7 0.0621
156 373 10 13 0.0620
780 11 6 7 0.0619
467 158 7 9 0.0619
795 64 6 6 0.0616
548 165 7 9 0.0616
1014 195 6 9 0.0615
852 115 7 8 0.0614
237 66 5 7 0.0609
162 54 5 7 0.0608
586 265 7 9 0.0607
10 92 6 8 0.0605
541 261 8 9 0.0603
491 267 9 11 0.0602
160 52 5 6 0.0599
208 54 5 7 0.0598
82 524 8 16 0.0598
982 4 7 10 0.0598
281 36 5 7 0.0595
110 60 5 7 0.0595
901 57 6 7 0.0594
593 132 7 9 0.0593
55 61 6 7 0.0593
417 63 6 8 0.0593
526 257 7 9 0.0591
999 56 7 10 0.0591
520 185 7 9 0.0588
8 158 6 8 0.0587
1001 57 8 9 0.0587
213 133 6 8 0.0586
479 182 7 8 0.0586
31 61 5 7 0.0583
917 501 8 17 0.0583
209 200 6 7 0.0581
392 42 6 7 0.0580
416 81 6 8 0.0578
116 31 5 6 0.0576
87 51 5 6 0.0573
346 7 5 8 0.0573
491 74 6 7 0.0573
414 154 7 9 0.0572
477 87 7 8 0.0572
301 36 6 7 0.0569
570 211 7 10 0.0568
696 118 7 8 0.0568
257 196 7 8 0.0566
136 32 6 7 0.0566
728 35 6 8 0.0566
87 29 6 7 0.0565
782 12 5 8 0.0563
744 11 6 7 0.0562
193 4 6 8 0.0562
493 7 6 8 0.0560
240 117 6 8 0.0560
696 203 8 9 0.0558
602 59 6 7 0.0558
647 57 6 7 0.0558
106 90 7 7 0.0556
160 373 8 13 0.0555
976 57 7 9 0.0554
218 134 6 7 0.0554
998 170 8 10 0.0552
834 140 7 8 0.0549
892 158 7 9 0.0548
37 46 5 7 0.0548
346 129 7 9 0.0544
778 40 6 8 0.0544
67 138 7 9 0.0544
680 136 7 8 0.0543
703 240 7 10 0.0543
888 39 5 7 0.0541
377 192 7 8 0.0541
312 161 6 8 0.0541
780 26 6 8 0.0538
950 238 7 9 0.0538
802 34 6 7 0.0537
795 27 7 8 0.0537
567 56 6 8 0.0537
212 14 6 7 0.0536
131 11 5 8 0.0534
929 4 6 9 0.0532
85 524 8 16 0.0532
93 155 6 7 0.0530
521 12 5 8 0.0528
905 78 7 9 0.0528
819 137 6 8 0.0528
560 36 6 7 0.0525
544 259 8 10 0.0525
779 189 7 9 0.0525
674 40 6 7 0.0524
636 133 6 9 0.0523
219 183 6 8 0.0521
174 114 6 8 0.0521
476 102 6 8 0.0521
654 221 7 9 0.0521
826 274 8 10 0.0519
948 238 7 9 0.0516
645 5 6 9 0.0514
513 32 6 7 0.0513
754 210 7 9 0.0511
105 110 7 8 0.0511
51 136 6 9 0.0510
270 105 6 7 0.0509
676 7 6 9 0.0508
84 78 6 8 0.0508
348 41 6 7 0.0506
950 57 6 8 0.0505
293 57 6 7 0.0505
823 274 8 10 0.0504
493 47 6 7 0.0504
182 65 7 7 0.0502
407 1 5 5 0.0501
90 129 7 8 0.0499
336 99 6 9 0.0498
427 133 8 10 0.0498
616 7 6 8 0.0495
836 128 7 8 0.0494
571 128 6 8 0.0492
370 91 6 7 0.0491
1 411 8 13 0.0491
351 44 5 7 0.0489
642 115 6 8 0.0489
794 64 6 7 0.0487
172 89 7 8 0.0486
584 265 6 10 0.0485
60 163 6 8 0.0485
3 98 6 9 0.0485
803 73 6 8 0.0485
812 62 5 8 0.0483
161 82 6 7 0.0483
980 104 7 9 0.0482
773 214 7 9 0.0481
950 2 6 9 0.0480
685 237 7 10 0.0480
299 21 6 7 0.0477
142 175 6 7 0.0477
584 74 7 8 0.0477
830 116 6 9 0.0476
915 225 7 10 0.0476
895 157 7 9 0.0475
867 224 8 9 0.0473
958 9 7 8 0.0472
815 226 8 9 0.0472
1018 123 6 10 0.0472
822 30 6 8 0.0471
778 147 7 8 0.0471
688 236 8 11 0.0470
680 203 7 9 0.0469
939 37 6 8 0.0468
1013 7 7 9 0.0467
319 183 7 8 0.0463
31 106 6 7 0.0463
299 37 7 7 0.0462
956 99 6 8 0.0461
875 520 9 14 0.0461
951 77 7 8 0.0460
1001 79 8 10 0.0458
700 58 6 9 0.0455
332 166 7 9 0.0455
184 66 6 8 0.0455
258 7 5 7 0.0454
576 14 6 8 0.0453
214 4 5 8 0.0450
523 16 6 7 0.0449
363 165 7 9 0.0447
60 29 5 7 0.0447
555 46 6 8 0.0447
495 104 7 8 0.0446
643 25 7 7 0.0446
595 15 6 8 0.0445
126 95 6 8 0.0445
872 21 5 7 0.0444
575 39 6 7 0.0442
1002 103 8 10 0.0442
800 73 6 7 0.0440
409 196 7 9 0.0439
318 126 6 8 0.0438
865 198 7 9 0.0438
764 1 6 5 0.0436
589 214 8 9 0.0433
1006 191 8 10 0.0432
161 34 6 7 0.0431
450 67 6 7 0.0431
496 47 5 8 0.0431
56 15 6 7 0.0430
742 236 8 9 0.0429
986 275 7 10 0.0429
400 310 9 11 0.0428
995 171 7 10 0.0428
721 101 7 9 0.0427
780 187 7 9 0.0426
947 239 7 9 0.0426
963 41 6 7 0.0422
156 176 6 8 0.0420
627 216 8 10 0.0420
678 116 6 8 0.0420
214 133 6 8 0.0419
557 235 8 10 0.0416
1000 37 7 8 0.0415
824 32 6 8 0.0415
524 128 6 8 0.0414
543 207 7 10 0.0412
626 58 6 8 0.0411
806 188 8 10 0.0411
699 209 7 8 0.0411
672 220 8 9 0.0409
860 156 6 9 0.0408
677 32 5 8 0.0407
615 114 7 9 0.0407
1016 632 8 21 0.0406
931 208 8 10 0.0405
291 187 7 9 0.0405
642 76 7 9 0.0404
412 192 8 9 0.0403
559 267 7 9 0.0400
319 9 5 7 0.0400
755 186 7 9 0.0400
262 121 6 8 0.0400
125 190 6 8 0.0399
941 163 7 9 0.0399
360 25 5 7 0.0399
315 161 6 9 0.0398
222 82 5 8 0.0396
809 146 7 9 0.0396
974 185 8 10 0.0394
290 117 7 8 0.0394
235 154 6 8 0.0391
116 33 5 6 0.0390
383 21 5 7 0.0388
104 4 6 8 0.0386
738 236 8 9 0.0386
271 176 7 9 0.0385
624 155 7 9 0.0385
126 32 6 7 0.0382
539 184 7 9 0.0379
525 69 6 7 0.0377
917 225 8 10 0.0373
923 58 6 8 0.0373
953 185 7 9 0.0371
984 264 7 8 0.0371
750 261 8 9 0.0370
191 145 7 7 0.0370
36 125 6 7 0.0369
524 205 7 8 0.0368
561 235 7 9 0.0367
595 352 9 12 0.0367
476 180 8 9 0.0366
595 153 7 8 0.0366
344 184 7 9 0.0365
856 198 7 10 0.0365
754 260 7 9 0.0365
520 16 5 7 0.0362
522 257 8 10 0.0362
884 234 8 9 0.0361
77 569 9 16 0.0359
3 133 6 8 0.0359
130 142 6 8 0.0359
411 132 6 8 0.0358
861 237 7 8 0.0358
774 63 6 8 0.0356
57 92 6 8 0.0356
563 267 7 9 0.0355
986 128 8 9 0.0355
335 78 7 8 0.0355
834 12 7 8 0.0354
720 159 7 9 0.0354
550 13 6 7 0.0353
899 182 8 10 0.0350
138 44 6 7 0.0350
869 20 6 8 0.0345
82 569 9 15 0.0342
943 18 6 7 0.0342
860 136 6 8 0.0342
315 162 7 8 0.0342
983 243 8 11 0.0340
804 187 8 10 0.0340
365 146 7 8 0.0339
853 93 6 8 0.0339
957 102 7 8 0.0338
963 150 8 10 0.0338
616 133 8 9 0.0338
802 12 6 7 0.0338
604 192 7 8 0.0336
618 29 6 8 0.0335
109 155 7 8 0.0334
537 260 7 9 0.0334
951 557 10 17 0.0333
36 171 6 8 0.0332
913 137 8 9 0.0331
826 154 7 9 0.0330
857 199 7 9 0.0330
221 106 7 8 0.0329
441 179 7 9 0.0328
808 63 6 7 0.0328
261 141 6 7 0.0327
824 275 8 10 0.0327
594 228 8 9 0.0325
1013 148 8 10 0.0325
373 127 7 9 0.0325
476 28 6 7 0.0324
364 142 7 8 0.0322
974 79 7 9 0.0322
703 29 6 8 0.0322
264 5 5 6 0.0321
262 8 5 7 0.0321
821 152 7 9 0.0321
196 122 7 8 0.0319
81 186 6 7 0.0317
278 35 5 7 0.0316
822 150 7 9 0.0315
874 518 11 15 0.0315
90 156 7 9 0.0314
113 152 7 8 0.0311
922 187 8 9 0.0310
647 8 5 7 0.0310
892 39 5 7 0.0309
299 67 6 7 0.0308
180 113 6 9 0.0308
1002 12 9 11 0.0306
1003 514 13 18 0.0305
735 98 7 9 0.0304
806 146 7 8 0.0304
1019 247 5 12 0.0303
887 137 8 9 0.0302
344 91 6 9 0.0300
381 177 7 8 0.0299
469 44 5 7 0.0299
828 36 6 7 0.0299
976 26 7 8 0.0297
758 84 6 9 0.0296
878 54 6 7 0.0295
750 260 8 9 0.0295
912 15 5 8 0.0294
117 126 6 8 0.0292
40 39 5 7 0.0292
7 23 5 7 0.0290
352 183 8 9 0.0289
62 119 6 7 0.0288
218 115 7 8 0.0287
524 259 7 9 0.0287
651 159 7 9 0.0287
855 0 7 8 0.0285
804 85 7 9 0.0285
820 203 8 10 0.0283
831 215 8 10 0.0280
255 196 6 8 0.0280
934 103 6 9 0.0279
811 267 8 11 0.0278
675 223 7 9 0.0278
505 126 6 8 0.0277
542 260 7 9 0.0277
14 86 6 8 0.0276
199 83 6 8 0.0276
111 191 6 8 0.0275
539 4 5 8 0.0275
949 138 7 8 0.0275
890 40 6 6 0.0275
982 242 8 10 0.0274
877 52 6 8 0.0273
725 184 8 10 0.0272
498 218 8 9 0.0271
983 275 7 10 0.0270
33 134 6 9 0.0268
1001 471 11 14 0.0268
1010 150 7 9 0.0268
384 114 6 8 0.0268
655 44 6 8 0.0268
986 265 7 9 0.0267
865 158 7 9 0.0267
152 125 6 8 0.0265
571 110 6 8 0.0261
495 251 8 10 0.0261
77 170 6 8 0.0259
962 167 7 9 0.0259
708 240 7 11 0.0258
931 101 7 8 0.0257
735 199 7 10 0.0254
958 492 9 14 0.0254
696 206 8 9 0.0252
993 163 8 9 0.0251
375 192 7 9 0.0249
492 266 8 10 0.0248
622 176 7 9 0.0248
259 23 6 7 0.0247
814 177 7 9 0.0247
395 145 6 7 0.0245
523 229 8 9 0.0245
5 408 9 14 0.0243
599 352 8 12 0.0241
986 223 6 8 0.0241
211 60 6 7 0.0240
397 311 8 11 0.0237
487 267 9 10 0.0237
1 3 7 8 0.0237
542 144 7 9 0.0235
615 229 7 10 0.0235
611 214 7 9 0.0234
157 101 7 8 0.0234
907 206 9 10 0.0233
809 266 8 10 0.0233
894 432 8 15 0.0232
233 51 6 8 0.0231
101 5 5 6 0.0231
918 504 9 17 0.0231
740 94 7 9 0.0230
943 609 13 22 0.0230
595 35 7 8 0.0228
725 179 8 9 0.0228
470 66 6 8 0.0227
194 184 6 8 0.0227
802 86 7 8 0.0226
912 137 7 9 0.0225
658 135 6 8 0.0224
110 191 7 7 0.0224
340 135 6 8 0.0222
81 566 10 17 0.0222
696 208 7 9 0.0222
986 227 7 9 0.0222
780 174 7 9 0.0222
500 217 7 9 0.0221
74 170 6 9 0.0219
1014 260 9 11 0.0218
1001 167 8 10 0.0217
316 62 6 8 0.0216
830 95 6 8 0.0214
974 224 8 9 0.0213
607 144 8 10 0.0213
450 213 8 10 0.0211
861 548 11 16 0.0210
883 235 7 9 0.0210
471 49 5 8 0.0209
977 225 7 9 0.0209
793 87 6 9 0.0209
984 263 8 10 0.0206
111 134 6 8 0.0204
873 600 10 17 0.0203
108 192 6 8 0.0202
966 165 8 10 0.0200
925 75 7 8 0.0200
400 312 8 10 0.0200
879 116 7 8 0.0198
717 127 6 8 0.0197
915 116 7 8 0.0193
872 182 7 9 0.0192
360 146 6 9 0.0189
723 158 7 10 0.0189
897 432 9 16 0.0189
950 237 7 9 0.0188
868 516 9 15 0.0187
535 147 7 9 0.0186
1006 196 7 8 0.0186
885 155 7 9 0.0184
813 267 7 9 0.0183
776 214 7 9 0.0182
451 126 7 9 0.0182
873 516 10 16 0.0182
514 262 9 10 0.0181
858 12 6 7 0.0180
779 47 6 8 0.0178
683 235 8 10 0.0178
494 250 7 9 0.0178
938 163 7 9 0.0178
549 41 6 7 0.0177
828 275 7 10 0.0176
491 250 8 10 0.0176
972 223 8 10 0.0175
738 213 7 10 0.0174
518 55 7 8 0.0172
61 55 6 7 0.0172
631 214 8 10 0.0169
136 107 6 8 0.0168
537 21 6 7 0.0168
817 192 8 10 0.0167
755 153 7 9 0.0167
760 184 8 10 0.0164
1008 517 10 13 0.0164
20 142 6 9 0.0164
845 265 7 9 0.0163
982 269 8 12 0.0161
300 195 7 8 0.0159
265 31 6 7 0.0158
847 266 7 8 0.0157
896 56 6 7 0.0156
450 199 8 9 0.0156
52 516 10 17 0.0156
1007 473 10 12 0.0154
519 105 6 8 0.0154
808 751 30 17 0.0154
625 178 7 9 0.0152
948 187 7 9 0.0151
981 220 7 8 0.0150
378 195 7 9 0.0148
397 153 7 8 0.0148
908 587 12 19 0.0147
1 415 7 11 0.0147
768 84 7 9 0.0145
881 95 6 7 0.0144
1003 471 11 13 0.0144
916 1 7 6 0.0144
225 65 6 7 0.0144
995 225 7 9 0.0143
92 194 6 7 0.0143
723 160 7 9 0.0143
384 192 7 9 0.0142
47 516 9 16 0.0142
392 136 7 8 0.0141
214 125 7 8 0.0140
803 175 7 8 0.0139
207 80 6 7 0.0139
544 1 6 6 0.0139
901 0 6 2 0.0137
742 101 7 9 0.0137
0 49 5 8 0.0137
954 557 11 17 0.0136
861 234 7 9 0.0135
876 6 6 8 0.0134
721 173 7 10 0.0134
795 688 10 18 0.0133
1010 342 9 12 0.0133
993 224 7 8 0.0129
975 242 8 11 0.0128
38 36 5 7 0.0128
610 233 7 9 0.0127
776 175 7 8 0.0127
989 168 7 9 0.0127
1012 259 8 11 0.0126
572 7 6 7 0.0126
649 179 7 9 0.0125
806 143 7 8 0.0125
1015 127 8 11 0.0125
474 87 6 7 0.0124
172 114 6 8 0.0124
808 267 8 10 0.0123
499 221 7 9 0.0123
1011 341 10 13 0.0122
555 233 7 10 0.0122
940 609 12 21 0.0122
1014 342 8 12 0.0121
382 194 7 9 0.0120
503 220 8 9 0.0118
3 23 5 9 0.0117
521 156 7 9 0.0117
1016 243 7 9 0.0116
523 242 7 10 0.0115
519 36 6 7 0.0114
776 144 7 8 0.0114
865 548 11 16 0.0113
580 265 8 10 0.0112
986 24 7 8 0.0112
812 61 6 7 0.0111
309 597 8 15 0.0111
40 0 6 6 0.0110
873 272 8 9 0.0109
518 107 5 8 0.0109
699 157 7 9 0.0109
489 263 9 11 0.0107
589 266 7 9 0.0105
972 241 8 10 0.0105
451 91 6 8 0.0105
751 152 8 10 0.0105
800 220 7 9 0.0104
945 238 7 9 0.0104
564 232 8 11 0.0104
916 136 7 10 0.0103
982 263 7 9 0.0103
862 221 7 10 0.0102
861 196 7 9 0.0102
