35_Basketball_playingbasketball_35_606
186
384 194 21 26 0.8025
201 203 22 29 0.7779
26 381 17 19 0.7687
79 388 18 19 0.5436
244 404 11 14 0.3481
949 382 13 12 0.2983
77 387 18 20 0.2541
294 450 6 8 0.2533
838 405 8 10 0.2517
889 393 12 14 0.2478
892 393 12 14 0.2471
290 450 6 8 0.2284
841 405 8 10 0.2281
783 414 8 10 0.2091
242 403 11 14 0.1694
850 430 6 8 0.1641
853 430 7 9 0.1626
840 404 8 10 0.1614
435 425 6 8 0.1602
786 413 8 11 0.1542
432 425 6 8 0.1514
306 425 6 8 0.1415
851 431 6 8 0.1372
837 404 8 10 0.1310
854 430 6 9 0.1301
696 423 6 8 0.1288
698 423 7 8 0.1253
303 426 6 7 0.1246
269 425 5 7 0.1245
912 442 7 9 0.1197
241 405 11 13 0.1194
915 442 7 8 0.1148
266 425 5 7 0.1140
363 426 5 6 0.1080
952 381 15 13 0.1027
786 415 7 9 0.1024
286 430 5 7 0.1011
832 392 7 8 0.0932
365 425 6 7 0.0908
801 402 7 9 0.0905
283 430 5 7 0.0850
798 401 7 9 0.0845
657 423 6 6 0.0842
499 424 5 7 0.0800
830 392 6 7 0.0769
459 424 5 8 0.0764
659 423 6 7 0.0737
575 423 5 7 0.0727
578 423 5 7 0.0702
502 424 5 7 0.0700
914 443 7 8 0.0686
782 416 7 9 0.0644
946 382 11 12 0.0631
802 404 7 9 0.0623
781 414 7 10 0.0619
776 405 6 8 0.0585
462 424 5 8 0.0557
778 405 7 9 0.0548
307 427 5 7 0.0533
405 430 5 7 0.0529
328 458 6 8 0.0518
619 423 6 7 0.0518
656 422 5 6 0.0499
655 423 5 7 0.0495
402 429 5 6 0.0485
360 428 5 7 0.0450
695 421 6 8 0.0443
891 391 12 13 0.0436
327 457 6 8 0.0434
983 438 7 9 0.0421
332 458 5 7 0.0415
542 425 5 6 0.0412
698 421 6 8 0.0405
999 439 6 8 0.0392
539 425 5 6 0.0383
457 416 5 6 0.0382
81 387 17 19 0.0374
460 415 5 7 0.0374
783 415 7 8 0.0371
986 438 7 9 0.0366
400 440 5 6 0.0360
917 442 6 8 0.0352
947 379 12 13 0.0344
1018 372 6 16 0.0336
330 458 6 7 0.0330
357 430 6 7 0.0325
831 393 6 9 0.0317
617 424 5 7 0.0315
575 418 5 8 0.0309
659 420 5 8 0.0304
269 427 5 6 0.0302
1001 440 7 8 0.0301
882 379 6 9 0.0298
266 427 5 7 0.0292
221 424 8 11 0.0283
577 417 5 6 0.0283
436 426 5 8 0.0281
788 414 7 9 0.0281
266 424 7 7 0.0276
601 441 5 6 0.0263
397 440 5 6 0.0261
500 421 6 8 0.0256
805 414 7 9 0.0256
266 422 5 8 0.0256
415 433 5 6 0.0253
831 394 7 8 0.0247
969 441 6 8 0.0245
434 423 6 8 0.0242
617 423 5 6 0.0242
225 424 9 11 0.0242
392 429 5 6 0.0241
431 424 6 7 0.0238
413 449 6 6 0.0238
497 421 6 8 0.0237
879 379 6 8 0.0236
362 425 6 7 0.0229
698 422 6 8 0.0228
354 431 6 7 0.0218
800 401 7 8 0.0217
214 427 6 8 0.0217
365 425 5 6 0.0217
1019 375 5 18 0.0216
943 362 6 6 0.0212
940 362 6 7 0.0207
544 425 5 6 0.0205
210 435 6 7 0.0205
622 423 5 7 0.0203
880 381 8 10 0.0201
292 449 5 7 0.0199
655 423 5 7 0.0198
292 449 6 7 0.0195
246 404 9 12 0.0194
400 441 5 6 0.0192
250 447 5 8 0.0192
952 379 13 13 0.0190
462 424 6 7 0.0187
984 438 7 9 0.0186
309 425 5 8 0.0183
620 423 5 6 0.0177
365 424 5 7 0.0177
391 443 5 6 0.0175
972 442 6 7 0.0171
294 451 6 8 0.0168
459 427 5 7 0.0167
426 429 5 7 0.0167
541 423 5 6 0.0167
290 452 7 8 0.0164
247 446 6 7 0.0160
951 384 12 13 0.0158
889 391 10 13 0.0156
302 423 6 7 0.0155
543 424 5 6 0.0153
499 424 6 7 0.0153
340 449 5 7 0.0151
437 425 6 7 0.0150
592 434 5 6 0.0150
896 393 9 12 0.0148
801 412 7 9 0.0148
575 424 5 6 0.0147
986 439 6 8 0.0145
603 441 5 6 0.0144
305 422 5 8 0.0142
590 437 5 8 0.0139
221 427 7 8 0.0136
912 442 7 9 0.0133
463 426 6 8 0.0132
398 440 5 6 0.0131
599 441 4 6 0.0129
402 429 5 5 0.0127
1002 439 6 8 0.0125
969 442 6 7 0.0125
545 421 5 7 0.0124
219 424 6 9 0.0123
958 365 7 7 0.0123
415 447 4 6 0.0121
694 423 6 8 0.0121
654 422 5 7 0.0118
933 365 5 7 0.0117
82 389 16 17 0.0116
599 440 4 6 0.0115
300 426 6 7 0.0113
243 446 6 8 0.0112
561 441 5 7 0.0107
887 395 8 11 0.0107
416 447 5 6 0.0104
203 439 6 7 0.0101
