35_Basketball_basketballgame_ball_35_64
137
953 179 71 119 0.8877
475 221 63 82 0.8868
124 286 59 78 0.8803
32 238 58 73 0.8801
591 207 68 95 0.8772
905 169 61 94 0.8674
805 182 39 50 0.8596
694 215 71 95 0.8574
657 105 34 42 0.8513
441 109 30 41 0.8511
294 233 64 88 0.8505
101 197 41 55 0.8504
0 241 31 42 0.8477
272 125 27 34 0.8435
492 160 33 38 0.8327
239 244 32 43 0.8232
566 202 29 38 0.8183
96 126 25 36 0.8143
150 138 25 34 0.8133
398 145 27 37 0.8121
591 78 29 35 0.8119
236 190 30 38 0.8076
726 94 33 36 0.8068
414 110 26 36 0.8051
343 154 26 32 0.8038
535 17 25 33 0.8021
191 217 30 35 0.7936
280 219 29 41 0.7815
141 106 23 32 0.7768
242 162 28 33 0.7755
390 68 25 31 0.7693
524 92 25 33 0.7593
55 192 22 29 0.7549
0 291 36 66 0.7372
871 58 25 35 0.7224
467 62 24 32 0.7102
24 76 21 27 0.7078
624 4 22 28 0.6925
450 5 26 28 0.6718
300 95 21 24 0.6488
268 6 20 24 0.6488
339 0 20 19 0.6473
191 166 30 37 0.5904
455 44 21 28 0.5798
49 42 19 25 0.5750
88 40 21 26 0.5593
74 209 29 39 0.5472
294 0 18 20 0.5240
33 154 25 28 0.4762
414 12 24 29 0.4758
215 105 26 30 0.4627
417 14 22 28 0.4579
65 0 17 14 0.4404
34 155 26 27 0.4139
492 4 22 27 0.4043
170 248 30 38 0.3859
210 8 19 25 0.3814
160 4 18 24 0.3778
76 208 30 41 0.3511
207 8 18 25 0.3506
181 75 25 28 0.3443
219 106 24 29 0.3344
2 111 16 24 0.3145
376 166 21 26 0.3023
157 5 18 23 0.2951
240 69 24 27 0.2928
46 42 18 24 0.2537
179 76 23 27 0.2408
467 62 24 32 0.2375
8 93 16 20 0.2218
294 234 64 87 0.2178
397 0 20 13 0.2173
352 209 24 29 0.1940
460 307 32 37 0.1873
686 188 43 59 0.1696
5 111 17 23 0.1649
69 0 15 14 0.1480
298 1 18 18 0.1423
451 44 21 27 0.1344
687 63 19 25 0.1341
489 5 20 27 0.1310
490 1 23 29 0.1307
336 0 19 19 0.1238
158 3 18 24 0.1201
246 70 22 26 0.1147
92 39 20 26 0.1103
272 7 19 23 0.1099
378 166 22 28 0.1081
297 95 21 24 0.0848
0 128 6 24 0.0835
90 40 20 27 0.0821
4 217 24 30 0.0557
179 79 23 26 0.0557
10 95 17 21 0.0551
177 119 21 29 0.0536
238 67 23 26 0.0529
263 99 23 27 0.0523
28 76 20 26 0.0475
396 0 18 9 0.0475
0 131 6 24 0.0454
6 93 15 20 0.0437
2 217 19 30 0.0432
85 171 22 30 0.0393
5 93 19 24 0.0375
205 106 21 26 0.0343
688 67 22 27 0.0341
0 292 35 65 0.0316
448 5 25 28 0.0298
288 0 18 20 0.0270
263 92 20 26 0.0264
460 308 27 29 0.0261
244 66 22 27 0.0230
401 0 21 14 0.0225
86 168 19 23 0.0221
218 91 18 22 0.0220
369 75 19 26 0.0206
203 104 19 26 0.0204
391 0 19 12 0.0196
525 92 26 33 0.0189
172 247 26 29 0.0187
870 58 24 34 0.0186
683 63 17 24 0.0178
276 279 35 40 0.0175
27 153 22 25 0.0165
2 112 18 28 0.0163
200 48 19 22 0.0145
236 68 22 28 0.0144
53 192 20 28 0.0143
487 2 20 26 0.0138
630 4 21 28 0.0137
373 80 18 24 0.0134
689 60 25 32 0.0120
453 43 20 26 0.0120
175 118 18 27 0.0118
381 2 16 15 0.0116
59 139 18 21 0.0114
276 287 36 43 0.0101
