35_Basketball_basketballgame_ball_35_178
713
838 188 28 37 0.8588
198 471 21 24 0.8548
690 386 25 27 0.8449
87 395 27 32 0.8394
303 485 20 22 0.8025
567 264 27 26 0.7841
457 384 27 29 0.5677
457 384 27 28 0.5620
934 668 6 8 0.3180
45 666 6 8 0.2834
27 674 7 9 0.2825
372 703 5 6 0.2785
901 674 6 7 0.2651
48 666 6 8 0.2451
31 657 6 8 0.2406
845 670 5 7 0.2287
950 663 6 7 0.2224
120 674 6 9 0.2191
884 675 5 7 0.2190
370 694 5 6 0.2163
842 669 5 7 0.2084
834 679 5 6 0.2084
355 692 5 6 0.2084
918 673 5 7 0.2078
352 691 5 6 0.2037
422 692 5 7 0.2022
329 694 5 6 0.1998
34 657 6 8 0.1997
381 694 6 6 0.1967
122 675 6 8 0.1893
357 701 6 7 0.1871
914 672 6 7 0.1861
56 660 7 8 0.1821
863 676 6 7 0.1811
961 654 6 7 0.1792
915 673 6 8 0.1782
74 665 7 8 0.1771
70 664 7 9 0.1764
796 683 5 6 0.1726
745 690 5 7 0.1713
327 694 5 6 0.1707
812 682 5 5 0.1706
348 671 5 6 0.1703
861 655 5 7 0.1659
882 674 6 8 0.1654
936 655 5 6 0.1599
60 660 6 8 0.1596
826 682 4 6 0.1596
324 705 5 6 0.1586
760 702 5 7 0.1574
16 659 6 7 0.1573
15 675 7 9 0.1573
350 671 5 7 0.1563
479 690 5 7 0.1546
13 659 6 7 0.1540
902 666 5 6 0.1521
362 673 5 6 0.1515
15 659 6 7 0.1498
355 702 5 7 0.1497
764 681 4 6 0.1469
860 675 6 7 0.1450
118 674 7 8 0.1433
405 690 4 7 0.1431
924 660 5 7 0.1428
435 694 5 6 0.1425
107 687 7 10 0.1405
604 679 5 6 0.1396
111 667 6 9 0.1386
619 692 5 7 0.1382
407 690 5 6 0.1370
12 676 7 8 0.1368
758 664 6 6 0.1365
833 648 5 6 0.1330
534 681 5 6 0.1315
601 680 4 5 0.1308
650 695 5 6 0.1306
606 694 5 6 0.1304
541 696 6 7 0.1296
106 686 7 9 0.1293
761 681 5 6 0.1288
372 679 5 6 0.1273
594 695 5 6 0.1263
490 691 5 6 0.1257
144 678 7 8 0.1252
531 681 5 6 0.1241
653 695 5 6 0.1240
222 598 6 7 0.1230
900 665 5 7 0.1219
603 702 5 6 0.1218
864 655 5 6 0.1207
18 649 6 7 0.1206
375 666 5 5 0.1191
989 652 5 6 0.1180
742 690 5 6 0.1180
798 683 5 7 0.1176
977 652 6 6 0.1174
328 666 5 6 0.1171
220 613 8 10 0.1163
935 669 6 7 0.1148
384 683 5 6 0.1148
846 671 5 6 0.1144
977 664 6 7 0.1143
552 687 5 6 0.1143
832 648 4 6 0.1140
876 676 6 7 0.1126
633 693 5 7 0.1110
389 704 6 6 0.1106
756 663 5 6 0.1103
1010 645 6 6 0.1100
550 686 5 6 0.1099
221 597 5 7 0.1090
217 613 8 10 0.1087
810 645 5 6 0.1086
476 690 5 6 0.1084
840 647 5 6 0.1056
880 674 6 7 0.1048
359 673 5 6 0.1045
360 652 5 6 0.1041
325 666 5 7 0.1031
618 678 5 6 0.1020
414 700 5 7 0.1018
901 627 5 6 0.1018
783 661 5 6 0.1017
109 685 7 10 0.1005
770 647 5 7 0.0999
504 679 5 6 0.0991
26 672 7 8 0.0990
747 654 5 6 0.0986
665 693 4 6 0.0981
762 702 5 6 0.0980
543 696 6 7 0.0975
794 647 5 6 0.0966
127 663 6 7 0.0959
997 645 4 6 0.0957
960 665 6 7 0.0954
855 635 5 7 0.0951
13 660 6 7 0.0946
743 690 5 6 0.0933
747 665 5 6 0.0932
677 659 6 7 0.0930
830 649 5 5 0.0926
21 649 6 7 0.0925
761 640 5 6 0.0924
263 506 16 19 0.0922
578 670 6 6 0.0919
390 667 4 6 0.0908
539 696 6 7 0.0899
747 642 5 6 0.0883
795 655 6 7 0.0882
390 647 5 6 0.0879
1016 664 6 8 0.0875
110 665 6 8 0.0872
912 627 5 6 0.0871
734 656 5 7 0.0869
767 647 6 6 0.0864
466 694 5 6 0.0863
793 682 5 5 0.0862
659 704 5 6 0.0850
809 680 6 6 0.0849
388 647 5 6 0.0848
759 692 5 6 0.0848
327 704 5 6 0.0847
992 648 5 6 0.0839
600 702 5 7 0.0838
662 704 5 6 0.0837
493 677 5 7 0.0829
466 703 5 6 0.0823
123 664 6 7 0.0817
995 627 5 7 0.0816
393 668 5 6 0.0809
343 657 5 6 0.0806
468 702 5 7 0.0803
578 693 5 6 0.0802
921 661 6 6 0.0801
948 648 5 6 0.0800
309 701 5 7 0.0795
1011 632 5 6 0.0794
401 677 5 6 0.0786
457 695 5 6 0.0770
923 669 5 7 0.0765
873 686 5 8 0.0762
143 677 6 8 0.0759
842 648 5 6 0.0756
490 676 5 7 0.0752
566 669 5 7 0.0749
720 689 6 7 0.0746
451 681 5 7 0.0745
370 702 5 7 0.0743
680 660 5 6 0.0741
981 634 5 6 0.0741
722 656 6 7 0.0738
78 655 6 7 0.0726
949 649 4 6 0.0721
928 622 5 6 0.0717
931 622 5 6 0.0715
563 670 5 6 0.0711
663 693 5 6 0.0710
261 507 14 17 0.0708
333 655 5 6 0.0702
147 679 7 9 0.0701
228 685 6 7 0.0701
784 634 5 6 0.0695
437 682 5 6 0.0689
945 649 5 6 0.0688
762 696 5 6 0.0685
13 675 8 8 0.0685
312 703 5 6 0.0682
790 672 6 6 0.0677
56 643 6 7 0.0676
469 672 5 6 0.0676
83 667 6 7 0.0676
623 670 5 6 0.0672
973 649 5 6 0.0671
59 643 6 7 0.0666
758 702 5 7 0.0665
769 661 5 6 0.0664
829 648 4 5 0.0662
427 707 5 6 0.0662
493 689 4 6 0.0658
717 689 6 7 0.0657
374 650 5 6 0.0653
876 637 5 7 0.0648
392 701 5 6 0.0646
620 670 5 6 0.0642
602 679 4 5 0.0639
592 670 5 6 0.0638
247 705 6 7 0.0638
574 693 5 6 0.0637
41 645 6 7 0.0634
809 655 5 6 0.0632
931 668 6 7 0.0628
130 583 6 7 0.0626
648 673 5 7 0.0625
225 685 6 7 0.0625
396 701 5 7 0.0617
472 672 5 7 0.0615
981 663 6 7 0.0610
679 693 5 6 0.0609
76 653 6 7 0.0607
936 655 6 6 0.0597
791 696 5 7 0.0592
887 694 6 6 0.0590
867 705 5 7 0.0587
374 648 5 6 0.0586
357 650 5 7 0.0583
870 705 5 7 0.0581
852 635 5 6 0.0570
736 659 5 6 0.0566
424 683 5 7 0.0564
718 688 6 7 0.0564
1009 646 5 7 0.0563
831 679 5 6 0.0557
249 705 7 7 0.0556
132 584 6 6 0.0553
786 634 5 5 0.0552
143 627 6 6 0.0552
28 673 7 9 0.0545
406 648 5 6 0.0545
362 674 5 6 0.0542
104 688 7 8 0.0541
948 621 5 5 0.0541
899 626 5 6 0.0539
406 688 5 6 0.0533
788 696 5 6 0.0532
33 656 6 7 0.0527
403 648 5 6 0.0523
958 654 6 7 0.0522
427 676 6 7 0.0521
151 676 7 7 0.0521
326 692 4 6 0.0514
1013 664 6 7 0.0513
781 655 5 6 0.0508
420 693 5 6 0.0506
903 673 6 7 0.0506
46 635 5 7 0.0502
431 708 5 6 0.0501
329 655 5 7 0.0501
1009 647 5 6 0.0500
881 675 5 7 0.0499
870 686 6 8 0.0495
291 699 5 7 0.0494
659 658 6 6 0.0494
962 651 5 7 0.0491
222 697 6 8 0.0490
919 643 5 6 0.0489
219 597 5 7 0.0489
860 655 5 7 0.0488
445 712 5 6 0.0487
142 678 6 8 0.0487
809 681 5 6 0.0485
777 678 5 6 0.0480
328 692 5 6 0.0480
219 598 6 8 0.0479
873 631 6 6 0.0476
83 662 6 7 0.0475
220 696 6 8 0.0474
58 658 6 8 0.0467
772 634 5 6 0.0467
49 636 5 6 0.0466
1013 645 5 7 0.0465
733 643 5 6 0.0464
633 683 5 6 0.0463
919 617 4 6 0.0463
724 658 5 6 0.0461
831 647 5 6 0.0460
15 657 6 8 0.0460
346 671 5 7 0.0458
645 673 5 7 0.0454
986 651 5 7 0.0454
344 696 6 7 0.0452
620 660 5 7 0.0449
583 239 14 15 0.0449
323 704 5 6 0.0448
1017 675 6 8 0.0448
740 688 4 6 0.0447
490 703 6 6 0.0444
651 695 5 6 0.0439
619 693 6 6 0.0431
288 702 5 6 0.0430
772 647 5 6 0.0425
676 692 6 6 0.0423
809 646 5 6 0.0423
224 597 6 7 0.0422
494 703 5 7 0.0422
747 652 5 6 0.0420
80 666 6 8 0.0420
565 653 5 7 0.0420
539 697 6 7 0.0418
512 677 5 6 0.0417
646 674 5 7 0.0416
396 678 5 6 0.0416
853 673 5 7 0.0416
821 636 4 6 0.0415
963 618 5 6 0.0414
916 618 5 5 0.0413
951 665 5 7 0.0413
139 663 6 7 0.0411
895 648 5 7 0.0411
503 669 5 6 0.0411
354 650 6 7 0.0408
675 645 6 6 0.0407
992 628 5 6 0.0405
291 700 6 7 0.0405
789 694 5 6 0.0404
600 701 5 7 0.0403
225 599 6 7 0.0402
949 619 5 5 0.0401
754 631 5 6 0.0399
125 670 6 8 0.0396
746 632 5 6 0.0395
141 626 6 6 0.0394
716 688 5 7 0.0392
323 717 5 6 0.0392
374 708 6 7 0.0390
543 696 5 6 0.0389
287 700 5 6 0.0387
805 628 5 6 0.0387
602 679 4 6 0.0386
609 664 5 6 0.0386
559 702 5 7 0.0384
614 701 5 6 0.0383
729 643 6 7 0.0381
832 680 5 5 0.0377
114 577 6 6 0.0377
812 689 5 7 0.0373
914 644 6 6 0.0372
1004 609 4 7 0.0372
468 702 5 6 0.0371
577 684 5 7 0.0369
759 679 5 7 0.0368
527 762 9 6 0.0368
79 655 7 8 0.0367
136 606 5 6 0.0364
930 622 5 6 0.0359
431 674 5 6 0.0359
647 674 5 6 0.0359
759 702 5 6 0.0358
547 684 6 6 0.0356
575 693 4 6 0.0356
423 679 6 6 0.0356
448 681 4 6 0.0354
619 676 5 6 0.0353
231 687 5 6 0.0353
857 631 5 7 0.0351
341 655 6 7 0.0350
409 709 5 6 0.0349
119 620 5 7 0.0349
133 690 7 9 0.0347
562 703 5 6 0.0345
940 612 5 6 0.0344
394 749 5 6 0.0342
1009 631 5 6 0.0341
413 670 6 7 0.0340
906 656 5 6 0.0339
429 709 5 6 0.0338
139 606 6 7 0.0338
719 656 6 8 0.0336
116 619 6 8 0.0328
470 674 5 6 0.0328
391 647 5 6 0.0328
634 698 6 7 0.0327
530 679 5 7 0.0327
891 648 6 7 0.0326
363 651 5 7 0.0325
894 652 5 6 0.0324
837 633 5 6 0.0324
134 584 5 6 0.0324
229 636 6 8 0.0324
409 648 5 6 0.0324
119 675 6 8 0.0323
789 631 6 6 0.0322
571 671 5 6 0.0322
666 657 6 6 0.0322
128 626 5 7 0.0321
890 692 6 8 0.0320
437 693 6 7 0.0316
68 671 7 9 0.0316
579 657 6 6 0.0315
672 645 5 7 0.0315
396 632 5 6 0.0313
602 716 5 6 0.0312
728 655 5 7 0.0310
902 627 5 5 0.0309
472 675 5 6 0.0307
675 661 6 7 0.0307
388 711 5 7 0.0306
31 673 7 9 0.0306
492 677 6 7 0.0304
564 676 5 6 0.0304
218 696 6 8 0.0303
153 627 5 6 0.0303
361 709 6 7 0.0300
946 670 6 7 0.0300
977 665 6 6 0.0297
225 617 7 8 0.0294
973 617 5 5 0.0294
576 706 5 6 0.0293
802 628 5 6 0.0293
728 626 5 6 0.0292
236 689 6 7 0.0291
781 634 4 5 0.0291
993 626 4 6 0.0290
876 630 5 6 0.0290
640 654 6 6 0.0290
206 684 6 7 0.0287
391 749 5 6 0.0287
218 698 6 7 0.0287
242 704 6 8 0.0285
129 585 5 7 0.0285
952 621 4 6 0.0285
727 624 5 6 0.0284
828 630 5 6 0.0284
621 750 6 7 0.0284
418 663 6 6 0.0283
982 632 5 6 0.0282
508 676 5 7 0.0281
731 625 5 6 0.0279
625 751 5 7 0.0278
562 652 6 7 0.0278
729 624 5 6 0.0277
140 626 6 7 0.0274
328 652 6 7 0.0274
856 629 5 6 0.0271
674 674 5 6 0.0270
495 652 6 7 0.0270
118 607 5 6 0.0268
893 631 5 5 0.0267
400 646 5 6 0.0266
1014 666 7 7 0.0266
859 625 5 7 0.0265
601 644 5 6 0.0265
751 629 5 7 0.0264
143 693 7 8 0.0262
118 577 5 6 0.0259
53 666 7 8 0.0259
542 747 6 8 0.0257
364 633 5 6 0.0257
392 631 5 7 0.0256
207 648 6 7 0.0256
80 670 6 8 0.0255
221 599 6 6 0.0253
271 495 8 8 0.0251
461 659 6 6 0.0250
448 679 6 7 0.0249
530 681 5 6 0.0248
885 692 5 7 0.0247
640 700 5 7 0.0246
116 588 5 7 0.0245
230 638 6 8 0.0244
493 702 5 6 0.0244
732 699 6 7 0.0241
785 696 4 6 0.0241
321 584 5 7 0.0240
655 657 5 6 0.0240
153 624 5 7 0.0239
291 700 5 6 0.0238
683 705 6 7 0.0238
337 637 6 7 0.0238
375 619 6 7 0.0237
318 584 5 6 0.0237
319 716 5 6 0.0237
855 685 6 8 0.0237
393 750 5 7 0.0235
831 628 5 6 0.0235
369 637 5 7 0.0232
815 686 5 7 0.0232
631 654 5 6 0.0232
962 641 5 6 0.0230
459 659 5 7 0.0229
125 623 6 7 0.0227
197 671 7 9 0.0227
226 637 6 7 0.0226
1015 603 5 6 0.0226
115 606 6 8 0.0225
322 666 6 7 0.0224
831 684 6 7 0.0224
585 645 5 6 0.0224
147 692 7 8 0.0223
245 705 6 7 0.0223
623 656 5 6 0.0221
675 658 5 7 0.0221
885 653 5 6 0.0221
122 623 5 6 0.0220
492 653 6 7 0.0220
200 671 7 9 0.0219
218 697 6 8 0.0219
545 748 6 7 0.0218
552 650 5 6 0.0216
209 649 6 6 0.0211
874 625 6 7 0.0211
135 586 5 6 0.0209
635 759 6 8 0.0208
444 713 5 6 0.0207
117 621 6 7 0.0207
240 693 6 7 0.0207
583 646 5 6 0.0207
219 616 6 7 0.0206
818 617 5 6 0.0205
116 575 5 7 0.0204
319 586 5 7 0.0204
655 652 6 6 0.0201
630 645 5 6 0.0201
566 653 5 6 0.0201
938 612 5 6 0.0201
245 595 5 7 0.0200
885 695 5 7 0.0198
638 760 6 7 0.0198
992 607 5 6 0.0198
329 713 5 7 0.0198
582 239 13 15 0.0197
668 694 5 6 0.0196
651 689 5 6 0.0194
536 678 5 7 0.0193
246 597 6 8 0.0193
342 636 6 6 0.0192
334 652 6 7 0.0191
798 612 5 6 0.0190
883 619 5 6 0.0188
324 667 6 7 0.0188
598 716 5 6 0.0187
722 691 5 6 0.0187
548 648 5 6 0.0187
545 662 6 7 0.0187
113 574 5 7 0.0186
551 649 5 6 0.0186
247 535 9 12 0.0185
803 626 5 6 0.0184
298 685 6 7 0.0184
148 606 5 7 0.0183
449 722 5 6 0.0180
623 751 5 7 0.0178
74 690 6 9 0.0178
8 461 16 17 0.0178
752 629 6 6 0.0178
374 750 5 6 0.0177
44 686 7 9 0.0177
566 625 5 6 0.0176
923 684 6 8 0.0175
856 625 5 6 0.0174
106 689 7 8 0.0174
132 583 5 5 0.0173
157 677 5 7 0.0172
172 635 6 7 0.0172
136 605 6 7 0.0172
453 724 5 6 0.0172
572 633 5 7 0.0172
1000 608 5 6 0.0172
626 647 6 7 0.0171
393 632 5 5 0.0169
600 646 4 5 0.0169
226 641 6 7 0.0167
475 655 5 6 0.0165
749 628 5 7 0.0165
181 698 6 7 0.0164
879 608 5 6 0.0163
297 650 6 7 0.0162
231 653 5 7 0.0162
41 686 7 9 0.0162
371 750 5 7 0.0161
322 585 5 6 0.0161
404 709 5 6 0.0160
473 654 5 7 0.0159
411 649 5 6 0.0159
544 748 6 9 0.0159
593 606 5 6 0.0159
882 608 5 5 0.0157
588 658 5 6 0.0156
84 651 5 7 0.0155
187 708 6 8 0.0155
90 671 6 8 0.0154
494 651 6 7 0.0154
595 606 6 7 0.0154
730 626 5 5 0.0154
506 664 5 7 0.0154
116 622 6 7 0.0153
494 653 6 6 0.0152
313 728 6 7 0.0152
550 650 5 6 0.0151
260 661 6 7 0.0151
227 652 6 7 0.0150
1011 675 6 8 0.0150
154 581 6 7 0.0150
210 648 6 7 0.0149
303 738 6 7 0.0148
154 698 7 7 0.0148
140 694 6 8 0.0147
142 696 7 8 0.0147
959 670 6 7 0.0147
324 573 5 6 0.0147
444 725 6 6 0.0147
299 653 6 7 0.0146
396 750 5 6 0.0145
772 626 6 7 0.0144
1 566 6 7 0.0144
368 631 6 6 0.0144
971 612 5 6 0.0143
945 614 5 6 0.0142
418 754 5 7 0.0141
490 649 6 8 0.0140
256 696 6 8 0.0139
802 612 5 6 0.0139
111 659 5 6 0.0138
455 715 5 6 0.0138
182 708 7 7 0.0138
640 643 6 6 0.0138
156 627 5 6 0.0137
791 709 6 6 0.0136
354 712 6 7 0.0134
116 577 5 6 0.0132
176 635 7 8 0.0132
221 682 6 7 0.0131
351 607 5 7 0.0131
172 638 7 8 0.0131
488 750 8 10 0.0131
797 695 5 6 0.0131
30 632 6 8 0.0130
314 729 6 7 0.0130
785 711 5 7 0.0130
65 637 6 7 0.0129
204 648 6 8 0.0129
418 753 5 6 0.0127
372 619 5 7 0.0126
366 606 5 6 0.0126
311 728 6 8 0.0126
668 615 5 6 0.0125
587 712 5 6 0.0125
46 669 7 9 0.0123
250 536 9 13 0.0123
70 690 7 9 0.0122
525 760 7 8 0.0121
117 643 6 7 0.0120
724 683 5 6 0.0120
471 710 5 6 0.0120
204 688 5 7 0.0119
799 613 6 7 0.0119
201 680 7 8 0.0118
176 638 6 8 0.0118
147 659 6 8 0.0117
916 616 4 5 0.0117
300 737 7 8 0.0117
416 648 5 7 0.0116
242 597 6 7 0.0114
261 704 5 7 0.0114
187 706 6 7 0.0113
451 724 5 6 0.0112
421 753 5 6 0.0112
386 611 6 6 0.0112
568 626 5 6 0.0111
342 632 5 6 0.0111
780 626 6 7 0.0111
15 650 5 8 0.0110
602 750 6 8 0.0110
233 622 6 7 0.0109
279 675 5 7 0.0109
980 594 5 6 0.0108
492 751 7 8 0.0108
320 573 6 7 0.0108
818 614 5 7 0.0107
538 747 7 9 0.0106
518 555 8 11 0.0105
540 663 5 7 0.0105
351 608 6 6 0.0105
603 748 6 7 0.0105
234 648 6 6 0.0104
933 601 5 5 0.0104
465 646 6 7 0.0103
559 630 5 6 0.0103
380 760 6 8 0.0103
70 638 6 8 0.0102
485 708 5 7 0.0102
1011 603 5 6 0.0102
116 607 5 6 0.0100
355 606 6 7 0.0100
