35_Basketball_basketballgame_ball_35_290
808
908 136 32 40 0.8532
640 116 34 48 0.8496
411 254 42 54 0.8434
472 177 35 48 0.8373
60 202 19 25 0.8083
142 327 12 15 0.5841
3 316 14 17 0.5239
152 308 10 13 0.4821
182 238 7 8 0.4376
136 302 10 12 0.4259
764 230 16 20 0.4125
32 266 9 11 0.4094
182 255 7 9 0.4057
8 269 10 12 0.4023
36 266 8 11 0.3835
139 302 10 12 0.3688
5 242 8 11 0.3640
34 235 7 9 0.3483
37 235 7 10 0.3435
580 330 8 11 0.3403
11 269 10 12 0.3380
132 233 6 9 0.3356
162 252 8 10 0.3334
7 224 7 10 0.3329
8 242 8 11 0.3285
4 225 7 9 0.3256
165 253 8 10 0.3221
7 316 13 17 0.3115
148 243 7 8 0.3088
767 229 16 21 0.3060
201 249 7 8 0.2988
143 266 8 10 0.2957
125 286 8 10 0.2927
171 265 8 10 0.2902
287 239 6 7 0.2886
260 262 7 8 0.2863
462 321 9 12 0.2862
160 295 8 11 0.2861
112 225 7 8 0.2829
151 243 7 8 0.2802
207 232 6 7 0.2779
215 239 7 8 0.2734
90 199 7 8 0.2733
122 285 8 11 0.2732
821 332 6 6 0.2709
228 282 6 8 0.2699
158 277 8 9 0.2690
446 327 7 10 0.2674
595 328 7 10 0.2633
52 285 8 10 0.2621
114 234 7 8 0.2584
109 225 7 8 0.2581
81 191 7 7 0.2551
131 190 7 8 0.2549
275 252 7 8 0.2546
885 334 6 8 0.2530
443 327 7 10 0.2520
106 213 6 8 0.2510
598 328 7 9 0.2495
102 213 7 8 0.2493
619 332 7 8 0.2481
127 252 7 9 0.2418
272 252 7 8 0.2413
145 326 12 16 0.2407
174 265 7 10 0.2404
352 237 6 7 0.2401
184 254 8 10 0.2382
199 261 10 13 0.2376
124 252 7 9 0.2375
230 240 6 8 0.2360
185 224 6 7 0.2331
240 259 6 8 0.2315
869 337 6 8 0.2301
296 240 6 8 0.2270
222 292 6 7 0.2260
849 336 6 8 0.2234
39 155 6 7 0.2231
262 261 7 9 0.2230
258 261 7 9 0.2230
230 282 7 8 0.2224
107 186 7 8 0.2223
243 259 6 8 0.2153
110 174 6 7 0.2146
130 190 6 8 0.2125
195 222 6 7 0.2124
271 294 8 9 0.2122
87 199 7 8 0.2105
622 331 7 8 0.2104
54 285 8 11 0.2081
350 223 6 7 0.2070
40 195 6 8 0.2059
866 336 6 8 0.2059
161 277 8 10 0.2043
887 335 7 7 0.2043
90 138 6 7 0.2032
183 223 6 7 0.2019
847 336 6 7 0.2012
41 224 7 8 0.1987
197 222 6 7 0.1982
62 136 6 7 0.1962
158 226 6 8 0.1938
39 223 7 9 0.1931
163 296 8 10 0.1924
63 235 6 9 0.1912
319 213 7 8 0.1907
86 138 6 7 0.1902
55 155 5 7 0.1899
108 174 5 7 0.1892
200 278 9 12 0.1887
362 223 5 7 0.1869
74 129 5 8 0.1861
202 261 10 13 0.1848
438 367 7 9 0.1847
870 337 6 8 0.1836
460 321 9 11 0.1834
133 189 6 8 0.1813
128 216 7 8 0.1811
77 130 5 7 0.1796
384 240 6 7 0.1792
59 235 7 9 0.1784
146 142 5 7 0.1783
29 163 6 7 0.1765
835 330 6 7 0.1755
59 136 6 7 0.1743
831 335 6 8 0.1736
161 226 6 8 0.1718
58 156 6 7 0.1706
42 156 6 7 0.1706
120 135 6 7 0.1692
618 351 8 10 0.1689
125 275 7 9 0.1688
122 275 7 9 0.1688
606 317 6 7 0.1686
131 206 6 8 0.1685
367 237 5 7 0.1684
888 334 6 8 0.1681
807 336 6 9 0.1676
69 170 6 7 0.1671
43 131 5 7 0.1669
270 294 7 9 0.1662
434 367 8 9 0.1656
111 234 7 8 0.1629
394 241 5 6 0.1629
30 177 6 8 0.1628
66 170 6 7 0.1617
227 240 6 7 0.1604
14 208 8 10 0.1585
132 169 6 7 0.1577
26 153 5 7 0.1574
131 144 5 6 0.1564
222 211 7 8 0.1552
436 394 10 10 0.1538
16 209 8 10 0.1519
1016 334 6 8 0.1509
163 241 7 8 0.1504
126 226 6 8 0.1501
257 209 5 8 0.1490
146 265 8 10 0.1490
45 132 6 6 0.1486
202 278 10 12 0.1479
15 83 6 8 0.1472
145 209 6 7 0.1468
118 135 5 7 0.1462
464 322 8 11 0.1460
273 293 8 10 0.1450
129 169 6 6 0.1436
199 222 6 7 0.1434
254 221 6 9 0.1434
391 254 7 10 0.1423
22 153 6 7 0.1420
803 336 7 8 0.1417
806 336 7 8 0.1409
208 197 6 7 0.1391
103 143 6 8 0.1383
121 274 7 8 0.1380
22 192 7 8 0.1378
199 248 7 9 0.1373
363 237 5 7 0.1371
47 132 6 6 0.1363
51 285 8 11 0.1358
309 212 5 6 0.1357
833 329 5 8 0.1352
346 248 6 7 0.1351
251 222 7 8 0.1342
346 212 6 6 0.1340
225 258 7 9 0.1339
362 244 6 8 0.1333
31 214 7 9 0.1333
388 255 7 8 0.1325
434 394 8 10 0.1323
819 331 6 7 0.1321
61 235 8 9 0.1319
226 259 7 9 0.1318
226 212 7 8 0.1318
220 292 6 7 0.1312
36 187 6 8 0.1307
141 208 6 8 0.1305
577 331 8 10 0.1303
151 181 7 7 0.1298
858 348 6 8 0.1297
255 209 6 7 0.1293
19 193 6 7 0.1282
83 173 5 6 0.1282
253 210 6 8 0.1271
57 156 6 8 0.1262
123 222 6 8 0.1261
133 144 6 6 0.1245
115 157 5 6 0.1242
804 337 6 9 0.1241
828 335 7 8 0.1234
373 214 6 7 0.1233
114 156 6 7 0.1231
607 339 7 8 0.1229
430 343 8 10 0.1227
294 240 5 7 0.1209
171 286 8 10 0.1206
154 181 6 7 0.1205
24 205 8 9 0.1201
470 318 8 10 0.1200
228 258 7 9 0.1193
112 155 5 8 0.1185
623 346 8 11 0.1182
299 212 5 7 0.1167
642 315 8 10 0.1166
253 209 5 7 0.1160
885 209 5 6 0.1158
843 204 5 7 0.1158
123 273 7 9 0.1155
208 233 6 8 0.1153
283 237 6 7 0.1137
255 187 5 7 0.1130
136 232 7 8 0.1119
427 343 8 11 0.1116
107 174 5 7 0.1110
858 213 5 7 0.1108
103 213 6 7 0.1107
57 235 8 9 0.1104
4 151 6 7 0.1098
142 171 6 7 0.1081
48 325 12 16 0.1072
86 173 5 6 0.1071
887 209 5 6 0.1063
358 214 5 6 0.1060
87 138 6 7 0.1056
252 187 5 7 0.1053
12 207 7 10 0.1040
55 284 8 11 0.1039
198 164 5 7 0.1031
269 189 5 6 0.1021
623 349 8 10 0.1013
231 260 6 7 0.1010
27 177 6 8 0.1007
163 295 8 10 0.1002
87 198 6 8 0.1001
344 211 6 7 0.0999
342 211 5 6 0.0997
79 149 6 7 0.0991
167 177 6 7 0.0989
1017 200 6 8 0.0986
3 193 6 7 0.0986
156 225 7 8 0.0980
854 348 7 7 0.0975
169 146 5 6 0.0973
381 240 6 6 0.0970
412 349 10 11 0.0967
66 170 5 7 0.0964
85 172 5 7 0.0957
149 142 5 7 0.0953
26 163 6 7 0.0952
12 85 5 5 0.0945
81 171 6 7 0.0944
271 214 7 8 0.0920
1005 227 5 6 0.0917
619 319 6 8 0.0914
33 186 6 8 0.0907
630 307 6 7 0.0894
187 268 8 10 0.0894
160 145 5 6 0.0892
154 309 10 12 0.0887
145 170 6 7 0.0887
272 251 6 8 0.0887
249 245 6 8 0.0884
252 246 6 8 0.0884
231 283 6 8 0.0876
205 197 6 7 0.0869
866 337 7 8 0.0864
829 204 5 7 0.0859
211 236 6 8 0.0857
1013 334 6 8 0.0851
833 204 5 6 0.0845
22 84 4 6 0.0843
222 159 5 6 0.0836
603 316 6 8 0.0834
176 198 7 8 0.0834
305 193 5 7 0.0833
164 253 8 9 0.0833
166 145 5 7 0.0823
14 83 5 7 0.0818
171 284 7 10 0.0815
365 236 6 7 0.0814
594 304 6 8 0.0812
610 339 7 9 0.0811
185 164 5 6 0.0810
322 229 7 8 0.0802
645 315 7 10 0.0802
860 198 5 7 0.0800
114 203 6 8 0.0790
627 307 6 7 0.0790
1017 334 6 9 0.0784
34 233 8 10 0.0777
867 197 5 6 0.0771
354 213 6 7 0.0769
414 351 10 12 0.0768
869 197 6 7 0.0768
160 225 6 7 0.0766
170 201 7 8 0.0764
298 191 5 7 0.0764
343 248 6 7 0.0761
184 254 7 9 0.0755
622 322 7 9 0.0750
860 195 5 7 0.0749
1014 200 6 7 0.0746
153 165 6 8 0.0744
164 119 5 6 0.0743
161 297 8 9 0.0730
160 276 8 10 0.0726
64 102 5 6 0.0718
344 246 5 7 0.0715
399 192 5 6 0.0714
45 326 11 15 0.0713
197 185 5 7 0.0713
36 195 6 9 0.0710
295 211 6 7 0.0709
220 208 7 8 0.0705
1003 215 5 7 0.0702
182 121 5 6 0.0701
596 329 7 8 0.0689
857 196 5 6 0.0689
37 222 8 10 0.0688
276 203 5 7 0.0687
224 159 5 7 0.0686
19 84 6 6 0.0685
310 198 5 7 0.0683
810 197 5 7 0.0683
1016 258 6 8 0.0682
817 331 6 7 0.0681
401 230 5 6 0.0680
1008 228 5 6 0.0678
435 366 7 9 0.0677
814 198 6 7 0.0677
227 182 5 7 0.0676
813 198 5 7 0.0676
612 219 5 6 0.0673
161 226 6 8 0.0662
898 218 6 7 0.0660
246 176 5 6 0.0660
768 194 5 5 0.0659
318 176 5 6 0.0654
67 170 6 7 0.0654
604 235 5 6 0.0651
771 194 5 5 0.0649
855 215 5 7 0.0649
111 224 6 8 0.0644
783 195 4 6 0.0643
608 235 5 6 0.0641
203 165 5 7 0.0641
31 176 6 8 0.0640
67 103 5 6 0.0636
315 198 5 7 0.0636
205 182 6 6 0.0634
214 241 7 8 0.0632
12 83 4 6 0.0625
259 172 5 7 0.0622
601 356 8 10 0.0621
2 150 5 8 0.0620
279 203 6 7 0.0619
149 245 7 8 0.0612
386 193 5 6 0.0610
879 236 5 6 0.0606
167 119 5 6 0.0606
315 176 5 6 0.0604
611 235 5 6 0.0603
110 174 5 7 0.0602
12 202 8 9 0.0595
865 231 5 6 0.0589
85 172 6 6 0.0588
224 182 5 7 0.0585
168 119 5 6 0.0584
6 224 8 10 0.0581
182 163 5 7 0.0580
174 189 6 8 0.0576
383 193 5 6 0.0575
299 240 6 8 0.0571
387 202 6 7 0.0569
831 230 5 7 0.0569
280 234 6 8 0.0566
81 105 5 5 0.0563
180 121 5 6 0.0562
156 197 6 8 0.0559
207 182 5 7 0.0558
227 183 5 7 0.0558
195 223 6 8 0.0555
997 203 5 6 0.0554
414 203 6 6 0.0550
209 232 6 7 0.0544
38 154 6 7 0.0543
422 358 9 10 0.0541
1017 260 7 9 0.0539
450 196 6 6 0.0539
196 164 5 6 0.0537
415 349 10 12 0.0536
994 203 4 6 0.0536
89 199 6 8 0.0532
270 169 5 6 0.0525
348 183 6 6 0.0524
56 154 6 7 0.0522
599 299 6 7 0.0521
281 216 6 7 0.0518
850 336 6 7 0.0517
130 221 7 9 0.0517
620 331 7 8 0.0517
411 204 5 6 0.0515
142 268 7 9 0.0515
223 210 7 9 0.0512
450 351 6 9 0.0508
823 331 6 8 0.0507
131 191 6 7 0.0507
192 183 6 7 0.0506
51 284 8 11 0.0501
332 181 6 6 0.0500
881 237 5 7 0.0498
828 230 5 7 0.0495
237 162 5 6 0.0492
65 190 8 8 0.0487
855 347 6 8 0.0485
334 224 6 7 0.0484
94 156 6 8 0.0483
592 341 7 9 0.0482
342 213 5 6 0.0481
272 252 6 8 0.0481
610 219 4 6 0.0478
645 266 5 6 0.0477
567 320 7 9 0.0472
349 223 6 7 0.0468
84 105 5 6 0.0467
362 223 6 7 0.0463
877 238 5 6 0.0463
133 169 6 8 0.0456
810 219 6 7 0.0454
364 240 6 8 0.0454
238 162 5 5 0.0453
226 159 5 6 0.0449
641 311 7 9 0.0447
354 192 6 6 0.0445
165 176 6 7 0.0444
834 216 5 7 0.0442
382 213 6 7 0.0442
871 234 5 5 0.0441
165 120 5 6 0.0441
274 137 5 7 0.0440
344 247 6 7 0.0439
590 304 6 8 0.0439
575 276 5 6 0.0439
573 275 5 6 0.0438
6 152 6 6 0.0438
578 331 8 9 0.0437
620 350 8 10 0.0436
409 229 5 7 0.0435
372 207 5 7 0.0435
654 297 6 7 0.0434
42 301 9 11 0.0432
877 211 5 6 0.0432
116 135 5 7 0.0431
222 189 6 8 0.0428
784 197 5 6 0.0426
445 350 8 10 0.0426
463 322 9 10 0.0425
272 170 5 7 0.0419
627 308 6 7 0.0419
830 214 6 8 0.0416
319 230 6 8 0.0415
207 334 8 11 0.0413
481 341 7 8 0.0412
596 303 6 7 0.0411
410 353 8 11 0.0409
780 199 5 7 0.0406
83 106 5 6 0.0406
600 208 5 6 0.0405
843 225 5 7 0.0405
595 301 5 7 0.0403
639 292 6 8 0.0403
636 292 6 8 0.0398
1007 224 5 7 0.0398
883 335 6 7 0.0396
453 196 5 7 0.0396
178 191 6 8 0.0393
1007 227 5 6 0.0391
287 242 6 8 0.0391
286 190 5 7 0.0387
22 126 5 7 0.0385
122 135 5 7 0.0384
453 209 5 8 0.0379
561 283 6 7 0.0377
616 290 6 6 0.0376
140 245 7 9 0.0376
598 355 7 10 0.0375
650 291 6 8 0.0371
788 196 4 5 0.0371
209 197 6 7 0.0370
143 151 6 8 0.0370
445 348 7 9 0.0370
87 138 5 7 0.0369
316 206 5 7 0.0369
648 266 4 6 0.0365
318 214 6 8 0.0364
260 135 4 6 0.0363
200 163 5 6 0.0359
107 189 6 8 0.0359
792 198 5 6 0.0359
256 172 5 6 0.0358
296 191 5 6 0.0355
412 202 5 6 0.0353
571 275 5 6 0.0351
805 334 6 8 0.0350
13 163 6 8 0.0350
186 130 5 7 0.0350
830 202 5 7 0.0349
443 326 10 11 0.0349
582 332 8 10 0.0347
484 341 7 8 0.0346
145 268 8 10 0.0344
612 231 4 6 0.0342
168 200 6 8 0.0340
350 185 6 7 0.0339
46 303 8 11 0.0338
317 175 5 5 0.0338
437 368 8 9 0.0334
220 292 6 7 0.0331
26 127 5 6 0.0330
785 330 8 10 0.0326
26 310 10 10 0.0326
136 143 5 7 0.0325
830 204 5 6 0.0322
772 231 11 16 0.0321
614 289 6 7 0.0320
438 209 5 7 0.0314
242 164 5 6 0.0314
1014 202 5 6 0.0312
391 253 6 10 0.0312
179 166 6 6 0.0311
421 215 5 8 0.0310
564 284 5 7 0.0310
424 216 6 8 0.0309
184 131 5 7 0.0309
52 119 5 7 0.0309
481 339 7 9 0.0308
233 242 6 7 0.0306
25 309 9 10 0.0306
857 199 5 6 0.0305
577 330 8 9 0.0305
452 227 6 6 0.0303
1001 215 4 7 0.0303
597 208 4 6 0.0303
313 198 6 6 0.0302
899 219 6 7 0.0300
294 193 6 7 0.0295
455 194 7 10 0.0294
587 244 6 6 0.0294
644 318 6 8 0.0293
1014 333 7 8 0.0293
317 246 6 7 0.0291
1013 336 5 7 0.0288
440 187 5 6 0.0288
271 138 5 6 0.0283
828 229 6 6 0.0283
645 265 4 6 0.0283
150 309 9 13 0.0282
183 197 6 7 0.0281
612 208 5 6 0.0281
268 294 9 10 0.0280
114 154 5 7 0.0280
241 193 7 8 0.0279
596 326 6 8 0.0279
266 190 6 7 0.0276
166 146 5 6 0.0275
564 320 6 9 0.0275
212 169 5 7 0.0275
1018 234 5 8 0.0273
314 174 5 6 0.0272
384 250 6 8 0.0272
839 330 5 7 0.0272
11 176 6 7 0.0269
648 290 7 7 0.0269
6 244 8 10 0.0269
612 289 6 7 0.0266
567 243 6 7 0.0265
256 136 5 6 0.0264
181 185 6 7 0.0264
398 229 6 7 0.0263
782 196 5 6 0.0262
566 284 6 7 0.0262
956 358 6 8 0.0261
296 215 6 7 0.0258
424 334 7 10 0.0258
810 198 5 6 0.0256
439 217 6 7 0.0255
890 335 6 8 0.0255
811 220 6 8 0.0254
649 296 6 8 0.0251
408 209 5 7 0.0250
9 244 8 9 0.0249
901 218 6 8 0.0248
4 224 7 9 0.0246
451 281 11 13 0.0245
186 166 6 7 0.0245
855 216 5 6 0.0244
312 245 6 7 0.0243
420 333 8 10 0.0240
86 110 5 7 0.0240
1007 354 6 8 0.0239
890 208 5 7 0.0239
807 220 6 7 0.0238
993 200 4 7 0.0237
231 280 7 9 0.0236
145 139 6 8 0.0236
483 367 7 10 0.0236
24 152 5 7 0.0234
449 197 6 7 0.0233
371 197 6 6 0.0232
260 263 7 9 0.0232
829 171 5 6 0.0232
449 227 5 6 0.0231
202 283 8 9 0.0231
244 176 5 7 0.0230
335 183 5 6 0.0230
21 151 5 7 0.0230
417 201 6 7 0.0229
588 272 6 7 0.0229
996 201 4 6 0.0228
443 327 7 9 0.0228
454 285 9 12 0.0227
1001 225 5 7 0.0225
351 184 6 7 0.0225
466 222 6 8 0.0224
467 347 8 9 0.0224
321 234 6 8 0.0223
980 168 5 6 0.0222
891 234 6 8 0.0221
229 331 9 11 0.0219
421 218 6 7 0.0217
259 220 6 8 0.0217
252 164 5 7 0.0216
415 202 5 6 0.0215
121 275 8 9 0.0215
420 328 11 12 0.0215
436 394 9 10 0.0215
457 284 7 8 0.0214
59 129 5 8 0.0213
807 218 6 8 0.0213
188 132 5 6 0.0213
315 246 7 7 0.0212
207 269 8 10 0.0212
634 290 5 8 0.0211
983 168 5 6 0.0207
465 346 8 10 0.0206
23 122 6 7 0.0206
272 295 9 9 0.0205
878 199 5 7 0.0204
409 350 8 9 0.0204
470 318 7 8 0.0201
438 186 5 6 0.0200
397 191 5 6 0.0199
416 199 5 7 0.0199
296 143 5 6 0.0198
487 366 7 9 0.0198
812 172 4 6 0.0197
258 135 5 6 0.0194
78 130 6 7 0.0193
33 270 8 10 0.0193
562 285 6 8 0.0192
398 193 5 5 0.0190
7 242 9 11 0.0189
9 185 6 8 0.0189
217 321 8 12 0.0189
577 333 7 9 0.0187
434 392 9 10 0.0186
643 267 5 7 0.0186
299 143 5 6 0.0185
213 328 9 14 0.0185
953 358 6 8 0.0181
61 190 7 8 0.0181
813 233 6 7 0.0181
137 301 9 11 0.0179
411 361 8 10 0.0177
439 366 8 9 0.0177
907 350 6 8 0.0177
48 119 6 7 0.0176
808 312 6 6 0.0175
52 324 11 15 0.0175
590 246 5 7 0.0175
578 218 5 6 0.0173
826 171 5 7 0.0172
56 285 8 12 0.0172
621 206 5 8 0.0171
449 226 5 6 0.0171
589 230 5 7 0.0169
1014 256 7 7 0.0167
295 144 5 6 0.0167
458 219 6 9 0.0166
459 365 6 9 0.0166
600 221 5 7 0.0164
439 394 10 11 0.0163
412 397 7 8 0.0163
598 210 5 7 0.0162
572 276 5 6 0.0161
298 143 5 6 0.0160
569 393 6 7 0.0160
884 209 4 5 0.0159
209 335 8 10 0.0158
56 324 10 14 0.0158
840 245 6 7 0.0156
806 172 5 6 0.0156
783 330 7 9 0.0152
263 171 6 7 0.0152
901 349 7 8 0.0151
236 279 7 9 0.0151
256 134 4 6 0.0151
278 184 6 7 0.0151
62 101 5 6 0.0150
600 354 7 9 0.0150
44 132 5 6 0.0149
774 234 11 14 0.0148
50 320 12 16 0.0146
840 347 7 8 0.0145
300 244 7 8 0.0145
20 338 10 12 0.0144
67 103 4 5 0.0144
573 392 6 8 0.0142
1018 353 5 8 0.0142
21 309 10 12 0.0141
829 238 6 7 0.0141
41 300 8 10 0.0141
465 322 8 10 0.0140
589 276 6 8 0.0140
568 391 6 8 0.0139
274 173 5 7 0.0138
882 348 6 8 0.0137
23 338 10 12 0.0136
408 364 8 10 0.0136
767 196 5 7 0.0134
574 244 5 6 0.0134
585 233 5 7 0.0133
458 359 7 9 0.0133
1011 166 5 7 0.0132
911 333 6 8 0.0131
459 285 7 7 0.0131
246 220 6 7 0.0130
13 111 6 8 0.0130
318 176 5 6 0.0129
571 390 6 8 0.0129
905 334 6 8 0.0127
428 220 6 7 0.0126
801 171 5 6 0.0126
1008 165 5 7 0.0125
566 238 6 7 0.0123
586 247 5 6 0.0123
344 208 5 7 0.0122
825 170 5 7 0.0122
65 101 5 7 0.0121
436 186 5 6 0.0119
835 245 6 7 0.0119
783 327 8 9 0.0118
635 329 7 9 0.0117
571 243 5 7 0.0116
839 247 5 7 0.0116
83 104 5 6 0.0115
214 321 8 11 0.0114
803 172 5 6 0.0113
784 212 6 7 0.0112
211 334 8 10 0.0112
956 352 6 7 0.0112
486 365 6 8 0.0112
173 312 9 11 0.0112
269 295 8 9 0.0111
212 326 9 14 0.0111
166 120 4 6 0.0110
899 219 5 6 0.0109
117 343 9 13 0.0109
382 191 6 6 0.0108
856 251 6 8 0.0108
204 333 9 11 0.0108
468 317 7 10 0.0107
574 216 5 7 0.0107
1018 325 6 10 0.0107
423 327 8 10 0.0107
231 334 8 10 0.0107
13 85 6 8 0.0105
982 170 5 7 0.0105
452 240 7 7 0.0104
559 197 6 9 0.0104
985 170 6 6 0.0104
827 172 5 6 0.0103
431 392 8 9 0.0103
117 241 6 8 0.0103
571 302 6 7 0.0103
639 284 6 7 0.0102
880 228 5 6 0.0101
645 268 6 6 0.0100
