35_Basketball_Basketball_35_107
498
418 60 129 173 0.8919
42 205 75 106 0.8869
932 443 34 38 0.8523
692 548 47 49 0.8319
607 513 43 61 0.8274
892 378 28 33 0.8260
666 443 32 37 0.8222
949 372 27 33 0.8150
746 481 30 40 0.8054
949 500 36 47 0.7937
850 387 27 32 0.7876
993 486 27 73 0.7725
817 409 24 27 0.7563
788 349 17 22 0.7420
678 509 38 48 0.7269
851 303 23 26 0.7173
618 452 30 34 0.7105
818 336 24 27 0.6909
817 92 16 20 0.6856
848 134 16 21 0.6834
231 119 17 20 0.6488
1007 345 15 24 0.6426
858 354 21 26 0.6296
724 231 21 28 0.6085
312 165 14 18 0.6049
735 350 21 25 0.5899
880 91 15 20 0.5873
923 361 21 28 0.5806
97 157 19 20 0.5676
915 121 19 23 0.5635
774 95 16 19 0.5601
682 79 15 18 0.5573
786 161 17 21 0.5444
744 46 14 17 0.5282
389 30 14 19 0.5230
746 10 13 16 0.5051
1006 103 15 23 0.4978
615 108 15 20 0.4870
337 123 16 20 0.4726
298 12 13 17 0.4704
264 168 14 18 0.4650
292 122 15 18 0.4607
748 379 23 26 0.4573
222 69 13 18 0.4562
689 202 18 23 0.4561
226 357 21 25 0.4539
144 43 13 16 0.4521
362 88 17 20 0.4457
318 64 15 21 0.4393
781 222 19 24 0.4253
165 71 14 19 0.4253
1008 382 13 25 0.4225
165 287 19 22 0.4164
162 286 19 23 0.4146
209 101 15 18 0.4144
262 31 13 18 0.4131
320 64 16 21 0.4109
168 71 14 19 0.4109
203 329 17 20 0.4071
294 41 12 16 0.4009
334 124 16 19 0.3978
4 171 13 18 0.3961
788 10 15 17 0.3960
740 195 17 22 0.3956
200 43 13 18 0.3906
779 222 18 24 0.3853
631 80 13 17 0.3852
746 77 13 15 0.3802
686 203 18 22 0.3719
199 328 18 21 0.3648
726 231 21 29 0.3644
274 2 14 17 0.3599
271 2 14 17 0.3591
838 220 17 23 0.3589
317 98 15 17 0.3585
711 361 16 21 0.3579
797 390 20 24 0.3512
585 27 16 20 0.3497
338 29 14 17 0.3477
767 362 20 20 0.3444
628 80 13 18 0.3424
22 3 13 14 0.3402
637 25 14 19 0.3389
197 44 13 16 0.3351
918 121 19 22 0.3290
291 41 12 16 0.3285
746 379 22 26 0.3281
290 122 14 18 0.3255
882 141 13 17 0.3237
261 168 14 17 0.3221
677 15 14 19 0.3218
612 108 15 19 0.3175
259 31 13 18 0.3125
366 88 15 20 0.3104
228 357 21 25 0.3098
1011 435 11 35 0.3087
588 1 16 16 0.3045
320 97 15 18 0.2988
813 150 17 21 0.2941
733 350 19 25 0.2940
979 154 16 20 0.2889
335 29 14 17 0.2806
869 63 17 20 0.2747
749 77 13 15 0.2708
275 68 12 16 0.2614
982 154 16 20 0.2609
199 490 21 27 0.2593
749 10 13 16 0.2566
271 69 13 16 0.2540
674 16 14 18 0.2535
220 69 13 17 0.2492
725 441 25 36 0.2490
272 70 13 16 0.2465
213 102 14 17 0.2438
155 11 13 16 0.2415
371 137 15 17 0.2400
927 34 16 20 0.2336
1017 435 7 36 0.2317
25 3 13 14 0.2299
785 11 14 17 0.2286
775 384 21 23 0.2154
146 43 12 16 0.2148
193 24 13 16 0.2142
880 348 18 24 0.2118
792 389 22 26 0.2106
746 103 17 19 0.2102
310 165 14 18 0.2074
866 217 19 23 0.1993
686 79 13 17 0.1974
869 221 18 21 0.1972
191 22 13 16 0.1928
192 0 13 11 0.1913
249 118 15 18 0.1900
811 151 15 20 0.1834
142 43 13 16 0.1799
745 149 15 18 0.1789
623 256 17 23 0.1773
69 167 17 20 0.1766
1 171 13 17 0.1763
152 11 13 16 0.1755
225 358 19 24 0.1729
301 12 13 17 0.1724
728 447 25 31 0.1713
873 62 17 20 0.1690
836 219 17 22 0.1684
767 360 17 19 0.1673
249 103 13 15 0.1662
956 355 22 26 0.1613
784 160 17 21 0.1596
816 128 14 16 0.1586
183 62 13 17 0.1563
195 22 12 16 0.1554
304 239 21 23 0.1548
387 30 13 18 0.1514
856 355 20 25 0.1507
582 27 16 21 0.1484
710 360 15 19 0.1450
706 51 15 18 0.1436
706 55 15 18 0.1410
795 389 19 24 0.1384
548 0 13 9 0.1356
948 1 17 16 0.1348
231 426 22 29 0.1336
952 1 16 16 0.1334
871 115 14 19 0.1279
275 70 13 16 0.1278
773 401 21 25 0.1278
703 55 14 18 0.1253
114 46 12 14 0.1252
1011 381 13 26 0.1249
124 201 14 15 0.1216
774 404 24 29 0.1193
872 217 18 22 0.1116
869 113 15 17 0.1098
747 46 13 17 0.1094
800 0 12 11 0.1056
351 51 15 18 0.1051
553 0 12 9 0.1039
178 6 13 15 0.1032
346 54 16 19 0.1030
121 201 13 15 0.1017
378 76 12 15 0.1014
1 568 25 48 0.0992
628 258 15 21 0.0985
302 239 18 22 0.0945
229 119 16 19 0.0935
34 173 14 16 0.0931
220 181 20 20 0.0928
1012 103 12 21 0.0923
929 35 17 21 0.0919
912 168 13 18 0.0896
799 185 17 21 0.0894
196 0 13 11 0.0885
308 141 13 16 0.0868
240 93 14 16 0.0863
181 8 12 14 0.0854
99 42 13 17 0.0840
878 91 14 19 0.0836
99 159 19 20 0.0835
640 26 14 18 0.0831
758 481 91 110 0.0819
593 1 13 14 0.0800
619 452 30 34 0.0799
728 440 29 37 0.0795
874 114 14 18 0.0790
317 99 15 18 0.0784
49 0 13 6 0.0777
233 0 14 8 0.0761
750 103 15 18 0.0754
381 76 12 14 0.0748
392 30 14 18 0.0744
703 51 14 18 0.0724
757 1 14 13 0.0719
813 128 14 17 0.0715
908 59 15 17 0.0689
834 168 17 20 0.0689
219 70 13 17 0.0683
778 96 15 17 0.0681
72 167 17 20 0.0678
368 137 14 16 0.0673
776 142 15 18 0.0671
224 68 12 17 0.0671
196 24 12 16 0.0665
102 158 17 19 0.0658
347 51 15 19 0.0656
86 67 12 15 0.0651
635 21 14 19 0.0642
202 520 25 32 0.0615
598 466 22 28 0.0611
914 336 19 23 0.0603
845 134 16 20 0.0593
990 1 13 14 0.0591
727 0 14 13 0.0590
89 67 12 15 0.0590
749 149 14 17 0.0589
622 61 12 14 0.0586
590 465 26 31 0.0585
718 87 14 16 0.0578
355 124 13 16 0.0571
684 101 14 17 0.0559
722 87 13 16 0.0551
140 253 13 19 0.0548
200 195 17 21 0.0545
136 253 13 20 0.0540
869 69 16 18 0.0538
352 53 15 19 0.0526
905 59 14 17 0.0520
708 362 15 20 0.0519
842 221 16 21 0.0518
179 7 14 17 0.0515
738 195 14 20 0.0508
909 169 12 16 0.0504
721 2 13 13 0.0504
244 96 13 17 0.0500
305 235 18 21 0.0480
229 0 12 9 0.0476
777 97 16 20 0.0466
824 227 17 21 0.0461
649 119 13 18 0.0451
132 91 15 17 0.0447
779 2 13 14 0.0446
224 70 13 16 0.0444
742 46 13 16 0.0442
136 11 13 15 0.0438
807 328 17 22 0.0436
238 103 14 16 0.0433
202 104 13 16 0.0429
294 13 13 16 0.0427
1011 346 13 24 0.0427
693 33 14 18 0.0425
942 187 16 19 0.0420
779 405 22 27 0.0417
314 165 14 18 0.0415
647 119 11 16 0.0404
597 463 20 27 0.0401
70 73 13 15 0.0397
877 342 18 24 0.0396
978 456 22 27 0.0395
910 421 23 27 0.0394
666 442 31 38 0.0387
920 360 20 25 0.0386
1008 16 11 15 0.0385
152 10 13 17 0.0380
109 66 13 15 0.0379
651 0 13 7 0.0379
135 9 12 14 0.0376
625 61 11 14 0.0373
912 365 21 29 0.0370
586 1 14 12 0.0365
807 332 18 21 0.0359
537 115 21 28 0.0352
885 139 13 18 0.0351
237 421 28 36 0.0348
987 1 12 13 0.0347
969 17 16 18 0.0345
780 142 15 18 0.0343
678 509 37 47 0.0342
878 139 13 17 0.0342
931 372 19 25 0.0341
973 456 23 27 0.0339
585 1 16 16 0.0338
112 28 12 15 0.0333
689 11 13 17 0.0332
883 346 19 23 0.0324
763 360 18 20 0.0320
790 8 15 18 0.0320
783 162 17 20 0.0320
244 101 14 17 0.0319
234 431 24 31 0.0315
841 219 17 22 0.0314
202 523 26 33 0.0312
138 252 13 19 0.0310
883 143 15 18 0.0310
974 133 14 17 0.0306
875 222 17 19 0.0304
804 367 16 21 0.0304
962 355 19 22 0.0298
1011 138 11 19 0.0292
815 92 15 19 0.0292
723 279 14 17 0.0291
688 102 13 16 0.0290
74 161 16 17 0.0286
649 116 11 14 0.0286
311 119 14 17 0.0285
728 124 15 19 0.0283
1007 110 14 24 0.0282
306 141 12 16 0.0280
321 99 15 18 0.0277
96 14 14 16 0.0274
931 34 15 18 0.0272
230 12 14 16 0.0271
792 11 13 16 0.0269
721 84 12 15 0.0267
70 162 15 18 0.0266
187 69 13 16 0.0263
94 44 12 16 0.0262
116 45 12 14 0.0261
25 3 13 15 0.0261
403 116 17 25 0.0256
762 1 13 16 0.0253
918 336 18 24 0.0252
224 10 14 17 0.0249
3 531 18 28 0.0248
115 22 12 15 0.0247
39 172 13 16 0.0246
720 279 14 17 0.0245
884 91 14 20 0.0245
699 0 13 6 0.0242
66 171 23 28 0.0240
854 303 23 27 0.0239
153 9 12 15 0.0239
136 90 14 17 0.0238
1005 344 14 24 0.0235
791 159 17 21 0.0231
796 186 16 20 0.0231
676 43 13 17 0.0229
584 39 16 20 0.0229
226 182 17 19 0.0223
861 218 17 22 0.0222
86 70 13 15 0.0221
233 415 23 30 0.0219
239 202 13 17 0.0218
233 421 30 40 0.0217
672 44 14 17 0.0215
239 428 30 38 0.0213
812 131 14 18 0.0211
982 208 22 26 0.0211
818 131 13 15 0.0208
717 84 13 16 0.0205
914 357 22 27 0.0204
1012 15 10 15 0.0203
96 42 13 16 0.0203
1011 429 9 38 0.0203
733 448 29 35 0.0203
20 4 11 13 0.0201
209 100 14 17 0.0200
38 175 13 16 0.0199
950 2 17 18 0.0199
994 2 12 13 0.0198
548 0 17 14 0.0198
244 88 11 14 0.0198
337 199 15 19 0.0197
333 200 15 19 0.0196
381 73 12 14 0.0195
148 42 13 15 0.0194
796 186 17 21 0.0194
87 67 13 16 0.0188
591 461 23 30 0.0185
242 6 13 16 0.0181
194 490 20 26 0.0180
368 134 16 19 0.0180
274 120 13 16 0.0180
91 69 11 14 0.0179
204 517 29 35 0.0175
743 8 13 17 0.0174
786 7 14 17 0.0173
833 194 18 22 0.0173
674 12 15 19 0.0173
958 27 18 21 0.0173
645 0 12 7 0.0172
101 39 12 15 0.0170
769 96 16 19 0.0170
864 66 15 18 0.0170
919 366 21 29 0.0168
1010 101 14 22 0.0168
917 342 20 25 0.0166
779 191 18 21 0.0165
615 420 27 35 0.0165
789 386 21 24 0.0163
973 130 13 16 0.0161
778 187 16 20 0.0161
579 38 16 20 0.0161
914 166 15 18 0.0159
532 123 26 35 0.0157
1017 139 7 18 0.0156
143 279 14 18 0.0156
1019 512 5 47 0.0155
824 336 21 26 0.0155
296 9 13 17 0.0154
820 340 23 26 0.0146
946 187 18 20 0.0145
965 17 15 18 0.0143
582 29 17 21 0.0142
213 100 13 16 0.0141
787 115 16 17 0.0141
363 91 17 21 0.0138
674 41 14 17 0.0138
925 78 16 20 0.0137
885 350 19 23 0.0136
6 174 13 18 0.0136
742 45 13 16 0.0135
201 139 14 16 0.0135
205 487 25 32 0.0134
1014 402 8 30 0.0134
743 146 15 18 0.0134
975 131 15 17 0.0134
203 516 28 39 0.0133
203 492 21 28 0.0133
675 22 12 15 0.0131
833 221 16 21 0.0131
69 70 12 15 0.0130
770 95 14 17 0.0130
25 6 12 13 0.0129
763 360 21 26 0.0127
1011 444 12 35 0.0126
704 63 14 17 0.0125
986 2 14 15 0.0124
585 23 14 16 0.0124
299 10 14 17 0.0124
135 251 13 20 0.0123
1012 149 12 23 0.0122
640 21 13 17 0.0121
400 118 13 18 0.0119
739 192 15 20 0.0119
242 202 13 16 0.0119
947 490 33 43 0.0119
303 235 15 20 0.0118
1010 376 14 28 0.0118
615 409 25 33 0.0118
647 56 13 15 0.0117
884 135 14 18 0.0116
707 365 19 25 0.0116
378 74 12 14 0.0115
738 194 16 21 0.0114
0 569 13 45 0.0113
955 243 22 25 0.0113
785 189 20 23 0.0112
758 128 15 18 0.0112
94 12 13 16 0.0112
952 123 12 16 0.0111
247 8 13 14 0.0111
118 197 17 19 0.0110
971 134 12 16 0.0110
544 110 15 21 0.0109
110 68 13 15 0.0109
203 489 24 31 0.0109
1011 387 12 23 0.0109
123 203 15 17 0.0108
1 515 17 30 0.0107
947 187 15 19 0.0107
930 0 14 9 0.0107
882 94 15 18 0.0107
301 10 12 15 0.0105
123 12 12 15 0.0105
771 87 16 17 0.0105
864 206 18 21 0.0103
726 482 24 32 0.0103
680 99 14 17 0.0103
744 75 13 16 0.0103
708 360 13 17 0.0102
877 109 15 20 0.0102
217 6 13 15 0.0102
0 167 14 19 0.0102
923 36 16 20 0.0101
205 521 31 37 0.0101
211 99 16 19 0.0101
944 191 16 19 0.0100
909 416 22 28 0.0100
