35_Basketball_basketballgame_ball_35_393
108
857 282 14 20 0.7678
715 290 12 16 0.6255
678 285 12 17 0.5730
780 289 13 18 0.5539
705 299 12 17 0.4993
166 292 12 15 0.4825
2 326 10 14 0.4626
45 281 9 11 0.4250
108 332 10 12 0.4190
124 312 10 12 0.4146
131 328 9 13 0.4065
419 299 12 17 0.4031
82 332 9 13 0.3984
22 328 9 13 0.3783
64 267 8 11 0.3746
85 332 9 12 0.3743
92 313 10 12 0.3736
133 328 10 13 0.3671
25 328 9 12 0.3614
48 281 9 11 0.3608
127 312 9 12 0.3606
66 267 9 10 0.3556
111 332 10 12 0.3472
53 333 9 12 0.3461
95 313 9 12 0.3374
79 279 9 11 0.3362
97 228 8 10 0.3346
81 279 9 11 0.3345
667 290 10 18 0.3344
10 284 9 11 0.3339
94 228 8 10 0.3327
111 235 9 11 0.3325
12 285 9 11 0.3309
21 239 8 10 0.3290
15 270 9 11 0.3231
18 239 8 10 0.3161
108 235 9 10 0.3138
13 270 9 10 0.3062
51 333 9 12 0.2991
703 298 13 17 0.2978
37 255 8 9 0.2914
34 255 8 10 0.2899
416 299 12 17 0.2882
118 226 8 10 0.2868
68 225 8 10 0.2840
71 225 8 9 0.2822
0 327 10 12 0.2767
117 226 8 10 0.2664
55 333 9 12 0.2661
17 298 9 12 0.2602
16 300 9 11 0.2591
120 226 8 10 0.2563
163 292 12 15 0.2512
16 270 9 11 0.1906
79 250 8 10 0.1817
418 299 12 17 0.1769
120 226 8 9 0.1529
69 225 8 10 0.1510
72 225 8 10 0.1378
680 285 13 19 0.1310
13 300 9 11 0.1228
663 290 11 18 0.1121
76 246 9 11 0.1051
17 239 8 10 0.1042
170 292 10 14 0.0885
109 234 9 11 0.0823
0 240 6 10 0.0739
778 289 12 17 0.0709
78 279 9 11 0.0699
64 266 8 10 0.0694
702 299 12 16 0.0668
48 253 8 9 0.0642
20 238 8 10 0.0623
93 228 8 9 0.0559
682 285 10 15 0.0465
0 239 4 9 0.0460
94 314 9 11 0.0450
81 250 8 10 0.0447
13 288 10 12 0.0442
74 241 8 10 0.0396
35 254 7 9 0.0392
778 286 13 18 0.0373
96 228 8 9 0.0364
37 299 9 12 0.0354
61 307 9 11 0.0353
41 301 8 10 0.0343
58 307 9 11 0.0334
12 269 9 10 0.0318
35 258 8 9 0.0306
138 286 9 12 0.0305
23 327 10 12 0.0278
135 286 10 11 0.0270
18 300 8 11 0.0264
81 249 8 10 0.0250
63 267 8 10 0.0177
58 310 9 11 0.0170
561 280 8 10 0.0167
280 0 223 41 0.0166
128 313 9 12 0.0153
81 277 9 11 0.0150
92 229 7 9 0.0130
10 285 9 11 0.0129
136 289 9 11 0.0126
45 322 9 11 0.0122
11 286 9 10 0.0121
785 290 13 16 0.0119
44 282 7 9 0.0115
674 286 12 17 0.0110
