35_Basketball_basketballgame_ball_35_998
84
43 392 40 50 0.8734
680 65 52 73 0.8565
354 316 38 58 0.8560
913 279 46 67 0.8439
0 309 25 45 0.8408
64 282 34 39 0.8178
339 94 53 78 0.8131
123 285 36 50 0.8063
318 406 32 45 0.7630
38 203 32 45 0.7552
819 312 39 58 0.7048
869 300 31 51 0.6685
502 338 34 42 0.5407
835 219 33 47 0.4809
0 253 13 33 0.4673
390 179 34 45 0.4448
476 228 31 40 0.4362
446 140 31 42 0.4217
908 200 40 52 0.3210
1003 319 21 53 0.3142
95 72 20 24 0.2124
586 51 28 38 0.1834
97 73 20 24 0.1794
175 118 24 28 0.1588
597 10 26 34 0.1489
110 111 30 36 0.1124
496 15 24 30 0.1050
538 350 27 32 0.0960
540 351 27 35 0.0771
12 214 23 30 0.0706
464 97 31 40 0.0697
512 46 28 38 0.0660
272 86 29 37 0.0582
249 48 28 36 0.0533
771 51 36 47 0.0501
177 137 23 31 0.0500
16 213 23 32 0.0460
651 100 22 32 0.0369
539 355 28 43 0.0357
393 180 32 42 0.0342
0 251 9 33 0.0337
61 138 28 32 0.0326
93 73 19 24 0.0308
508 45 30 40 0.0302
813 38 28 37 0.0278
573 148 27 36 0.0265
683 8 26 35 0.0257
651 34 29 41 0.0233
827 93 30 45 0.0218
577 147 25 36 0.0211
648 39 30 40 0.0200
532 350 33 39 0.0197
408 8 24 35 0.0191
648 33 29 41 0.0190
159 0 28 33 0.0182
63 138 29 32 0.0178
882 100 28 42 0.0174
588 51 28 38 0.0167
978 282 29 49 0.0164
599 16 24 32 0.0159
176 122 25 33 0.0154
603 11 22 31 0.0146
772 47 33 40 0.0146
413 9 22 33 0.0142
818 38 27 36 0.0141
964 0 26 14 0.0137
157 4 31 38 0.0135
716 427 34 40 0.0132
180 118 23 29 0.0132
128 43 24 32 0.0131
576 142 26 34 0.0128
990 55 30 39 0.0128
131 41 22 30 0.0128
652 39 31 41 0.0127
202 85 28 32 0.0127
1 248 17 39 0.0126
122 369 26 30 0.0123
269 88 24 32 0.0119
121 366 24 24 0.0117
198 137 25 35 0.0116
210 86 24 30 0.0114
573 142 26 33 0.0107
45 107 20 27 0.0101
653 30 25 32 0.0100
