35_Basketball_playingbasketball_35_219
24
244 672 106 123 0.8773
700 1048 71 85 0.8724
813 946 75 103 0.8711
465 960 66 77 0.8701
925 859 70 95 0.8452
583 866 30 41 0.7911
687 918 24 40 0.7026
832 881 19 22 0.3123
761 882 23 28 0.1807
1008 943 16 26 0.1409
829 879 19 22 0.1281
755 881 24 29 0.1274
836 882 19 21 0.0850
684 919 22 38 0.0831
835 879 19 21 0.0668
1016 887 8 43 0.0429
757 879 25 29 0.0231
761 878 20 25 0.0230
1009 938 15 25 0.0203
752 877 21 25 0.0184
1003 943 19 26 0.0183
765 891 21 25 0.0129
1016 887 8 39 0.0116
826 881 18 22 0.0112
