35_Basketball_playingbasketball_35_65
40
918 375 22 30 0.8003
907 352 17 22 0.7773
967 404 20 26 0.7705
453 343 26 26 0.7198
744 375 16 21 0.6524
230 425 21 37 0.6063
1006 415 16 20 0.5332
802 420 15 20 0.5028
621 388 18 21 0.4815
854 413 15 19 0.4263
717 412 13 18 0.3996
618 388 18 21 0.3860
1003 415 16 20 0.3466
852 413 15 19 0.3156
516 304 23 28 0.3076
680 231 10 12 0.2921
502 301 31 32 0.2850
800 420 14 20 0.2812
719 413 14 18 0.2207
851 413 14 19 0.2127
683 232 10 11 0.2025
527 305 18 25 0.1901
234 425 19 36 0.1867
520 305 22 28 0.1627
529 308 18 25 0.0907
747 376 15 20 0.0850
679 232 9 11 0.0506
504 304 29 29 0.0376
917 404 14 17 0.0366
450 343 23 24 0.0357
915 404 13 17 0.0229
1014 436 10 19 0.0141
1014 476 10 27 0.0138
501 307 23 26 0.0137
498 300 26 32 0.0134
85 498 13 35 0.0128
720 412 13 16 0.0126
912 390 14 22 0.0119
510 303 27 30 0.0118
980 461 15 18 0.0103
