35_Basketball_basketballgame_ball_35_389
353
505 229 37 57 0.8151
624 587 15 23 0.6150
322 612 11 17 0.3726
87 618 10 14 0.3684
257 625 11 14 0.3650
567 618 12 17 0.3553
223 610 10 14 0.3417
220 610 10 14 0.3344
20 611 9 13 0.3265
16 611 10 13 0.3239
154 623 11 13 0.3231
151 623 10 13 0.3178
83 618 10 14 0.3155
254 625 11 14 0.3036
564 617 12 17 0.2956
549 611 10 13 0.2722
546 612 10 12 0.2647
26 595 9 12 0.2600
156 589 8 11 0.2550
501 583 11 14 0.2545
159 590 7 10 0.2471
543 629 10 11 0.2455
412 612 10 13 0.2305
756 619 11 14 0.2270
138 587 8 12 0.2236
324 613 11 16 0.2188
347 604 10 13 0.2172
415 611 10 14 0.2146
546 629 10 11 0.2087
504 583 10 14 0.2049
351 605 9 12 0.1893
134 587 9 12 0.1869
29 594 9 12 0.1744
721 617 10 13 0.1735
182 595 8 10 0.1694
568 617 12 16 0.1682
683 621 11 14 0.1640
262 600 9 13 0.1626
115 571 7 11 0.1586
265 600 9 13 0.1585
687 621 10 13 0.1568
705 628 10 11 0.1527
680 596 10 13 0.1501
758 620 11 14 0.1491
61 581 7 10 0.1487
93 585 8 11 0.1485
724 617 10 13 0.1481
582 628 10 12 0.1473
89 585 8 11 0.1473
64 582 8 10 0.1473
316 594 8 11 0.1437
289 604 9 12 0.1435
111 571 8 11 0.1429
286 604 9 12 0.1412
28 595 9 12 0.1397
585 630 10 10 0.1353
567 591 11 14 0.1341
65 582 8 10 0.1332
184 595 7 11 0.1236
312 594 8 11 0.1204
884 626 11 14 0.1190
259 625 10 13 0.1178
757 600 10 13 0.1177
186 594 8 11 0.1164
731 601 10 13 0.1152
571 591 10 14 0.1146
61 583 7 10 0.1135
626 587 16 24 0.1088
187 595 7 10 0.1072
374 591 9 11 0.1072
205 586 8 10 0.1027
686 618 10 13 0.1021
683 619 10 13 0.0997
505 229 37 57 0.0981
737 617 11 14 0.0971
760 619 10 13 0.0947
523 577 11 14 0.0929
378 591 9 10 0.0918
677 595 11 13 0.0888
728 601 10 13 0.0879
320 613 10 15 0.0872
704 595 11 16 0.0869
119 590 9 12 0.0869
901 434 10 11 0.0868
140 568 8 11 0.0797
346 562 8 12 0.0793
342 563 8 11 0.0752
519 577 11 13 0.0750
141 569 8 10 0.0740
906 434 9 11 0.0730
468 582 10 15 0.0699
701 596 10 14 0.0684
760 601 10 13 0.0677
24 596 9 12 0.0669
137 569 8 11 0.0661
664 592 10 15 0.0660
136 568 8 10 0.0646
930 401 8 11 0.0608
471 604 10 12 0.0605
16 583 8 10 0.0602
927 401 8 11 0.0602
513 630 9 10 0.0601
918 406 9 12 0.0595
312 596 9 11 0.0595
500 582 9 14 0.0591
472 583 10 14 0.0581
305 557 8 11 0.0572
471 579 10 15 0.0572
909 590 12 14 0.0571
346 604 8 13 0.0563
468 604 9 12 0.0562
55 566 7 9 0.0561
412 553 9 12 0.0550
91 583 8 11 0.0549
357 586 8 11 0.0546
541 590 10 12 0.0542
260 572 11 15 0.0542
201 572 8 11 0.0540
311 572 8 12 0.0535
487 571 10 12 0.0535
416 553 9 11 0.0523
882 626 10 13 0.0522
383 615 12 16 0.0500
1018 396 6 11 0.0499
264 572 10 14 0.0499
316 595 8 12 0.0491
703 593 10 14 0.0490
205 572 8 11 0.0487
361 585 9 13 0.0483
349 606 9 12 0.0483
164 566 8 11 0.0480
468 580 9 14 0.0477
487 588 10 14 0.0474
314 572 8 11 0.0474
158 592 7 9 0.0474
665 595 10 14 0.0468
665 614 11 14 0.0459
293 573 8 12 0.0459
589 573 12 15 0.0457
284 628 11 11 0.0454
661 595 11 15 0.0445
167 566 8 11 0.0444
296 573 9 11 0.0443
660 591 11 16 0.0437
301 557 8 10 0.0429
914 406 9 12 0.0428
88 582 7 11 0.0416
700 593 10 14 0.0408
168 568 7 9 0.0401
136 586 9 11 0.0398
510 629 9 10 0.0386
545 589 10 13 0.0384
305 558 9 11 0.0383
95 566 8 10 0.0381
542 632 13 8 0.0380
24 562 7 11 0.0377
302 558 8 12 0.0370
761 620 10 13 0.0365
292 589 8 11 0.0363
410 612 10 12 0.0361
68 559 7 9 0.0347
544 628 12 12 0.0347
519 591 11 13 0.0345
610 596 10 14 0.0344
112 556 7 10 0.0344
30 595 9 12 0.0328
574 570 10 15 0.0325
120 593 8 10 0.0324
345 626 10 12 0.0320
157 623 9 12 0.0317
463 564 9 10 0.0315
387 557 8 10 0.0313
204 569 8 10 0.0312
159 588 8 10 0.0310
114 558 7 9 0.0309
415 611 10 13 0.0308
285 589 10 11 0.0307
180 558 8 11 0.0306
385 556 8 10 0.0305
1 609 6 11 0.0305
570 570 11 15 0.0302
346 605 9 12 0.0302
428 580 9 11 0.0301
429 614 12 15 0.0300
289 629 10 11 0.0299
288 605 10 12 0.0299
104 584 9 12 0.0290
88 585 8 10 0.0288
261 615 10 12 0.0287
411 569 10 12 0.0285
62 583 8 10 0.0284
470 582 10 13 0.0284
14 592 8 12 0.0283
520 578 10 14 0.0283
869 591 12 14 0.0279
218 569 7 10 0.0279
51 566 8 9 0.0277
102 556 8 9 0.0277
66 559 7 8 0.0273
705 636 12 4 0.0273
20 562 8 11 0.0271
546 611 11 13 0.0270
607 593 11 14 0.0270
220 558 9 11 0.0267
14 584 8 9 0.0265
187 574 8 11 0.0264
207 585 8 11 0.0262
514 630 10 10 0.0261
99 556 7 9 0.0255
445 553 8 11 0.0251
913 590 11 13 0.0248
447 559 8 10 0.0246
130 561 8 10 0.0246
432 579 8 12 0.0245
263 604 10 12 0.0240
200 568 8 11 0.0239
477 563 8 10 0.0238
0 609 5 11 0.0237
14 611 10 12 0.0234
456 541 9 11 0.0234
453 541 8 11 0.0232
500 584 10 13 0.0228
187 590 8 11 0.0226
323 566 8 11 0.0224
383 558 8 10 0.0223
218 556 9 11 0.0219
152 622 10 12 0.0217
234 553 9 13 0.0216
287 607 9 11 0.0215
344 561 8 10 0.0211
947 587 12 14 0.0210
434 581 8 11 0.0209
154 593 8 10 0.0208
290 606 9 11 0.0204
441 553 10 12 0.0203
700 572 10 14 0.0203
430 583 8 11 0.0203
589 591 11 14 0.0201
359 582 9 12 0.0200
260 560 9 12 0.0199
660 613 11 16 0.0199
442 561 9 11 0.0198
907 590 10 13 0.0197
593 573 10 13 0.0194
885 601 11 14 0.0191
111 558 8 9 0.0191
469 604 11 14 0.0189
873 439 9 13 0.0189
387 572 10 13 0.0189
114 615 10 12 0.0188
379 616 11 15 0.0188
19 585 7 10 0.0185
913 405 9 10 0.0184
382 555 8 10 0.0182
264 558 8 9 0.0182
526 564 9 12 0.0181
391 572 10 12 0.0181
517 592 9 11 0.0181
496 602 10 13 0.0180
352 607 9 11 0.0180
239 553 8 13 0.0178
23 594 9 13 0.0177
165 565 8 9 0.0174
585 632 11 8 0.0171
181 545 7 10 0.0171
723 619 9 12 0.0171
287 630 11 10 0.0171
899 433 9 10 0.0170
264 560 9 11 0.0169
413 554 9 12 0.0168
889 598 11 14 0.0168
260 558 8 10 0.0167
488 558 8 10 0.0165
441 570 9 11 0.0165
445 587 9 13 0.0165
387 555 9 11 0.0164
486 558 7 9 0.0163
415 553 10 12 0.0163
444 557 10 12 0.0162
216 557 9 12 0.0161
755 621 10 13 0.0160
887 626 10 12 0.0160
581 633 11 7 0.0160
377 593 9 11 0.0159
522 593 9 10 0.0155
931 402 8 12 0.0154
739 552 9 12 0.0153
440 541 9 11 0.0153
70 561 7 9 0.0153
473 562 9 12 0.0152
342 573 8 11 0.0148
903 432 10 12 0.0148
204 540 8 11 0.0147
221 598 9 10 0.0147
218 610 10 13 0.0145
138 567 8 9 0.0144
342 561 7 10 0.0144
906 408 8 11 0.0144
14 582 7 10 0.0144
235 557 9 11 0.0142
635 563 8 11 0.0141
544 587 10 13 0.0141
489 558 8 10 0.0141
346 574 8 12 0.0140
542 546 9 11 0.0140
200 540 8 11 0.0139
699 567 9 13 0.0139
678 578 10 14 0.0139
396 564 10 11 0.0139
927 402 9 12 0.0138
112 574 9 11 0.0137
865 591 11 14 0.0136
701 628 11 12 0.0136
704 574 10 14 0.0136
726 619 9 13 0.0135
181 559 9 11 0.0135
394 587 10 13 0.0135
632 563 8 12 0.0134
568 594 11 14 0.0133
342 561 9 12 0.0132
384 604 11 14 0.0132
944 588 11 14 0.0130
179 543 8 11 0.0129
968 398 6 9 0.0129
876 440 9 12 0.0129
734 600 11 13 0.0128
109 567 9 11 0.0127
965 399 6 8 0.0127
725 573 10 13 0.0125
911 406 8 11 0.0124
411 588 10 13 0.0124
702 567 10 13 0.0123
237 554 10 13 0.0123
573 568 10 13 0.0121
543 571 10 14 0.0120
742 551 10 13 0.0119
674 579 9 13 0.0118
319 612 11 14 0.0118
492 602 10 13 0.0117
263 577 10 13 0.0116
472 606 9 11 0.0115
556 546 9 12 0.0115
539 544 9 12 0.0114
646 584 11 17 0.0112
144 541 8 10 0.0109
63 602 9 12 0.0107
569 568 10 13 0.0107
239 556 9 11 0.0105
387 607 11 14 0.0104
410 538 9 11 0.0102
546 566 10 14 0.0101
543 566 10 14 0.0101
111 544 8 9 0.0100
