35_Basketball_Basketball_35_754
49
497 105 21 24 0.8247
626 14 14 16 0.6338
485 23 14 14 0.5147
387 119 15 18 0.2662
391 119 15 19 0.2528
925 296 12 13 0.2245
926 347 10 18 0.1422
232 227 15 13 0.1131
218 255 12 17 0.0977
239 224 13 15 0.0861
196 334 10 16 0.0808
923 294 11 14 0.0800
216 251 14 18 0.0733
927 297 14 13 0.0730
104 126 11 12 0.0687
928 347 12 16 0.0575
488 24 14 13 0.0539
668 344 12 18 0.0508
222 226 14 14 0.0489
212 256 12 17 0.0434
625 14 12 16 0.0430
667 339 11 20 0.0430
927 294 11 14 0.0401
199 334 9 15 0.0389
119 132 12 13 0.0325
194 330 11 18 0.0320
926 294 13 15 0.0300
489 22 13 14 0.0275
123 132 10 14 0.0251
382 119 12 17 0.0229
230 231 15 10 0.0197
389 116 16 20 0.0193
409 122 15 17 0.0189
105 127 11 13 0.0185
483 23 13 13 0.0176
671 345 15 18 0.0169
164 340 11 15 0.0166
236 221 14 16 0.0165
101 126 11 12 0.0157
659 388 15 23 0.0156
392 123 17 21 0.0155
211 252 13 17 0.0141
198 330 10 16 0.0137
669 341 14 20 0.0136
224 230 14 11 0.0133
660 392 16 22 0.0131
391 114 15 18 0.0117
624 12 13 16 0.0114
670 340 13 20 0.0112
