35_Basketball_playingbasketball_35_674
75
372 145 64 83 0.8756
980 22 43 88 0.8603
0 88 26 49 0.8536
154 63 34 46 0.8491
290 115 30 40 0.8377
634 36 56 90 0.8376
187 135 46 61 0.8341
17 232 34 46 0.8331
268 82 31 42 0.8289
600 275 33 43 0.8237
862 259 29 39 0.8221
90 8 32 37 0.8204
174 15 29 38 0.8154
358 89 28 36 0.7974
214 74 27 37 0.7928
564 102 29 37 0.7829
353 12 22 32 0.7351
454 47 24 31 0.7279
409 19 24 34 0.7212
877 169 25 31 0.7187
453 18 24 27 0.7117
901 78 23 28 0.7038
803 51 23 31 0.7020
649 265 31 40 0.6874
601 24 21 32 0.6662
480 107 22 27 0.6604
952 252 22 26 0.6501
506 33 22 27 0.5839
785 86 25 33 0.5519
929 84 20 26 0.4898
1001 248 22 27 0.4711
844 135 23 30 0.4457
999 248 23 26 0.4347
743 49 21 26 0.4291
982 126 18 24 0.3521
580 74 22 28 0.3199
273 14 21 26 0.2881
821 157 25 35 0.2641
270 14 21 26 0.2543
633 35 57 91 0.2409
552 37 20 25 0.2381
577 74 22 28 0.2368
745 48 20 25 0.2316
555 37 20 25 0.2206
822 157 25 36 0.1927
746 49 20 25 0.1798
946 293 20 32 0.1644
553 35 21 26 0.1613
979 124 18 26 0.1539
911 285 15 31 0.1472
931 84 20 27 0.1354
804 121 20 26 0.1331
849 136 20 28 0.1284
624 66 29 42 0.1190
187 135 46 61 0.0893
977 126 18 24 0.0792
914 286 16 30 0.0735
913 288 15 29 0.0698
550 35 20 26 0.0624
742 48 21 25 0.0602
810 121 19 27 0.0515
781 87 24 31 0.0489
279 0 22 18 0.0419
954 252 22 26 0.0365
943 290 19 31 0.0354
807 123 20 26 0.0344
951 292 18 33 0.0332
843 134 23 30 0.0327
946 297 20 34 0.0224
649 265 32 40 0.0213
0 22 6 17 0.0168
973 180 21 25 0.0154
898 77 23 29 0.0153
285 0 19 17 0.0133
916 289 16 28 0.0129
