35_Basketball_basketballgame_ball_35_479
758
107 615 21 35 0.3897
135 437 8 10 0.2529
103 615 20 34 0.2375
538 350 6 7 0.2250
769 360 5 6 0.2212
766 360 5 6 0.2105
138 437 8 10 0.2000
540 350 6 7 0.1986
862 372 6 8 0.1851
810 370 5 7 0.1728
126 426 6 9 0.1651
128 426 7 8 0.1625
842 363 6 6 0.1547
833 367 6 7 0.1524
858 362 6 6 0.1487
19 372 6 7 0.1445
140 528 9 15 0.1434
1010 337 5 6 0.1385
832 303 5 6 0.1383
22 372 6 7 0.1351
830 368 6 7 0.1342
960 346 6 8 0.1330
910 381 6 6 0.1317
7 332 7 7 0.1291
894 353 5 6 0.1266
891 352 5 7 0.1262
796 364 5 6 0.1249
799 364 5 6 0.1245
727 347 5 6 0.1235
957 346 6 8 0.1219
889 366 5 7 0.1180
918 353 5 7 0.1149
920 353 5 7 0.1148
733 303 5 6 0.1147
556 350 5 6 0.1143
808 370 5 6 0.1140
109 436 6 8 0.1139
10 331 6 8 0.1126
833 291 5 6 0.1117
897 377 5 7 0.1113
62 434 6 8 0.1103
900 377 5 7 0.1102
542 350 5 8 0.1100
100 424 6 7 0.1099
922 354 5 6 0.1099
723 348 5 6 0.1094
860 372 6 8 0.1070
111 436 7 8 0.1063
989 337 5 6 0.1052
886 366 5 6 0.1045
817 317 5 6 0.1038
103 424 6 7 0.1019
876 365 5 6 0.1017
776 657 9 13 0.0997
750 334 4 6 0.0987
895 353 5 7 0.0971
879 365 5 7 0.0963
678 306 5 7 0.0963
18 339 5 6 0.0961
875 323 5 6 0.0957
860 321 5 6 0.0947
35 401 5 7 0.0946
419 366 5 7 0.0938
423 367 5 7 0.0930
137 528 9 15 0.0926
753 334 4 6 0.0922
422 366 5 7 0.0916
709 313 4 6 0.0916
620 335 4 6 0.0904
730 303 5 6 0.0898
846 294 5 5 0.0889
786 364 4 5 0.0878
159 446 7 9 0.0870
252 509 8 12 0.0867
872 307 5 6 0.0863
558 325 4 6 0.0856
896 377 5 7 0.0846
720 330 5 6 0.0846
675 307 5 6 0.0844
44 384 5 7 0.0843
863 266 5 6 0.0841
877 322 6 7 0.0831
710 314 5 5 0.0830
844 317 5 6 0.0830
27 339 5 6 0.0830
856 255 4 6 0.0823
91 518 10 14 0.0814
23 339 6 7 0.0807
561 325 4 5 0.0795
830 292 4 6 0.0783
907 380 6 7 0.0782
922 286 5 6 0.0776
787 364 5 6 0.0776
38 401 5 7 0.0773
9 398 6 8 0.0770
845 304 5 6 0.0767
50 430 6 8 0.0763
831 291 5 6 0.0761
12 472 8 12 0.0760
560 350 5 6 0.0752
697 312 5 6 0.0750
1018 344 6 7 0.0736
816 316 5 6 0.0732
59 435 6 8 0.0731
255 510 9 10 0.0730
56 389 5 6 0.0730
767 359 6 6 0.0727
835 317 4 6 0.0720
668 330 4 6 0.0717
420 367 5 7 0.0715
75 441 6 9 0.0709
6 398 6 8 0.0705
990 357 6 6 0.0694
990 338 5 6 0.0692
593 331 5 6 0.0692
883 255 5 6 0.0691
974 340 5 6 0.0690
993 357 6 6 0.0687
844 256 4 5 0.0686
889 308 5 6 0.0684
15 472 7 12 0.0683
908 356 5 6 0.0675
538 351 6 7 0.0666
861 337 5 6 0.0664
51 407 6 7 0.0663
844 293 5 6 0.0661
622 335 5 6 0.0657
88 517 10 14 0.0654
730 401 5 7 0.0648
814 317 5 6 0.0648
731 242 4 5 0.0645
52 431 6 7 0.0642
924 286 5 6 0.0640
42 383 5 7 0.0636
335 663 12 17 0.0630
47 429 6 8 0.0629
854 254 4 6 0.0616
888 296 5 6 0.0616
649 331 5 6 0.0616
892 307 5 7 0.0611
797 312 5 6 0.0597
856 360 5 7 0.0594
138 530 8 15 0.0589
788 351 4 6 0.0587
664 330 5 6 0.0587
189 502 7 9 0.0585
713 313 5 6 0.0577
163 447 7 8 0.0575
645 339 5 6 0.0575
74 442 6 9 0.0574
830 251 4 6 0.0571
914 302 5 6 0.0570
739 359 6 7 0.0564
829 366 6 7 0.0564
846 232 5 6 0.0558
813 316 5 6 0.0558
798 326 5 5 0.0549
142 529 8 15 0.0546
389 434 7 8 0.0545
797 287 5 6 0.0541
875 267 5 6 0.0540
393 434 6 8 0.0539
878 267 5 7 0.0539
1011 298 6 7 0.0538
458 488 9 11 0.0537
699 314 5 5 0.0537
40 384 6 7 0.0530
732 402 6 6 0.0527
589 331 6 6 0.0527
773 657 9 13 0.0521
461 488 9 11 0.0519
908 214 5 6 0.0518
972 339 5 6 0.0515
87 519 10 13 0.0513
157 445 7 9 0.0513
275 485 7 9 0.0511
78 442 6 8 0.0506
485 585 8 12 0.0505
629 340 5 6 0.0504
950 645 9 13 0.0499
279 486 7 8 0.0497
101 422 6 8 0.0496
749 306 5 6 0.0494
831 251 5 6 0.0490
897 222 4 6 0.0479
14 340 6 6 0.0476
49 431 5 7 0.0473
571 327 5 6 0.0466
657 305 5 6 0.0463
18 371 6 7 0.0462
846 332 5 6 0.0461
558 351 5 6 0.0459
786 323 5 5 0.0459
654 316 4 6 0.0459
132 285 5 7 0.0458
724 346 5 6 0.0455
905 214 5 5 0.0452
9 330 6 8 0.0451
852 254 4 6 0.0450
870 284 6 7 0.0448
645 330 5 6 0.0445
916 301 5 6 0.0445
825 341 5 6 0.0442
757 270 4 5 0.0440
827 251 4 5 0.0440
752 306 4 6 0.0439
886 295 5 6 0.0437
368 338 5 5 0.0434
944 249 5 6 0.0434
192 502 7 10 0.0431
721 293 5 6 0.0429
718 292 5 6 0.0428
833 365 5 7 0.0428
908 243 5 6 0.0426
60 337 5 7 0.0424
821 341 6 6 0.0423
728 242 4 5 0.0419
905 244 5 5 0.0419
24 368 6 8 0.0418
627 317 4 5 0.0416
646 331 5 5 0.0416
705 276 4 5 0.0416
2 420 6 8 0.0415
740 243 5 6 0.0413
764 356 5 7 0.0413
947 249 5 6 0.0412
989 366 5 7 0.0411
902 295 5 6 0.0409
831 367 5 7 0.0406
1014 297 7 8 0.0404
559 326 5 6 0.0395
217 485 8 9 0.0394
751 351 5 6 0.0392
809 370 5 6 0.0392
861 283 5 6 0.0392
865 339 5 6 0.0391
704 276 4 5 0.0391
994 337 5 6 0.0391
667 296 4 6 0.0390
953 644 10 14 0.0387
104 282 5 6 0.0387
161 445 7 9 0.0387
569 327 5 6 0.0385
717 296 5 7 0.0385
921 378 5 7 0.0382
618 334 4 6 0.0381
481 585 9 12 0.0380
926 286 5 6 0.0380
372 338 4 5 0.0379
339 663 10 17 0.0378
737 359 5 7 0.0376
762 306 5 6 0.0373
769 336 5 6 0.0373
624 316 5 6 0.0368
958 319 5 5 0.0368
864 304 5 6 0.0367
860 373 5 6 0.0367
707 241 5 5 0.0366
880 255 5 6 0.0366
338 278 5 5 0.0362
996 338 5 5 0.0362
899 259 5 6 0.0358
66 400 5 7 0.0358
894 222 4 6 0.0357
886 366 5 7 0.0356
861 305 5 6 0.0354
917 224 5 5 0.0354
39 402 5 7 0.0353
714 309 5 6 0.0352
705 240 4 6 0.0352
919 378 5 7 0.0348
791 297 5 6 0.0347
701 275 5 5 0.0344
923 262 5 6 0.0342
97 450 6 8 0.0341
920 262 5 6 0.0340
573 328 5 6 0.0340
777 659 9 13 0.0340
63 390 5 6 0.0339
858 321 5 6 0.0338
817 296 5 6 0.0336
968 340 5 7 0.0332
729 241 4 6 0.0331
743 369 5 6 0.0328
881 299 5 6 0.0326
750 284 5 6 0.0325
35 402 6 8 0.0323
136 439 7 10 0.0323
886 242 5 6 0.0320
798 333 5 6 0.0320
63 337 5 7 0.0318
87 415 5 7 0.0316
626 598 8 12 0.0315
45 384 6 7 0.0315
6 331 6 7 0.0314
103 296 5 6 0.0314
491 314 4 6 0.0312
888 243 5 6 0.0312
204 477 7 8 0.0311
8 397 7 8 0.0311
996 204 5 7 0.0310
731 256 5 5 0.0309
220 484 8 11 0.0308
136 438 7 9 0.0308
84 415 5 7 0.0307
792 312 5 6 0.0305
594 308 5 6 0.0304
682 274 5 5 0.0303
100 450 7 8 0.0302
995 184 5 6 0.0302
6 419 6 8 0.0302
737 280 4 5 0.0301
415 474 7 9 0.0300
102 282 4 6 0.0298
400 271 4 6 0.0298
397 272 4 5 0.0298
802 330 5 6 0.0297
829 318 5 6 0.0297
90 479 8 10 0.0295
754 270 4 6 0.0291
794 298 4 6 0.0288
842 273 5 5 0.0288
682 288 5 5 0.0288
780 336 5 6 0.0287
336 277 5 6 0.0286
774 660 9 13 0.0285
973 217 5 6 0.0284
882 376 5 7 0.0284
468 286 4 5 0.0283
618 335 5 6 0.0283
79 463 7 11 0.0283
391 432 7 9 0.0283
388 431 7 10 0.0283
831 226 4 6 0.0282
828 252 4 5 0.0281
795 283 4 6 0.0281
484 581 9 13 0.0278
195 476 7 8 0.0278
60 339 6 6 0.0276
759 221 5 6 0.0276
1016 219 6 7 0.0275
963 249 5 6 0.0275
114 287 4 5 0.0275
1019 371 5 9 0.0274
986 367 5 7 0.0274
885 296 5 6 0.0274
966 250 5 6 0.0274
754 269 5 6 0.0271
1008 336 5 6 0.0270
832 342 5 6 0.0270
877 322 5 6 0.0269
956 345 6 7 0.0269
759 299 5 6 0.0269
36 400 5 7 0.0269
816 648 8 14 0.0269
896 200 5 5 0.0269
801 339 5 6 0.0266
502 306 5 6 0.0266
852 354 5 7 0.0265
987 337 5 6 0.0264
728 256 5 6 0.0264
726 347 5 5 0.0264
625 339 5 6 0.0264
848 294 5 5 0.0263
831 291 5 6 0.0262
638 258 4 5 0.0261
565 296 4 6 0.0261
838 275 4 7 0.0260
770 360 5 6 0.0260
502 291 5 6 0.0260
568 369 6 6 0.0257
479 286 4 6 0.0257
956 237 4 6 0.0256
690 241 4 6 0.0254
959 347 5 6 0.0254
562 297 4 5 0.0253
993 205 5 6 0.0252
192 476 7 8 0.0252
57 390 5 6 0.0252
629 598 8 12 0.0251
136 436 7 8 0.0251
198 279 5 6 0.0251
793 345 5 5 0.0251
702 339 5 6 0.0250
859 338 4 6 0.0250
740 369 5 6 0.0250
798 312 5 6 0.0249
85 417 6 6 0.0248
833 228 4 5 0.0247
602 328 5 6 0.0247
111 436 6 8 0.0247
548 308 5 5 0.0246
618 302 5 6 0.0246
819 276 5 6 0.0245
825 341 5 7 0.0245
22 403 6 7 0.0245
935 277 5 6 0.0245
948 250 4 5 0.0244
100 296 5 6 0.0244
635 258 4 5 0.0244
931 277 5 6 0.0244
970 218 5 5 0.0243
906 190 4 5 0.0242
1013 209 5 6 0.0241
952 646 9 14 0.0239
679 273 5 6 0.0238
757 221 5 6 0.0237
646 293 5 6 0.0237
101 282 4 5 0.0237
727 241 4 5 0.0235
939 221 4 6 0.0235
105 425 6 7 0.0234
9 396 6 8 0.0233
992 184 4 6 0.0233
978 176 5 6 0.0232
38 442 5 9 0.0231
930 234 5 6 0.0231
901 294 5 6 0.0230
91 461 7 9 0.0230
747 305 5 6 0.0230
933 276 5 7 0.0230
128 428 7 7 0.0230
705 340 5 6 0.0229
877 267 5 6 0.0229
1011 301 6 8 0.0228
136 292 5 6 0.0227
70 408 6 6 0.0227
735 278 5 6 0.0226
488 314 5 6 0.0226
725 319 5 6 0.0226
827 226 5 5 0.0225
965 204 5 6 0.0225
89 480 8 10 0.0225
702 276 4 5 0.0224
633 235 4 6 0.0223
135 286 5 6 0.0223
93 480 7 9 0.0222
845 221 4 5 0.0222
140 439 7 9 0.0220
899 375 6 7 0.0219
958 237 5 6 0.0219
903 295 5 5 0.0215
975 176 5 6 0.0214
195 278 6 7 0.0214
907 231 4 6 0.0214
764 234 5 6 0.0213
85 572 9 16 0.0213
12 471 8 12 0.0213
822 279 5 6 0.0213
1015 355 5 7 0.0213
861 267 5 6 0.0210
740 280 4 6 0.0209
546 309 4 5 0.0209
907 297 5 6 0.0209
533 320 5 5 0.0207
161 446 7 8 0.0207
75 463 7 11 0.0207
499 291 5 6 0.0207
687 242 5 5 0.0207
920 224 4 6 0.0205
542 349 5 7 0.0205
940 325 6 6 0.0205
11 334 5 7 0.0205
939 293 5 6 0.0205
636 235 4 6 0.0205
968 204 5 6 0.0204
752 333 4 6 0.0203
816 666 8 15 0.0203
895 192 4 5 0.0202
817 276 5 6 0.0201
782 365 5 6 0.0201
1007 330 5 7 0.0200
623 317 5 5 0.0200
830 191 5 6 0.0200
535 321 5 5 0.0198
745 322 5 5 0.0198
79 441 7 8 0.0198
857 197 4 5 0.0197
794 263 5 5 0.0197
905 189 4 6 0.0196
184 254 6 7 0.0194
910 318 5 6 0.0194
767 234 5 6 0.0194
5 396 6 8 0.0194
789 275 5 6 0.0194
505 359 6 7 0.0193
606 206 5 6 0.0193
28 507 8 13 0.0193
812 273 5 6 0.0192
707 313 5 6 0.0192
652 317 5 5 0.0192
1013 219 5 6 0.0192
785 321 4 6 0.0192
83 516 10 13 0.0191
683 227 5 6 0.0190
44 339 5 6 0.0190
667 282 5 5 0.0189
917 192 5 6 0.0188
819 666 8 16 0.0187
798 287 5 6 0.0186
906 214 5 5 0.0185
956 318 5 6 0.0185
576 295 4 5 0.0184
928 191 5 6 0.0182
122 334 5 6 0.0182
829 228 4 5 0.0181
376 290 5 6 0.0181
570 368 7 8 0.0181
139 291 5 7 0.0180
373 339 4 5 0.0180
87 518 11 14 0.0180
751 335 5 6 0.0179
3 417 6 8 0.0179
420 367 5 6 0.0179
621 335 4 5 0.0179
817 348 5 6 0.0179
886 243 4 5 0.0179
1008 328 5 7 0.0178
733 402 6 7 0.0178
730 403 5 7 0.0177
60 435 6 7 0.0177
860 197 4 5 0.0177
828 339 5 6 0.0177
597 307 5 5 0.0176
791 261 5 5 0.0175
247 468 6 9 0.0175
373 290 5 6 0.0175
251 469 6 9 0.0174
767 290 5 6 0.0174
954 646 11 15 0.0174
688 336 6 7 0.0173
685 228 4 6 0.0173
734 402 5 6 0.0172
577 308 5 6 0.0171
647 293 5 5 0.0171
356 278 5 6 0.0171
64 338 5 7 0.0171
720 292 5 7 0.0170
485 314 4 5 0.0170
57 390 5 6 0.0169
955 202 5 6 0.0168
923 210 6 6 0.0168
701 340 5 5 0.0167
703 339 5 6 0.0167
96 280 4 6 0.0167
561 350 5 7 0.0167
987 336 5 7 0.0167
890 279 5 6 0.0166
877 248 5 5 0.0166
512 309 4 5 0.0166
125 334 5 6 0.0166
646 338 5 6 0.0165
187 254 6 8 0.0165
415 247 4 6 0.0165
592 307 4 6 0.0164
23 313 5 6 0.0163
972 233 5 6 0.0163
923 352 5 7 0.0162
88 571 8 17 0.0162
41 339 5 6 0.0162
883 201 5 6 0.0162
359 279 5 6 0.0162
1007 284 5 7 0.0162
948 357 6 7 0.0161
70 404 5 7 0.0161
622 312 4 7 0.0160
27 338 6 6 0.0160
656 217 5 6 0.0158
905 244 5 5 0.0158
942 292 5 6 0.0157
609 206 4 5 0.0157
988 366 5 6 0.0157
902 189 5 6 0.0157
355 280 5 6 0.0157
29 481 7 12 0.0156
265 475 6 8 0.0156
487 314 4 5 0.0155
249 469 7 9 0.0155
18 372 6 7 0.0154
649 293 5 6 0.0154
201 279 5 6 0.0153
20 313 5 6 0.0152
904 191 4 4 0.0152
634 257 4 5 0.0152
35 424 6 8 0.0152
117 287 4 6 0.0152
372 290 4 6 0.0151
397 271 5 5 0.0150
875 244 5 5 0.0150
933 204 5 6 0.0150
924 286 5 5 0.0150
626 377 5 6 0.0149
892 192 4 6 0.0149
573 295 5 5 0.0149
945 251 4 6 0.0148
24 508 8 12 0.0148
503 360 5 6 0.0148
592 332 6 6 0.0148
812 251 5 5 0.0148
42 304 5 6 0.0148
127 423 6 8 0.0148
611 213 4 6 0.0148
677 303 5 6 0.0146
687 226 5 7 0.0145
505 511 7 12 0.0145
657 360 5 6 0.0145
764 305 5 6 0.0144
676 308 4 5 0.0144
255 262 6 8 0.0143
310 287 5 6 0.0143
533 310 5 6 0.0143
369 339 4 6 0.0141
5 419 7 8 0.0141
676 209 4 5 0.0141
305 510 7 10 0.0141
929 191 5 5 0.0140
987 363 5 7 0.0139
810 239 4 5 0.0139
819 648 9 14 0.0138
546 306 4 5 0.0138
769 323 5 6 0.0138
594 311 5 6 0.0138
123 332 5 6 0.0138
945 181 4 5 0.0138
183 253 6 7 0.0137
124 423 7 8 0.0137
904 238 4 6 0.0136
968 308 5 6 0.0136
481 582 9 12 0.0135
277 485 6 8 0.0134
726 311 4 5 0.0134
828 190 4 6 0.0134
543 268 4 6 0.0133
130 283 5 7 0.0132
85 416 6 7 0.0132
654 218 4 5 0.0131
847 234 5 6 0.0131
692 336 5 6 0.0130
635 282 5 6 0.0130
457 294 5 5 0.0130
5 450 7 9 0.0129
820 200 5 6 0.0129
964 203 5 7 0.0128
901 322 5 7 0.0128
258 262 6 8 0.0128
858 213 4 5 0.0127
571 324 5 6 0.0127
956 320 5 5 0.0127
1014 300 6 7 0.0127
27 504 8 13 0.0126
18 296 5 5 0.0126
364 500 6 10 0.0125
33 441 7 8 0.0125
628 377 5 7 0.0125
843 217 5 5 0.0124
907 382 5 7 0.0124
728 242 4 5 0.0124
681 274 4 5 0.0123
783 350 5 6 0.0123
307 287 5 6 0.0123
367 501 6 9 0.0122
762 222 4 6 0.0122
35 443 5 8 0.0122
958 185 5 6 0.0122
186 252 6 8 0.0121
816 253 4 6 0.0121
199 278 6 7 0.0120
594 264 5 6 0.0120
920 268 5 7 0.0120
983 280 5 6 0.0120
41 324 5 5 0.0120
984 228 5 6 0.0120
829 248 5 6 0.0119
445 307 5 5 0.0119
566 346 5 6 0.0119
27 370 6 6 0.0119
1018 183 5 7 0.0118
952 201 5 6 0.0118
942 180 4 6 0.0118
592 264 5 6 0.0117
986 280 5 6 0.0117
660 283 4 5 0.0117
855 211 4 5 0.0117
120 333 5 6 0.0117
5 292 6 7 0.0117
878 196 4 5 0.0116
475 354 5 5 0.0116
418 475 7 9 0.0116
754 271 5 5 0.0115
745 254 5 5 0.0115
676 291 5 6 0.0115
628 195 4 5 0.0115
774 274 5 5 0.0115
956 186 5 6 0.0115
558 325 5 5 0.0115
695 259 4 5 0.0115
780 267 5 6 0.0115
484 287 4 5 0.0114
858 210 4 5 0.0114
990 204 5 6 0.0114
1009 284 6 8 0.0114
682 325 5 6 0.0114
442 307 5 5 0.0113
688 229 4 6 0.0113
1012 297 6 7 0.0113
35 442 7 8 0.0113
602 338 5 7 0.0113
946 347 6 7 0.0113
509 308 5 6 0.0113
38 304 5 6 0.0112
1014 220 5 6 0.0111
995 204 5 6 0.0111
217 484 8 9 0.0111
949 263 5 7 0.0111
724 372 5 7 0.0110
309 510 6 9 0.0110
61 338 5 6 0.0110
633 280 5 6 0.0110
500 359 6 7 0.0110
638 307 5 5 0.0110
376 250 4 5 0.0109
796 268 5 5 0.0109
630 303 5 6 0.0109
704 241 5 5 0.0109
945 323 6 6 0.0109
1016 133 5 6 0.0109
929 243 5 6 0.0108
625 195 5 5 0.0108
702 274 4 6 0.0107
707 255 5 6 0.0107
540 347 5 7 0.0107
1016 236 5 7 0.0107
210 324 4 6 0.0106
823 270 5 6 0.0106
94 479 8 10 0.0106
563 296 4 5 0.0106
455 293 4 6 0.0106
636 279 5 6 0.0106
926 262 5 6 0.0106
119 623 16 25 0.0105
753 185 4 6 0.0105
966 175 4 6 0.0104
751 308 5 6 0.0104
996 134 4 5 0.0104
941 284 5 6 0.0103
862 375 6 7 0.0103
541 267 4 6 0.0103
824 392 6 7 0.0103
806 236 5 6 0.0103
731 401 5 7 0.0103
91 280 5 6 0.0103
868 345 6 7 0.0102
655 359 5 6 0.0102
957 238 4 6 0.0102
213 324 4 6 0.0101
973 237 5 7 0.0101
37 328 4 6 0.0101
416 248 5 6 0.0100
