35_Basketball_Basketball_35_185
46
297 435 55 62 0.8548
455 637 50 56 0.8492
710 476 63 74 0.8438
605 718 21 30 0.4678
608 718 21 30 0.3926
559 747 13 14 0.0887
563 747 11 14 0.0393
708 817 6 8 0.0322
129 767 7 9 0.0311
704 817 6 8 0.0284
361 783 7 9 0.0259
562 767 10 12 0.0225
706 815 6 9 0.0221
145 753 9 11 0.0204
587 652 6 8 0.0196
377 762 8 9 0.0174
349 716 8 11 0.0174
141 735 8 9 0.0169
373 761 7 10 0.0167
365 772 8 10 0.0162
608 649 6 7 0.0160
611 649 7 7 0.0153
139 766 8 9 0.0147
160 738 7 9 0.0147
556 746 12 16 0.0146
353 717 8 10 0.0138
381 734 7 9 0.0137
582 652 6 7 0.0137
116 777 8 9 0.0131
585 652 6 7 0.0129
566 766 10 13 0.0129
120 754 8 9 0.0124
137 769 7 10 0.0123
583 653 6 7 0.0118
149 753 7 10 0.0117
503 665 17 24 0.0115
122 834 7 9 0.0111
13 830 6 7 0.0111
80 759 7 9 0.0108
101 717 6 8 0.0107
349 777 8 10 0.0106
71 714 7 9 0.0106
68 713 7 10 0.0106
112 768 8 9 0.0102
61 843 8 9 0.0100
160 724 8 10 0.0100
