35_Basketball_Basketball_35_449
606
492 245 22 26 0.8253
291 388 11 16 0.3972
857 396 10 12 0.3937
904 416 9 11 0.3859
80 409 13 16 0.3736
907 415 9 12 0.3479
288 389 11 14 0.3471
959 456 6 9 0.3316
955 456 7 9 0.3247
565 424 8 10 0.3141
983 409 10 12 0.3109
179 461 6 7 0.2878
36 456 6 8 0.2866
562 424 8 11 0.2802
260 456 6 8 0.2696
983 453 7 8 0.2671
856 396 9 12 0.2639
144 457 6 8 0.2633
767 458 7 8 0.2591
980 410 10 11 0.2589
764 458 7 8 0.2580
628 457 7 8 0.2579
986 452 7 9 0.2566
172 455 7 8 0.2546
0 445 5 9 0.2543
764 475 7 8 0.2539
783 448 7 9 0.2451
110 456 6 8 0.2448
114 441 6 7 0.2432
823 471 5 7 0.2392
107 456 6 8 0.2368
761 475 7 8 0.2350
668 373 16 20 0.2342
264 456 6 8 0.2333
626 457 5 7 0.2319
809 470 6 7 0.2278
805 469 6 7 0.2269
117 466 7 8 0.2239
837 448 6 7 0.2231
130 432 6 6 0.2225
127 415 5 6 0.2221
26 457 6 7 0.2200
648 456 5 6 0.2200
111 441 6 7 0.2165
337 475 6 9 0.2153
54 450 6 7 0.2150
608 453 5 7 0.2129
840 448 7 8 0.2114
192 428 6 7 0.2108
146 457 6 7 0.2092
19 401 6 7 0.2080
23 456 6 8 0.2038
420 409 5 7 0.2038
145 430 5 7 0.2017
645 455 5 7 0.1951
422 409 6 7 0.1929
617 464 5 7 0.1922
785 448 8 9 0.1918
362 84 30 20 0.1916
280 455 6 8 0.1902
361 86 34 25 0.1901
29 401 5 7 0.1888
858 462 6 7 0.1850
143 456 6 8 0.1842
964 436 8 10 0.1835
631 444 6 7 0.1820
418 457 7 9 0.1819
415 458 6 8 0.1811
854 462 6 8 0.1801
966 437 7 9 0.1798
187 453 6 7 0.1793
52 449 6 8 0.1780
146 413 5 6 0.1777
272 427 6 8 0.1773
785 449 7 8 0.1769
189 416 5 6 0.1765
166 472 6 7 0.1762
247 449 6 7 0.1761
123 415 5 6 0.1751
244 448 6 8 0.1716
283 437 5 7 0.1714
168 472 6 7 0.1692
334 475 7 9 0.1689
231 460 5 8 0.1688
488 444 8 9 0.1688
485 444 8 9 0.1687
408 472 6 8 0.1686
259 433 6 7 0.1674
420 441 6 7 0.1637
185 416 6 6 0.1623
836 462 6 7 0.1609
478 478 6 7 0.1606
79 408 12 15 0.1605
4 429 6 8 0.1597
7 428 7 8 0.1594
410 473 7 8 0.1590
624 483 5 6 0.1580
416 441 6 8 0.1566
415 428 6 7 0.1564
120 429 6 7 0.1553
968 437 8 9 0.1549
115 466 7 8 0.1545
45 403 5 6 0.1542
120 467 7 9 0.1536
287 419 6 8 0.1536
290 418 6 8 0.1518
271 395 6 7 0.1515
856 461 6 8 0.1514
334 476 6 8 0.1501
611 434 6 8 0.1488
35 432 6 8 0.1483
170 410 6 6 0.1476
825 472 6 6 0.1464
178 475 6 7 0.1454
32 432 6 8 0.1447
617 480 5 6 0.1439
50 450 6 7 0.1437
279 437 5 7 0.1427
179 390 5 7 0.1426
165 392 5 7 0.1412
83 411 11 12 0.1408
426 424 6 7 0.1403
68 390 5 6 0.1396
981 410 10 12 0.1387
907 461 6 7 0.1385
143 412 5 7 0.1384
267 417 5 7 0.1381
212 429 6 7 0.1380
933 440 7 9 0.1378
208 413 5 7 0.1372
229 460 6 7 0.1363
173 410 5 6 0.1360
475 477 6 7 0.1348
842 448 6 8 0.1333
855 437 7 9 0.1316
563 424 9 10 0.1314
36 394 5 6 0.1310
930 440 7 9 0.1297
608 435 6 7 0.1294
601 470 5 7 0.1287
161 392 5 7 0.1283
261 420 6 7 0.1277
177 437 6 7 0.1261
38 384 5 5 0.1249
194 395 6 7 0.1235
150 444 6 8 0.1234
262 433 5 7 0.1234
391 408 5 7 0.1233
968 435 8 10 0.1232
54 401 6 7 0.1232
111 384 6 7 0.1231
108 385 5 7 0.1225
424 409 5 7 0.1225
145 387 5 7 0.1223
216 429 5 6 0.1219
904 459 6 8 0.1215
671 372 17 19 0.1207
376 405 5 6 0.1202
245 422 6 6 0.1194
205 413 6 7 0.1190
387 408 5 7 0.1185
104 406 6 6 0.1183
218 456 5 7 0.1176
984 410 10 11 0.1170
463 480 5 7 0.1169
227 461 6 8 0.1169
909 461 5 7 0.1168
460 480 5 7 0.1167
279 436 6 8 0.1165
30 397 6 6 0.1158
1017 457 6 10 0.1155
683 357 9 13 0.1154
753 461 6 7 0.1145
248 422 6 7 0.1145
854 436 7 10 0.1143
147 428 6 7 0.1135
852 436 7 9 0.1129
781 449 7 8 0.1095
178 460 6 7 0.1088
631 458 5 8 0.1072
125 385 5 7 0.1072
146 458 6 7 0.1070
372 405 6 6 0.1066
99 407 6 8 0.1031
142 387 5 6 0.1028
412 473 6 8 0.1021
755 463 6 7 0.1019
272 396 6 7 0.1017
591 461 6 6 0.1016
230 419 5 7 0.1002
269 395 5 7 0.0999
123 385 6 6 0.0967
186 450 6 8 0.0964
592 429 6 7 0.0958
126 450 7 8 0.0957
905 461 5 7 0.0954
174 436 6 7 0.0953
124 414 6 6 0.0949
389 409 5 7 0.0942
613 480 6 6 0.0940
181 450 6 9 0.0933
588 429 6 7 0.0933
984 451 7 9 0.0930
225 419 5 6 0.0926
226 460 6 7 0.0924
58 402 6 8 0.0900
628 443 5 7 0.0899
56 381 5 6 0.0893
434 458 7 9 0.0885
859 396 10 13 0.0882
69 370 6 7 0.0880
1 446 6 8 0.0876
73 370 5 6 0.0875
611 436 6 7 0.0869
170 473 5 6 0.0867
199 382 6 7 0.0866
166 473 6 7 0.0852
647 454 5 7 0.0846
202 382 6 8 0.0843
316 390 8 11 0.0835
19 420 6 7 0.0830
176 439 5 7 0.0822
231 447 6 7 0.0809
169 455 6 8 0.0806
509 482 5 7 0.0805
644 454 5 7 0.0804
143 453 6 8 0.0791
512 483 5 7 0.0787
183 375 5 6 0.0786
643 479 6 7 0.0782
109 386 5 7 0.0767
360 88 26 21 0.0766
370 457 6 8 0.0745
235 391 6 7 0.0743
186 452 6 7 0.0741
686 358 9 13 0.0737
65 388 6 7 0.0733
28 419 6 7 0.0730
54 396 5 7 0.0725
13 393 5 6 0.0723
320 390 7 10 0.0717
827 472 5 8 0.0714
219 393 7 7 0.0711
429 425 6 8 0.0709
24 384 5 5 0.0706
333 475 6 8 0.0706
513 462 6 8 0.0699
203 384 5 7 0.0696
373 457 6 8 0.0696
231 433 6 7 0.0693
520 481 5 7 0.0688
420 410 5 7 0.0687
227 448 6 7 0.0686
180 375 5 6 0.0685
682 490 7 7 0.0684
378 428 6 8 0.0682
212 372 5 6 0.0679
261 377 5 6 0.0677
35 456 6 7 0.0673
589 460 5 7 0.0670
408 474 6 8 0.0667
7 429 7 7 0.0666
215 372 5 6 0.0663
1 384 6 7 0.0662
262 455 7 8 0.0656
625 457 6 7 0.0649
174 410 5 7 0.0648
769 458 6 9 0.0645
896 454 7 9 0.0644
787 449 6 8 0.0640
436 461 7 9 0.0636
243 376 5 6 0.0633
373 403 6 7 0.0631
270 427 6 8 0.0628
206 449 6 7 0.0624
589 428 6 7 0.0621
761 474 6 8 0.0619
244 408 6 8 0.0618
92 367 5 6 0.0617
1 401 5 7 0.0615
70 389 5 7 0.0614
153 377 5 6 0.0609
258 377 5 6 0.0608
261 457 7 8 0.0605
243 450 6 7 0.0602
192 428 5 7 0.0599
597 467 5 6 0.0599
384 70 22 18 0.0598
516 463 5 7 0.0597
482 479 6 8 0.0595
433 446 7 8 0.0595
388 70 22 18 0.0594
20 386 5 7 0.0592
431 394 6 8 0.0591
162 426 6 7 0.0590
31 401 6 7 0.0589
158 410 5 6 0.0588
65 449 6 7 0.0586
217 455 7 8 0.0586
214 429 6 6 0.0577
646 456 5 6 0.0576
593 445 6 7 0.0569
589 462 5 7 0.0568
54 449 6 7 0.0563
605 453 6 7 0.0560
254 403 6 7 0.0557
838 449 6 7 0.0552
110 456 6 6 0.0540
606 451 5 7 0.0537
245 423 6 6 0.0536
142 456 7 8 0.0534
120 404 5 6 0.0531
241 375 5 6 0.0529
512 465 6 7 0.0526
561 424 8 9 0.0523
144 430 6 7 0.0521
166 471 7 7 0.0515
4 420 6 9 0.0514
119 428 6 7 0.0512
113 386 5 6 0.0510
437 394 6 8 0.0507
156 412 5 7 0.0505
221 407 6 7 0.0502
3 445 6 8 0.0500
825 471 6 7 0.0499
341 496 6 8 0.0499
99 432 7 9 0.0494
484 473 6 7 0.0492
833 462 6 9 0.0490
682 360 12 16 0.0488
374 430 7 8 0.0484
488 445 7 8 0.0482
289 421 6 7 0.0480
687 478 7 8 0.0479
239 376 5 6 0.0479
110 405 6 6 0.0478
419 459 6 8 0.0477
503 493 6 8 0.0474
227 413 6 7 0.0472
288 420 7 8 0.0470
16 402 6 6 0.0470
238 374 5 6 0.0470
686 359 11 15 0.0468
833 448 7 8 0.0462
412 427 6 8 0.0459
339 476 6 8 0.0456
56 401 5 7 0.0455
391 409 6 8 0.0453
416 426 6 7 0.0451
192 395 6 7 0.0451
806 469 6 8 0.0449
418 457 5 8 0.0449
3 386 5 6 0.0449
338 496 6 9 0.0448
151 376 5 6 0.0445
623 481 6 7 0.0443
982 452 8 9 0.0443
806 468 6 8 0.0442
459 477 5 8 0.0442
600 471 6 6 0.0442
269 396 6 7 0.0442
667 501 6 7 0.0441
370 402 6 8 0.0441
856 397 10 12 0.0440
462 477 5 7 0.0439
338 475 6 8 0.0437
148 376 5 7 0.0427
359 85 25 18 0.0427
777 468 7 8 0.0425
511 461 6 9 0.0425
73 371 5 6 0.0424
1018 460 6 9 0.0424
651 465 6 8 0.0420
335 459 7 8 0.0419
390 407 5 6 0.0417
217 372 5 6 0.0415
194 410 5 7 0.0415
476 478 5 7 0.0406
62 447 7 9 0.0402
931 438 8 9 0.0395
163 393 5 7 0.0395
635 443 5 7 0.0392
625 484 5 6 0.0389
592 431 5 6 0.0388
263 377 5 6 0.0386
391 484 7 8 0.0385
442 395 7 7 0.0384
283 454 7 8 0.0382
113 437 6 8 0.0382
29 370 6 6 0.0381
103 408 6 7 0.0380
162 390 6 7 0.0376
80 461 6 7 0.0371
412 473 6 7 0.0369
666 503 6 8 0.0365
665 501 6 7 0.0363
240 460 6 8 0.0362
336 475 7 8 0.0362
31 416 6 8 0.0361
341 464 7 8 0.0358
34 432 5 7 0.0355
707 459 6 8 0.0353
29 457 6 7 0.0352
37 457 6 7 0.0350
703 460 6 8 0.0349
290 446 7 9 0.0348
116 466 6 8 0.0346
518 480 6 7 0.0345
195 378 6 6 0.0343
374 405 5 6 0.0339
37 383 5 6 0.0338
43 368 5 6 0.0338
491 443 7 10 0.0328
759 474 7 9 0.0328
558 486 5 7 0.0323
424 497 7 8 0.0321
608 489 5 7 0.0321
371 456 6 7 0.0321
781 449 7 9 0.0320
236 394 6 7 0.0320
499 493 6 8 0.0319
684 477 7 8 0.0318
261 378 5 6 0.0317
370 431 7 8 0.0315
892 425 7 10 0.0315
376 460 6 8 0.0313
246 396 6 7 0.0312
192 463 7 8 0.0311
550 480 5 6 0.0311
518 481 6 7 0.0311
547 480 5 6 0.0309
669 502 6 8 0.0308
420 408 5 6 0.0307
671 369 15 21 0.0306
803 473 6 8 0.0304
590 446 6 8 0.0303
835 448 7 8 0.0303
83 461 6 8 0.0301
420 493 6 8 0.0300
418 490 7 8 0.0299
332 459 6 8 0.0298
139 403 5 7 0.0298
89 366 5 6 0.0295
56 380 6 6 0.0291
550 467 5 6 0.0289
547 464 6 8 0.0288
956 457 7 9 0.0288
111 383 5 6 0.0286
585 426 7 8 0.0286
287 450 6 9 0.0285
779 474 7 8 0.0284
393 487 6 7 0.0282
645 478 6 7 0.0280
211 406 5 7 0.0280
5 383 6 6 0.0280
881 466 5 8 0.0278
890 426 7 10 0.0277
266 457 6 9 0.0276
239 376 5 6 0.0274
179 472 7 8 0.0271
183 375 6 6 0.0271
1014 456 7 9 0.0270
282 457 6 9 0.0270
50 361 5 5 0.0269
642 472 5 8 0.0269
547 467 5 7 0.0267
68 427 8 8 0.0267
55 377 5 7 0.0266
683 480 6 9 0.0265
489 445 7 8 0.0265
569 453 8 9 0.0264
318 393 7 9 0.0257
373 429 6 7 0.0257
214 373 5 6 0.0255
703 468 7 8 0.0255
429 423 6 7 0.0249
678 481 6 8 0.0249
385 403 6 7 0.0248
884 467 5 7 0.0247
100 403 6 7 0.0246
320 407 7 9 0.0244
178 375 5 6 0.0243
23 374 5 6 0.0242
599 478 6 7 0.0236
621 484 5 6 0.0235
928 438 8 9 0.0233
390 487 7 8 0.0232
89 368 5 7 0.0232
565 453 9 10 0.0231
436 457 7 8 0.0227
646 477 6 7 0.0225
439 395 6 8 0.0222
78 411 8 11 0.0221
960 457 6 9 0.0219
135 383 5 7 0.0217
860 396 9 12 0.0217
427 498 6 8 0.0217
566 406 8 8 0.0210
958 455 7 8 0.0208
87 366 5 6 0.0208
360 84 29 22 0.0207
547 480 6 6 0.0206
2 359 5 6 0.0204
46 361 5 6 0.0202
156 377 6 7 0.0198
388 461 7 8 0.0197
570 408 7 8 0.0197
373 75 32 24 0.0195
387 459 7 8 0.0193
931 441 7 9 0.0193
9 360 6 6 0.0192
566 425 8 9 0.0191
318 388 7 10 0.0187
367 422 7 9 0.0184
512 485 6 6 0.0184
680 479 6 8 0.0183
598 428 6 6 0.0182
372 454 6 7 0.0181
410 459 7 8 0.0179
614 435 6 7 0.0178
437 408 7 8 0.0177
423 497 7 8 0.0177
477 461 7 8 0.0176
893 451 7 8 0.0176
763 458 6 8 0.0174
490 472 6 8 0.0171
59 435 6 8 0.0171
769 472 7 9 0.0170
4 461 6 9 0.0169
644 490 6 7 0.0169
370 460 6 8 0.0167
24 452 6 8 0.0165
897 451 6 9 0.0164
341 497 6 7 0.0163
367 83 33 28 0.0162
267 378 5 6 0.0162
437 391 6 7 0.0161
391 482 7 8 0.0161
32 452 7 9 0.0159
335 449 6 7 0.0158
669 501 6 8 0.0158
337 457 6 7 0.0157
286 497 5 6 0.0154
391 458 6 7 0.0153
517 461 6 8 0.0153
421 401 7 8 0.0151
315 387 7 10 0.0151
98 372 5 7 0.0150
342 498 7 8 0.0148
24 459 6 8 0.0147
808 473 5 8 0.0147
54 409 6 7 0.0146
562 455 8 9 0.0146
339 498 6 8 0.0146
488 439 8 10 0.0143
710 457 7 8 0.0142
704 459 6 7 0.0140
970 422 9 10 0.0139
137 378 5 7 0.0139
548 495 6 8 0.0135
215 466 6 8 0.0133
486 440 7 9 0.0133
429 497 6 8 0.0133
912 417 8 10 0.0133
906 459 6 7 0.0132
687 490 7 8 0.0131
83 455 7 8 0.0130
326 408 7 7 0.0130
65 427 5 7 0.0128
526 501 6 7 0.0128
285 378 6 8 0.0126
459 458 7 9 0.0125
677 477 6 8 0.0125
391 404 6 7 0.0123
669 380 14 18 0.0123
676 462 6 7 0.0122
545 495 6 7 0.0120
62 365 5 6 0.0120
105 457 6 8 0.0120
995 430 9 10 0.0120
740 475 6 8 0.0118
383 72 29 23 0.0117
46 461 6 8 0.0116
2 363 5 7 0.0116
218 468 6 8 0.0115
701 471 6 8 0.0115
609 430 6 7 0.0114
332 447 6 8 0.0114
207 472 7 7 0.0114
283 496 6 7 0.0113
743 474 7 8 0.0113
838 479 7 9 0.0109
422 499 6 8 0.0108
501 493 5 7 0.0108
389 424 6 8 0.0108
801 455 6 8 0.0107
483 501 6 8 0.0107
696 473 8 9 0.0104
468 462 6 8 0.0103
707 489 6 7 0.0103
863 452 7 9 0.0102
570 498 6 7 0.0101
765 456 7 7 0.0101
441 480 6 9 0.0100
574 498 5 6 0.0100
702 486 7 8 0.0100
