35_Basketball_basketballgame_ball_35_256
65
528 55 65 95 0.8808
871 326 41 57 0.8457
762 352 48 58 0.8419
987 340 36 56 0.8290
229 69 53 67 0.8276
888 371 38 52 0.8226
957 166 40 50 0.8122
724 238 38 55 0.7866
356 153 35 49 0.7841
778 112 33 44 0.7646
952 52 31 42 0.7498
756 322 39 49 0.7382
919 119 34 41 0.7346
675 264 34 49 0.7183
850 195 31 44 0.6930
936 353 46 61 0.6242
366 68 35 41 0.6117
468 158 46 62 0.6003
936 352 46 62 0.5778
426 23 29 31 0.3223
504 101 33 47 0.2906
673 108 28 31 0.2413
1013 297 11 40 0.2411
2 293 36 48 0.2302
394 252 30 44 0.2160
469 158 46 63 0.1841
745 148 31 36 0.1123
704 203 32 40 0.0996
0 333 12 54 0.0959
845 165 30 38 0.0837
1007 496 17 59 0.0825
1014 294 10 36 0.0778
846 168 30 41 0.0546
1014 299 10 48 0.0538
172 145 25 28 0.0530
702 204 29 37 0.0521
277 131 36 62 0.0501
976 507 28 40 0.0496
271 132 39 60 0.0356
790 360 31 44 0.0312
678 108 26 30 0.0289
704 202 30 39 0.0279
676 105 27 31 0.0272
20 262 37 47 0.0263
888 372 38 51 0.0249
1008 295 16 43 0.0242
506 93 42 57 0.0210
844 168 29 37 0.0202
1013 496 11 38 0.0192
1 290 38 53 0.0189
1015 284 9 36 0.0187
0 336 13 56 0.0175
0 324 9 53 0.0174
700 202 28 37 0.0171
0 326 19 64 0.0171
546 10 28 33 0.0163
1010 499 14 66 0.0150
77 275 21 25 0.0143
0 304 22 46 0.0136
15 260 41 51 0.0134
798 271 29 38 0.0131
1014 483 10 41 0.0128
74 268 21 29 0.0121
549 10 28 32 0.0109
543 13 34 42 0.0108
