35_Basketball_basketballgame_ball_35_709
1160
5 1001 37 50 0.8619
223 1005 36 44 0.8558
884 1008 33 41 0.8520
770 995 31 45 0.8477
184 980 34 44 0.8396
524 402 70 69 0.8292
249 927 25 32 0.7882
173 937 25 33 0.7773
38 983 28 39 0.7749
396 867 23 31 0.7748
933 902 22 29 0.7695
324 775 21 29 0.7562
417 753 21 26 0.7502
906 925 23 28 0.7376
909 952 24 28 0.7341
1004 997 20 38 0.7310
966 966 21 28 0.7238
19 855 22 27 0.7216
291 990 32 42 0.7174
857 893 20 24 0.7133
57 956 25 33 0.7108
263 774 21 27 0.7090
351 963 27 36 0.6951
4 964 24 31 0.6871
323 701 21 26 0.6868
357 832 21 28 0.6803
269 984 27 38 0.6788
912 833 19 25 0.6777
870 859 20 26 0.6697
107 825 24 31 0.6652
364 719 19 25 0.6595
986 778 20 25 0.6555
789 972 25 38 0.6542
65 984 33 42 0.6529
243 731 19 26 0.6510
916 863 20 27 0.6464
973 905 20 28 0.6416
836 772 16 22 0.6394
98 928 25 28 0.6392
193 660 19 24 0.6358
441 700 18 26 0.6307
974 831 20 27 0.6290
853 917 24 31 0.6264
357 750 20 26 0.6260
188 729 20 26 0.6237
942 979 24 29 0.6186
951 681 19 25 0.6126
66 985 32 41 0.6094
244 549 20 22 0.6056
299 683 19 26 0.5944
927 804 21 28 0.5920
801 805 20 26 0.5917
136 956 26 37 0.5906
302 726 21 26 0.5903
231 682 18 24 0.5889
927 762 19 26 0.5873
270 703 18 24 0.5833
188 708 18 22 0.5810
32 825 22 29 0.5802
774 922 22 27 0.5797
868 974 23 30 0.5779
221 755 20 24 0.5730
831 718 19 25 0.5717
111 641 17 23 0.5710
636 593 78 69 0.5705
1001 810 20 28 0.5548
150 670 17 23 0.5486
305 552 18 23 0.5461
394 626 18 23 0.5418
205 789 21 26 0.5375
29 772 21 29 0.5359
986 717 17 22 0.5359
52 635 18 25 0.5352
279 751 19 26 0.5341
929 733 17 23 0.5339
796 833 19 23 0.5279
309 803 20 28 0.5260
19 618 16 23 0.5196
754 963 22 30 0.5192
220 601 18 23 0.5154
413 548 18 22 0.5130
374 644 17 23 0.5129
247 623 17 23 0.5108
498 991 27 38 0.5065
358 553 17 21 0.5048
3 886 18 28 0.4986
896 978 28 33 0.4939
376 666 17 22 0.4923
998 928 21 30 0.4884
266 660 17 20 0.4873
359 688 18 24 0.4843
782 712 18 24 0.4816
975 861 21 28 0.4794
890 703 17 21 0.4794
187 687 18 21 0.4713
885 735 17 23 0.4619
377 815 19 22 0.4597
156 707 20 27 0.4581
509 935 22 31 0.4570
395 581 16 22 0.4558
795 642 16 21 0.4524
60 592 17 22 0.4522
638 598 80 64 0.4499
55 803 21 27 0.4493
861 811 18 24 0.4486
400 684 18 23 0.4458
294 622 17 23 0.4451
1005 679 16 21 0.4443
80 565 17 23 0.4438
901 979 25 32 0.4412
185 614 16 20 0.4391
184 560 18 24 0.4386
137 821 25 35 0.4354
421 598 16 22 0.4331
133 622 17 20 0.4330
363 602 16 20 0.4329
333 644 17 22 0.4328
673 567 19 22 0.4319
423 640 19 25 0.4256
263 579 19 23 0.4153
79 661 19 24 0.4094
974 606 16 20 0.4081
763 738 15 20 0.4046
166 590 15 20 0.4019
147 643 16 20 0.3991
775 691 17 19 0.3984
14 555 16 20 0.3978
258 609 17 20 0.3965
809 778 18 23 0.3906
2 809 14 26 0.3898
994 929 22 28 0.3855
104 587 16 21 0.3844
329 644 18 22 0.3826
975 756 19 25 0.3813
743 701 15 19 0.3791
946 652 19 24 0.3789
805 778 19 23 0.3765
506 935 23 31 0.3723
500 991 28 38 0.3671
291 622 17 23 0.3654
896 633 17 21 0.3602
930 581 18 24 0.3576
810 667 15 20 0.3519
124 997 25 33 0.3511
100 587 17 21 0.3499
81 858 22 27 0.3493
2 748 13 29 0.3440
147 606 16 20 0.3436
139 956 26 36 0.3428
977 606 16 21 0.3427
790 642 17 21 0.3401
58 804 21 27 0.3397
983 696 16 20 0.3394
839 650 14 18 0.3372
19 459 16 20 0.3359
720 568 19 22 0.3353
881 735 17 23 0.3319
112 438 13 17 0.3304
4 927 20 29 0.3297
309 598 18 23 0.3281
84 565 16 22 0.3259
391 782 22 28 0.3252
306 802 21 28 0.3250
994 974 25 37 0.3241
899 673 17 22 0.3224
876 786 19 24 0.3214
427 640 18 25 0.3212
740 701 14 19 0.3209
762 719 13 18 0.3206
780 669 15 18 0.3164
25 772 22 28 0.3144
86 858 20 27 0.3086
677 567 19 23 0.3051
754 490 15 18 0.3046
852 615 17 22 0.3033
179 560 19 24 0.3016
141 820 24 35 0.2999
391 785 22 27 0.2997
948 653 19 25 0.2997
998 744 17 22 0.2957
216 601 18 24 0.2931
924 803 21 28 0.2902
75 520 15 19 0.2887
997 974 24 37 0.2883
841 675 16 18 0.2869
806 668 15 19 0.2831
110 406 15 19 0.2778
871 769 15 19 0.2762
409 548 17 22 0.2757
771 690 16 18 0.2741
9 555 17 20 0.2724
129 420 14 18 0.2723
749 490 15 18 0.2719
382 706 19 25 0.2713
274 752 20 25 0.2697
979 757 18 23 0.2681
180 614 16 20 0.2672
354 553 16 21 0.2666
995 744 17 23 0.2652
873 784 18 24 0.2625
369 643 18 24 0.2614
68 431 13 16 0.2585
64 625 16 21 0.2581
41 469 15 18 0.2555
390 581 17 22 0.2549
268 952 26 32 0.2515
274 952 24 31 0.2507
842 649 15 18 0.2489
864 811 18 23 0.2467
161 590 16 20 0.2457
64 592 16 21 0.2444
886 703 16 20 0.2435
306 596 18 22 0.2433
23 581 16 19 0.2431
0 810 12 25 0.2366
390 627 18 22 0.2363
387 785 22 27 0.2348
269 956 28 34 0.2347
320 864 17 27 0.2329
262 660 16 20 0.2325
810 534 15 17 0.2317
851 917 23 31 0.2316
997 811 20 26 0.2311
815 534 15 17 0.2279
106 642 17 23 0.2272
234 682 17 24 0.2262
159 708 20 27 0.2253
758 720 13 17 0.2249
786 712 17 23 0.2244
854 617 16 21 0.2238
217 756 20 23 0.2230
231 382 13 15 0.2227
124 420 14 18 0.2212
418 596 17 22 0.2207
94 425 14 17 0.2201
996 973 24 33 0.2198
83 661 17 23 0.2151
938 979 24 30 0.2149
6 602 16 25 0.2132
902 673 16 22 0.2131
797 619 15 18 0.2129
112 957 25 37 0.2126
254 609 17 20 0.2109
857 469 12 14 0.2102
14 617 17 23 0.2100
827 718 19 25 0.2099
243 623 17 23 0.2098
63 431 14 16 0.2096
261 577 19 24 0.2091
897 672 16 22 0.2062
48 635 18 25 0.2062
194 532 15 19 0.2056
1001 679 16 21 0.2053
273 703 18 24 0.2050
570 941 23 32 0.2041
43 421 13 16 0.2037
212 969 22 30 0.2027
791 514 12 15 0.2026
188 383 14 16 0.1995
443 700 17 27 0.1961
831 492 13 15 0.1942
512 360 12 16 0.1939
197 660 17 23 0.1915
345 486 17 23 0.1914
294 683 20 26 0.1896
927 577 18 23 0.1892
68 462 13 18 0.1874
891 468 12 16 0.1870
900 633 17 21 0.1869
321 665 18 21 0.1861
795 514 13 15 0.1854
975 580 15 19 0.1850
143 606 16 21 0.1848
157 777 21 27 0.1841
359 602 16 21 0.1833
0 749 11 27 0.1831
129 623 16 20 0.1823
978 862 20 26 0.1797
360 417 11 14 0.1792
924 733 18 23 0.1781
845 674 15 19 0.1777
301 552 17 22 0.1769
347 963 28 36 0.1769
415 383 12 14 0.1767
146 670 17 23 0.1760
766 738 15 20 0.1754
973 579 15 19 0.1753
311 595 17 21 0.1745
845 672 15 19 0.1740
827 492 13 15 0.1740
227 366 12 14 0.1739
717 568 18 21 0.1738
886 811 17 24 0.1738
793 834 17 22 0.1728
507 361 12 15 0.1725
865 439 11 15 0.1724
82 490 14 17 0.1717
371 666 18 22 0.1714
101 927 25 29 0.1712
982 717 17 21 0.1710
392 397 11 15 0.1688
834 513 14 16 0.1679
869 440 12 14 0.1673
77 412 13 15 0.1667
63 462 14 17 0.1667
307 458 15 17 0.1664
217 970 20 27 0.1661
837 649 14 18 0.1654
421 474 15 19 0.1653
760 739 15 18 0.1640
863 974 24 30 0.1638
109 460 14 19 0.1638
354 417 12 14 0.1623
200 549 17 22 0.1622
825 696 16 20 0.1619
976 905 18 25 0.1616
87 490 13 17 0.1608
886 468 12 16 0.1608
228 478 18 22 0.1604
800 551 18 22 0.1587
989 491 14 17 0.1582
901 672 16 22 0.1578
977 578 15 19 0.1573
26 581 16 20 0.1567
148 552 16 21 0.1566
925 582 18 23 0.1559
851 448 12 15 0.1553
264 463 13 16 0.1533
947 682 18 24 0.1532
537 373 15 18 0.1532
229 483 17 22 0.1532
750 963 21 29 0.1528
27 826 23 28 0.1521
871 497 13 16 0.1520
209 375 13 15 0.1517
923 762 19 25 0.1516
50 904 21 27 0.1514
1 886 14 26 0.1512
97 979 24 32 0.1498
373 380 12 15 0.1495
411 406 13 17 0.1492
188 474 13 18 0.1489
979 695 16 21 0.1480
143 643 16 20 0.1479
24 429 14 17 0.1478
227 822 16 21 0.1476
764 414 15 21 0.1476
173 500 15 17 0.1470
305 726 19 27 0.1470
829 695 17 20 0.1467
197 531 15 19 0.1458
701 450 14 18 0.1452
103 825 23 30 0.1445
232 412 13 17 0.1442
847 448 11 15 0.1440
120 997 25 33 0.1410
160 708 19 24 0.1404
425 473 14 20 0.1399
373 815 18 22 0.1396
317 531 15 18 0.1395
875 497 14 17 0.1386
337 621 16 19 0.1384
3 473 12 20 0.1384
353 751 20 25 0.1380
928 730 17 22 0.1377
867 768 15 19 0.1376
776 669 16 18 0.1376
884 577 15 18 0.1375
830 513 13 16 0.1354
388 397 11 15 0.1338
740 447 13 16 0.1335
762 756 17 22 0.1329
169 374 13 17 0.1328
799 805 19 25 0.1319
810 602 16 19 0.1317
369 381 12 15 0.1305
239 732 19 25 0.1289
201 789 20 26 0.1283
792 619 15 19 0.1283
897 442 13 16 0.1267
166 991 23 33 0.1260
390 914 23 28 0.1258
318 419 11 14 0.1251
251 399 14 16 0.1249
265 429 14 17 0.1244
386 782 23 29 0.1244
136 397 13 16 0.1243
794 480 14 19 0.1243
696 452 14 18 0.1239
852 400 14 17 0.1233
300 430 12 15 0.1222
165 374 13 16 0.1218
788 481 14 19 0.1214
780 711 17 22 0.1214
880 577 14 18 0.1208
184 686 17 22 0.1199
769 922 21 27 0.1191
240 548 18 22 0.1188
15 458 15 20 0.1182
355 688 18 23 0.1182
5 415 12 17 0.1180
802 866 18 25 0.1180
351 488 15 20 0.1175
848 615 17 21 0.1170
42 456 14 17 0.1164
788 434 13 18 0.1158
385 914 23 26 0.1155
183 474 14 17 0.1144
264 494 14 17 0.1140
289 377 13 15 0.1134
866 974 23 29 0.1127
58 502 15 18 0.1123
953 482 14 16 0.1110
737 446 13 17 0.1107
78 521 14 18 0.1106
325 439 14 16 0.1104
0 472 12 19 0.1100
793 434 14 18 0.1095
201 940 22 30 0.1089
881 580 15 20 0.1088
230 886 19 22 0.1084
260 462 13 17 0.1080
313 418 12 14 0.1079
166 987 23 34 0.1076
303 457 14 17 0.1076
795 617 15 19 0.1073
258 579 19 23 0.1064
758 606 16 18 0.1064
929 475 12 16 0.1052
649 570 16 20 0.1047
108 520 14 17 0.1044
310 386 12 15 0.1044
104 520 14 17 0.1041
437 581 11 15 0.1041
837 474 13 15 0.1031
54 956 24 30 0.1028
627 363 11 14 0.1018
174 907 22 27 0.1016
228 880 20 24 0.1015
265 366 13 14 0.1001
924 474 12 16 0.0999
849 618 16 21 0.0998
668 398 13 16 0.0985
398 372 10 15 0.0984
261 427 14 18 0.0983
295 430 13 16 0.0977
408 408 13 17 0.0963
176 865 22 30 0.0960
435 580 12 16 0.0960
88 396 15 18 0.0958
694 404 13 17 0.0955
157 469 14 17 0.0955
766 469 15 18 0.0949
11 517 16 18 0.0946
172 422 13 17 0.0945
724 461 14 17 0.0943
414 407 13 17 0.0939
216 450 14 18 0.0938
142 499 14 17 0.0933
982 778 20 25 0.0933
768 412 14 19 0.0932
235 412 13 18 0.0931
831 435 13 17 0.0930
978 831 18 26 0.0929
313 532 15 18 0.0918
287 989 32 43 0.0913
1 416 12 16 0.0911
685 433 13 15 0.0905
653 402 12 17 0.0902
396 371 11 14 0.0899
631 363 11 14 0.0894
699 404 13 18 0.0892
788 485 13 18 0.0889
20 428 15 17 0.0882
352 580 15 18 0.0881
346 462 13 16 0.0881
342 437 13 15 0.0878
810 868 16 21 0.0870
6 964 25 32 0.0870
25 578 16 19 0.0869
151 354 12 16 0.0867
222 451 15 18 0.0866
237 440 15 18 0.0860
146 354 12 17 0.0858
979 580 14 19 0.0858
974 455 12 16 0.0856
815 413 14 18 0.0847
259 494 15 17 0.0843
74 411 13 15 0.0842
384 710 19 25 0.0834
229 411 13 16 0.0834
256 398 14 17 0.0830
1003 715 15 22 0.0818
117 380 13 15 0.0816
201 561 16 21 0.0804
174 516 16 20 0.0804
791 616 15 19 0.0802
826 435 13 17 0.0801
885 465 12 17 0.0800
366 357 13 16 0.0798
314 385 13 16 0.0798
137 497 16 20 0.0794
848 399 13 18 0.0792
788 971 24 36 0.0792
275 480 14 16 0.0789
4 443 13 18 0.0785
874 413 13 17 0.0783
690 378 13 16 0.0778
964 477 14 16 0.0777
531 869 20 27 0.0773
308 553 17 21 0.0768
77 615 16 22 0.0766
416 598 16 23 0.0763
70 466 13 18 0.0759
1007 477 10 13 0.0756
143 551 17 21 0.0756
7 517 16 19 0.0754
869 415 14 17 0.0752
726 568 16 20 0.0743
5 596 16 21 0.0740
978 455 12 16 0.0739
811 414 13 18 0.0738
105 459 14 19 0.0738
167 422 13 17 0.0737
728 462 12 16 0.0731
111 358 13 17 0.0721
184 730 19 25 0.0720
944 654 17 24 0.0717
167 397 14 17 0.0715
957 501 15 18 0.0709
161 777 20 25 0.0705
222 430 13 16 0.0704
71 413 13 16 0.0701
268 383 13 15 0.0696
401 479 14 18 0.0695
579 908 19 30 0.0693
815 1000 25 33 0.0690
182 866 19 27 0.0690
296 400 13 16 0.0688
754 441 14 16 0.0685
388 711 16 23 0.0685
890 465 12 17 0.0682
922 804 21 29 0.0681
753 605 17 20 0.0677
764 464 15 19 0.0675
812 449 13 17 0.0674
315 864 18 27 0.0671
918 526 17 23 0.0670
45 904 21 28 0.0668
866 771 17 22 0.0668
248 355 11 13 0.0668
191 435 14 17 0.0663
948 429 13 17 0.0660
161 993 22 30 0.0659
899 636 17 22 0.0658
401 447 13 17 0.0656
5 888 19 27 0.0656
424 598 15 21 0.0655
793 485 13 17 0.0654
218 430 13 16 0.0654
1 746 12 29 0.0652
41 531 15 17 0.0647
351 460 13 17 0.0645
885 580 14 19 0.0645
273 984 27 41 0.0641
53 629 19 27 0.0640
584 908 18 28 0.0640
154 390 13 16 0.0638
382 470 15 19 0.0638
503 936 22 30 0.0636
103 561 16 20 0.0635
956 498 14 19 0.0631
392 370 11 15 0.0630
879 784 16 22 0.0626
208 373 12 16 0.0625
227 824 16 23 0.0624
807 449 13 16 0.0615
856 733 14 20 0.0609
892 406 13 15 0.0608
194 497 15 17 0.0607
130 780 19 26 0.0603
154 466 14 18 0.0600
797 550 15 20 0.0599
338 400 13 15 0.0596
645 570 14 19 0.0592
266 464 13 16 0.0592
866 858 20 26 0.0590
216 475 16 20 0.0590
635 391 11 15 0.0586
106 358 13 17 0.0583
65 466 14 18 0.0583
250 322 13 16 0.0581
896 392 13 17 0.0581
404 449 13 17 0.0580
104 557 16 20 0.0579
353 831 21 29 0.0577
887 900 15 19 0.0575
773 457 15 18 0.0571
136 512 16 20 0.0567
658 434 14 18 0.0563
322 478 15 19 0.0563
955 682 17 22 0.0558
377 472 14 17 0.0556
300 401 13 16 0.0555
56 351 13 16 0.0549
104 433 13 17 0.0548
252 506 15 18 0.0548
44 393 13 17 0.0542
716 431 13 16 0.0535
528 353 14 17 0.0534
7 361 12 17 0.0530
244 353 12 15 0.0525
71 372 14 17 0.0524
873 859 19 27 0.0523
809 600 16 19 0.0522
933 417 14 16 0.0521
84 860 21 27 0.0520
254 374 13 15 0.0517
232 576 18 21 0.0517
195 707 16 21 0.0516
204 402 12 15 0.0511
631 390 11 15 0.0510
70 359 14 17 0.0506
924 577 17 21 0.0504
1001 477 11 15 0.0504
909 834 17 23 0.0500
961 502 14 17 0.0496
976 436 13 16 0.0495
122 501 15 18 0.0495
24 362 13 16 0.0491
332 621 16 20 0.0490
941 432 15 18 0.0488
1 443 12 18 0.0488
70 518 15 20 0.0488
295 428 12 16 0.0485
405 684 16 22 0.0482
311 508 15 19 0.0481
801 861 17 23 0.0480
27 427 14 17 0.0479
282 352 13 15 0.0476
24 581 17 19 0.0475
7 927 20 27 0.0473
553 370 18 19 0.0472
71 522 15 18 0.0470
912 422 14 17 0.0468
884 407 13 15 0.0467
567 354 14 17 0.0465
945 427 14 16 0.0462
293 582 16 21 0.0460
47 393 14 16 0.0459
109 522 14 16 0.0455
368 603 14 20 0.0449
316 701 20 27 0.0448
712 430 13 16 0.0444
973 860 21 27 0.0443
52 350 12 16 0.0441
318 666 17 21 0.0441
66 431 14 17 0.0440
376 432 12 16 0.0440
786 400 13 16 0.0440
315 507 15 19 0.0440
550 988 31 42 0.0438
655 369 12 14 0.0438
681 431 12 16 0.0435
902 636 16 21 0.0433
1013 604 11 23 0.0433
877 380 14 17 0.0433
67 462 15 19 0.0431
362 355 13 16 0.0429
660 368 12 15 0.0425
141 499 16 20 0.0425
933 393 13 17 0.0424
805 601 16 19 0.0422
66 373 13 17 0.0420
791 400 13 16 0.0420
141 505 15 18 0.0417
826 694 17 20 0.0414
887 947 21 26 0.0413
334 619 17 20 0.0402
862 894 18 22 0.0402
1 468 12 18 0.0402
259 464 15 17 0.0396
797 806 17 24 0.0396
867 768 17 22 0.0395
42 985 28 39 0.0394
381 431 12 16 0.0394
723 403 16 19 0.0393
1017 603 7 23 0.0393
526 352 13 17 0.0392
785 969 24 36 0.0392
255 627 18 22 0.0392
112 463 14 17 0.0390
923 527 16 22 0.0387
902 924 23 29 0.0386
381 466 15 18 0.0386
189 661 18 23 0.0386
183 473 14 18 0.0385
189 711 19 26 0.0385
225 484 16 21 0.0383
104 522 15 18 0.0380
729 374 14 17 0.0378
1014 736 10 22 0.0377
312 804 19 26 0.0377
985 436 12 15 0.0375
893 633 15 19 0.0374
149 353 12 16 0.0374
888 901 15 21 0.0373
338 367 14 16 0.0372
246 322 13 17 0.0372
25 429 14 16 0.0371
534 901 22 32 0.0368
58 352 12 16 0.0368
6 324 12 15 0.0367
78 334 12 15 0.0366
951 490 13 17 0.0363
318 859 18 29 0.0362
269 336 13 15 0.0362
930 464 15 17 0.0361
107 461 15 19 0.0361
975 402 12 15 0.0360
834 389 13 17 0.0358
759 387 14 17 0.0357
317 477 16 18 0.0357
433 1019 21 25 0.0356
772 694 16 19 0.0353
28 460 15 19 0.0353
337 477 15 19 0.0352
109 436 14 17 0.0352
10 323 12 15 0.0350
855 729 15 19 0.0348
655 371 12 15 0.0348
90 373 13 16 0.0346
670 431 13 16 0.0344
975 497 14 18 0.0344
152 468 15 19 0.0343
261 428 14 17 0.0341
62 621 17 22 0.0340
834 525 16 18 0.0340
928 770 19 25 0.0340
200 934 21 27 0.0338
102 977 21 30 0.0338
982 692 17 22 0.0337
172 357 13 15 0.0337
194 306 12 14 0.0334
656 405 12 14 0.0334
224 420 13 17 0.0330
438 627 15 22 0.0329
834 771 16 21 0.0328
177 499 14 18 0.0327
792 511 13 17 0.0326
278 480 13 16 0.0326
75 333 11 15 0.0325
832 429 14 17 0.0323
830 388 13 17 0.0323
800 365 14 15 0.0322
47 630 19 26 0.0321
53 353 12 15 0.0321
734 409 15 18 0.0320
836 1006 24 31 0.0320
222 428 14 18 0.0317
145 352 12 16 0.0317
6 523 18 23 0.0313
223 820 16 22 0.0313
694 371 11 14 0.0312
170 355 13 15 0.0312
943 652 17 23 0.0311
40 390 15 18 0.0309
565 352 13 17 0.0304
406 447 13 17 0.0300
862 843 17 23 0.0299
394 577 16 22 0.0299
85 616 15 21 0.0298
698 369 12 14 0.0298
2 928 12 26 0.0298
829 511 14 16 0.0293
929 393 13 17 0.0291
681 432 13 16 0.0291
583 375 14 18 0.0290
585 459 18 23 0.0290
111 333 13 16 0.0289
303 459 15 17 0.0289
382 341 12 14 0.0288
344 890 22 26 0.0287
700 461 13 15 0.0285
772 916 23 31 0.0284
307 851 22 32 0.0284
91 305 12 15 0.0282
43 694 20 25 0.0281
159 443 15 18 0.0278
186 383 13 17 0.0278
831 773 17 21 0.0276
792 618 18 21 0.0273
767 763 16 20 0.0273
376 468 16 19 0.0271
274 854 16 22 0.0271
675 430 12 15 0.0268
378 429 12 16 0.0268
925 468 14 17 0.0268
392 919 24 30 0.0267
361 691 18 23 0.0267
313 462 15 18 0.0266
405 481 13 16 0.0265
106 329 13 18 0.0264
759 737 16 19 0.0264
909 500 13 17 0.0264
934 594 15 20 0.0263
176 521 15 18 0.0262
913 861 20 27 0.0262
713 430 14 18 0.0261
101 556 15 21 0.0260
700 407 13 16 0.0260
368 506 16 21 0.0260
798 548 16 18 0.0259
112 328 14 18 0.0259
63 595 17 21 0.0257
527 871 17 25 0.0257
808 863 15 21 0.0253
915 426 13 16 0.0252
21 462 14 20 0.0249
791 431 15 18 0.0249
260 496 16 19 0.0249
224 341 12 15 0.0248
788 583 15 19 0.0246
961 967 22 30 0.0246
3 939 20 29 0.0246
178 424 14 17 0.0246
312 598 17 22 0.0245
86 305 11 15 0.0245
900 386 13 17 0.0244
722 460 14 16 0.0244
785 711 17 22 0.0243
193 393 13 17 0.0243
29 327 13 14 0.0242
812 410 14 18 0.0241
221 581 18 22 0.0241
17 616 17 22 0.0241
495 426 26 31 0.0240
254 397 13 16 0.0239
566 371 17 19 0.0238
161 990 22 32 0.0237
151 672 17 22 0.0236
138 619 17 22 0.0236
2 605 14 24 0.0236
982 376 11 15 0.0235
696 325 12 14 0.0234
197 305 13 16 0.0233
260 774 20 28 0.0232
22 617 16 22 0.0232
298 727 19 25 0.0232
387 918 24 29 0.0230
228 382 13 15 0.0230
532 374 14 17 0.0229
297 430 14 16 0.0228
710 350 13 16 0.0228
789 579 16 20 0.0228
905 498 13 18 0.0227
687 340 12 16 0.0227
413 753 19 26 0.0226
701 325 11 14 0.0226
919 863 19 26 0.0225
834 472 14 16 0.0224
112 953 24 32 0.0224
224 472 17 19 0.0222
835 1010 25 32 0.0222
271 313 12 16 0.0222
132 419 14 17 0.0221
258 507 15 19 0.0220
709 569 27 29 0.0219
356 415 12 15 0.0217
977 376 12 15 0.0216
417 326 11 13 0.0216
1009 446 12 17 0.0216
191 535 17 21 0.0216
138 395 14 16 0.0215
987 494 13 16 0.0215
97 968 26 34 0.0213
871 497 15 18 0.0213
329 702 18 26 0.0213
413 326 10 12 0.0212
40 392 14 16 0.0212
130 421 13 17 0.0212
184 521 15 19 0.0211
913 305 12 15 0.0211
995 396 13 16 0.0211
816 534 15 18 0.0211
149 318 12 16 0.0211
421 471 13 17 0.0210
780 691 16 19 0.0210
908 305 12 15 0.0209
587 461 18 28 0.0209
187 556 19 25 0.0209
325 483 15 18 0.0207
1 465 12 18 0.0207
363 689 18 23 0.0206
131 397 12 15 0.0206
523 354 15 18 0.0206
3 361 11 17 0.0205
143 546 17 22 0.0204
947 371 13 17 0.0204
847 1007 21 27 0.0203
183 906 21 28 0.0201
858 468 13 16 0.0201
340 434 14 16 0.0201
828 488 13 15 0.0200
794 475 14 17 0.0200
142 538 15 21 0.0199
340 464 16 19 0.0199
772 368 12 15 0.0198
145 319 11 15 0.0198
576 943 20 30 0.0197
241 730 18 24 0.0195
2 419 12 16 0.0195
976 580 15 19 0.0195
417 474 15 19 0.0195
374 812 19 22 0.0195
181 615 18 21 0.0195
267 312 13 16 0.0195
760 418 15 18 0.0194
522 353 13 17 0.0194
227 683 16 22 0.0193
956 856 19 25 0.0192
1018 999 6 35 0.0192
559 354 15 19 0.0192
561 352 13 17 0.0192
758 753 16 22 0.0191
137 536 16 21 0.0190
761 761 16 21 0.0189
893 349 14 16 0.0189
214 792 17 23 0.0189
767 764 15 20 0.0189
181 617 17 20 0.0188
86 350 13 17 0.0188
858 615 15 20 0.0188
235 476 15 19 0.0188
0 607 17 25 0.0188
278 351 13 15 0.0187
841 652 15 19 0.0186
733 374 15 18 0.0185
187 374 14 16 0.0184
105 956 26 35 0.0184
907 377 14 16 0.0184
971 402 11 14 0.0184
225 883 19 25 0.0184
189 432 13 17 0.0183
251 619 18 23 0.0181
660 370 12 15 0.0181
373 505 16 20 0.0181
20 578 16 21 0.0179
908 501 14 17 0.0179
977 458 13 16 0.0179
279 851 18 24 0.0177
1 394 13 15 0.0177
53 304 13 14 0.0177
953 501 14 18 0.0177
836 650 16 19 0.0173
184 686 19 25 0.0173
794 865 19 27 0.0171
275 956 25 33 0.0171
333 343 14 16 0.0171
5 396 12 16 0.0171
767 368 13 15 0.0170
0 745 9 28 0.0170
426 469 13 18 0.0170
178 558 18 23 0.0169
829 433 14 17 0.0169
824 356 13 16 0.0169
753 607 21 23 0.0168
49 898 21 27 0.0167
220 828 18 26 0.0167
352 388 13 16 0.0167
816 1010 25 30 0.0167
257 577 18 22 0.0166
371 502 15 19 0.0164
291 321 13 16 0.0163
165 308 14 16 0.0163
207 330 13 15 0.0163
11 396 13 17 0.0163
785 578 16 19 0.0162
829 356 12 16 0.0162
696 463 13 16 0.0161
763 467 14 17 0.0160
556 988 30 42 0.0160
754 601 16 18 0.0159
260 876 20 28 0.0159
1011 733 13 23 0.0159
2 360 12 16 0.0159
857 382 13 16 0.0159
924 730 17 21 0.0158
1002 713 14 19 0.0157
172 321 15 17 0.0157
150 466 14 17 0.0157
811 326 12 16 0.0157
869 335 12 14 0.0156
1014 609 10 22 0.0156
368 421 13 15 0.0156
561 353 16 18 0.0156
824 625 16 19 0.0155
858 345 13 16 0.0155
91 284 11 14 0.0155
753 547 17 20 0.0153
109 402 13 17 0.0152
728 373 12 16 0.0152
11 524 17 21 0.0152
991 519 13 17 0.0150
0 806 12 27 0.0150
183 729 21 25 0.0150
98 980 26 37 0.0149
3 643 15 27 0.0149
993 430 12 15 0.0149
805 366 12 15 0.0148
782 973 28 43 0.0148
506 357 11 14 0.0147
140 819 25 33 0.0147
179 872 22 29 0.0147
932 579 16 21 0.0147
1012 566 12 17 0.0146
140 623 16 20 0.0146
81 913 20 27 0.0146
699 369 13 15 0.0145
261 881 21 27 0.0145
26 984 32 46 0.0143
835 304 11 14 0.0143
981 434 12 15 0.0143
198 526 14 18 0.0143
748 487 15 17 0.0142
992 778 17 23 0.0142
938 328 13 17 0.0141
358 719 19 23 0.0141
372 503 16 20 0.0141
804 806 19 24 0.0141
294 339 13 16 0.0141
298 846 21 27 0.0141
47 307 13 16 0.0140
496 416 25 36 0.0139
880 788 18 23 0.0139
928 597 15 19 0.0139
745 699 16 19 0.0138
426 1017 23 29 0.0137
636 391 13 16 0.0137
48 694 18 22 0.0136
51 319 13 16 0.0136
195 340 14 16 0.0136
336 397 13 16 0.0136
246 507 15 18 0.0135
749 597 16 19 0.0135
788 398 14 16 0.0134
946 428 13 17 0.0134
526 874 20 29 0.0133
252 300 12 15 0.0133
757 389 14 16 0.0133
564 944 25 32 0.0133
125 779 18 26 0.0132
803 557 16 19 0.0132
258 579 19 22 0.0132
26 358 13 16 0.0132
1010 475 11 14 0.0131
669 399 12 16 0.0131
505 1052 25 36 0.0130
802 994 24 37 0.0130
296 321 13 16 0.0130
781 920 20 27 0.0130
411 381 12 14 0.0130
61 802 18 25 0.0130
867 437 12 16 0.0130
371 382 13 15 0.0129
431 579 14 18 0.0129
379 531 17 21 0.0129
403 686 19 23 0.0129
870 507 15 18 0.0129
0 884 15 26 0.0128
1 806 13 26 0.0128
105 463 14 18 0.0127
942 329 13 16 0.0127
225 365 11 14 0.0126
232 294 11 14 0.0126
980 650 14 19 0.0126
775 794 16 26 0.0125
894 466 13 17 0.0125
4 478 12 17 0.0124
215 961 21 28 0.0124
721 564 16 20 0.0124
848 326 11 13 0.0124
102 548 16 21 0.0124
407 385 13 16 0.0123
271 659 15 21 0.0123
792 339 13 16 0.0123
435 578 14 21 0.0123
955 651 16 22 0.0122
108 357 13 16 0.0122
449 306 10 13 0.0121
205 334 13 16 0.0121
249 547 17 22 0.0121
900 659 17 21 0.0121
941 961 21 27 0.0121
148 470 15 19 0.0119
332 365 14 18 0.0119
913 373 14 17 0.0118
159 306 14 16 0.0118
859 304 12 14 0.0117
361 599 15 20 0.0117
135 576 17 21 0.0117
202 331 13 15 0.0116
988 354 12 15 0.0116
823 353 12 16 0.0116
823 995 22 32 0.0115
795 872 21 26 0.0115
813 671 13 17 0.0115
775 323 12 14 0.0115
743 528 19 22 0.0114
256 881 20 24 0.0114
224 886 18 22 0.0114
802 294 11 14 0.0113
998 506 13 16 0.0113
260 658 18 22 0.0112
50 284 13 15 0.0112
1005 402 12 16 0.0112
527 876 21 31 0.0112
971 426 14 17 0.0111
935 473 13 17 0.0111
86 283 12 15 0.0111
0 923 17 27 0.0110
315 390 12 15 0.0110
952 353 13 16 0.0110
432 312 9 13 0.0110
306 384 13 16 0.0110
523 401 72 71 0.0109
910 427 14 17 0.0109
302 841 20 27 0.0108
390 578 16 22 0.0108
831 390 14 17 0.0108
830 305 11 14 0.0108
223 879 19 23 0.0107
1000 427 12 15 0.0107
56 1014 24 35 0.0107
186 616 16 20 0.0106
177 285 15 17 0.0106
51 493 14 19 0.0105
850 363 14 16 0.0105
435 510 13 19 0.0105
108 295 13 17 0.0105
103 584 17 21 0.0105
894 645 15 20 0.0105
30 822 21 28 0.0104
876 525 17 21 0.0104
363 550 15 21 0.0104
895 700 16 21 0.0104
215 844 21 26 0.0104
323 1071 26 35 0.0104
340 491 17 22 0.0103
660 440 12 16 0.0103
719 343 13 15 0.0103
176 356 12 14 0.0103
865 843 18 23 0.0102
112 507 16 20 0.0101
830 769 17 22 0.0101
266 699 17 23 0.0101
264 656 17 22 0.0101
762 398 16 22 0.0101
301 586 17 20 0.0100
925 349 13 15 0.0100
