35_Basketball_playingbasketball_35_619
25
199 280 16 22 0.6249
576 262 16 25 0.5510
781 281 15 18 0.4566
80 278 14 16 0.3869
524 176 20 28 0.3716
611 283 13 15 0.3357
455 277 18 20 0.3207
84 278 13 16 0.3156
528 177 19 25 0.2595
608 282 13 17 0.2238
525 177 21 29 0.2174
196 280 17 22 0.2166
450 276 19 21 0.2060
785 282 14 16 0.1045
530 178 19 26 0.0539
779 281 12 17 0.0537
580 263 16 25 0.0330
703 316 15 31 0.0220
520 176 20 29 0.0166
705 318 15 31 0.0154
459 278 17 20 0.0141
573 261 15 24 0.0121
778 282 13 18 0.0115
452 271 20 24 0.0105
573 265 12 21 0.0100
