35_Basketball_basketballgame_ball_35_82
802
285 251 49 62 0.8697
438 189 49 65 0.8691
651 406 18 25 0.7894
802 406 21 29 0.7854
995 0 29 75 0.7542
773 407 21 27 0.7497
704 310 21 29 0.7174
112 370 15 20 0.7052
11 287 14 19 0.6252
115 212 13 16 0.6154
649 320 14 19 0.5719
603 411 17 22 0.5603
755 275 12 16 0.5257
143 230 12 15 0.5182
385 419 16 21 0.5100
50 222 12 15 0.5086
193 120 12 15 0.4873
513 188 12 15 0.4811
34 373 15 20 0.4808
156 305 12 16 0.4714
254 168 11 15 0.4691
0 140 9 15 0.4684
89 178 12 14 0.4676
78 206 12 15 0.4669
155 204 13 14 0.4635
295 196 12 15 0.4578
187 249 11 15 0.4570
617 399 13 17 0.4557
29 207 12 15 0.4510
243 241 11 15 0.4508
653 251 12 15 0.4499
208 294 12 16 0.4482
706 256 12 15 0.4449
14 192 11 15 0.4429
155 107 11 14 0.4399
126 105 11 13 0.4392
727 212 12 16 0.4390
46 94 11 14 0.4387
411 368 16 20 0.4371
555 185 11 15 0.4365
343 222 13 15 0.4347
193 158 12 15 0.4343
174 271 11 14 0.4294
203 93 12 14 0.4292
798 210 11 15 0.4214
91 72 12 14 0.4214
219 148 12 15 0.4197
116 165 12 15 0.4137
259 142 12 15 0.4134
88 93 11 14 0.4127
102 32 12 14 0.4119
165 43 10 13 0.4113
436 136 11 14 0.4099
228 65 12 15 0.4092
438 155 11 14 0.4081
636 377 13 17 0.4079
33 116 11 14 0.4061
49 176 12 15 0.4057
742 327 13 17 0.4046
604 192 13 15 0.4045
207 262 11 14 0.4027
130 71 11 15 0.4002
111 123 11 15 0.3920
106 296 13 19 0.3912
38 325 13 15 0.3867
269 4 11 16 0.3864
66 107 11 14 0.3859
88 316 14 16 0.3840
209 403 15 18 0.3838
211 294 12 15 0.3823
681 193 12 14 0.3818
633 377 13 17 0.3808
52 72 11 12 0.3807
3 80 13 15 0.3804
59 42 12 14 0.3775
262 142 11 15 0.3774
142 266 13 17 0.3763
241 120 12 14 0.3761
40 159 12 14 0.3736
254 227 10 14 0.3701
606 411 17 23 0.3695
53 368 15 17 0.3692
804 274 12 16 0.3678
200 51 11 13 0.3678
184 249 12 15 0.3643
650 216 11 14 0.3631
412 193 10 14 0.3631
43 94 11 14 0.3624
613 217 10 14 0.3591
109 296 13 18 0.3587
171 271 11 15 0.3566
176 227 11 15 0.3542
400 155 12 14 0.3533
647 216 11 15 0.3507
13 61 12 14 0.3489
143 43 11 12 0.3487
789 384 14 16 0.3477
843 108 11 14 0.3463
133 71 11 14 0.3442
32 207 12 15 0.3431
209 262 11 14 0.3407
812 235 11 15 0.3391
593 230 11 13 0.3390
414 193 11 14 0.3385
199 185 10 13 0.3370
602 143 11 15 0.3338
195 185 12 14 0.3338
800 96 11 15 0.3328
558 185 11 15 0.3312
189 2 8 12 0.3310
30 116 11 14 0.3280
763 222 11 13 0.3273
709 256 11 15 0.3273
766 222 11 13 0.3266
803 96 11 15 0.3263
56 42 12 14 0.3260
103 227 11 14 0.3257
840 108 11 13 0.3255
769 135 12 15 0.3231
212 403 15 18 0.3229
104 149 11 13 0.3223
31 373 15 19 0.3185
596 230 11 13 0.3143
570 122 10 13 0.3132
685 193 11 14 0.3129
341 222 12 15 0.3105
167 100 11 12 0.3093
788 332 14 17 0.3087
782 28 11 14 0.3083
381 403 17 20 0.3081
161 43 10 13 0.3071
733 306 12 15 0.3067
655 386 14 18 0.3066
7 80 11 15 0.3057
497 119 11 13 0.3056
573 122 10 13 0.3056
499 96 11 13 0.3056
756 120 11 14 0.3038
466 115 11 14 0.3037
28 22 11 13 0.3035
404 154 11 15 0.3035
469 115 11 14 0.3030
197 51 11 13 0.3030
565 414 16 21 0.3029
441 155 11 14 0.3013
801 274 12 15 0.3011
382 5 10 11 0.3005
815 235 12 15 0.2992
225 65 11 15 0.2975
801 210 11 15 0.2964
37 134 12 13 0.2953
11 193 11 14 0.2950
196 158 11 15 0.2933
610 217 10 14 0.2932
615 173 10 14 0.2930
64 135 12 15 0.2919
675 154 12 14 0.2918
497 96 10 13 0.2911
785 333 13 16 0.2909
631 153 11 14 0.2898
265 4 11 15 0.2892
733 142 11 14 0.2887
781 359 12 16 0.2886
394 137 11 12 0.2883
110 77 12 15 0.2876
745 271 10 13 0.2864
612 174 11 12 0.2843
122 105 11 13 0.2822
90 316 14 17 0.2818
222 148 12 15 0.2809
85 94 11 13 0.2786
91 135 12 15 0.2772
108 123 11 15 0.2758
379 5 9 11 0.2739
200 94 12 13 0.2736
152 107 11 14 0.2731
632 122 10 12 0.2730
591 14 10 12 0.2714
237 120 12 14 0.2711
494 119 11 14 0.2706
672 154 11 15 0.2693
46 261 11 14 0.2691
145 230 12 15 0.2685
250 168 12 14 0.2674
620 399 13 16 0.2646
727 236 12 13 0.2615
185 3 9 11 0.2607
742 272 9 12 0.2584
42 160 11 13 0.2581
100 32 11 14 0.2572
726 196 11 13 0.2558
196 120 11 15 0.2556
516 172 13 16 0.2552
391 137 11 12 0.2532
656 251 12 15 0.2530
729 97 11 14 0.2520
723 196 11 13 0.2483
538 35 10 12 0.2478
31 22 11 12 0.2461
426 122 10 12 0.2451
106 77 13 15 0.2438
785 383 15 17 0.2437
251 227 11 14 0.2402
572 172 12 15 0.2378
691 219 12 14 0.2375
239 84 12 12 0.2347
43 261 11 14 0.2334
594 14 9 12 0.2327
724 236 11 13 0.2311
50 72 10 12 0.2306
737 142 10 14 0.2297
364 20 9 12 0.2296
439 136 10 13 0.2289
239 106 11 13 0.2279
635 122 10 12 0.2265
786 28 10 13 0.2252
399 103 10 13 0.2239
15 61 12 15 0.2234
241 241 12 15 0.2233
50 176 12 15 0.2230
367 20 9 12 0.2216
584 404 13 17 0.2200
245 53 11 13 0.2190
570 172 11 15 0.2183
397 211 12 15 0.2181
603 125 10 12 0.2176
47 222 12 15 0.2157
226 23 11 13 0.2153
235 106 12 13 0.2139
87 178 11 14 0.2130
640 195 12 15 0.2115
608 192 12 15 0.2108
139 265 13 17 0.2107
634 153 11 14 0.2104
753 120 11 13 0.2094
780 114 12 15 0.2084
80 206 12 15 0.2075
168 101 11 13 0.2068
429 122 10 12 0.2060
639 237 11 15 0.2052
726 97 11 13 0.2040
240 241 11 15 0.2037
68 107 10 14 0.2036
27 72 12 14 0.2026
104 229 12 13 0.2026
236 83 11 13 0.2014
51 367 14 17 0.2011
169 99 11 13 0.2000
519 173 13 16 0.1984
140 43 10 12 0.1945
77 206 11 15 0.1924
535 35 10 12 0.1919
47 23 11 12 0.1889
251 189 10 13 0.1877
736 307 12 14 0.1873
293 196 11 14 0.1855
600 143 11 14 0.1839
683 233 12 14 0.1834
38 159 11 14 0.1807
687 99 10 13 0.1768
683 100 10 12 0.1766
163 168 10 14 0.1764
630 40 11 12 0.1763
173 227 11 15 0.1756
517 187 11 16 0.1749
616 7 10 11 0.1746
173 228 11 15 0.1746
247 189 11 13 0.1732
639 307 12 16 0.1697
114 166 11 13 0.1683
636 364 13 16 0.1664
176 228 12 14 0.1655
0 111 7 14 0.1649
607 124 10 12 0.1644
421 221 13 17 0.1621
552 129 9 11 0.1617
634 40 10 12 0.1602
754 37 11 14 0.1591
773 135 11 14 0.1577
646 320 14 19 0.1569
751 38 11 13 0.1542
589 14 10 13 0.1526
569 414 15 21 0.1525
687 232 11 14 0.1524
753 36 11 13 0.1519
35 288 13 16 0.1510
779 231 11 14 0.1503
222 23 11 13 0.1488
778 112 12 15 0.1484
35 325 12 14 0.1482
396 103 10 13 0.1458
684 101 10 13 0.1453
37 141 11 15 0.1433
106 148 11 14 0.1432
159 168 11 14 0.1418
194 297 11 14 0.1388
566 416 16 20 0.1385
620 7 10 12 0.1373
153 204 11 14 0.1354
122 141 11 14 0.1348
647 174 12 14 0.1346
297 196 12 14 0.1343
643 174 11 14 0.1341
34 133 11 14 0.1337
581 404 13 17 0.1320
269 167 11 13 0.1312
227 24 11 14 0.1311
223 24 12 13 0.1310
47 176 11 15 0.1303
407 120 11 13 0.1298
13 388 14 17 0.1283
758 275 13 16 0.1278
688 219 12 14 0.1256
776 232 11 13 0.1248
227 183 12 15 0.1248
36 295 13 17 0.1240
687 101 11 13 0.1233
154 304 12 17 0.1232
663 138 11 14 0.1231
696 137 10 13 0.1230
9 287 12 18 0.1218
415 369 15 19 0.1213
794 397 18 26 0.1201
744 78 11 14 0.1198
49 24 11 12 0.1196
0 113 8 16 0.1187
637 237 10 14 0.1139
846 231 13 18 0.1132
664 140 11 13 0.1126
555 397 12 16 0.1112
713 213 10 14 0.1109
248 190 11 14 0.1098
87 177 12 14 0.1092
777 114 11 15 0.1091
699 137 11 13 0.1084
661 141 10 13 0.1081
105 33 10 13 0.1080
759 246 12 14 0.1080
549 128 9 11 0.1080
540 36 9 12 0.1066
830 284 12 14 0.1061
750 36 11 13 0.1024
158 203 11 15 0.1024
149 159 14 17 0.1020
251 190 10 14 0.1018
541 35 9 12 0.1009
112 211 12 16 0.1003
0 139 7 13 0.0985
629 150 11 15 0.0977
139 267 11 15 0.0973
559 396 12 17 0.0967
140 230 12 15 0.0946
704 256 11 14 0.0932
604 126 11 12 0.0925
16 61 11 13 0.0916
404 120 10 13 0.0909
675 293 12 16 0.0895
778 360 12 15 0.0892
604 143 11 14 0.0880
746 327 12 16 0.0879
584 407 14 17 0.0879
89 72 10 14 0.0877
54 71 11 13 0.0873
737 117 11 13 0.0850
397 100 10 14 0.0849
153 202 12 16 0.0848
827 284 11 13 0.0833
660 138 10 13 0.0831
418 221 12 15 0.0827
191 120 12 14 0.0825
690 216 11 12 0.0819
223 183 12 16 0.0818
153 305 11 16 0.0815
30 74 12 15 0.0804
107 150 10 13 0.0792
770 407 21 27 0.0790
1 14 9 14 0.0784
672 294 11 15 0.0770
763 247 13 15 0.0760
254 228 11 14 0.0742
634 363 12 16 0.0737
61 135 12 14 0.0728
536 37 10 12 0.0719
697 140 10 12 0.0717
628 213 11 15 0.0714
882 9 11 12 0.0713
658 386 14 17 0.0703
631 215 11 14 0.0703
354 438 15 18 0.0696
530 127 11 13 0.0695
718 121 12 15 0.0686
101 229 11 14 0.0677
637 240 9 13 0.0667
222 95 11 13 0.0657
145 159 14 17 0.0655
34 141 11 14 0.0650
535 127 9 11 0.0645
637 308 11 15 0.0644
66 138 12 15 0.0643
161 0 8 7 0.0641
206 85 12 13 0.0640
785 246 12 15 0.0633
61 3 10 12 0.0633
534 126 9 11 0.0625
880 8 10 12 0.0621
95 138 11 15 0.0620
608 126 9 12 0.0615
64 107 10 14 0.0613
731 305 12 15 0.0610
388 419 16 21 0.0605
56 367 12 16 0.0601
745 328 12 17 0.0597
350 438 14 18 0.0596
32 288 12 16 0.0593
374 447 14 19 0.0585
257 275 9 12 0.0578
78 0 10 6 0.0573
638 301 13 17 0.0573
32 295 13 16 0.0573
93 73 12 15 0.0569
101 382 12 16 0.0567
730 213 12 16 0.0564
30 23 12 14 0.0559
158 305 11 16 0.0558
397 379 13 16 0.0557
268 164 10 13 0.0550
640 241 10 12 0.0548
268 284 9 10 0.0547
57 3 11 13 0.0546
226 96 11 13 0.0541
110 371 14 19 0.0540
633 151 11 14 0.0537
884 13 10 12 0.0534
678 323 14 17 0.0533
158 0 8 7 0.0533
206 137 11 13 0.0530
395 210 11 16 0.0520
114 164 12 14 0.0520
604 243 11 14 0.0508
776 114 12 15 0.0507
701 139 10 13 0.0507
515 188 12 15 0.0506
714 216 9 13 0.0500
502 162 11 13 0.0499
45 25 11 13 0.0498
530 125 10 13 0.0495
118 343 16 19 0.0473
112 0 10 6 0.0472
12 62 11 14 0.0465
788 247 13 15 0.0461
87 317 13 16 0.0456
112 328 13 16 0.0453
717 215 10 13 0.0443
629 39 10 11 0.0442
54 73 10 13 0.0441
493 117 12 13 0.0439
259 209 11 14 0.0437
468 114 10 13 0.0435
165 99 10 13 0.0422
616 175 10 13 0.0415
593 229 10 12 0.0413
850 232 13 17 0.0411
195 307 11 13 0.0410
680 311 14 17 0.0409
881 13 10 12 0.0408
590 13 9 12 0.0408
633 38 10 12 0.0408
741 79 11 13 0.0401
149 333 12 15 0.0400
240 35 11 12 0.0396
594 12 8 12 0.0395
725 214 12 15 0.0389
378 447 13 19 0.0389
753 148 11 13 0.0387
830 281 10 12 0.0387
628 296 12 15 0.0387
0 222 7 15 0.0386
104 335 13 18 0.0386
99 383 10 14 0.0386
697 138 12 15 0.0380
32 289 13 17 0.0379
237 84 11 14 0.0378
408 194 11 14 0.0377
265 284 8 11 0.0376
12 108 13 15 0.0376
781 92 12 15 0.0375
89 134 11 15 0.0375
1 111 11 14 0.0375
396 139 10 12 0.0374
267 70 10 14 0.0369
262 210 11 14 0.0367
771 137 12 15 0.0367
248 55 11 13 0.0366
465 114 10 13 0.0364
69 140 11 14 0.0361
123 211 12 15 0.0360
644 195 11 14 0.0358
725 238 11 13 0.0357
505 163 11 14 0.0356
8 170 12 15 0.0356
63 136 12 15 0.0356
278 179 10 13 0.0353
719 213 11 15 0.0351
80 0 9 7 0.0351
81 0 9 7 0.0351
89 137 11 14 0.0350
365 22 10 11 0.0347
401 102 10 13 0.0347
109 0 10 6 0.0344
5 163 12 14 0.0344
505 165 11 15 0.0344
645 175 11 14 0.0343
655 82 11 13 0.0342
433 136 11 14 0.0340
56 367 14 18 0.0340
647 154 11 13 0.0337
391 139 11 13 0.0336
210 135 10 13 0.0334
382 414 16 23 0.0332
57 123 11 13 0.0332
656 252 12 15 0.0327
178 287 10 14 0.0326
123 343 15 18 0.0325
750 36 12 15 0.0323
633 124 9 12 0.0322
41 324 12 15 0.0321
263 69 11 15 0.0321
161 166 11 14 0.0320
210 84 10 13 0.0320
146 332 12 16 0.0320
648 215 12 14 0.0319
140 41 10 13 0.0318
790 229 12 16 0.0317
743 270 9 13 0.0315
192 158 11 15 0.0315
626 193 11 14 0.0314
12 60 10 15 0.0313
622 232 10 13 0.0313
401 99 10 14 0.0311
745 270 10 14 0.0305
158 0 9 9 0.0305
398 382 15 17 0.0304
708 185 11 15 0.0303
157 304 12 15 0.0302
845 227 11 16 0.0298
611 215 10 14 0.0298
369 22 9 10 0.0298
618 10 10 11 0.0297
644 297 11 15 0.0296
692 217 12 13 0.0295
781 27 10 12 0.0295
673 151 11 15 0.0293
254 275 10 12 0.0292
119 166 11 14 0.0291
205 142 12 15 0.0289
607 243 11 15 0.0289
643 193 12 14 0.0288
651 176 11 13 0.0285
618 8 10 12 0.0284
540 35 9 12 0.0282
162 0 8 9 0.0279
774 333 13 17 0.0275
685 310 12 18 0.0274
274 179 11 13 0.0273
243 52 10 12 0.0272
191 295 11 14 0.0271
231 290 11 13 0.0268
438 136 11 14 0.0265
35 136 12 15 0.0264
60 23 10 12 0.0264
744 154 12 16 0.0264
707 310 20 29 0.0264
23 3 11 12 0.0263
273 168 10 13 0.0262
752 153 13 16 0.0261
754 119 11 13 0.0261
618 172 11 14 0.0256
3 169 13 17 0.0256
271 5 11 14 0.0256
784 115 10 14 0.0255
489 161 10 12 0.0255
774 112 12 15 0.0255
601 142 10 14 0.0254
343 516 18 19 0.0253
95 49 11 14 0.0252
594 13 10 12 0.0250
8 161 12 14 0.0249
417 175 11 14 0.0248
681 139 12 13 0.0248
843 231 12 16 0.0247
393 138 11 13 0.0247
141 41 11 11 0.0246
8 390 13 16 0.0243
28 179 12 14 0.0243
778 229 12 13 0.0242
2 161 9 14 0.0240
184 299 11 14 0.0239
768 221 11 13 0.0239
742 77 11 13 0.0238
467 115 12 14 0.0237
25 21 11 13 0.0237
273 164 9 13 0.0236
567 414 17 21 0.0235
731 99 10 13 0.0234
724 194 12 14 0.0230
0 307 5 16 0.0230
147 163 14 16 0.0229
784 360 11 15 0.0229
194 233 12 15 0.0228
0 256 9 17 0.0228
501 98 10 12 0.0226
496 95 11 12 0.0224
594 286 10 16 0.0223
9 125 12 13 0.0222
776 235 12 14 0.0221
726 101 11 13 0.0220
742 232 11 14 0.0217
787 382 13 15 0.0214
233 291 10 12 0.0212
62 139 11 13 0.0211
20 3 11 12 0.0210
207 91 11 14 0.0210
171 100 10 13 0.0209
14 288 13 18 0.0209
47 2 10 12 0.0208
739 115 11 13 0.0208
772 134 13 16 0.0207
200 50 10 12 0.0207
121 139 11 13 0.0206
266 282 8 10 0.0203
105 395 11 13 0.0200
758 204 10 13 0.0197
735 305 11 15 0.0196
0 440 6 14 0.0196
879 11 12 14 0.0194
11 62 12 15 0.0194
703 236 11 13 0.0193
744 222 11 14 0.0192
637 123 9 12 0.0192
758 276 13 17 0.0191
117 213 12 16 0.0191
827 280 10 12 0.0191
174 432 18 22 0.0191
675 396 13 17 0.0191
35 321 13 16 0.0190
112 165 12 15 0.0190
85 316 14 17 0.0190
32 190 11 13 0.0190
59 6 10 12 0.0188
2 14 10 12 0.0188
196 50 11 13 0.0187
220 167 12 14 0.0187
9 191 13 16 0.0185
417 215 14 21 0.0184
26 25 10 12 0.0184
11 128 12 14 0.0184
597 287 11 15 0.0182
108 125 12 14 0.0181
659 82 11 13 0.0181
669 270 12 14 0.0181
598 332 14 18 0.0177
211 38 10 13 0.0177
77 402 12 15 0.0175
780 30 11 13 0.0174
100 226 11 14 0.0174
592 185 11 14 0.0174
99 50 12 13 0.0173
151 325 11 14 0.0172
614 296 13 16 0.0171
528 154 11 13 0.0171
721 124 12 14 0.0170
0 379 7 16 0.0170
640 294 11 14 0.0169
114 336 15 20 0.0169
761 205 10 11 0.0168
67 116 12 15 0.0168
684 321 13 18 0.0167
77 0 8 6 0.0167
517 170 12 14 0.0167
438 137 10 13 0.0165
156 107 11 14 0.0164
674 292 11 15 0.0164
548 131 10 12 0.0162
652 253 11 14 0.0162
253 81 11 14 0.0162
108 81 12 15 0.0160
757 123 11 14 0.0160
570 417 15 19 0.0159
848 233 14 19 0.0159
229 391 13 16 0.0159
673 293 12 16 0.0159
751 82 12 14 0.0159
619 192 11 14 0.0156
522 90 13 16 0.0156
744 83 11 13 0.0156
665 139 11 14 0.0152
440 473 11 16 0.0152
614 216 11 14 0.0150
106 392 12 15 0.0149
99 379 10 16 0.0148
72 337 13 18 0.0148
27 273 11 14 0.0148
113 0 10 9 0.0147
131 57 11 14 0.0147
164 11 9 11 0.0146
1 138 11 14 0.0146
271 238 11 14 0.0146
643 295 11 15 0.0145
130 213 11 13 0.0145
147 8 10 12 0.0145
175 428 16 19 0.0145
379 403 14 18 0.0143
101 119 10 13 0.0142
561 420 12 16 0.0142
234 290 10 14 0.0142
348 222 10 14 0.0142
224 189 11 13 0.0140
570 125 10 12 0.0140
394 211 13 16 0.0139
0 383 10 15 0.0139
222 375 13 18 0.0139
238 35 11 14 0.0139
211 37 11 14 0.0138
400 210 10 14 0.0138
12 137 11 13 0.0138
239 117 12 15 0.0138
114 185 14 16 0.0137
22 402 14 17 0.0137
122 340 14 19 0.0137
275 237 11 16 0.0136
230 394 14 17 0.0135
778 91 12 14 0.0134
109 0 10 9 0.0134
674 407 13 19 0.0134
788 329 13 17 0.0133
273 241 10 13 0.0132
367 19 9 11 0.0132
526 152 11 12 0.0131
722 116 11 14 0.0129
727 94 10 13 0.0128
90 290 11 13 0.0128
619 397 14 18 0.0127
55 367 14 19 0.0127
828 285 12 16 0.0126
162 42 10 13 0.0125
86 90 11 14 0.0125
43 281 12 14 0.0125
67 336 15 19 0.0125
383 6 8 11 0.0125
66 154 12 13 0.0125
87 291 13 16 0.0124
68 342 14 18 0.0124
31 70 9 12 0.0124
424 120 9 13 0.0124
784 330 13 16 0.0124
264 67 10 13 0.0123
673 158 12 15 0.0123
292 194 12 16 0.0122
0 13 7 13 0.0121
58 40 11 14 0.0120
0 203 4 14 0.0119
230 65 11 14 0.0118
497 162 11 15 0.0117
307 218 12 14 0.0116
397 106 10 12 0.0116
227 188 10 13 0.0116
628 39 11 13 0.0115
616 162 11 13 0.0115
119 163 10 14 0.0114
355 443 15 19 0.0114
802 279 10 14 0.0114
147 327 12 16 0.0113
604 192 11 14 0.0113
612 177 10 12 0.0113
673 271 11 14 0.0113
413 192 12 17 0.0111
5 82 13 15 0.0110
680 193 11 14 0.0110
31 20 10 12 0.0110
759 109 12 15 0.0109
739 326 12 17 0.0109
246 189 10 13 0.0108
93 318 12 14 0.0108
205 321 12 14 0.0108
646 215 11 14 0.0108
569 170 13 14 0.0107
148 268 12 16 0.0107
558 393 12 18 0.0106
403 151 11 14 0.0105
73 301 12 15 0.0105
62 108 12 14 0.0105
104 32 11 14 0.0105
616 170 12 14 0.0105
225 376 14 18 0.0105
157 202 11 14 0.0104
573 175 11 14 0.0104
542 37 9 12 0.0102
627 144 11 14 0.0101
141 127 11 13 0.0101
49 75 11 13 0.0101
731 142 11 13 0.0101
732 97 11 13 0.0100
