35_Basketball_Basketball_35_664
108
751 247 18 19 0.6920
650 281 18 17 0.4983
741 182 22 19 0.4860
648 280 18 17 0.2539
25 317 9 11 0.2120
36 327 7 12 0.2104
38 327 8 12 0.1979
22 317 9 11 0.1774
885 377 10 11 0.1586
9 446 11 14 0.1562
46 323 8 11 0.1428
694 348 15 17 0.1341
6 446 11 14 0.1286
883 377 9 11 0.1192
45 420 10 14 0.1125
699 350 13 15 0.0995
559 381 8 9 0.0936
48 420 9 14 0.0931
492 371 8 10 0.0894
38 330 7 10 0.0876
743 181 23 21 0.0875
562 381 8 9 0.0869
495 371 9 10 0.0841
35 330 7 10 0.0797
44 323 7 10 0.0777
0 338 7 11 0.0752
46 323 7 9 0.0739
884 391 10 12 0.0590
23 321 8 10 0.0577
881 391 9 11 0.0490
539 375 8 11 0.0490
646 283 17 15 0.0461
790 302 13 17 0.0441
493 372 8 11 0.0425
45 422 10 14 0.0376
897 389 8 10 0.0345
99 308 6 7 0.0328
135 338 6 8 0.0327
102 308 6 7 0.0322
36 326 8 11 0.0313
795 307 13 14 0.0310
887 378 9 11 0.0295
153 330 7 9 0.0281
134 337 6 7 0.0277
104 309 5 7 0.0276
117 351 7 9 0.0251
138 336 5 8 0.0250
690 342 18 19 0.0248
496 372 8 11 0.0246
173 337 9 13 0.0245
144 344 6 8 0.0236
139 339 6 9 0.0234
533 375 9 12 0.0234
150 318 6 7 0.0231
883 377 9 11 0.0222
163 339 8 12 0.0220
536 375 8 10 0.0219
560 383 7 8 0.0218
197 351 7 10 0.0217
168 338 10 14 0.0217
206 393 6 7 0.0216
883 375 9 11 0.0213
137 452 9 10 0.0207
49 422 9 12 0.0201
0 414 6 12 0.0200
662 306 19 20 0.0199
100 310 6 6 0.0193
2 467 11 15 0.0186
564 383 6 8 0.0175
882 392 9 11 0.0174
801 308 11 14 0.0172
0 338 4 10 0.0170
787 308 12 14 0.0169
1 339 9 10 0.0161
4 400 9 14 0.0160
787 303 12 15 0.0154
145 316 6 7 0.0151
7 401 10 12 0.0150
209 393 5 7 0.0148
1 313 7 13 0.0145
203 351 7 8 0.0145
80 309 5 7 0.0143
697 341 16 19 0.0142
141 388 6 8 0.0142
745 179 20 17 0.0139
799 303 12 16 0.0136
7 447 11 14 0.0135
793 272 13 16 0.0133
540 376 8 10 0.0133
116 326 6 7 0.0128
147 346 7 9 0.0128
165 343 9 11 0.0125
67 313 7 8 0.0122
887 376 8 10 0.0121
193 350 7 11 0.0117
10 447 11 14 0.0111
494 371 9 11 0.0111
886 393 8 10 0.0110
138 388 6 8 0.0107
114 350 7 9 0.0105
808 384 9 11 0.0105
133 451 10 12 0.0105
16 319 9 11 0.0104
194 348 8 10 0.0102
168 345 9 11 0.0102
113 325 6 8 0.0101
6 447 12 15 0.0100
117 347 7 8 0.0100
