35_Basketball_basketballgame_ball_35_50
113
587 126 34 45 0.8576
952 270 29 41 0.8557
217 277 35 54 0.8428
277 166 25 34 0.8360
410 206 25 32 0.8317
774 333 37 42 0.8038
946 104 7 9 0.3420
972 103 8 9 0.3292
963 104 7 8 0.3237
943 104 7 9 0.2730
864 100 8 9 0.2313
862 100 7 9 0.2200
890 95 7 9 0.2118
938 96 7 8 0.2106
925 97 7 8 0.1838
850 86 6 7 0.1820
830 82 5 6 0.1778
833 82 5 7 0.1717
924 97 6 8 0.1708
893 95 7 8 0.1553
932 118 8 10 0.1521
847 85 6 8 0.1472
921 96 6 9 0.1417
929 118 8 10 0.1381
922 97 6 9 0.1357
877 93 8 9 0.1289
997 107 7 10 0.1273
970 103 7 9 0.1226
880 94 8 10 0.1186
883 96 7 8 0.1098
657 46 5 6 0.1029
942 99 6 9 0.0995
1000 108 8 10 0.0937
860 99 7 9 0.0910
688 72 5 7 0.0832
998 110 8 11 0.0820
1001 111 8 10 0.0789
877 87 7 8 0.0786
963 103 7 9 0.0779
685 72 5 7 0.0777
834 82 5 7 0.0766
851 85 6 8 0.0765
660 46 5 6 0.0764
996 70 6 8 0.0748
689 73 5 6 0.0733
686 73 5 6 0.0718
659 46 5 6 0.0715
881 86 6 7 0.0699
1016 71 6 8 0.0675
999 71 6 7 0.0672
830 83 6 7 0.0595
683 45 5 6 0.0555
719 87 6 7 0.0524
1000 71 6 7 0.0468
945 106 7 8 0.0458
1002 108 9 10 0.0453
686 45 5 6 0.0437
997 72 6 7 0.0437
662 46 4 6 0.0435
878 91 7 8 0.0433
959 103 7 9 0.0427
912 69 6 6 0.0424
717 86 6 7 0.0400
1016 83 7 9 0.0396
850 86 6 8 0.0381
859 100 8 9 0.0373
974 103 7 9 0.0370
715 85 6 7 0.0358
715 88 6 7 0.0355
775 68 7 9 0.0342
771 68 8 9 0.0336
1016 79 7 10 0.0331
892 85 7 8 0.0330
1013 83 7 9 0.0306
929 120 8 10 0.0300
684 46 5 6 0.0299
832 82 5 6 0.0295
838 97 7 9 0.0289
933 119 8 10 0.0250
913 69 5 7 0.0246
937 95 6 8 0.0244
910 69 6 7 0.0239
1005 112 8 9 0.0218
180 50 5 6 0.0214
915 68 5 7 0.0202
28 81 5 6 0.0195
11 85 6 7 0.0175
861 100 7 8 0.0171
892 113 7 9 0.0162
775 334 35 41 0.0159
161 62 5 6 0.0158
687 47 5 6 0.0155
160 61 5 5 0.0139
847 45 6 5 0.0139
849 46 6 6 0.0139
163 61 5 6 0.0136
899 95 6 8 0.0132
958 124 7 8 0.0131
178 49 5 6 0.0128
656 47 5 6 0.0127
54 48 4 5 0.0122
10 84 6 7 0.0121
670 69 5 6 0.0120
880 100 7 9 0.0113
749 55 6 7 0.0112
7 84 6 7 0.0112
719 86 6 7 0.0112
961 124 7 9 0.0110
844 43 5 7 0.0109
889 112 7 9 0.0109
14 54 5 6 0.0109
50 46 5 6 0.0108
176 48 4 6 0.0102
