35_Basketball_basketballgame_ball_35_287
947
771 387 10 13 0.5696
297 428 10 14 0.5357
651 402 9 11 0.5155
258 436 10 14 0.4704
1 323 6 10 0.4626
74 390 9 12 0.4520
688 442 9 13 0.4458
930 401 9 12 0.4392
650 449 11 13 0.4304
795 360 8 11 0.4299
994 405 9 12 0.4249
241 430 10 15 0.4220
612 409 10 13 0.4191
805 452 10 13 0.4137
802 452 10 13 0.3979
274 425 10 13 0.3978
704 401 8 11 0.3945
950 423 9 13 0.3904
310 438 10 12 0.3898
61 386 9 12 0.3896
306 412 9 12 0.3893
202 398 8 12 0.3881
673 401 8 11 0.3870
698 414 9 11 0.3847
425 358 9 15 0.3840
58 313 7 9 0.3825
188 440 10 12 0.3825
889 447 11 14 0.3822
664 412 9 11 0.3816
398 360 8 10 0.3813
277 425 10 13 0.3775
982 401 8 11 0.3774
767 371 8 10 0.3770
800 426 9 12 0.3762
647 449 11 13 0.3732
894 390 9 11 0.3726
312 438 10 12 0.3723
1007 381 9 10 0.3720
380 382 7 10 0.3687
727 401 8 10 0.3666
796 348 8 8 0.3661
970 451 10 13 0.3650
68 304 6 7 0.3644
892 446 11 15 0.3629
664 375 7 10 0.3625
869 363 9 12 0.3615
1000 425 9 11 0.3586
671 401 8 11 0.3571
303 412 9 12 0.3560
872 364 9 11 0.3550
929 378 7 10 0.3550
373 391 8 11 0.3548
660 375 8 10 0.3541
973 451 10 13 0.3527
922 351 7 10 0.3526
58 385 9 13 0.3525
685 442 9 13 0.3513
805 336 8 9 0.3499
199 398 8 12 0.3499
997 425 9 10 0.3481
687 338 8 10 0.3477
978 383 8 11 0.3473
247 402 9 11 0.3468
695 414 9 12 0.3461
933 401 9 12 0.3444
661 412 9 11 0.3441
185 440 10 12 0.3435
924 351 8 10 0.3428
684 338 7 10 0.3423
1003 365 8 10 0.3417
54 365 10 12 0.3400
238 430 11 14 0.3378
987 347 8 9 0.3378
839 360 10 16 0.3367
797 426 9 12 0.3350
701 401 8 11 0.3325
823 366 7 9 0.3325
638 409 9 11 0.3317
609 409 10 13 0.3314
724 401 8 10 0.3303
984 401 9 11 0.3291
894 339 7 9 0.3277
727 341 7 9 0.3263
260 436 10 14 0.3246
898 378 8 10 0.3239
981 383 8 11 0.3233
245 402 9 11 0.3226
952 423 10 13 0.3223
793 360 7 10 0.3222
22 352 8 11 0.3189
1000 365 9 11 0.3184
764 372 8 9 0.3167
897 339 7 10 0.3159
937 314 7 8 0.3130
19 352 8 11 0.3101
940 314 7 8 0.3093
218 447 11 13 0.3088
787 394 8 10 0.3083
815 420 9 12 0.3037
727 416 8 11 0.3028
751 347 6 9 0.3026
427 329 6 7 0.3024
932 379 7 9 0.2997
897 390 8 11 0.2991
631 302 6 7 0.2980
730 341 6 9 0.2971
446 363 7 8 0.2960
952 396 8 11 0.2952
685 386 9 10 0.2944
831 302 7 8 0.2939
890 355 7 9 0.2924
688 386 9 10 0.2919
748 347 6 9 0.2911
919 315 6 8 0.2906
812 420 10 12 0.2901
986 327 8 11 0.2895
705 344 7 8 0.2889
956 292 6 8 0.2888
774 290 6 7 0.2885
720 323 7 8 0.2856
950 356 7 9 0.2853
781 342 6 8 0.2836
922 315 6 8 0.2820
947 356 8 9 0.2819
965 375 7 9 0.2811
386 350 6 8 0.2809
707 384 9 11 0.2804
891 303 6 8 0.2800
953 381 8 9 0.2795
802 335 7 9 0.2793
361 355 7 9 0.2762
387 371 7 8 0.2761
898 322 6 9 0.2752
965 334 7 9 0.2749
575 314 6 7 0.2728
944 293 6 7 0.2727
967 333 7 9 0.2720
894 303 6 8 0.2718
355 382 7 9 0.2700
987 375 8 10 0.2676
777 291 6 7 0.2663
915 304 6 7 0.2661
760 363 7 8 0.2660
718 357 7 9 0.2648
564 300 7 8 0.2644
814 297 6 7 0.2641
346 346 7 8 0.2623
284 302 5 7 0.2621
281 302 6 7 0.2615
724 416 8 11 0.2613
85 307 5 7 0.2602
389 325 5 7 0.2598
572 313 6 8 0.2595
896 377 8 10 0.2593
784 394 8 11 0.2588
955 397 7 9 0.2583
714 357 7 9 0.2576
634 409 10 12 0.2570
708 344 7 8 0.2568
344 368 6 8 0.2567
970 294 6 7 0.2567
872 293 7 8 0.2563
941 293 6 7 0.2562
590 292 5 7 0.2548
562 300 6 8 0.2532
700 323 6 8 0.2527
807 317 6 8 0.2522
216 445 11 14 0.2498
3 297 8 9 0.2497
853 301 6 8 0.2494
899 437 10 12 0.2483
646 292 6 7 0.2473
298 325 6 7 0.2460
964 326 7 9 0.2452
443 362 7 10 0.2449
652 311 6 7 0.2447
637 408 9 11 0.2441
314 338 7 8 0.2435
2 310 7 9 0.2431
311 302 6 7 0.2429
943 348 7 9 0.2425
434 396 8 10 0.2424
739 385 8 11 0.2415
462 299 6 6 0.2404
58 303 6 7 0.2397
314 303 5 6 0.2397
716 357 7 8 0.2393
918 303 6 7 0.2391
763 363 7 8 0.2383
881 306 6 7 0.2382
973 307 7 8 0.2382
878 306 6 8 0.2373
341 368 7 8 0.2364
874 293 7 8 0.2350
311 324 6 7 0.2338
735 385 9 11 0.2334
956 382 7 9 0.2332
856 301 6 7 0.2326
314 324 6 8 0.2316
415 305 5 6 0.2292
894 322 7 8 0.2292
573 292 5 7 0.2292
893 355 7 9 0.2279
697 323 6 8 0.2278
616 316 6 8 0.2259
87 308 6 7 0.2258
713 289 5 7 0.2251
649 311 6 7 0.2250
379 382 8 9 0.2249
434 304 6 6 0.2242
157 413 8 11 0.2238
989 331 7 9 0.2237
938 335 7 8 0.2233
650 292 5 7 0.2229
312 338 6 8 0.2227
395 360 7 9 0.2220
716 289 6 7 0.2212
159 413 8 10 0.2192
261 321 6 7 0.2190
431 396 7 10 0.2187
622 329 7 7 0.2183
337 376 8 9 0.2181
364 356 6 8 0.2181
67 325 7 9 0.2176
710 384 8 11 0.2176
807 307 6 8 0.2175
798 347 7 9 0.2167
958 293 6 7 0.2167
625 329 6 8 0.2152
821 405 8 10 0.2149
973 294 6 8 0.2137
401 316 5 6 0.2131
432 395 8 11 0.2120
383 317 5 6 0.2111
990 330 7 10 0.2109
570 292 5 7 0.2106
87 316 6 8 0.2105
942 347 7 9 0.2081
706 384 8 10 0.2068
28 330 8 11 0.2061
357 382 7 9 0.2056
375 392 8 11 0.2054
970 307 7 8 0.2040
832 289 6 8 0.2026
418 304 5 6 0.2025
259 321 6 7 0.2017
344 346 6 8 0.2013
385 370 7 9 0.2005
244 402 9 11 0.2003
953 382 7 10 0.1999
232 323 6 8 0.1998
971 358 6 8 0.1991
588 320 5 7 0.1991
790 295 6 7 0.1989
899 378 9 10 0.1975
311 272 6 7 0.1971
967 357 7 8 0.1967
823 333 6 8 0.1966
767 307 6 8 0.1966
391 325 6 7 0.1961
590 374 9 16 0.1958
422 358 9 15 0.1954
449 329 6 7 0.1937
383 350 6 7 0.1930
403 316 6 6 0.1927
435 342 6 7 0.1923
592 292 6 7 0.1922
460 298 5 7 0.1919
747 308 6 7 0.1915
967 376 8 9 0.1912
610 294 5 7 0.1898
788 295 6 7 0.1895
6 297 7 9 0.1892
328 312 6 8 0.1877
404 325 5 7 0.1875
452 331 5 7 0.1870
441 296 5 7 0.1861
444 296 5 7 0.1859
812 297 5 6 0.1856
277 276 6 7 0.1849
425 380 7 10 0.1846
751 308 6 7 0.1831
775 357 7 9 0.1829
380 317 5 7 0.1827
445 297 5 6 0.1824
599 304 5 7 0.1814
787 295 5 7 0.1801
612 295 5 6 0.1799
748 308 6 7 0.1794
354 383 7 9 0.1778
767 387 10 14 0.1764
981 309 7 8 0.1759
872 346 7 8 0.1754
844 341 6 9 0.1745
789 306 7 8 0.1728
750 307 6 7 0.1726
261 275 5 7 0.1724
970 357 6 8 0.1723
479 293 6 7 0.1719
614 295 5 8 0.1708
483 292 5 8 0.1706
869 346 6 8 0.1705
435 304 6 7 0.1705
263 321 6 7 0.1703
322 357 6 8 0.1700
1006 381 8 10 0.1699
820 333 6 8 0.1692
279 324 6 7 0.1680
818 405 9 10 0.1676
585 319 6 7 0.1673
921 325 7 9 0.1671
308 272 6 8 0.1661
803 318 7 8 0.1660
980 309 6 7 0.1657
274 277 6 6 0.1639
366 344 7 8 0.1631
661 431 8 11 0.1628
778 341 6 9 0.1623
918 322 7 9 0.1615
325 312 6 7 0.1614
968 358 6 8 0.1612
337 349 6 8 0.1607
413 451 11 13 0.1602
749 331 7 8 0.1588
658 432 9 11 0.1587
433 328 5 7 0.1563
704 345 7 8 0.1558
320 357 6 8 0.1550
353 330 6 7 0.1547
229 323 6 8 0.1545
828 289 7 8 0.1537
752 331 6 8 0.1526
717 323 6 8 0.1510
811 296 6 7 0.1509
365 354 6 9 0.1501
944 293 6 8 0.1500
369 344 7 8 0.1477
412 343 7 7 0.1474
634 408 9 12 0.1473
67 371 9 10 0.1462
902 436 10 12 0.1461
341 387 7 9 0.1460
846 341 7 9 0.1456
948 423 10 12 0.1455
779 355 6 9 0.1449
804 315 7 8 0.1427
432 342 6 7 0.1425
446 305 6 7 0.1421
894 356 7 9 0.1406
871 294 6 7 0.1404
865 314 7 8 0.1404
613 248 6 7 0.1403
70 370 8 10 0.1402
898 435 10 11 0.1402
786 395 8 10 0.1401
454 255 5 6 0.1400
75 317 6 8 0.1400
467 251 5 7 0.1385
477 257 5 6 0.1379
578 250 6 8 0.1375
688 251 6 7 0.1373
574 293 5 7 0.1368
587 375 9 15 0.1366
686 251 5 7 0.1345
997 405 8 11 0.1343
610 248 5 7 0.1340
31 331 7 10 0.1336
451 255 5 6 0.1333
833 304 7 8 0.1326
257 275 6 7 0.1318
370 331 6 7 0.1314
584 320 6 7 0.1309
730 342 7 9 0.1301
318 358 7 8 0.1298
262 320 6 8 0.1288
350 329 6 7 0.1283
784 233 6 7 0.1283
763 249 6 6 0.1279
895 304 6 8 0.1269
342 347 6 8 0.1261
831 363 9 12 0.1251
464 306 6 7 0.1247
428 307 5 6 0.1241
575 250 6 8 0.1233
317 357 6 8 0.1228
941 294 6 8 0.1225
296 316 6 7 0.1221
295 339 6 7 0.1218
770 334 7 8 0.1211
422 379 8 11 0.1209
868 346 7 8 0.1208
833 321 7 8 0.1205
57 367 8 10 0.1196
753 331 7 9 0.1194
75 305 6 7 0.1191
63 359 8 9 0.1181
778 242 5 7 0.1178
52 365 9 12 0.1176
68 369 8 10 0.1171
30 332 7 10 0.1167
67 336 7 9 0.1154
371 392 8 10 0.1141
389 370 6 9 0.1135
470 250 6 7 0.1131
709 382 9 11 0.1129
480 295 6 7 0.1117
890 357 7 9 0.1109
815 420 10 13 0.1106
824 368 8 11 0.1100
291 339 6 7 0.1091
601 304 6 6 0.1083
483 294 6 8 0.1082
829 304 6 8 0.1082
350 307 6 8 0.1077
632 297 5 7 0.1060
309 271 6 8 0.1034
416 451 10 13 0.1024
77 338 8 9 0.1017
760 249 5 7 0.1013
855 304 6 8 0.1009
883 252 6 8 0.1006
955 293 7 7 0.0992
1009 381 9 10 0.0989
651 293 5 7 0.0988
71 371 8 11 0.0984
231 322 5 8 0.0981
624 237 5 8 0.0971
355 295 5 6 0.0969
923 335 7 8 0.0968
624 349 7 10 0.0968
743 239 6 7 0.0966
985 373 8 10 0.0951
214 446 12 14 0.0944
353 307 6 8 0.0939
621 238 5 7 0.0937
788 395 8 10 0.0935
885 252 6 8 0.0935
846 343 7 8 0.0934
687 313 7 8 0.0934
426 381 7 9 0.0930
982 325 7 9 0.0928
627 329 6 8 0.0926
661 433 9 10 0.0924
352 294 5 7 0.0909
700 356 8 8 0.0906
853 299 5 7 0.0905
699 250 6 7 0.0900
345 368 6 8 0.0898
422 255 5 7 0.0896
647 294 5 6 0.0881
826 369 8 10 0.0874
901 433 10 13 0.0860
984 346 7 9 0.0854
740 239 5 7 0.0853
444 361 7 9 0.0849
356 296 5 6 0.0845
805 317 6 8 0.0843
764 236 5 7 0.0839
621 314 6 8 0.0837
705 344 7 8 0.0836
32 333 7 10 0.0835
155 413 8 12 0.0830
424 255 5 7 0.0800
1003 367 8 10 0.0798
622 330 7 8 0.0798
599 346 6 8 0.0792
419 255 6 6 0.0791
592 347 7 10 0.0784
823 405 7 10 0.0783
613 324 6 8 0.0779
778 342 7 9 0.0775
410 344 6 7 0.0771
400 312 5 7 0.0761
991 331 7 9 0.0761
853 331 6 8 0.0758
986 412 9 11 0.0753
433 367 7 9 0.0747
933 442 10 12 0.0747
924 246 6 7 0.0744
830 302 5 7 0.0737
349 395 8 10 0.0731
259 274 5 7 0.0725
689 427 8 11 0.0718
698 322 6 8 0.0717
65 323 7 10 0.0712
439 255 5 6 0.0708
325 277 6 7 0.0704
453 329 5 7 0.0704
972 327 7 9 0.0702
84 316 7 8 0.0701
749 347 8 9 0.0700
963 325 7 9 0.0697
295 325 6 7 0.0696
875 294 7 8 0.0693
734 384 8 10 0.0692
559 311 7 9 0.0691
2 297 6 8 0.0684
156 412 7 10 0.0680
899 263 7 8 0.0679
87 332 6 8 0.0677
422 381 8 11 0.0668
626 350 8 9 0.0667
228 322 6 7 0.0667
436 342 6 7 0.0666
387 371 7 8 0.0661
615 332 6 9 0.0661
60 358 8 11 0.0659
630 301 5 7 0.0657
953 396 8 11 0.0653
477 307 6 8 0.0652
588 348 8 10 0.0652
353 296 5 6 0.0652
900 250 7 7 0.0651
423 357 8 13 0.0639
689 312 7 7 0.0630
314 324 6 7 0.0629
592 292 6 7 0.0625
285 303 5 7 0.0618
939 315 6 9 0.0613
855 301 6 7 0.0612
825 366 8 10 0.0611
797 348 7 8 0.0603
921 246 6 8 0.0601
590 236 6 7 0.0599
761 236 5 7 0.0596
477 239 6 7 0.0596
73 316 6 8 0.0595
425 328 6 7 0.0589
6 296 6 8 0.0577
391 325 6 6 0.0569
159 411 7 10 0.0567
737 384 8 10 0.0566
866 315 7 8 0.0566
776 291 5 7 0.0565
829 320 7 8 0.0565
307 270 6 8 0.0560
625 242 5 7 0.0553
474 254 5 6 0.0553
370 392 7 10 0.0551
699 323 6 7 0.0550
345 346 6 8 0.0549
810 296 6 8 0.0548
689 253 5 6 0.0545
419 304 5 6 0.0542
691 316 6 8 0.0541
576 332 6 8 0.0541
720 323 7 9 0.0540
414 342 6 8 0.0539
444 297 5 6 0.0538
999 366 8 10 0.0537
591 346 7 9 0.0537
71 316 6 9 0.0536
726 342 7 8 0.0534
76 391 8 11 0.0533
207 461 11 12 0.0525
686 312 6 7 0.0512
618 229 5 7 0.0508
387 350 6 8 0.0503
343 368 7 9 0.0503
572 293 6 7 0.0502
993 407 9 11 0.0502
28 314 8 9 0.0497
900 321 6 8 0.0495
436 340 7 8 0.0493
447 328 6 7 0.0493
1016 400 8 12 0.0489
573 314 6 8 0.0489
929 442 10 13 0.0488
72 391 8 12 0.0488
847 328 6 8 0.0488
0 405 7 12 0.0485
986 231 6 8 0.0485
962 374 8 9 0.0484
59 314 7 9 0.0480
936 313 6 9 0.0476
355 263 6 6 0.0474
443 363 6 9 0.0473
315 339 6 8 0.0471
699 249 5 7 0.0470
414 446 9 12 0.0467
25 330 8 10 0.0461
733 434 10 13 0.0457
874 295 7 7 0.0453
887 241 6 7 0.0452
973 294 7 7 0.0452
886 254 5 7 0.0447
687 385 8 9 0.0445
559 236 5 6 0.0440
935 226 7 8 0.0438
310 303 5 6 0.0437
213 445 11 13 0.0434
445 374 7 10 0.0434
64 335 8 10 0.0433
929 367 8 11 0.0433
684 385 8 10 0.0429
427 429 8 10 0.0427
293 339 6 7 0.0427
479 258 6 7 0.0422
800 232 5 7 0.0422
650 402 8 10 0.0418
777 291 6 7 0.0417
334 269 6 6 0.0413
431 429 7 10 0.0413
349 328 5 7 0.0413
434 254 5 7 0.0411
4 323 6 9 0.0410
829 232 5 7 0.0409
718 290 6 7 0.0408
814 447 9 10 0.0407
749 334 6 9 0.0407
758 364 8 10 0.0406
821 365 7 9 0.0404
862 222 5 7 0.0404
573 332 7 8 0.0400
714 291 5 7 0.0400
925 350 8 9 0.0400
342 391 8 10 0.0400
873 346 7 9 0.0397
623 328 5 7 0.0397
686 341 7 8 0.0394
914 418 9 11 0.0394
725 400 8 11 0.0392
864 222 5 7 0.0391
856 338 7 8 0.0388
221 446 9 12 0.0386
649 312 6 7 0.0385
276 274 6 7 0.0384
353 263 5 6 0.0383
636 245 6 7 0.0382
65 338 7 9 0.0382
882 254 6 8 0.0381
378 393 8 10 0.0378
0 353 6 12 0.0378
647 293 6 6 0.0377
847 341 8 9 0.0376
933 380 7 9 0.0374
368 357 5 8 0.0373
593 346 7 9 0.0372
556 236 5 6 0.0370
981 401 9 10 0.0369
760 225 5 7 0.0367
687 427 9 11 0.0364
6 298 6 8 0.0363
884 241 6 7 0.0363
686 253 5 7 0.0361
366 353 6 8 0.0360
735 431 10 13 0.0358
1019 449 5 13 0.0355
233 322 6 7 0.0355
18 418 12 14 0.0355
847 219 5 6 0.0354
765 392 8 11 0.0352
714 288 6 7 0.0351
822 365 7 8 0.0350
314 303 6 6 0.0348
285 302 6 7 0.0348
727 247 6 8 0.0347
778 260 6 7 0.0343
986 416 8 11 0.0342
724 247 6 8 0.0341
814 445 9 11 0.0340
639 218 6 7 0.0340
312 305 6 7 0.0339
832 231 6 7 0.0335
55 302 6 7 0.0335
592 373 8 13 0.0332
724 325 6 9 0.0331
590 318 6 8 0.0330
944 359 8 10 0.0330
337 269 5 7 0.0328
282 300 5 8 0.0327
700 402 9 10 0.0327
922 245 6 7 0.0325
650 401 8 11 0.0325
372 257 6 7 0.0324
376 317 6 7 0.0321
593 372 8 14 0.0320
56 367 9 11 0.0318
980 428 8 11 0.0318
634 244 6 7 0.0317
0 286 5 8 0.0317
311 272 6 7 0.0316
672 400 9 10 0.0315
301 429 10 13 0.0313
341 296 5 7 0.0313
773 260 6 6 0.0312
84 306 5 7 0.0311
919 224 6 7 0.0311
929 377 8 9 0.0309
469 250 5 7 0.0309
916 224 6 7 0.0309
743 240 6 7 0.0308
898 391 8 12 0.0302
623 349 7 9 0.0300
775 242 6 6 0.0300
920 338 7 9 0.0298
898 340 7 9 0.0297
698 249 6 7 0.0297
770 438 10 13 0.0296
335 375 7 10 0.0296
32 329 6 8 0.0295
712 288 5 6 0.0294
759 260 6 7 0.0294
751 413 9 12 0.0293
574 327 7 9 0.0289
33 409 9 12 0.0288
899 377 8 9 0.0288
686 249 5 7 0.0287
262 321 6 7 0.0286
915 421 9 11 0.0286
5 311 7 9 0.0285
15 385 9 13 0.0285
622 240 6 7 0.0284
261 275 5 6 0.0284
274 274 5 7 0.0283
575 250 6 7 0.0282
409 261 5 7 0.0282
726 238 6 8 0.0281
757 392 9 11 0.0280
929 380 8 10 0.0280
724 418 9 11 0.0278
479 255 6 7 0.0275
768 371 8 10 0.0274
406 261 6 7 0.0273
407 257 6 7 0.0270
906 451 9 12 0.0269
478 295 5 6 0.0269
972 240 6 7 0.0268
827 287 7 7 0.0268
417 446 9 12 0.0268
969 238 6 8 0.0267
422 362 9 14 0.0266
830 287 6 8 0.0266
294 427 10 13 0.0264
311 300 6 8 0.0264
778 224 5 7 0.0261
846 231 6 7 0.0259
67 304 6 8 0.0255
755 260 6 7 0.0252
470 249 6 6 0.0252
901 249 6 7 0.0250
636 220 5 7 0.0250
385 267 5 7 0.0249
890 445 10 14 0.0248
795 425 9 12 0.0248
929 446 9 12 0.0247
701 253 5 6 0.0242
649 401 8 10 0.0242
754 413 9 12 0.0241
685 336 7 9 0.0241
30 410 10 12 0.0240
906 261 6 7 0.0240
259 321 6 8 0.0240
372 259 6 6 0.0238
360 376 7 9 0.0238
781 224 5 6 0.0238
983 217 6 7 0.0237
370 257 6 7 0.0237
728 417 8 11 0.0236
561 297 6 9 0.0235
736 433 10 13 0.0235
934 445 10 12 0.0234
350 296 6 7 0.0233
519 297 8 10 0.0233
961 337 8 9 0.0228
912 303 6 8 0.0227
634 428 9 11 0.0226
715 227 5 6 0.0226
758 248 6 7 0.0224
772 389 9 12 0.0223
773 386 9 11 0.0223
939 294 7 8 0.0223
577 236 5 7 0.0223
822 405 7 9 0.0220
614 230 5 6 0.0220
666 413 9 10 0.0219
29 409 9 11 0.0218
333 307 6 8 0.0217
449 254 6 7 0.0217
0 342 5 11 0.0217
1002 424 8 10 0.0216
973 241 6 8 0.0215
1 241 6 8 0.0214
569 224 5 7 0.0213
18 420 12 14 0.0212
18 386 9 12 0.0212
898 390 8 11 0.0212
586 259 6 7 0.0210
382 267 5 6 0.0209
78 339 7 9 0.0208
890 215 7 8 0.0208
903 263 6 8 0.0206
32 408 9 11 0.0205
3 242 6 8 0.0203
812 444 9 12 0.0202
726 246 6 7 0.0199
1017 433 6 11 0.0199
899 245 6 8 0.0198
780 335 7 8 0.0198
592 238 5 7 0.0195
894 214 6 8 0.0193
33 300 7 9 0.0191
540 231 6 6 0.0191
420 254 5 6 0.0191
27 377 9 11 0.0191
844 218 6 7 0.0189
336 269 6 7 0.0189
214 447 11 13 0.0189
931 444 10 13 0.0189
433 247 5 7 0.0188
820 369 7 10 0.0187
885 418 8 10 0.0185
521 295 9 12 0.0185
693 413 8 11 0.0183
549 441 11 15 0.0183
26 331 7 10 0.0182
920 356 7 10 0.0181
361 410 8 9 0.0180
436 394 7 10 0.0180
352 261 6 7 0.0180
970 242 6 9 0.0178
387 392 8 10 0.0178
302 343 6 7 0.0178
777 288 5 7 0.0177
884 252 5 7 0.0177
830 230 6 8 0.0177
589 370 8 13 0.0175
1013 428 8 11 0.0175
890 217 7 8 0.0175
61 387 9 12 0.0174
772 322 7 8 0.0174
21 420 11 13 0.0172
380 315 6 7 0.0172
726 416 9 12 0.0170
369 265 6 7 0.0170
518 296 8 9 0.0169
894 392 8 11 0.0169
941 316 7 9 0.0169
25 351 8 10 0.0169
488 230 6 8 0.0168
705 217 6 7 0.0168
750 305 6 7 0.0168
205 461 10 12 0.0168
643 212 6 7 0.0165
371 266 6 7 0.0164
170 430 9 12 0.0163
702 217 6 7 0.0163
766 438 10 13 0.0162
874 364 8 10 0.0162
332 272 5 6 0.0162
34 300 6 8 0.0162
76 390 8 11 0.0161
828 230 5 7 0.0161
924 245 6 8 0.0160
795 362 8 9 0.0159
982 213 7 8 0.0159
718 290 6 7 0.0158
694 249 6 7 0.0158
994 263 5 7 0.0156
593 223 6 7 0.0154
346 281 6 7 0.0154
956 257 7 8 0.0153
314 299 6 7 0.0152
999 402 9 10 0.0152
480 287 5 6 0.0152
686 251 5 7 0.0151
387 314 6 6 0.0151
546 441 11 15 0.0150
582 260 6 7 0.0150
641 264 6 7 0.0150
980 217 6 7 0.0149
347 332 6 8 0.0149
158 414 9 11 0.0148
210 464 11 12 0.0148
0 419 11 16 0.0147
572 225 5 7 0.0146
770 391 9 12 0.0145
428 395 8 11 0.0144
33 432 10 13 0.0142
538 229 6 7 0.0140
931 400 9 11 0.0140
774 288 6 7 0.0139
432 302 5 6 0.0138
877 206 6 7 0.0137
0 408 10 19 0.0136
950 218 6 8 0.0136
979 212 6 9 0.0134
823 339 6 8 0.0133
919 246 6 7 0.0133
553 269 6 6 0.0132
393 394 9 11 0.0132
185 386 7 8 0.0130
915 302 6 7 0.0129
628 211 6 7 0.0129
663 374 7 9 0.0129
711 226 6 7 0.0128
894 217 7 7 0.0128
935 232 7 10 0.0128
851 326 7 7 0.0127
588 245 6 7 0.0126
860 221 6 8 0.0124
752 416 9 11 0.0124
625 211 6 7 0.0122
681 373 8 10 0.0120
818 231 5 7 0.0119
417 394 8 11 0.0119
551 218 6 6 0.0119
182 386 7 8 0.0119
701 222 7 8 0.0118
954 258 6 8 0.0118
16 352 8 11 0.0118
895 446 10 14 0.0117
607 244 6 8 0.0117
450 243 7 8 0.0117
726 230 6 7 0.0115
997 263 5 7 0.0115
336 399 8 11 0.0114
758 226 6 6 0.0114
839 359 8 12 0.0113
525 228 5 6 0.0112
953 257 7 7 0.0112
937 208 6 8 0.0112
818 420 8 11 0.0112
968 215 6 8 0.0111
256 273 6 7 0.0111
823 408 8 10 0.0111
388 245 6 7 0.0111
201 397 8 11 0.0110
633 286 5 7 0.0109
916 206 6 8 0.0108
243 432 9 14 0.0107
557 269 5 7 0.0107
1003 365 9 11 0.0106
919 207 6 7 0.0106
0 355 6 11 0.0106
800 425 9 11 0.0105
43 302 6 8 0.0105
820 380 9 11 0.0104
819 209 5 7 0.0104
750 312 6 8 0.0103
880 312 6 8 0.0102
612 433 9 11 0.0101
948 209 6 7 0.0101
2 402 9 13 0.0101
740 237 6 7 0.0101
555 236 6 7 0.0100
198 397 8 11 0.0100
