8_Election_Campain_Election_Campaign_8_244
24
104 69 138 160 0.9002
649 69 92 117 0.8932
390 95 104 151 0.8880
510 124 120 167 0.8826
847 137 92 109 0.8759
256 161 80 94 0.8690
784 119 68 84 0.8657
0 171 52 98 0.8329
978 86 46 157 0.6820
739 137 50 66 0.6278
979 85 45 158 0.6115
33 162 62 81 0.5577
358 162 48 65 0.5358
738 134 51 68 0.1811
357 159 52 73 0.1364
946 149 51 73 0.0586
953 141 52 86 0.0557
925 134 76 113 0.0325
740 135 52 68 0.0280
34 162 61 74 0.0225
227 169 36 60 0.0217
722 90 42 64 0.0151
928 122 71 114 0.0150
32 161 60 74 0.0127
