8_Election_Campain_Election_Campaign_8_174
626
900 506 57 69 0.8829
8 480 44 57 0.8802
168 522 75 81 0.8794
818 574 89 107 0.8784
950 467 42 48 0.8780
163 609 96 72 0.8732
622 503 42 52 0.8710
70 471 43 52 0.8708
297 488 42 51 0.8702
739 485 61 65 0.8681
385 540 70 81 0.8603
309 440 32 34 0.8566
585 459 41 43 0.8566
130 414 34 42 0.8548
503 343 31 38 0.8515
266 453 32 39 0.8512
420 427 29 33 0.8488
930 420 31 40 0.8436
879 463 38 44 0.8431
438 618 80 62 0.8430
260 421 28 29 0.8367
824 439 31 42 0.8357
208 433 32 38 0.8332
200 477 36 45 0.8309
1005 439 19 51 0.8291
169 454 35 40 0.8289
742 443 31 34 0.8256
455 447 40 44 0.8248
951 418 28 35 0.8232
580 413 30 31 0.8215
48 444 34 42 0.8204
316 472 40 53 0.8191
670 599 70 66 0.8150
167 424 29 32 0.8105
656 421 23 28 0.8084
34 383 24 31 0.8026
727 398 19 21 0.7954
1010 363 14 18 0.7763
213 404 22 24 0.7751
979 406 25 29 0.7698
89 393 23 28 0.7645
306 415 28 28 0.7603
691 398 20 23 0.7587
669 458 26 37 0.7464
805 413 21 24 0.7393
343 393 16 19 0.7380
148 389 19 22 0.7238
934 338 18 22 0.7228
931 398 25 26 0.7222
435 446 30 39 0.7160
610 418 21 26 0.6890
49 426 24 26 0.6876
290 424 19 25 0.6834
655 397 25 24 0.6782
432 499 43 63 0.6768
577 377 15 17 0.6642
114 341 13 16 0.6515
244 417 23 30 0.6458
334 378 14 15 0.6346
674 383 16 18 0.6183
176 402 18 20 0.6141
474 370 12 16 0.5691
760 412 26 26 0.5666
626 379 14 16 0.5599
754 372 17 20 0.5562
795 397 21 23 0.5506
769 380 19 21 0.5484
869 392 14 18 0.5415
226 383 15 17 0.5240
597 381 14 16 0.5215
890 391 16 23 0.5210
641 382 15 17 0.5185
988 334 13 14 0.5147
851 386 19 23 0.5112
872 378 14 18 0.5088
611 418 22 27 0.5082
432 382 18 20 0.5070
613 359 13 15 0.5018
557 358 11 13 0.4916
442 417 23 24 0.4870
128 375 14 16 0.4824
540 373 17 19 0.4778
240 400 17 20 0.4749
290 399 19 23 0.4682
897 338 11 12 0.4653
969 338 10 13 0.4599
491 332 12 14 0.4586
999 387 19 21 0.4563
848 386 19 22 0.4509
578 343 10 13 0.4502
360 379 12 16 0.4448
570 359 11 12 0.4439
455 381 17 19 0.4324
171 373 14 17 0.4281
640 338 10 14 0.4280
186 366 12 15 0.4224
53 409 22 20 0.4098
495 379 14 18 0.4034
763 438 23 29 0.4003
852 306 12 13 0.4000
542 359 11 13 0.3975
181 350 10 12 0.3894
889 339 9 12 0.3880
855 306 12 13 0.3830
433 446 29 40 0.3754
888 392 15 21 0.3651
486 359 10 12 0.3640
441 327 9 11 0.3495
942 297 9 11 0.3488
727 341 8 10 0.3484
173 373 15 17 0.3451
566 382 12 14 0.3434
979 291 10 10 0.3384
491 587 61 73 0.3372
544 374 15 18 0.3336
296 378 13 15 0.3311
253 383 14 16 0.3224
917 395 13 18 0.3153
494 332 13 14 0.3152
824 422 22 23 0.3109
88 448 24 30 0.3075
772 380 19 21 0.3044
397 398 18 22 0.3023
982 291 10 11 0.3021
920 304 8 9 0.2987
219 370 11 12 0.2964
796 375 17 16 0.2940
492 380 13 17 0.2913
280 373 11 13 0.2873
667 338 9 11 0.2848
753 371 15 20 0.2822
720 438 23 24 0.2807
593 365 11 13 0.2791
913 345 9 12 0.2762
729 341 10 10 0.2759
243 417 22 29 0.2709
798 398 20 23 0.2702
971 338 11 13 0.2676
435 382 18 20 0.2659
829 372 13 16 0.2653
163 348 10 12 0.2638
620 345 9 11 0.2635
52 410 21 21 0.2577
830 373 15 17 0.2565
931 298 8 11 0.2561
929 299 8 10 0.2556
995 295 9 11 0.2554
421 385 14 15 0.2528
93 359 10 12 0.2527
664 338 10 12 0.2494
741 370 12 14 0.2464
581 343 10 13 0.2416
914 395 13 18 0.2380
920 319 8 10 0.2372
545 358 11 13 0.2352
421 386 15 17 0.2341
991 333 13 15 0.2338
800 375 16 16 0.2288
917 319 9 10 0.2280
182 368 12 16 0.2248
452 333 9 12 0.2203
425 407 16 17 0.2132
51 407 20 21 0.2126
161 349 10 12 0.2104
661 378 14 15 0.2087
411 324 8 10 0.2066
481 357 10 12 0.2058
409 324 8 10 0.2057
363 379 13 17 0.2050
271 360 9 11 0.2042
372 323 9 11 0.2017
1016 410 8 25 0.2000
467 308 8 11 0.1952
156 334 8 9 0.1951
622 344 10 13 0.1949
0 372 9 14 0.1936
234 371 11 12 0.1921
390 328 8 9 0.1886
816 381 13 15 0.1858
180 350 9 11 0.1857
298 372 11 12 0.1798
616 359 12 16 0.1770
916 344 11 14 0.1727
291 357 9 10 0.1726
644 382 15 18 0.1720
121 401 17 22 0.1709
1017 300 7 10 0.1706
394 328 8 9 0.1701
717 437 24 26 0.1693
259 356 8 9 0.1680
118 401 15 19 0.1679
932 298 8 11 0.1674
703 373 11 12 0.1672
865 369 10 12 0.1659
970 297 9 10 0.1654
738 370 12 13 0.1645
967 297 9 10 0.1640
227 356 8 10 0.1608
444 327 10 12 0.1582
283 374 12 14 0.1536
999 297 8 9 0.1518
901 301 8 10 0.1502
161 347 10 13 0.1462
868 369 10 12 0.1448
453 381 15 17 0.1447
13 371 11 15 0.1446
223 383 15 17 0.1443
375 324 9 10 0.1437
665 338 9 10 0.1431
97 360 9 11 0.1426
256 368 10 10 0.1426
470 308 9 11 0.1417
761 409 22 22 0.1414
451 335 9 11 0.1403
995 297 9 10 0.1401
654 397 23 24 0.1381
337 378 13 14 0.1354
184 350 10 12 0.1344
286 358 9 10 0.1338
230 356 9 10 0.1338
305 355 9 9 0.1334
720 378 14 16 0.1324
252 367 9 11 0.1318
409 377 14 15 0.1309
311 378 12 14 0.1272
705 375 11 11 0.1269
875 378 14 17 0.1261
301 339 7 9 0.1251
581 377 14 17 0.1249
905 313 8 11 0.1244
675 384 17 19 0.1226
164 349 10 11 0.1215
786 461 30 37 0.1212
336 358 8 11 0.1209
1002 386 19 22 0.1203
896 337 10 13 0.1191
407 324 8 10 0.1182
360 331 7 8 0.1171
683 327 8 10 0.1162
158 334 8 9 0.1160
799 373 15 15 0.1153
312 375 12 14 0.1144
769 361 11 12 0.1140
905 301 8 9 0.1137
450 366 14 14 0.1129
961 299 8 9 0.1120
301 370 11 12 0.1116
350 372 10 11 0.1106
945 297 9 10 0.1104
404 378 11 13 0.1103
396 396 17 21 0.1103
595 365 12 13 0.1102
305 339 7 10 0.1090
66 388 18 19 0.1086
270 345 7 8 0.1080
279 374 12 13 0.1080
669 338 9 11 0.1078
36 364 12 14 0.1075
274 361 9 11 0.1064
243 356 8 9 0.1055
623 379 13 15 0.1053
900 300 7 9 0.1052
255 385 16 17 0.1043
190 333 7 8 0.1035
638 337 9 14 0.1027
247 416 22 29 0.1025
128 393 17 21 0.1017
610 392 18 21 0.1011
357 331 6 8 0.0975
323 402 17 18 0.0967
1 373 10 17 0.0943
322 326 6 7 0.0919
88 374 13 15 0.0918
494 590 55 60 0.0916
497 588 56 62 0.0909
158 374 11 15 0.0903
193 333 7 8 0.0899
318 345 8 9 0.0897
877 372 13 15 0.0896
315 378 12 13 0.0889
457 383 18 19 0.0885
903 300 8 9 0.0881
451 360 10 11 0.0855
327 363 8 10 0.0854
230 340 7 9 0.0848
410 349 7 9 0.0847
676 368 12 12 0.0844
488 360 10 12 0.0844
353 372 9 12 0.0842
768 438 21 28 0.0821
1016 299 7 9 0.0820
325 361 8 10 0.0819
154 335 8 9 0.0818
753 394 15 15 0.0816
796 373 14 14 0.0802
234 373 12 14 0.0798
572 360 10 11 0.0792
170 372 13 16 0.0790
320 401 22 25 0.0786
29 358 9 11 0.0783
227 340 7 9 0.0782
300 338 7 9 0.0772
428 408 17 18 0.0770
613 397 19 20 0.0766
439 327 9 9 0.0748
767 364 15 16 0.0740
740 373 13 16 0.0733
253 407 20 25 0.0732
443 326 8 10 0.0723
320 326 6 7 0.0722
979 460 25 33 0.0722
71 390 18 19 0.0719
686 327 8 10 0.0704
469 369 13 14 0.0693
257 355 7 8 0.0687
339 358 9 10 0.0683
50 346 10 11 0.0676
289 356 8 9 0.0671
468 350 11 12 0.0670
303 338 7 8 0.0670
412 350 8 9 0.0664
635 364 11 13 0.0664
701 373 10 12 0.0663
661 377 11 13 0.0654
742 317 7 8 0.0646
126 376 12 15 0.0645
621 345 10 13 0.0644
126 374 12 15 0.0643
38 332 8 9 0.0642
283 372 12 13 0.0635
723 378 14 16 0.0632
558 360 11 12 0.0632
715 368 11 12 0.0629
409 374 12 14 0.0629
722 375 13 15 0.0624
217 370 12 13 0.0612
413 375 11 14 0.0604
391 327 8 10 0.0601
15 372 12 15 0.0596
682 325 8 10 0.0596
140 379 15 17 0.0591
90 449 24 29 0.0587
35 332 8 9 0.0585
596 378 13 17 0.0583
873 392 14 17 0.0574
886 339 9 11 0.0567
468 349 11 13 0.0565
208 379 13 15 0.0564
799 374 16 18 0.0561
832 400 17 18 0.0559
377 323 8 11 0.0558
782 502 32 49 0.0556
873 377 14 17 0.0539
1011 408 12 22 0.0536
205 372 11 12 0.0535
17 371 11 14 0.0530
35 360 10 12 0.0525
745 316 8 9 0.0513
0 393 8 18 0.0507
259 356 8 9 0.0503
471 371 12 14 0.0497
153 379 15 20 0.0496
473 332 10 11 0.0493
756 315 8 9 0.0492
113 342 11 14 0.0487
432 367 12 13 0.0485
701 374 12 15 0.0483
402 398 16 20 0.0476
903 300 9 10 0.0475
410 324 9 10 0.0474
361 358 8 10 0.0473
69 341 8 10 0.0459
930 299 8 9 0.0452
214 334 6 7 0.0448
102 347 8 10 0.0447
914 397 14 19 0.0444
914 347 10 11 0.0439
372 324 7 10 0.0432
338 356 8 10 0.0432
686 324 8 10 0.0431
184 349 9 11 0.0430
2 371 13 18 0.0428
318 325 6 7 0.0427
0 452 6 47 0.0424
398 343 8 9 0.0418
260 371 11 13 0.0418
232 354 9 11 0.0416
217 334 6 7 0.0415
997 384 16 18 0.0414
900 337 10 12 0.0412
752 373 14 18 0.0403
611 359 11 13 0.0401
657 377 13 13 0.0400
89 447 19 24 0.0399
290 396 17 20 0.0396
212 361 10 12 0.0394
749 392 16 20 0.0391
114 397 14 19 0.0390
412 349 9 11 0.0389
544 370 13 17 0.0389
921 319 8 10 0.0387
54 364 13 17 0.0382
937 338 19 22 0.0376
919 396 14 19 0.0376
791 463 28 33 0.0375
316 345 8 10 0.0373
386 354 10 10 0.0369
73 341 8 9 0.0361
773 362 10 11 0.0359
543 356 12 15 0.0355
62 362 14 16 0.0353
239 398 15 18 0.0351
636 338 9 13 0.0351
97 361 10 11 0.0350
467 350 11 12 0.0350
118 342 13 16 0.0347
783 511 30 43 0.0341
190 333 6 8 0.0339
727 340 9 10 0.0339
236 401 16 20 0.0338
721 315 7 7 0.0338
186 390 17 19 0.0328
835 371 11 15 0.0327
999 391 20 25 0.0325
1017 334 7 12 0.0324
623 378 14 16 0.0323
253 354 7 9 0.0322
825 426 26 33 0.0321
94 361 10 12 0.0318
784 463 33 40 0.0314
158 334 7 8 0.0309
1018 341 6 15 0.0308
823 421 21 25 0.0307
414 347 8 10 0.0307
403 377 10 11 0.0303
226 384 17 19 0.0299
130 374 15 17 0.0296
719 314 6 8 0.0291
468 310 8 10 0.0291
401 396 16 19 0.0289
355 330 6 8 0.0288
537 371 14 17 0.0288
949 297 8 10 0.0286
183 350 9 12 0.0283
232 333 7 8 0.0283
288 399 17 20 0.0283
815 385 15 17 0.0282
383 410 23 30 0.0280
388 411 20 26 0.0279
616 395 17 19 0.0279
1005 296 9 11 0.0273
392 344 9 10 0.0270
567 384 12 14 0.0270
52 347 10 11 0.0265
55 410 21 21 0.0261
320 396 18 19 0.0260
264 402 21 23 0.0258
508 310 6 6 0.0257
62 361 11 14 0.0257
258 400 16 19 0.0254
415 368 12 14 0.0253
744 363 10 12 0.0252
216 387 19 19 0.0251
600 383 18 19 0.0249
827 373 14 17 0.0244
442 327 9 11 0.0243
215 335 6 7 0.0243
362 357 8 9 0.0241
54 346 10 11 0.0240
759 424 26 35 0.0240
162 348 10 12 0.0238
391 351 8 11 0.0237
797 397 19 20 0.0237
335 343 7 8 0.0236
382 378 13 16 0.0236
715 365 10 11 0.0234
87 373 13 15 0.0234
476 371 13 16 0.0233
369 358 9 9 0.0233
23 354 9 11 0.0232
133 345 10 12 0.0232
722 434 20 22 0.0230
132 393 20 23 0.0228
185 368 12 15 0.0228
511 310 6 6 0.0226
360 329 7 8 0.0225
180 399 17 22 0.0223
0 427 5 45 0.0222
211 389 15 18 0.0222
766 314 8 10 0.0221
496 588 49 51 0.0221
753 314 8 10 0.0220
318 327 6 8 0.0218
471 310 8 9 0.0216
788 502 28 47 0.0215
363 377 11 15 0.0214
574 344 11 13 0.0213
566 338 9 10 0.0213
0 410 8 34 0.0212
348 332 7 7 0.0210
442 410 21 20 0.0205
934 398 24 27 0.0201
643 384 16 18 0.0199
0 417 8 35 0.0199
1 392 13 21 0.0196
979 290 8 10 0.0196
154 337 9 11 0.0196
236 334 6 8 0.0196
756 406 16 18 0.0195
808 413 21 25 0.0193
231 331 6 7 0.0193
268 343 6 8 0.0193
407 350 9 9 0.0192
908 383 14 17 0.0191
220 355 9 10 0.0190
0 445 4 48 0.0188
339 337 7 8 0.0188
457 340 10 12 0.0187
642 341 11 13 0.0186
7 342 6 9 0.0182
250 381 13 15 0.0182
66 385 15 18 0.0181
337 377 13 15 0.0180
754 316 8 9 0.0180
788 497 28 48 0.0179
526 316 8 9 0.0178
448 337 8 10 0.0178
981 292 9 9 0.0175
233 332 7 8 0.0175
68 341 7 9 0.0174
264 386 15 15 0.0174
128 339 9 11 0.0173
37 334 8 9 0.0171
787 459 21 24 0.0170
431 419 28 32 0.0170
776 492 37 55 0.0169
11 343 8 8 0.0168
832 399 15 15 0.0168
0 397 8 24 0.0165
43 333 8 10 0.0165
575 344 10 12 0.0164
284 399 20 22 0.0164
361 332 7 9 0.0163
747 315 8 9 0.0162
533 374 13 19 0.0159
715 429 22 25 0.0159
512 311 6 6 0.0159
177 398 15 17 0.0156
651 391 19 20 0.0156
921 319 10 11 0.0155
675 364 10 11 0.0153
591 362 11 12 0.0153
286 335 7 8 0.0152
693 364 9 11 0.0152
386 406 18 21 0.0151
72 340 7 9 0.0151
393 397 17 20 0.0150
990 334 13 15 0.0147
828 372 11 15 0.0147
305 416 27 27 0.0147
440 418 29 32 0.0146
34 334 8 10 0.0144
667 339 10 12 0.0144
765 362 10 12 0.0144
771 377 16 20 0.0144
726 343 10 11 0.0143
289 353 8 9 0.0142
263 340 7 9 0.0140
72 385 15 16 0.0140
31 356 9 11 0.0140
789 313 8 9 0.0135
718 316 6 7 0.0135
574 448 27 35 0.0135
332 374 13 14 0.0134
415 352 9 10 0.0134
499 586 51 54 0.0133
55 370 13 16 0.0132
659 322 9 10 0.0132
990 377 14 17 0.0131
36 332 8 9 0.0131
378 414 30 37 0.0131
414 324 8 10 0.0131
981 290 8 10 0.0131
680 327 8 11 0.0129
572 455 29 40 0.0129
472 329 8 10 0.0127
793 312 7 9 0.0126
436 364 10 11 0.0125
777 364 13 13 0.0125
538 258 6 7 0.0124
0 490 10 42 0.0124
0 482 10 44 0.0124
655 321 9 11 0.0124
560 354 10 10 0.0123
281 394 16 18 0.0122
96 375 14 16 0.0122
212 338 8 8 0.0122
434 449 26 37 0.0122
981 453 22 30 0.0122
492 594 55 64 0.0121
995 405 17 24 0.0120
499 597 52 61 0.0119
662 337 9 11 0.0119
827 398 15 18 0.0118
181 401 18 21 0.0118
340 341 8 9 0.0118
790 312 8 9 0.0116
790 464 28 35 0.0116
489 354 13 16 0.0114
509 311 6 7 0.0114
979 406 24 28 0.0111
714 365 9 11 0.0109
673 382 14 16 0.0108
380 374 12 13 0.0108
399 377 11 13 0.0108
0 461 10 47 0.0107
540 258 6 7 0.0105
621 354 13 15 0.0102
762 314 8 9 0.0102
8 361 9 13 0.0102
618 343 9 9 0.0102
386 416 21 25 0.0101
694 397 20 24 0.0101
918 347 11 12 0.0101
0 509 8 35 0.0100
367 375 9 12 0.0100
