8_Election_Campain_Election_Campaign_8_148
358
962 300 62 68 0.8873
239 376 104 123 0.8775
427 297 87 103 0.8760
586 188 43 51 0.8694
574 323 71 77 0.8683
0 213 69 88 0.8676
814 290 68 70 0.8634
0 378 65 134 0.8604
311 277 81 90 0.8555
501 289 65 84 0.8467
623 357 90 104 0.8464
675 257 60 65 0.8460
745 266 54 60 0.8353
478 148 31 36 0.8324
886 427 73 84 0.8238
865 500 80 95 0.8158
368 245 60 78 0.8136
195 113 25 28 0.8104
0 459 43 152 0.8101
430 233 56 61 0.8091
717 447 105 141 0.8077
756 218 29 31 0.7980
104 207 52 54 0.7660
904 582 99 145 0.7654
637 179 25 27 0.7440
614 134 17 19 0.7384
509 152 20 26 0.7208
482 111 16 21 0.7182
373 122 17 22 0.6839
130 87 24 27 0.6753
725 130 21 22 0.6309
508 216 52 58 0.6030
553 120 15 20 0.6000
163 264 59 80 0.5798
996 142 16 21 0.5761
765 116 14 19 0.5754
808 97 13 15 0.5340
782 100 12 15 0.5214
324 99 20 26 0.5124
706 125 13 15 0.4898
262 729 113 39 0.4652
754 100 12 14 0.4628
904 581 99 147 0.4605
10 8 13 16 0.4545
568 150 19 21 0.4337
172 96 18 22 0.4167
702 98 12 13 0.4107
268 79 11 14 0.4086
276 66 11 13 0.4067
231 51 10 13 0.3902
565 149 19 21 0.3661
273 65 11 14 0.3653
691 122 12 15 0.3551
219 99 16 22 0.3535
220 307 87 90 0.3519
7 8 12 16 0.3459
214 54 10 13 0.3447
486 87 9 11 0.3425
801 124 14 16 0.3379
211 54 10 13 0.3326
559 75 8 10 0.3279
169 95 18 23 0.3242
752 100 11 14 0.3214
592 105 11 12 0.3091
429 233 55 59 0.3087
244 85 14 18 0.2985
555 75 9 11 0.2973
797 124 14 16 0.2886
603 159 19 23 0.2859
707 114 12 15 0.2829
303 69 10 13 0.2789
322 99 19 25 0.2714
116 22 12 15 0.2707
686 93 10 13 0.2658
223 101 16 21 0.2601
605 88 8 10 0.2590
662 107 11 14 0.2581
38 12 11 13 0.2565
483 86 9 12 0.2549
299 69 11 13 0.2545
596 106 9 12 0.2482
995 173 16 25 0.2481
234 52 10 12 0.2456
682 86 9 11 0.2438
943 187 14 25 0.2399
35 12 10 13 0.2313
797 158 12 20 0.2150
717 448 106 138 0.2135
663 108 11 14 0.2130
608 87 8 11 0.2061
659 108 12 14 0.2061
854 120 11 19 0.2044
930 136 18 24 0.2042
687 122 12 15 0.1996
623 85 9 12 0.1991
653 85 8 11 0.1988
649 85 8 11 0.1956
998 141 17 22 0.1928
589 92 8 10 0.1923
265 79 11 14 0.1911
710 114 11 14 0.1901
891 123 17 19 0.1844
505 95 9 11 0.1820
508 96 9 10 0.1796
835 129 16 18 0.1782
659 107 11 14 0.1768
552 102 10 12 0.1741
185 97 14 18 0.1722
724 130 20 21 0.1710
850 121 12 18 0.1668
940 186 12 26 0.1666
729 110 14 16 0.1636
877 155 22 24 0.1625
823 110 14 16 0.1597
555 102 10 12 0.1597
662 148 14 19 0.1586
685 95 9 11 0.1559
555 120 15 19 0.1500
606 159 19 23 0.1446
113 23 11 13 0.1430
658 148 13 18 0.1423
680 86 8 10 0.1395
586 91 8 10 0.1349
622 84 8 11 0.1339
651 84 7 11 0.1325
827 109 14 16 0.1309
619 84 8 11 0.1300
689 120 12 15 0.1274
887 123 16 19 0.1266
303 70 10 13 0.1252
299 70 12 13 0.1222
853 119 11 18 0.1194
1018 140 6 17 0.1176
509 97 8 10 0.1162
505 97 9 10 0.1099
628 100 10 13 0.1073
689 95 9 12 0.1058
289 36 8 10 0.1048
780 100 11 14 0.1029
795 156 11 21 0.1017
577 86 8 9 0.1016
119 23 11 14 0.0988
292 36 8 10 0.0970
762 116 13 18 0.0958
646 83 8 11 0.0946
811 97 12 14 0.0874
603 87 8 10 0.0871
771 134 14 18 0.0854
898 253 38 45 0.0853
872 154 22 26 0.0832
92 13 11 12 0.0813
700 98 11 12 0.0789
496 73 8 10 0.0785
784 100 11 14 0.0784
721 131 19 22 0.0772
800 158 13 21 0.0768
806 96 12 15 0.0715
248 86 14 17 0.0692
835 198 24 31 0.0690
992 174 14 23 0.0683
625 99 9 12 0.0682
684 86 8 10 0.0676
621 85 8 11 0.0675
925 138 17 23 0.0661
825 108 14 15 0.0658
325 100 20 26 0.0642
191 50 10 14 0.0624
943 136 14 21 0.0574
96 13 10 12 0.0570
874 153 22 26 0.0559
550 101 9 12 0.0542
922 157 18 28 0.0539
0 65 6 35 0.0518
522 70 8 8 0.0515
491 68 8 11 0.0515
375 123 17 21 0.0503
36 124 19 22 0.0493
684 341 72 80 0.0491
245 83 12 15 0.0483
155 9 11 14 0.0476
603 88 9 10 0.0473
650 85 9 11 0.0471
835 131 17 19 0.0470
41 13 10 12 0.0466
185 50 11 13 0.0458
679 87 8 11 0.0453
508 216 52 59 0.0438
726 109 13 15 0.0417
775 134 13 16 0.0409
1014 418 10 64 0.0406
839 130 17 21 0.0401
265 80 11 14 0.0401
825 107 13 17 0.0399
850 120 11 17 0.0396
537 78 8 10 0.0384
575 84 8 10 0.0382
24 113 17 19 0.0378
799 156 12 19 0.0372
259 48 10 11 0.0360
728 109 12 13 0.0359
778 116 13 17 0.0358
767 117 15 19 0.0358
631 100 10 13 0.0350
479 111 16 21 0.0342
1013 414 11 60 0.0341
678 85 8 11 0.0340
495 69 7 10 0.0331
319 38 8 9 0.0331
830 196 27 35 0.0328
661 84 8 10 0.0326
323 37 7 9 0.0320
34 10 11 14 0.0320
0 74 7 26 0.0309
608 157 15 16 0.0307
514 67 8 8 0.0305
164 263 51 76 0.0305
1018 144 6 18 0.0304
594 105 12 12 0.0288
602 157 16 18 0.0285
870 152 19 25 0.0281
494 67 7 8 0.0278
312 63 9 11 0.0277
311 28 8 8 0.0275
490 63 7 8 0.0274
0 56 6 38 0.0269
518 71 9 11 0.0267
28 48 11 15 0.0265
484 86 9 10 0.0256
241 85 12 17 0.0254
1015 423 9 69 0.0253
551 104 10 12 0.0247
625 103 10 13 0.0246
998 171 21 29 0.0242
773 131 14 18 0.0240
927 134 17 23 0.0238
72 29 11 14 0.0232
798 156 15 22 0.0232
154 1 12 12 0.0231
159 10 10 13 0.0230
837 203 24 32 0.0230
586 97 9 12 0.0230
263 49 9 11 0.0227
551 101 9 11 0.0224
190 53 10 13 0.0222
245 91 17 20 0.0222
193 28 10 13 0.0221
885 117 14 17 0.0216
296 15 7 10 0.0213
33 48 11 15 0.0212
694 744 105 24 0.0210
554 74 8 10 0.0208
95 18 10 11 0.0205
1012 404 12 67 0.0204
706 165 13 18 0.0203
888 250 40 51 0.0202
780 102 11 14 0.0201
1001 208 16 22 0.0199
830 129 14 17 0.0196
291 36 8 10 0.0194
221 0 9 5 0.0193
594 107 11 12 0.0192
884 105 12 16 0.0191
219 104 17 20 0.0190
628 106 11 14 0.0189
925 142 17 24 0.0188
599 87 8 10 0.0183
485 67 8 10 0.0182
521 69 7 9 0.0182
823 122 14 16 0.0179
196 54 9 11 0.0179
68 28 12 15 0.0177
506 65 7 8 0.0176
515 123 12 15 0.0175
658 239 30 45 0.0174
233 53 10 11 0.0171
509 65 7 8 0.0171
659 144 15 19 0.0169
221 27 8 9 0.0169
292 15 8 10 0.0166
1008 413 16 74 0.0165
89 10 11 13 0.0164
530 78 9 11 0.0164
519 123 12 16 0.0163
700 103 11 13 0.0161
890 119 15 16 0.0158
149 9 12 14 0.0157
1006 208 15 22 0.0156
830 202 28 35 0.0154
682 742 109 26 0.0150
998 177 18 26 0.0148
730 94 10 11 0.0148
487 87 9 11 0.0146
554 77 8 10 0.0145
39 16 10 10 0.0144
799 127 14 17 0.0144
946 184 17 26 0.0144
217 94 13 19 0.0143
288 35 7 9 0.0143
90 13 9 12 0.0142
557 74 9 10 0.0141
291 35 8 9 0.0140
111 0 12 7 0.0138
528 81 11 13 0.0138
319 35 8 10 0.0138
188 76 13 15 0.0137
262 33 9 10 0.0135
112 25 13 15 0.0134
225 27 7 8 0.0134
686 121 11 14 0.0133
309 64 9 12 0.0132
900 126 13 17 0.0132
272 65 9 11 0.0131
213 55 10 12 0.0129
23 49 10 15 0.0129
271 80 11 14 0.0128
22 116 24 25 0.0127
1 53 9 34 0.0127
517 86 9 11 0.0126
515 153 17 23 0.0126
1000 201 22 31 0.0122
224 0 8 6 0.0122
156 7 12 14 0.0122
999 201 17 27 0.0121
485 62 7 8 0.0121
851 124 14 19 0.0120
342 43 10 12 0.0119
147 90 17 20 0.0119
309 62 9 10 0.0118
270 737 101 31 0.0118
259 32 9 10 0.0117
252 91 14 18 0.0117
589 76 8 9 0.0116
1004 201 17 28 0.0115
902 252 39 43 0.0115
35 16 9 11 0.0113
184 75 13 15 0.0112
263 32 8 10 0.0112
44 124 14 20 0.0111
0 61 11 40 0.0111
319 37 8 9 0.0111
190 27 9 13 0.0111
190 29 11 12 0.0108
260 34 8 10 0.0107
710 166 12 17 0.0106
134 8 13 14 0.0106
703 87 9 10 0.0106
901 239 30 33 0.0105
186 57 10 13 0.0105
482 86 8 10 0.0105
896 125 17 20 0.0105
881 107 13 16 0.0104
103 207 53 55 0.0103
535 75 7 9 0.0103
69 30 12 16 0.0103
339 43 10 11 0.0103
551 120 13 18 0.0102
17 114 14 17 0.0102
93 0 11 10 0.0101
