8_Election_Campain_Election_Campaign_8_218
25
534 342 56 65 0.8732
174 380 83 101 0.8703
843 253 100 126 0.8689
434 319 54 76 0.8608
601 340 48 54 0.8516
667 548 61 80 0.8413
73 319 67 75 0.8412
290 330 75 88 0.8389
791 253 63 76 0.8284
690 329 49 64 0.8284
153 338 48 57 0.8007
392 330 38 52 0.7937
472 328 31 57 0.7701
127 281 44 67 0.6854
124 284 47 64 0.5161
277 280 61 78 0.1060
580 341 30 43 0.0698
601 340 48 54 0.0696
25 297 13 17 0.0597
277 281 58 69 0.0420
581 333 30 38 0.0209
240 355 43 50 0.0169
19 296 17 24 0.0152
23 297 12 15 0.0143
482 335 28 48 0.0115
