8_Election_Campain_Election_Campaign_8_498
47
923 256 101 168 0.8991
686 50 124 137 0.8844
70 120 91 111 0.8809
347 145 56 81 0.8745
263 133 85 106 0.8736
576 143 68 79 0.8602
395 145 49 65 0.8325
202 179 66 76 0.8252
541 161 40 52 0.8195
766 132 68 90 0.8143
885 208 41 45 0.7616
534 140 28 38 0.4354
445 168 31 52 0.4022
442 166 32 54 0.2690
482 176 48 63 0.2595
227 142 32 43 0.2454
395 146 49 65 0.2142
662 152 22 26 0.2004
484 178 46 62 0.1959
958 180 57 70 0.1546
959 180 53 59 0.1471
32 166 55 66 0.1233
662 151 19 21 0.1088
34 166 64 72 0.0699
5 171 32 41 0.0636
177 167 20 26 0.0560
536 139 32 42 0.0440
229 140 37 54 0.0364
669 152 15 18 0.0347
37 157 65 76 0.0339
652 148 29 33 0.0307
652 145 22 29 0.0307
224 142 38 50 0.0274
540 138 24 33 0.0267
38 160 52 68 0.0249
31 170 42 60 0.0222
531 144 36 48 0.0192
180 166 24 30 0.0172
654 152 37 44 0.0170
228 140 26 29 0.0166
30 173 46 62 0.0138
961 179 51 52 0.0136
6 172 25 33 0.0131
228 140 33 46 0.0122
177 164 15 21 0.0115
665 152 27 32 0.0114
444 157 23 45 0.0106
