8_Election_Campain_Election_Campaign_8_437
93
580 255 24 27 0.8163
730 49 25 30 0.8083
368 254 22 26 0.8077
681 258 26 29 0.8040
649 52 26 30 0.8039
570 51 24 31 0.7951
364 64 24 28 0.7947
476 252 23 27 0.7836
250 266 21 25 0.7798
437 62 24 29 0.7772
520 33 17 23 0.7716
585 147 17 22 0.7643
753 144 17 21 0.7638
640 146 16 22 0.7344
214 161 16 20 0.7074
282 59 17 22 0.6998
214 61 17 21 0.6927
88 159 15 20 0.6862
150 161 16 20 0.6803
22 69 16 21 0.6492
26 157 16 19 0.6406
89 65 15 19 0.6002
257 162 21 26 0.5621
130 262 19 24 0.4688
698 144 17 22 0.4683
259 162 21 26 0.4284
148 63 16 20 0.4272
151 63 16 21 0.4097
132 262 19 24 0.3919
304 171 15 21 0.3884
696 144 16 22 0.3834
524 374 53 50 0.2693
449 303 37 68 0.2539
448 306 35 63 0.2289
86 65 15 19 0.1888
524 374 53 48 0.1846
702 55 17 22 0.1611
622 53 17 23 0.1512
792 394 11 12 0.1511
789 395 10 11 0.1357
766 388 11 14 0.1321
62 55 15 22 0.1085
783 53 17 23 0.0879
301 171 14 20 0.0743
255 49 13 20 0.0737
762 389 11 13 0.0710
619 53 16 23 0.0688
629 261 16 20 0.0589
1 144 13 22 0.0522
764 387 11 14 0.0493
786 54 17 22 0.0466
620 49 18 25 0.0404
731 266 14 19 0.0388
753 389 9 11 0.0377
752 388 9 10 0.0370
410 66 17 22 0.0362
127 54 14 20 0.0361
217 61 16 21 0.0325
19 69 15 20 0.0320
454 304 32 66 0.0313
733 269 14 18 0.0310
58 55 15 22 0.0279
295 273 13 17 0.0273
258 50 14 20 0.0272
768 160 12 14 0.0272
29 157 16 20 0.0250
524 258 15 20 0.0239
0 209 50 83 0.0203
0 212 51 79 0.0196
127 150 12 16 0.0191
0 59 8 20 0.0180
64 149 13 18 0.0179
147 161 15 19 0.0176
190 150 12 17 0.0173
375 137 14 18 0.0157
185 150 14 18 0.0146
632 262 16 20 0.0146
285 60 17 21 0.0142
780 48 18 25 0.0136
784 47 19 26 0.0134
292 268 15 19 0.0134
601 158 12 16 0.0131
644 145 15 22 0.0116
700 51 17 23 0.0114
169 265 14 18 0.0114
735 266 14 19 0.0112
693 386 10 13 0.0110
123 150 12 17 0.0109
379 136 13 19 0.0109
513 79 17 22 0.0105
697 54 16 23 0.0103
521 252 17 25 0.0102
3 143 15 22 0.0102
