8_Election_Campain_Election_Campaign_8_347
37
214 131 30 44 0.8644
754 163 26 41 0.7819
922 585 13 17 0.7289
25 570 12 20 0.5274
1012 571 11 18 0.5078
179 560 10 19 0.4290
960 584 11 16 0.3923
855 572 10 16 0.3360
852 572 10 16 0.3076
958 584 10 16 0.2606
176 561 10 17 0.1743
911 592 9 12 0.1623
476 579 8 16 0.1597
1009 572 11 16 0.1326
479 580 9 16 0.1084
478 580 9 17 0.0839
30 572 10 17 0.0641
1010 569 11 16 0.0577
914 593 7 10 0.0455
59 575 8 10 0.0453
909 593 8 10 0.0438
56 574 8 12 0.0435
925 585 13 17 0.0401
182 561 9 18 0.0309
963 585 11 15 0.0276
22 571 12 19 0.0271
910 592 9 11 0.0248
754 163 26 41 0.0247
480 581 10 16 0.0245
29 570 11 17 0.0206
181 562 9 16 0.0175
893 575 11 16 0.0156
890 575 11 16 0.0129
22 567 12 21 0.0124
54 573 8 11 0.0112
1009 570 9 13 0.0111
909 594 8 9 0.0108
