8_Election_Campain_Election_Campaign_8_84
161
124 540 43 57 0.8546
210 507 25 37 0.7922
35 525 28 34 0.7816
311 495 25 33 0.7797
76 502 21 29 0.7565
127 484 20 25 0.7475
880 506 20 27 0.7451
536 514 21 26 0.7379
290 501 21 28 0.7273
93 501 23 35 0.6878
977 488 24 27 0.6798
921 595 34 62 0.6563
447 185 14 19 0.5773
256 430 19 22 0.5565
525 175 14 20 0.5290
489 190 17 22 0.4162
187 487 15 21 0.4061
492 190 17 23 0.4038
630 202 17 21 0.3872
633 202 17 21 0.3790
564 179 14 18 0.3628
9 527 19 30 0.3555
779 488 19 27 0.3473
675 246 15 20 0.3177
183 487 15 20 0.2983
672 246 15 19 0.2841
167 465 11 14 0.2810
846 484 11 15 0.2809
604 214 11 17 0.2391
218 479 14 19 0.2293
260 429 18 24 0.2228
446 538 24 31 0.1980
196 457 10 14 0.1980
220 463 11 13 0.1892
200 457 10 14 0.1868
671 247 15 19 0.1819
157 445 9 11 0.1588
36 409 10 12 0.1557
227 437 12 17 0.1442
32 409 10 12 0.1441
843 484 11 14 0.1358
287 419 12 15 0.1350
849 483 10 15 0.1339
451 539 22 30 0.1236
291 419 11 16 0.1233
777 485 17 27 0.1199
224 464 10 13 0.1161
224 436 11 16 0.1118
921 593 34 62 0.1054
607 214 12 17 0.1051
153 446 10 11 0.1010
230 441 10 15 0.0975
170 464 11 15 0.0951
226 442 10 15 0.0910
119 48 14 20 0.0896
172 380 8 10 0.0893
176 379 8 10 0.0884
170 465 11 15 0.0873
123 48 14 20 0.0844
451 185 12 18 0.0843
529 176 13 18 0.0764
4 527 18 30 0.0751
567 180 14 17 0.0680
175 378 8 10 0.0680
142 402 8 10 0.0678
229 423 11 14 0.0651
139 401 8 11 0.0631
164 464 10 14 0.0629
445 534 23 30 0.0615
171 377 8 11 0.0602
785 491 17 24 0.0594
154 445 9 10 0.0543
226 422 10 13 0.0541
443 185 15 19 0.0527
182 422 8 12 0.0499
207 424 10 12 0.0498
172 450 9 12 0.0458
444 184 14 19 0.0411
144 403 8 10 0.0406
221 466 11 13 0.0389
179 422 8 12 0.0385
450 534 22 29 0.0371
776 486 17 27 0.0363
56 417 9 12 0.0361
566 180 15 18 0.0360
781 497 17 24 0.0356
567 182 14 18 0.0342
91 510 20 29 0.0336
8 525 17 25 0.0333
231 438 11 16 0.0323
601 214 10 16 0.0323
217 463 11 14 0.0321
55 414 9 13 0.0320
561 179 12 17 0.0310
300 430 11 17 0.0306
208 435 11 15 0.0291
157 445 9 11 0.0285
60 417 9 12 0.0284
830 464 8 11 0.0277
833 465 8 11 0.0273
59 415 9 12 0.0273
225 479 14 17 0.0267
160 449 10 11 0.0266
194 455 10 13 0.0264
975 489 22 26 0.0260
304 431 11 15 0.0259
284 502 22 27 0.0252
947 506 13 17 0.0247
547 201 17 22 0.0240
165 466 11 14 0.0239
166 466 11 14 0.0234
140 404 7 9 0.0234
601 212 12 17 0.0224
174 468 13 16 0.0214
848 485 11 14 0.0207
6 528 20 31 0.0192
835 466 8 10 0.0192
184 424 9 11 0.0188
165 377 9 10 0.0185
873 748 59 20 0.0184
442 537 24 32 0.0176
88 71 13 23 0.0173
90 503 22 31 0.0173
155 89 13 18 0.0169
33 411 10 12 0.0167
158 445 9 11 0.0163
184 421 8 11 0.0162
670 246 14 19 0.0162
603 212 9 14 0.0160
287 429 12 17 0.0159
199 454 9 14 0.0159
119 52 15 22 0.0156
667 266 14 21 0.0148
830 467 9 10 0.0147
521 177 15 20 0.0146
241 457 12 16 0.0145
213 480 14 18 0.0144
22 397 8 10 0.0141
229 419 9 11 0.0136
25 396 9 11 0.0131
209 423 9 11 0.0130
288 418 12 17 0.0128
226 466 10 13 0.0127
947 503 13 16 0.0124
844 480 12 15 0.0124
131 484 18 24 0.0123
57 416 10 13 0.0123
672 269 13 18 0.0123
870 748 51 20 0.0122
219 438 11 14 0.0120
226 419 9 10 0.0119
607 211 11 15 0.0118
167 380 8 10 0.0117
185 416 8 10 0.0113
775 491 14 23 0.0110
139 57 15 23 0.0109
439 540 23 28 0.0108
151 444 9 11 0.0106
192 459 11 13 0.0105
230 422 9 13 0.0103
205 421 9 10 0.0101
