8_Election_Campain_Election_Campaign_8_412
1347
775 599 40 57 0.8729
695 453 39 52 0.8695
272 547 41 56 0.8559
902 354 30 40 0.8508
561 555 42 56 0.8483
810 140 27 33 0.8417
241 127 23 26 0.8409
274 261 28 35 0.8383
252 173 24 32 0.8380
489 261 30 36 0.8378
640 427 35 43 0.8376
334 400 35 47 0.8373
8 265 31 42 0.8366
977 263 27 35 0.8340
731 503 30 45 0.8337
426 424 31 43 0.8332
146 551 40 55 0.8329
771 436 29 42 0.8294
981 321 28 40 0.8292
169 247 25 37 0.8289
965 208 30 37 0.8289
302 567 36 62 0.8287
104 350 38 42 0.8247
359 236 29 36 0.8221
272 487 37 43 0.8210
861 456 37 47 0.8193
372 66 21 25 0.8187
932 319 29 41 0.8180
369 496 38 49 0.8175
648 308 28 38 0.8151
622 391 33 42 0.8149
618 290 29 36 0.8110
570 217 24 30 0.8096
490 139 24 29 0.8085
481 578 36 46 0.8053
833 625 36 52 0.8049
800 357 31 41 0.8041
700 207 26 34 0.8029
554 151 23 30 0.8027
864 351 27 35 0.8007
14 507 29 52 0.7980
624 515 35 56 0.7972
759 214 27 35 0.7971
865 263 26 39 0.7965
778 127 21 29 0.7958
408 372 24 35 0.7896
271 218 23 28 0.7862
667 242 26 33 0.7850
281 97 20 25 0.7848
177 385 30 37 0.7846
625 143 23 29 0.7822
495 221 25 32 0.7803
85 125 24 32 0.7797
93 329 28 34 0.7791
568 462 28 51 0.7757
355 119 21 25 0.7745
798 538 34 51 0.7695
554 375 38 52 0.7669
294 34 17 21 0.7662
841 320 27 37 0.7659
562 187 22 28 0.7618
790 269 25 29 0.7604
663 276 22 27 0.7600
951 626 41 55 0.7598
283 310 31 44 0.7578
276 17 18 22 0.7529
1005 321 19 39 0.7408
911 594 43 59 0.7406
227 432 32 43 0.7394
32 459 24 36 0.7362
462 254 28 36 0.7350
85 461 28 37 0.7350
872 72 17 21 0.7301
946 190 20 28 0.7299
857 577 30 42 0.7296
635 117 20 24 0.7259
93 420 27 37 0.7244
0 145 16 24 0.7239
624 258 23 31 0.7064
700 122 20 23 0.7035
115 492 32 45 0.6987
83 533 30 57 0.6975
364 144 19 25 0.6962
974 536 31 45 0.6934
1011 184 13 24 0.6894
891 426 28 38 0.6890
880 99 18 24 0.6821
233 68 17 21 0.6797
165 170 18 25 0.6795
344 71 21 26 0.6785
305 13 13 16 0.6780
671 185 22 27 0.6733
524 30 15 21 0.6703
557 113 19 22 0.6660
214 271 21 33 0.6623
105 261 28 35 0.6606
1011 295 13 34 0.6599
628 591 33 51 0.6551
353 180 21 30 0.6386
545 142 23 31 0.6357
139 303 31 44 0.6345
0 109 12 28 0.6322
420 241 22 30 0.6241
996 374 27 31 0.6222
662 129 19 30 0.6215
812 416 29 48 0.6215
912 596 41 57 0.6096
608 77 21 25 0.6049
639 77 21 25 0.5984
371 310 27 44 0.5891
586 59 16 20 0.5852
780 156 23 27 0.5796
717 175 18 27 0.5758
367 97 17 21 0.5735
662 210 22 26 0.5673
481 400 31 39 0.5663
511 181 25 30 0.5649
404 69 19 24 0.5558
522 82 19 23 0.5431
396 114 17 21 0.5273
532 585 28 43 0.5242
137 417 29 38 0.5225
603 127 19 26 0.5212
198 544 31 41 0.5142
779 33 15 20 0.5123
535 263 19 32 0.5119
245 545 32 49 0.5115
335 158 21 29 0.5040
237 91 18 25 0.5036
378 186 18 27 0.5000
120 221 24 33 0.4991
521 423 33 47 0.4882
883 220 23 32 0.4865
419 30 16 21 0.4844
443 243 21 30 0.4831
715 422 29 36 0.4824
205 5 14 21 0.4682
335 490 33 47 0.4613
154 98 17 21 0.4526
960 97 18 25 0.4516
546 4 17 22 0.4508
601 167 21 28 0.4496
714 422 28 35 0.4385
780 326 31 38 0.4383
694 83 17 24 0.4292
465 25 20 23 0.4257
370 46 17 20 0.4246
255 152 21 27 0.4236
458 169 21 28 0.4218
321 133 21 27 0.4118
522 422 33 48 0.4106
696 82 18 25 0.4082
917 298 25 30 0.4067
421 68 18 23 0.4061
322 86 17 22 0.4040
611 235 22 30 0.4039
325 133 19 26 0.3959
407 32 15 19 0.3889
942 87 16 20 0.3846
779 327 30 38 0.3825
921 520 33 47 0.3756
428 94 19 25 0.3697
537 118 20 25 0.3647
583 85 15 20 0.3636
728 280 26 32 0.3631
445 103 21 25 0.3594
497 165 24 29 0.3588
255 153 22 28 0.3537
452 367 28 35 0.3524
625 63 16 19 0.3480
388 150 21 24 0.3464
924 61 16 19 0.3453
284 37 15 18 0.3450
385 150 19 23 0.3419
182 41 16 21 0.3402
479 316 34 47 0.3269
321 360 27 36 0.3254
735 115 19 26 0.3218
375 592 24 48 0.3143
123 300 20 29 0.3122
370 15 14 19 0.3122
467 84 18 25 0.3063
0 57 9 29 0.3042
245 32 18 20 0.3025
716 102 17 20 0.3003
316 406 27 40 0.2993
273 391 31 41 0.2968
731 278 29 34 0.2952
944 163 15 21 0.2909
894 88 13 19 0.2907
958 72 14 19 0.2906
369 14 14 16 0.2873
848 39 13 19 0.2851
337 158 21 29 0.2850
127 48 15 20 0.2847
115 1 13 16 0.2842
851 77 16 20 0.2820
29 121 16 21 0.2803
806 98 20 25 0.2802
915 179 16 18 0.2781
0 201 19 33 0.2780
117 2 14 16 0.2742
860 44 13 15 0.2724
512 181 24 30 0.2718
25 595 33 40 0.2708
740 60 16 20 0.2669
854 16 15 16 0.2655
320 361 25 34 0.2653
899 44 13 19 0.2647
386 95 17 24 0.2637
401 0 12 15 0.2629
733 117 17 24 0.2578
304 64 14 18 0.2567
856 63 16 19 0.2563
465 84 15 23 0.2560
887 220 21 31 0.2542
780 326 30 37 0.2499
106 21 13 16 0.2475
249 111 16 19 0.2444
386 34 15 18 0.2410
323 31 13 18 0.2407
397 114 18 22 0.2398
544 141 20 27 0.2395
0 21 7 18 0.2389
717 104 18 22 0.2361
249 361 26 35 0.2339
191 101 20 27 0.2304
74 160 21 26 0.2268
306 66 14 17 0.2244
180 35 17 22 0.2221
845 38 13 19 0.2221
497 10 17 21 0.2202
445 64 15 17 0.2182
170 218 23 30 0.2175
646 172 19 23 0.2162
0 200 16 31 0.2150
741 1 19 23 0.2142
601 28 14 18 0.2140
168 6 14 18 0.2116
326 86 16 22 0.2093
852 77 17 23 0.2088
695 26 15 20 0.2079
484 397 30 41 0.2041
763 306 27 38 0.2021
947 420 37 56 0.2008
578 85 18 22 0.1981
646 367 27 34 0.1979
32 121 15 20 0.1971
537 114 19 23 0.1964
849 77 17 24 0.1959
726 23 15 18 0.1956
445 560 36 45 0.1943
151 20 14 18 0.1941
229 236 23 29 0.1930
664 102 16 20 0.1919
422 93 16 23 0.1890
453 138 19 23 0.1887
167 70 16 21 0.1853
755 28 14 19 0.1850
219 111 19 23 0.1845
692 143 19 23 0.1837
409 10 13 17 0.1834
36 337 23 35 0.1819
232 45 14 18 0.1787
862 119 20 29 0.1779
0 57 14 33 0.1763
309 43 14 19 0.1737
697 144 17 20 0.1735
927 60 15 20 0.1731
444 66 17 21 0.1725
652 101 16 20 0.1713
190 98 20 27 0.1709
403 0 12 15 0.1701
258 244 20 33 0.1693
231 26 13 16 0.1686
38 205 21 26 0.1672
803 234 24 28 0.1671
647 367 30 38 0.1663
104 38 13 16 0.1635
35 96 14 21 0.1633
469 102 16 21 0.1631
163 43 15 19 0.1616
389 95 17 22 0.1615
631 82 15 22 0.1609
394 46 14 17 0.1607
241 43 17 22 0.1596
754 26 14 16 0.1588
665 102 16 22 0.1579
422 2 14 19 0.1574
863 44 13 16 0.1574
860 127 18 25 0.1573
602 127 17 24 0.1571
243 545 30 46 0.1569
395 169 20 26 0.1564
700 51 16 21 0.1559
0 369 10 39 0.1554
482 316 33 45 0.1543
109 21 13 16 0.1528
343 30 16 22 0.1518
109 551 22 41 0.1505
138 304 31 43 0.1473
330 4 14 20 0.1460
949 407 31 47 0.1455
653 103 17 22 0.1447
749 3 14 19 0.1444
911 36 13 17 0.1437
428 121 18 22 0.1430
700 50 15 19 0.1408
956 114 19 22 0.1373
248 32 17 21 0.1371
761 101 16 22 0.1370
384 203 23 33 0.1361
464 26 19 22 0.1357
694 25 14 20 0.1341
1013 264 11 20 0.1336
223 112 17 20 0.1326
1016 206 8 29 0.1303
809 237 22 26 0.1293
25 226 19 23 0.1290
344 25 12 15 0.1281
392 269 28 38 0.1270
405 208 24 33 0.1265
151 50 15 19 0.1255
426 121 16 21 0.1240
116 54 14 20 0.1235
378 401 24 35 0.1234
125 128 17 21 0.1230
810 4 11 15 0.1222
819 24 12 16 0.1212
142 98 15 19 0.1206
108 552 25 42 0.1203
909 201 17 24 0.1203
451 142 18 25 0.1201
123 123 18 24 0.1191
236 366 28 35 0.1180
475 0 12 12 0.1174
912 179 16 19 0.1164
119 91 15 21 0.1164
452 197 21 27 0.1156
613 101 16 19 0.1153
326 32 12 16 0.1149
231 29 13 16 0.1147
104 42 13 16 0.1129
640 66 17 20 0.1119
877 202 20 26 0.1116
161 202 18 25 0.1095
250 57 14 20 0.1092
172 6 14 20 0.1072
374 186 18 27 0.1072
185 42 15 20 0.1062
955 110 19 25 0.1054
433 142 18 25 0.1052
853 14 14 16 0.1046
934 196 17 26 0.1041
361 144 21 26 0.1030
791 100 15 21 0.1029
832 85 15 22 0.1025
445 101 19 23 0.1016
123 86 15 22 0.1014
544 142 18 28 0.1012
939 86 16 21 0.1010
217 504 35 46 0.1006
516 352 26 36 0.1003
606 126 18 24 0.1001
750 195 19 23 0.0998
380 0 12 14 0.0997
420 1 13 17 0.0994
817 416 26 47 0.0993
976 0 13 13 0.0993
234 91 18 24 0.0992
637 21 13 17 0.0991
911 203 18 25 0.0978
954 424 34 49 0.0976
519 55 17 23 0.0971
122 91 15 20 0.0961
454 141 20 23 0.0959
235 68 17 21 0.0956
433 137 16 22 0.0952
984 663 32 20 0.0952
600 27 13 17 0.0949
615 103 17 21 0.0940
168 218 21 29 0.0923
3 431 27 36 0.0919
622 44 14 18 0.0918
983 534 29 48 0.0912
441 0 14 15 0.0907
791 85 15 21 0.0905
52 102 15 20 0.0902
499 11 18 24 0.0900
940 162 16 23 0.0896
254 93 17 21 0.0896
200 434 31 43 0.0883
115 52 14 18 0.0882
389 205 27 34 0.0881
260 246 23 34 0.0875
804 100 23 28 0.0869
0 251 8 31 0.0860
495 162 23 29 0.0859
114 120 17 23 0.0856
987 161 18 23 0.0849
401 69 17 23 0.0845
697 25 14 19 0.0845
371 38 17 20 0.0840
993 169 16 20 0.0834
433 167 18 23 0.0832
989 169 17 19 0.0832
498 185 20 25 0.0828
639 74 20 25 0.0827
0 315 12 30 0.0818
0 211 16 34 0.0818
438 0 14 15 0.0817
913 180 17 22 0.0817
273 17 18 22 0.0816
126 16 14 17 0.0807
980 0 13 12 0.0805
397 270 26 36 0.0797
202 58 14 21 0.0797
552 41 16 22 0.0792
651 369 30 36 0.0789
450 197 19 25 0.0789
85 69 19 25 0.0788
138 38 12 17 0.0788
150 0 13 13 0.0787
797 290 25 36 0.0785
128 51 16 22 0.0782
763 101 18 25 0.0776
758 100 17 23 0.0770
392 22 14 19 0.0768
641 172 20 24 0.0767
731 381 28 38 0.0763
999 29 18 24 0.0762
420 66 17 20 0.0753
53 0 12 9 0.0752
55 105 15 23 0.0750
46 44 14 18 0.0747
958 35 14 19 0.0736
605 77 20 25 0.0731
517 351 24 34 0.0730
882 99 18 25 0.0722
736 98 18 24 0.0719
285 38 15 20 0.0718
15 387 32 36 0.0717
1 431 21 36 0.0712
248 112 15 18 0.0711
813 5 11 15 0.0706
792 103 16 22 0.0706
851 16 14 16 0.0701
77 44 16 20 0.0698
551 37 16 20 0.0696
699 406 26 37 0.0693
546 542 30 44 0.0691
761 315 28 36 0.0688
76 23 14 17 0.0687
2 581 31 46 0.0684
152 52 16 20 0.0683
513 112 18 23 0.0682
1018 58 6 21 0.0678
57 104 19 25 0.0678
31 96 15 22 0.0675
551 54 14 19 0.0674
894 91 15 21 0.0672
1000 0 14 9 0.0671
118 553 17 37 0.0666
875 183 17 21 0.0665
230 239 23 30 0.0664
721 174 19 28 0.0664
766 131 19 27 0.0662
499 0 13 15 0.0660
124 1 12 13 0.0655
514 115 19 24 0.0654
89 5 13 15 0.0653
768 78 12 14 0.0653
926 404 22 31 0.0645
967 144 17 21 0.0637
998 374 26 31 0.0637
808 0 12 17 0.0636
443 287 23 32 0.0629
83 281 26 37 0.0629
819 44 13 17 0.0627
294 39 17 21 0.0626
210 8 12 18 0.0626
799 408 26 41 0.0623
335 493 25 42 0.0623
862 96 15 20 0.0621
463 25 18 22 0.0619
722 177 20 28 0.0616
492 484 28 40 0.0608
217 93 18 21 0.0602
243 173 20 27 0.0600
857 113 17 22 0.0599
339 98 19 22 0.0598
0 459 6 48 0.0597
219 113 21 28 0.0596
859 120 19 28 0.0592
810 98 18 23 0.0587
258 248 24 37 0.0586
698 164 17 25 0.0586
727 381 25 35 0.0582
451 139 17 22 0.0579
491 10 14 18 0.0575
0 313 7 32 0.0574
619 43 14 19 0.0571
466 25 20 23 0.0570
971 538 30 43 0.0570
176 70 16 21 0.0567
431 35 17 21 0.0567
36 338 24 37 0.0563
867 182 22 26 0.0561
961 40 13 18 0.0558
156 204 21 30 0.0554
246 158 20 26 0.0554
964 497 32 44 0.0553
148 164 16 23 0.0545
148 21 13 16 0.0544
371 592 24 48 0.0542
125 113 15 20 0.0541
168 79 16 20 0.0540
514 55 17 22 0.0530
768 81 13 15 0.0528
235 364 26 35 0.0527
159 12 13 15 0.0526
204 144 18 24 0.0523
63 33 13 16 0.0522
4 33 13 20 0.0520
315 414 26 36 0.0518
149 168 16 22 0.0517
859 453 24 36 0.0516
999 26 16 18 0.0512
197 241 24 33 0.0512
929 33 14 17 0.0509
793 72 16 22 0.0508
441 560 38 46 0.0508
542 535 32 48 0.0507
723 23 14 18 0.0503
403 31 15 19 0.0500
716 271 21 29 0.0499
16 6 14 17 0.0499
137 41 13 19 0.0495
39 12 11 13 0.0489
157 202 17 25 0.0487
744 275 24 31 0.0486
161 42 15 19 0.0484
73 70 17 25 0.0482
106 37 15 18 0.0477
781 252 19 25 0.0477
923 299 26 31 0.0476
947 412 35 55 0.0473
145 167 16 22 0.0473
434 17 15 18 0.0469
878 21 13 17 0.0468
6 38 18 22 0.0467
757 101 20 27 0.0465
147 0 12 12 0.0461
116 221 22 32 0.0459
918 513 31 46 0.0457
798 500 25 40 0.0456
2 430 27 32 0.0453
25 228 24 32 0.0453
643 78 19 22 0.0448
134 40 15 18 0.0447
378 1 10 12 0.0446
220 196 24 31 0.0445
0 466 8 48 0.0443
917 180 17 21 0.0441
464 169 20 28 0.0440
271 54 15 19 0.0437
929 202 18 24 0.0437
85 0 12 12 0.0435
955 72 13 18 0.0435
188 298 25 34 0.0434
40 336 24 34 0.0433
621 63 16 22 0.0433
698 27 15 19 0.0432
54 116 16 21 0.0429
336 270 25 35 0.0429
579 119 15 22 0.0427
997 240 17 22 0.0425
0 52 8 19 0.0419
4 0 13 10 0.0419
433 164 16 22 0.0419
1003 540 20 48 0.0418
875 21 12 16 0.0417
801 43 14 19 0.0413
757 140 21 27 0.0412
6 35 16 20 0.0409
291 116 20 27 0.0409
41 197 24 31 0.0406
870 198 22 28 0.0406
74 103 17 22 0.0404
387 4 13 16 0.0404
193 301 30 39 0.0403
874 203 22 30 0.0402
156 117 16 22 0.0399
408 211 25 36 0.0398
0 366 8 35 0.0397
26 142 18 27 0.0397
68 0 11 11 0.0396
215 505 32 43 0.0393
258 3 14 18 0.0392
161 204 23 31 0.0390
719 175 19 29 0.0389
130 156 20 26 0.0388
616 234 25 34 0.0388
426 140 20 26 0.0388
201 4 12 20 0.0386
892 305 22 32 0.0386
74 222 20 26 0.0385
120 298 20 29 0.0384
1018 64 6 20 0.0384
499 191 24 29 0.0383
1001 40 17 23 0.0383
303 12 12 17 0.0382
159 12 14 17 0.0381
844 0 11 10 0.0381
950 113 20 25 0.0381
195 99 18 24 0.0380
900 10 10 14 0.0378
494 11 16 21 0.0378
232 235 24 30 0.0377
489 260 31 37 0.0377
83 185 20 27 0.0373
587 141 18 25 0.0371
197 237 23 31 0.0370
650 8 14 16 0.0369
169 212 22 30 0.0368
0 578 23 51 0.0367
639 35 14 18 0.0366
44 43 13 18 0.0366
216 195 23 31 0.0366
108 20 13 15 0.0365
1019 91 5 26 0.0365
985 148 18 23 0.0364
118 227 20 29 0.0363
165 62 15 21 0.0363
190 302 26 33 0.0362
917 111 15 21 0.0361
363 97 18 21 0.0361
982 50 12 17 0.0361
567 18 12 15 0.0361
77 195 21 27 0.0360
1 56 16 30 0.0359
0 181 13 23 0.0359
313 43 15 18 0.0356
402 3 15 19 0.0355
198 59 13 20 0.0354
607 128 19 25 0.0354
114 153 13 17 0.0353
896 88 15 20 0.0353
37 202 18 26 0.0352
390 22 13 17 0.0351
417 32 15 20 0.0348
964 144 16 19 0.0348
183 97 15 21 0.0348
196 437 35 46 0.0348
751 187 19 25 0.0347
59 100 18 24 0.0343
0 544 11 41 0.0343
654 29 14 18 0.0342
880 47 14 18 0.0342
583 29 12 16 0.0341
282 119 15 23 0.0340
758 134 21 27 0.0339
951 402 25 40 0.0339
231 368 24 33 0.0339
219 90 15 19 0.0338
734 2 19 21 0.0337
118 87 15 22 0.0336
611 8 11 15 0.0335
418 93 16 20 0.0334
578 110 17 23 0.0334
390 18 13 16 0.0333
469 87 21 30 0.0332
594 201 18 24 0.0331
5 38 14 21 0.0331
42 203 22 29 0.0330
492 36 16 21 0.0330
449 367 27 36 0.0328
304 87 15 20 0.0327
21 68 17 24 0.0327
664 310 26 35 0.0327
237 42 14 18 0.0326
953 110 19 26 0.0326
390 272 32 46 0.0326
139 65 12 16 0.0326
643 7 14 17 0.0325
22 595 32 42 0.0323
135 39 13 17 0.0323
80 40 14 18 0.0320
581 58 16 21 0.0320
650 46 16 19 0.0320
264 1 13 15 0.0320
956 70 12 17 0.0315
35 239 24 31 0.0315
942 412 35 52 0.0313
431 101 23 26 0.0313
629 195 18 25 0.0313
478 0 11 11 0.0312
607 8 11 16 0.0312
804 239 26 29 0.0310
946 165 16 23 0.0308
341 35 15 18 0.0308
801 228 22 27 0.0308
208 45 14 21 0.0308
257 236 20 33 0.0308
107 97 16 21 0.0305
738 0 19 22 0.0304
783 157 23 27 0.0301
443 240 20 30 0.0301
248 363 28 37 0.0300
21 0 15 14 0.0300
257 152 21 25 0.0300
33 233 24 31 0.0299
585 649 22 31 0.0299
696 399 28 41 0.0297
463 7 14 17 0.0297
565 15 12 15 0.0296
161 116 15 23 0.0296
544 5 15 20 0.0296
368 41 15 18 0.0294
107 37 14 16 0.0293
849 38 14 19 0.0293
1002 36 16 23 0.0293
996 79 16 22 0.0292
280 200 18 23 0.0291
0 602 14 55 0.0290
641 66 18 23 0.0289
934 23 14 16 0.0288
815 24 12 16 0.0287
488 33 16 22 0.0286
366 13 12 15 0.0286
161 334 22 34 0.0286
696 49 14 19 0.0286
967 141 16 19 0.0285
105 221 17 25 0.0285
517 110 21 26 0.0284
621 62 15 19 0.0284
988 537 30 49 0.0284
426 240 19 29 0.0284
141 161 19 24 0.0282
386 340 31 45 0.0282
71 0 11 12 0.0282
0 262 12 35 0.0282
208 8 15 20 0.0282
765 38 15 21 0.0281
903 10 10 13 0.0281
634 19 13 18 0.0280
184 35 15 20 0.0279
269 51 13 17 0.0279
878 206 23 31 0.0278
950 109 18 25 0.0278
454 202 23 30 0.0278
800 41 12 17 0.0277
70 100 15 22 0.0276
156 102 17 22 0.0276
384 210 24 33 0.0276
850 111 16 21 0.0276
10 343 28 36 0.0275
247 40 17 21 0.0275
581 108 18 26 0.0274
214 369 23 31 0.0274
938 90 19 25 0.0274
536 263 20 35 0.0274
67 128 17 21 0.0273
338 275 24 34 0.0273
1016 135 8 21 0.0273
334 180 19 29 0.0273
586 134 18 25 0.0273
632 194 21 26 0.0272
991 164 17 22 0.0270
979 50 12 16 0.0269
911 298 23 29 0.0269
20 6 13 16 0.0268
571 87 17 21 0.0268
954 23 14 19 0.0267
81 191 25 33 0.0266
489 182 19 23 0.0265
136 154 15 20 0.0263
646 580 27 45 0.0263
390 38 15 19 0.0263
997 132 18 21 0.0262
418 94 14 19 0.0261
163 66 15 20 0.0261
523 89 23 29 0.0260
926 34 14 16 0.0260
51 61 16 19 0.0260
976 2 13 15 0.0259
0 372 12 44 0.0259
312 39 15 18 0.0259
1017 468 7 40 0.0258
441 65 17 22 0.0258
758 320 21 30 0.0258
437 3 16 19 0.0257
390 198 23 33 0.0257
921 17 13 15 0.0256
170 148 16 21 0.0256
948 163 17 24 0.0256
457 174 24 31 0.0256
765 137 20 27 0.0256
705 271 20 27 0.0256
301 63 14 18 0.0255
553 113 19 22 0.0254
798 42 14 20 0.0254
176 62 15 20 0.0253
956 37 14 19 0.0252
617 292 24 34 0.0252
119 128 16 22 0.0251
485 399 30 40 0.0250
504 11 17 21 0.0249
259 240 22 30 0.0249
203 65 14 19 0.0248
292 234 18 25 0.0246
45 153 17 24 0.0245
339 17 15 17 0.0245
517 113 18 22 0.0245
842 403 25 41 0.0244
28 337 25 37 0.0244
620 42 14 18 0.0243
908 110 17 23 0.0242
918 117 18 24 0.0242
586 50 15 20 0.0241
306 89 17 23 0.0241
156 96 16 20 0.0240
997 242 20 25 0.0240
78 184 21 30 0.0239
342 106 18 24 0.0239
81 24 12 15 0.0239
321 72 15 18 0.0239
257 1 13 15 0.0239
392 181 21 27 0.0239
951 23 14 17 0.0238
957 610 40 55 0.0238
347 39 16 21 0.0237
611 239 22 29 0.0237
289 106 19 25 0.0237
0 220 9 38 0.0237
666 209 23 27 0.0237
567 15 12 16 0.0236
615 289 21 32 0.0236
391 46 14 18 0.0235
411 12 14 16 0.0235
533 542 30 41 0.0235
787 86 14 20 0.0235
782 258 22 28 0.0234
834 74 12 16 0.0234
223 202 25 33 0.0234
578 0 11 9 0.0234
74 53 17 20 0.0234
999 68 15 20 0.0234
877 19 12 14 0.0233
37 16 14 17 0.0232
812 240 24 31 0.0232
628 68 18 24 0.0231
429 210 21 28 0.0231
929 44 17 21 0.0230
158 114 16 21 0.0230
865 109 16 22 0.0230
331 89 18 24 0.0229
697 51 15 21 0.0229
991 147 15 20 0.0229
348 179 21 32 0.0229
165 2 14 17 0.0228
375 188 19 31 0.0228
735 112 19 27 0.0228
1005 0 11 8 0.0227
822 41 13 17 0.0227
12 80 19 26 0.0226
55 109 18 25 0.0226
82 65 18 24 0.0226
694 163 18 24 0.0225
141 417 26 36 0.0225
170 419 28 35 0.0224
802 38 12 17 0.0222
939 167 18 24 0.0221
0 111 15 33 0.0221
529 534 32 47 0.0221
581 26 12 16 0.0220
569 16 11 14 0.0219
528 119 19 26 0.0219
926 64 15 21 0.0219
81 19 12 15 0.0218
251 206 16 23 0.0217
147 457 26 41 0.0217
431 39 18 21 0.0216
368 15 13 17 0.0216
313 397 28 44 0.0215
668 185 21 28 0.0214
86 74 20 27 0.0214
192 0 12 10 0.0213
771 301 23 34 0.0213
473 3 16 17 0.0212
245 0 12 10 0.0212
101 261 28 35 0.0211
76 201 23 30 0.0211
487 214 20 26 0.0211
812 1 11 15 0.0211
77 37 15 20 0.0210
636 588 36 55 0.0209
449 202 21 28 0.0208
834 89 16 22 0.0208
355 8 12 16 0.0208
35 13 13 16 0.0208
229 365 22 31 0.0208
724 375 23 34 0.0207
437 14 15 17 0.0207
489 169 21 26 0.0207
518 59 17 23 0.0206
762 7 12 14 0.0206
112 54 12 18 0.0206
981 666 31 17 0.0206
207 433 31 43 0.0205
387 93 16 19 0.0204
496 0 11 9 0.0204
429 87 17 23 0.0204
849 13 14 16 0.0204
579 50 14 18 0.0204
332 277 25 33 0.0203
313 288 21 27 0.0202
14 67 19 28 0.0202
628 11 12 16 0.0202
14 340 32 41 0.0202
44 144 21 28 0.0201
653 24 14 19 0.0201
202 1 10 16 0.0200
68 5 13 15 0.0199
928 37 14 18 0.0199
10 25 16 19 0.0199
417 66 18 22 0.0199
367 94 16 19 0.0199
792 408 27 37 0.0199
514 354 23 34 0.0199
425 132 19 26 0.0198
201 154 23 32 0.0198
427 242 20 30 0.0198
445 287 24 33 0.0197
489 37 18 24 0.0196
903 43 15 19 0.0196
776 35 15 20 0.0196
962 96 20 26 0.0196
409 207 27 35 0.0195
113 3 13 16 0.0195
447 564 37 48 0.0195
72 241 21 28 0.0194
1 109 16 27 0.0194
843 398 23 39 0.0194
901 110 16 23 0.0193
958 497 30 41 0.0192
364 490 34 47 0.0192
46 185 20 28 0.0192
472 0 11 13 0.0192
155 614 19 43 0.0191
396 272 31 45 0.0191
182 66 14 20 0.0190
815 254 23 29 0.0190
494 38 17 22 0.0190
77 283 23 33 0.0190
255 360 27 34 0.0190
245 542 31 39 0.0189
782 37 16 22 0.0189
384 340 26 42 0.0189
859 183 23 29 0.0188
926 45 15 18 0.0188
865 177 22 27 0.0188
11 390 29 34 0.0188
182 39 17 22 0.0188
551 538 33 50 0.0188
744 7 18 21 0.0188
327 6 12 17 0.0188
769 304 18 29 0.0187
792 290 27 38 0.0187
683 366 29 41 0.0187
657 130 17 28 0.0187
422 84 18 26 0.0186
777 60 13 19 0.0185
367 16 13 18 0.0185
285 3 12 16 0.0185
591 200 18 25 0.0184
766 388 23 32 0.0184
572 61 15 19 0.0184
907 113 19 25 0.0183
0 386 8 38 0.0183
321 243 20 28 0.0183
740 63 19 23 0.0182
725 275 26 35 0.0182
228 8 13 17 0.0182
52 65 16 20 0.0182
854 112 17 26 0.0181
209 143 21 26 0.0181
32 93 16 21 0.0180
437 165 18 24 0.0180
428 216 23 28 0.0180
909 290 21 28 0.0180
111 120 16 24 0.0180
681 294 23 30 0.0179
650 249 18 26 0.0179
187 0 12 9 0.0179
508 0 14 11 0.0178
188 107 18 24 0.0178
213 365 21 30 0.0178
818 26 15 20 0.0177
62 222 20 26 0.0177
606 278 17 24 0.0176
69 231 24 31 0.0176
353 66 15 19 0.0176
1 430 16 32 0.0175
843 40 12 18 0.0174
23 385 31 38 0.0174
797 232 22 29 0.0174
43 67 13 17 0.0174
900 42 14 19 0.0173
914 292 25 30 0.0173
484 482 28 43 0.0173
341 25 12 14 0.0173
115 69 14 20 0.0172
927 404 28 37 0.0172
787 536 31 44 0.0172
115 155 16 21 0.0172
323 29 11 14 0.0171
795 87 19 26 0.0171
541 115 17 23 0.0171
956 95 16 22 0.0171
590 60 16 21 0.0171
440 106 20 25 0.0171
500 163 24 28 0.0171
766 310 32 41 0.0170
865 124 20 27 0.0170
838 0 13 12 0.0170
751 28 14 19 0.0170
798 235 25 30 0.0169
753 213 22 31 0.0169
193 297 27 37 0.0169
0 541 8 33 0.0168
155 152 15 22 0.0168
83 0 11 8 0.0168
54 63 16 21 0.0168
57 116 19 24 0.0167
643 63 17 20 0.0167
1 433 24 39 0.0167
358 235 30 37 0.0167
42 154 16 23 0.0167
821 20 11 14 0.0166
337 104 19 26 0.0166
0 366 17 37 0.0166
608 237 14 26 0.0166
446 342 27 37 0.0166
953 31 15 21 0.0166
158 99 15 20 0.0165
439 242 20 31 0.0165
726 285 27 38 0.0165
623 649 29 32 0.0165
0 175 12 24 0.0164
737 61 14 19 0.0164
246 178 20 27 0.0164
852 16 14 16 0.0164
249 5 15 17 0.0164
70 23 14 18 0.0164
8 0 15 12 0.0163
775 33 14 19 0.0163
384 287 34 50 0.0163
40 185 18 25 0.0162
305 394 26 44 0.0162
59 37 14 19 0.0162
0 477 12 42 0.0161
268 392 31 39 0.0161
252 172 24 33 0.0161
55 0 12 8 0.0161
588 63 17 23 0.0161
917 2 12 13 0.0161
90 64 16 20 0.0160
330 1 14 20 0.0160
470 324 33 44 0.0160
426 42 16 22 0.0160
573 88 20 23 0.0159
123 2 13 15 0.0159
128 117 17 24 0.0158
136 127 18 22 0.0158
696 141 19 21 0.0158
645 44 15 19 0.0158
922 403 23 31 0.0158
417 0 11 11 0.0157
219 201 23 32 0.0157
722 272 23 33 0.0157
450 577 32 42 0.0156
791 501 27 41 0.0156
905 96 15 20 0.0156
134 123 18 23 0.0156
214 92 16 21 0.0155
901 12 12 14 0.0155
407 65 16 21 0.0155
879 15 11 16 0.0155
922 405 24 33 0.0155
409 209 23 32 0.0155
759 25 11 14 0.0154
138 95 15 21 0.0154
491 35 18 22 0.0153
282 70 19 24 0.0153
302 66 14 19 0.0153
134 61 14 19 0.0153
770 386 25 32 0.0152
280 391 31 43 0.0152
37 329 22 30 0.0152
860 192 23 29 0.0152
216 501 28 39 0.0152
215 497 37 48 0.0152
176 14 14 17 0.0151
0 581 30 51 0.0151
623 17 13 16 0.0151
775 357 23 32 0.0151
440 80 17 21 0.0151
155 0 12 9 0.0150
472 0 11 10 0.0150
892 301 19 28 0.0150
641 365 24 34 0.0150
628 0 10 10 0.0150
798 407 23 33 0.0150
856 230 19 32 0.0150
348 65 18 22 0.0149
753 0 13 17 0.0149
724 281 26 33 0.0149
47 40 12 15 0.0148
85 286 26 38 0.0148
206 60 15 20 0.0148
130 0 11 10 0.0148
827 88 15 22 0.0148
765 77 11 15 0.0148
143 102 15 21 0.0147
79 186 23 31 0.0147
160 105 15 21 0.0147
705 418 27 37 0.0147
308 64 16 19 0.0147
439 140 19 25 0.0147
944 406 30 45 0.0146
918 198 24 28 0.0146
323 87 18 24 0.0145
173 148 16 22 0.0145
193 442 27 40 0.0145
356 4 13 15 0.0145
849 75 15 22 0.0145
625 648 34 33 0.0145
212 43 14 18 0.0144
724 1 12 14 0.0144
993 123 18 23 0.0144
796 281 25 37 0.0144
696 165 19 24 0.0144
733 1 14 17 0.0144
1012 252 12 24 0.0143
112 59 15 20 0.0143
444 329 30 41 0.0143
268 9 14 18 0.0143
1014 47 10 21 0.0143
0 354 8 31 0.0142
604 167 21 28 0.0142
251 355 24 35 0.0142
1005 27 13 16 0.0141
390 354 30 42 0.0141
989 122 16 21 0.0141
763 82 14 17 0.0140
30 138 17 24 0.0140
29 65 14 20 0.0140
176 36 12 18 0.0140
892 115 17 24 0.0140
869 187 23 29 0.0140
444 248 26 36 0.0139
611 502 30 40 0.0139
995 58 18 23 0.0138
163 338 22 34 0.0138
393 208 29 38 0.0138
773 327 31 39 0.0138
197 310 27 37 0.0138
442 63 15 18 0.0137
387 152 20 25 0.0137
73 73 21 27 0.0137
244 55 16 25 0.0137
33 137 17 24 0.0137
161 210 18 30 0.0137
73 4 13 15 0.0137
247 206 16 24 0.0136
1 202 22 36 0.0136
919 9 13 16 0.0135
713 266 19 28 0.0135
744 59 17 22 0.0135
596 202 20 27 0.0135
914 1 12 14 0.0135
0 103 8 25 0.0134
0 304 6 29 0.0134
233 362 27 38 0.0134
545 89 15 18 0.0134
184 69 13 17 0.0134
846 398 24 39 0.0134
460 254 29 36 0.0134
978 0 13 9 0.0134
940 419 39 57 0.0134
847 403 25 39 0.0133
0 591 16 50 0.0133
497 480 30 36 0.0133
953 18 13 15 0.0133
55 2 12 13 0.0133
209 273 19 30 0.0133
993 11 15 19 0.0133
959 68 12 15 0.0133
441 562 39 50 0.0132
131 160 21 26 0.0132
920 518 32 49 0.0132
614 235 24 33 0.0132
1014 186 10 33 0.0132
644 13 15 18 0.0132
120 554 19 39 0.0132
964 140 15 18 0.0132
972 496 36 45 0.0132
453 170 18 25 0.0132
131 152 17 22 0.0131
548 95 19 22 0.0131
846 0 12 8 0.0131
200 544 32 40 0.0131
1012 60 12 23 0.0131
650 580 31 43 0.0130
208 430 25 35 0.0130
556 36 15 20 0.0130
208 141 19 23 0.0129
751 33 16 20 0.0129
598 132 18 27 0.0129
42 37 13 17 0.0129
1000 0 16 8 0.0129
546 2 14 17 0.0128
37 92 12 16 0.0128
103 209 18 27 0.0128
598 34 15 18 0.0127
451 326 34 45 0.0127
728 218 18 25 0.0127
230 235 24 33 0.0127
640 582 32 55 0.0127
948 2 11 12 0.0126
17 351 28 37 0.0126
62 428 25 30 0.0126
539 262 21 32 0.0126
258 93 15 21 0.0125
925 16 12 15 0.0125
187 94 16 22 0.0125
989 54 16 20 0.0125
959 603 34 46 0.0124
552 115 21 23 0.0124
896 39 14 19 0.0124
553 548 36 52 0.0124
237 227 23 28 0.0124
1 19 11 17 0.0124
83 198 26 32 0.0123
186 105 16 23 0.0123
545 551 33 49 0.0123
691 7 12 17 0.0123
77 158 24 29 0.0122
131 17 12 14 0.0122
284 126 17 23 0.0122
2 198 22 31 0.0122
606 25 13 16 0.0122
601 166 19 25 0.0121
714 378 29 39 0.0121
120 112 16 22 0.0121
475 84 16 25 0.0121
295 82 16 23 0.0121
154 610 18 43 0.0121
435 93 17 22 0.0120
131 441 27 45 0.0120
15 622 27 42 0.0120
157 609 20 43 0.0120
488 12 18 22 0.0119
341 83 17 21 0.0119
885 29 14 18 0.0119
646 417 27 36 0.0119
770 125 16 26 0.0119
1006 31 15 23 0.0118
210 41 14 20 0.0118
785 251 21 25 0.0117
499 483 35 42 0.0117
491 483 35 50 0.0117
712 370 29 39 0.0117
548 38 14 20 0.0117
701 73 16 26 0.0116
635 96 19 23 0.0115
759 327 20 29 0.0115
659 25 12 17 0.0115
917 19 12 15 0.0115
439 0 14 11 0.0115
70 71 14 22 0.0114
919 201 25 30 0.0114
203 431 26 33 0.0114
631 91 18 22 0.0114
521 77 17 22 0.0114
228 155 14 22 0.0113
384 207 25 33 0.0113
747 196 18 24 0.0113
137 88 15 20 0.0113
700 114 20 22 0.0113
642 3 13 15 0.0113
213 517 32 41 0.0113
6 0 13 9 0.0113
925 195 18 25 0.0112
48 138 16 22 0.0111
205 36 14 19 0.0111
466 103 15 20 0.0111
1004 184 16 24 0.0111
148 54 14 19 0.0111
373 310 29 44 0.0111
1017 143 7 22 0.0110
386 350 25 39 0.0110
763 392 26 36 0.0109
520 32 16 23 0.0109
707 170 19 28 0.0108
24 62 15 21 0.0108
373 197 21 32 0.0108
6 168 19 26 0.0108
979 52 14 19 0.0107
730 111 16 23 0.0107
606 281 21 31 0.0107
761 325 26 32 0.0106
524 147 16 23 0.0106
962 537 25 38 0.0106
661 124 17 28 0.0106
295 128 19 26 0.0106
690 139 19 23 0.0106
561 210 20 29 0.0106
857 445 21 29 0.0106
23 30 15 20 0.0106
680 142 21 25 0.0106
535 269 23 41 0.0105
662 48 15 20 0.0105
316 88 16 20 0.0105
748 191 19 25 0.0105
19 335 26 39 0.0104
307 288 23 28 0.0104
1012 442 12 40 0.0103
339 117 17 22 0.0103
17 630 29 39 0.0103
309 403 27 43 0.0102
748 57 15 19 0.0102
227 29 13 16 0.0102
214 111 17 22 0.0102
984 525 27 49 0.0102
273 546 41 57 0.0102
974 142 17 20 0.0102
75 160 25 34 0.0102
233 19 14 17 0.0102
445 324 24 33 0.0102
850 81 18 25 0.0102
558 42 16 20 0.0101
519 85 19 23 0.0101
352 121 17 23 0.0101
774 67 15 19 0.0101
993 537 27 47 0.0100
