8_Election_Campain_Election_Campaign_8_157
103
164 420 34 45 0.8665
0 470 21 36 0.8436
269 440 20 25 0.7906
328 461 20 35 0.7398
220 456 21 26 0.6564
334 432 13 16 0.4930
821 451 13 17 0.4564
445 458 19 28 0.4401
607 459 18 22 0.4009
805 460 14 18 0.3877
1003 446 12 13 0.3783
409 455 16 24 0.3627
1006 446 12 13 0.3272
0 182 8 22 0.2850
610 460 16 21 0.2196
338 432 11 16 0.1719
808 461 13 17 0.1704
910 451 9 13 0.1703
606 460 16 21 0.1454
923 445 8 11 0.1386
218 455 21 27 0.1363
412 457 15 22 0.1343
655 441 10 19 0.1318
819 449 12 18 0.1063
751 444 11 21 0.1042
940 441 8 12 0.1005
219 456 21 26 0.0970
983 447 10 12 0.0950
563 462 10 14 0.0940
907 452 9 12 0.0934
0 179 6 23 0.0927
908 442 9 13 0.0875
963 449 9 13 0.0849
664 441 12 22 0.0747
907 440 9 11 0.0741
747 446 11 19 0.0726
944 441 7 12 0.0722
944 439 7 11 0.0678
940 439 8 11 0.0613
904 442 10 13 0.0599
824 451 12 16 0.0592
949 456 8 10 0.0481
413 454 15 25 0.0473
752 447 11 20 0.0462
966 450 9 11 0.0459
907 450 9 13 0.0457
920 444 8 11 0.0453
603 458 19 23 0.0435
748 448 11 19 0.0416
941 450 8 11 0.0389
904 440 9 11 0.0373
565 463 10 14 0.0371
561 462 9 14 0.0371
823 449 13 18 0.0368
924 445 8 11 0.0332
964 451 9 12 0.0331
272 440 19 25 0.0324
981 448 10 12 0.0323
1001 338 17 25 0.0321
724 452 11 16 0.0319
721 453 11 15 0.0303
951 388 8 10 0.0301
967 452 8 11 0.0291
1019 423 5 9 0.0289
1004 339 18 26 0.0281
812 463 11 15 0.0279
921 447 8 10 0.0252
651 442 11 16 0.0247
442 455 19 30 0.0240
586 452 17 23 0.0228
961 450 9 12 0.0223
953 389 8 9 0.0221
671 444 11 19 0.0218
954 388 9 10 0.0217
786 447 12 17 0.0214
749 446 12 19 0.0211
875 449 10 13 0.0206
984 451 10 13 0.0199
848 457 12 15 0.0198
872 448 11 14 0.0198
853 451 11 15 0.0198
824 448 12 17 0.0192
869 458 10 14 0.0190
787 451 13 17 0.0181
898 404 6 7 0.0179
669 444 12 19 0.0179
412 452 16 24 0.0170
650 444 12 18 0.0170
561 464 10 13 0.0165
790 447 12 18 0.0164
588 550 17 18 0.0160
956 389 8 9 0.0159
669 448 12 17 0.0149
1019 431 5 14 0.0139
895 404 6 8 0.0137
861 457 11 15 0.0129
698 454 11 15 0.0125
896 404 6 7 0.0124
877 449 9 12 0.0113
702 454 10 15 0.0108
800 458 14 19 0.0107
538 444 12 16 0.0102
851 448 12 16 0.0101
