8_Election_Campain_Election_Campaign_8_118
149
930 489 94 191 0.8756
293 171 54 60 0.8683
715 383 113 117 0.8682
408 215 71 78 0.8668
212 192 47 50 0.8577
363 180 42 52 0.8509
533 171 36 43 0.8479
893 338 58 65 0.8465
173 216 40 46 0.8433
532 306 66 87 0.8384
698 257 74 94 0.8356
651 203 36 41 0.8344
212 282 34 47 0.8218
959 275 40 43 0.8054
42 193 30 48 0.7959
995 241 29 36 0.7596
142 194 46 60 0.7587
893 231 19 24 0.6247
638 195 18 24 0.6015
391 205 37 50 0.5642
879 253 28 36 0.4397
883 254 26 34 0.4295
721 197 22 24 0.4095
959 225 17 18 0.4076
805 228 46 66 0.3733
587 164 10 12 0.3253
584 164 10 12 0.3050
984 202 11 14 0.2742
905 199 9 11 0.2500
56 242 20 28 0.2449
901 199 9 11 0.2308
981 201 10 14 0.2110
803 229 44 65 0.2003
600 198 12 15 0.1680
719 197 19 22 0.1640
713 187 11 13 0.1602
931 195 9 11 0.1522
809 230 43 64 0.1446
952 200 12 11 0.1433
928 195 9 11 0.1427
710 187 11 13 0.1407
770 182 8 11 0.1384
933 196 9 10 0.1266
929 196 9 11 0.1250
956 199 12 12 0.1116
858 187 14 16 0.1115
822 186 10 11 0.0810
892 231 16 23 0.0795
596 198 12 15 0.0780
965 226 15 17 0.0777
771 183 10 13 0.0761
804 185 9 12 0.0760
807 185 10 13 0.0751
630 170 8 10 0.0713
773 182 8 12 0.0712
774 185 10 14 0.0656
768 182 8 10 0.0652
826 186 9 11 0.0646
389 202 36 49 0.0571
141 195 47 60 0.0570
821 184 9 10 0.0562
52 241 22 31 0.0556
393 204 49 61 0.0552
883 198 10 12 0.0510
391 202 45 53 0.0492
636 197 14 21 0.0473
664 162 6 7 0.0466
628 164 11 14 0.0460
738 181 10 11 0.0441
716 201 25 30 0.0439
627 171 8 10 0.0439
899 198 9 10 0.0433
903 198 9 10 0.0430
903 198 9 11 0.0424
643 162 8 9 0.0419
825 184 8 10 0.0419
55 241 17 24 0.0401
806 183 9 12 0.0397
885 232 24 29 0.0379
954 199 11 12 0.0378
654 171 10 11 0.0375
720 171 7 9 0.0374
660 162 7 7 0.0364
285 193 32 40 0.0362
930 196 9 11 0.0344
663 161 6 7 0.0338
878 198 11 13 0.0333
802 182 9 12 0.0323
625 164 9 12 0.0321
913 253 24 31 0.0308
860 182 11 12 0.0307
955 198 11 11 0.0306
955 223 16 17 0.0306
627 169 9 12 0.0305
627 159 10 12 0.0304
981 200 11 13 0.0301
286 190 23 36 0.0294
946 252 29 35 0.0290
864 183 10 10 0.0287
950 250 27 33 0.0287
642 194 18 25 0.0286
879 196 11 13 0.0279
881 196 9 11 0.0279
767 184 10 11 0.0276
888 252 19 28 0.0275
660 161 6 7 0.0273
714 185 9 11 0.0268
710 185 9 11 0.0252
727 174 7 8 0.0245
864 187 11 14 0.0233
951 198 10 11 0.0230
732 177 10 11 0.0219
721 195 18 21 0.0212
855 189 13 15 0.0209
639 160 8 10 0.0207
949 254 33 41 0.0205
954 225 15 17 0.0202
900 232 14 21 0.0197
915 250 18 26 0.0196
716 171 7 9 0.0193
821 233 39 60 0.0187
286 199 22 31 0.0172
995 241 29 36 0.0160
596 197 13 17 0.0160
809 173 8 10 0.0159
652 171 9 11 0.0156
724 173 10 11 0.0154
651 172 8 11 0.0152
843 180 8 10 0.0150
947 250 24 31 0.0149
720 199 26 32 0.0149
988 203 10 13 0.0148
589 164 10 12 0.0146
599 195 11 14 0.0144
987 204 12 14 0.0138
739 182 11 12 0.0133
824 239 39 55 0.0132
907 245 17 26 0.0129
624 161 9 10 0.0121
824 187 10 12 0.0118
855 188 12 13 0.0117
935 257 17 24 0.0114
597 202 19 27 0.0110
287 180 36 51 0.0110
0 223 8 73 0.0108
861 191 13 15 0.0108
773 187 11 14 0.0108
640 199 24 28 0.0107
771 182 8 9 0.0104
