8_Election_Campain_Election_Campaign_8_252
374
140 453 85 94 0.8859
295 445 51 64 0.8812
922 312 28 34 0.8376
492 380 27 32 0.8353
414 393 26 31 0.8194
366 391 25 27 0.8020
895 297 18 19 0.7935
790 337 17 18 0.7771
88 453 18 24 0.7676
845 328 19 19 0.7628
884 334 20 21 0.7561
827 351 18 28 0.7381
854 302 15 17 0.6902
651 363 18 21 0.6593
110 422 15 17 0.5631
705 356 12 14 0.5346
878 312 16 19 0.5307
755 336 14 15 0.5235
989 289 21 24 0.4908
610 364 15 18 0.4837
671 351 17 18 0.4589
669 351 17 18 0.4532
76 428 17 20 0.3995
648 349 16 16 0.3713
987 290 20 22 0.3677
912 304 11 14 0.3647
39 422 12 14 0.3469
875 312 17 18 0.3429
724 353 17 21 0.3394
914 304 12 15 0.3332
952 315 17 23 0.3167
631 343 13 16 0.3025
1006 319 18 28 0.2984
574 356 16 22 0.2951
658 341 14 14 0.2541
753 335 15 16 0.2533
948 314 18 25 0.2516
577 359 15 19 0.2373
163 396 9 10 0.2220
766 402 36 48 0.2154
978 295 12 15 0.2094
118 402 8 11 0.2093
179 407 13 15 0.1973
842 314 15 15 0.1952
976 297 15 18 0.1928
380 370 12 14 0.1889
234 391 10 12 0.1879
107 422 15 17 0.1729
161 396 8 10 0.1700
607 364 15 17 0.1683
102 411 9 13 0.1587
79 416 13 16 0.1581
635 343 12 14 0.1568
377 370 12 15 0.1559
791 360 14 17 0.1545
261 385 10 12 0.1511
116 402 8 10 0.1462
681 338 13 14 0.1391
264 384 11 13 0.1304
682 335 11 12 0.1292
940 292 9 10 0.1286
225 383 7 9 0.1180
645 334 9 10 0.1131
42 422 11 14 0.1124
270 397 9 12 0.1113
237 391 10 12 0.1107
721 354 16 19 0.1104
647 334 9 11 0.1090
180 388 9 9 0.1087
183 389 9 9 0.1072
943 292 8 10 0.1071
673 377 16 19 0.1067
228 383 7 10 0.1065
99 411 9 12 0.1036
663 322 10 12 0.1026
738 334 12 13 0.1021
275 370 9 12 0.0959
648 347 14 16 0.0945
460 134 18 21 0.0940
47 444 16 19 0.0939
1009 272 14 22 0.0927
830 299 8 11 0.0919
844 287 9 10 0.0895
207 402 9 10 0.0894
281 392 11 14 0.0890
190 391 10 11 0.0885
352 385 10 13 0.0884
675 370 16 19 0.0879
119 402 9 11 0.0868
956 294 8 10 0.0865
986 323 19 23 0.0851
81 412 10 13 0.0819
348 384 11 14 0.0808
647 349 13 15 0.0808
827 299 9 12 0.0789
205 399 10 12 0.0771
128 395 8 10 0.0767
645 348 15 16 0.0761
685 335 10 12 0.0757
736 334 11 13 0.0756
143 394 10 10 0.0752
887 334 19 21 0.0751
204 415 11 13 0.0740
262 388 10 12 0.0739
406 369 13 14 0.0710
665 324 9 11 0.0701
660 322 10 12 0.0697
528 335 11 13 0.0648
716 425 18 32 0.0647
669 376 17 20 0.0645
83 416 10 14 0.0642
978 295 13 16 0.0635
188 388 9 10 0.0632
115 402 8 10 0.0627
827 299 8 9 0.0626
790 359 14 16 0.0617
178 389 8 9 0.0615
278 370 9 12 0.0614
760 405 38 48 0.0594
545 347 12 14 0.0578
317 389 13 16 0.0573
531 336 11 12 0.0571
542 350 12 16 0.0562
542 346 12 15 0.0555
739 339 11 13 0.0545
686 365 13 17 0.0543
709 316 11 14 0.0540
770 351 14 17 0.0522
780 402 27 41 0.0516
307 414 17 18 0.0514
501 343 9 11 0.0514
829 299 8 9 0.0514
80 426 13 17 0.0506
161 394 8 8 0.0500
768 319 11 16 0.0500
441 388 20 23 0.0498
519 344 11 12 0.0495
724 352 14 18 0.0495
161 398 9 10 0.0492
720 426 17 32 0.0488
954 294 11 12 0.0487
65 438 13 16 0.0483
401 351 11 13 0.0482
1006 317 17 27 0.0481
711 316 12 14 0.0480
114 402 9 10 0.0480
200 416 11 13 0.0474
315 386 11 14 0.0468
404 368 12 14 0.0465
300 390 11 13 0.0447
959 301 11 13 0.0445
610 375 18 21 0.0441
272 398 9 11 0.0438
208 401 9 11 0.0433
711 296 18 20 0.0432
269 397 10 13 0.0427
295 376 9 12 0.0426
686 338 11 12 0.0424
439 381 14 18 0.0422
775 349 11 14 0.0414
764 327 13 18 0.0409
1014 347 10 28 0.0408
536 362 12 13 0.0407
128 390 6 8 0.0404
545 351 12 14 0.0404
736 338 12 13 0.0400
40 424 13 17 0.0398
137 396 9 10 0.0397
709 295 19 19 0.0392
370 347 9 12 0.0391
524 341 11 14 0.0386
667 303 8 10 0.0385
623 361 14 17 0.0385
182 405 11 12 0.0384
747 313 11 14 0.0382
143 393 8 9 0.0380
64 434 12 15 0.0379
293 375 8 12 0.0378
775 351 11 13 0.0372
1008 269 14 17 0.0371
162 397 9 10 0.0367
314 389 12 15 0.0364
292 376 8 12 0.0361
520 459 26 59 0.0358
986 319 16 19 0.0357
221 403 12 13 0.0355
770 323 10 13 0.0352
340 384 12 14 0.0348
350 387 11 14 0.0348
744 299 9 9 0.0346
339 389 13 15 0.0342
443 380 15 18 0.0336
840 313 12 15 0.0336
852 303 14 16 0.0335
665 323 10 11 0.0333
829 299 9 12 0.0333
367 348 9 11 0.0332
1001 321 20 26 0.0331
140 404 11 13 0.0330
125 389 7 9 0.0328
720 424 22 34 0.0326
744 302 11 13 0.0320
525 460 23 58 0.0319
671 372 16 19 0.0316
366 434 20 27 0.0314
206 389 7 8 0.0314
728 315 10 12 0.0311
580 357 14 19 0.0310
714 341 11 12 0.0307
210 397 10 11 0.0307
292 376 9 12 0.0306
234 393 10 12 0.0306
36 422 12 15 0.0302
557 367 12 14 0.0301
542 348 13 15 0.0298
180 409 16 17 0.0296
497 344 8 10 0.0291
264 383 9 11 0.0290
778 395 30 47 0.0289
36 422 13 16 0.0284
224 404 12 15 0.0283
632 347 14 17 0.0281
312 413 19 20 0.0275
766 360 17 19 0.0274
521 345 11 12 0.0273
715 377 17 23 0.0272
358 366 9 11 0.0269
611 407 19 29 0.0267
303 383 12 15 0.0267
806 328 14 17 0.0262
0 455 13 20 0.0258
647 333 8 10 0.0257
236 389 9 11 0.0257
702 353 12 15 0.0257
788 360 13 16 0.0252
528 361 15 16 0.0252
824 351 16 27 0.0251
728 455 30 36 0.0251
77 435 18 20 0.0251
707 297 19 19 0.0250
314 394 14 16 0.0250
42 442 17 23 0.0250
376 374 13 14 0.0248
237 380 7 8 0.0245
1011 280 11 22 0.0244
377 361 10 13 0.0244
730 458 39 36 0.0243
583 399 16 30 0.0242
316 406 16 18 0.0239
465 377 13 17 0.0238
82 431 13 18 0.0237
286 393 11 13 0.0235
227 380 7 9 0.0234
56 410 11 14 0.0232
371 372 12 12 0.0231
46 447 18 22 0.0228
760 409 36 48 0.0226
184 387 7 8 0.0218
659 305 9 11 0.0218
404 351 11 13 0.0216
454 394 15 18 0.0215
274 398 10 11 0.0211
230 383 8 10 0.0211
943 291 7 9 0.0210
843 284 8 13 0.0209
457 364 14 16 0.0208
748 298 9 10 0.0208
704 350 12 14 0.0207
768 398 34 46 0.0206
268 398 9 12 0.0206
82 409 9 11 0.0206
772 319 11 14 0.0204
397 337 8 9 0.0204
721 359 14 16 0.0203
497 345 10 11 0.0198
666 303 7 9 0.0198
576 351 11 13 0.0197
469 377 14 18 0.0197
238 462 24 32 0.0196
422 349 8 9 0.0195
764 297 8 10 0.0194
438 392 16 21 0.0193
307 370 11 13 0.0193
453 364 12 15 0.0188
592 378 12 14 0.0186
364 429 21 31 0.0185
459 360 12 13 0.0183
209 415 10 13 0.0183
224 379 7 9 0.0182
628 345 12 15 0.0181
499 342 8 10 0.0180
841 284 8 12 0.0179
748 302 10 12 0.0178
953 304 13 21 0.0178
747 299 11 13 0.0177
370 350 8 10 0.0177
98 393 7 10 0.0176
610 400 20 31 0.0176
1 428 15 18 0.0176
575 399 21 31 0.0175
380 373 12 13 0.0174
940 291 8 9 0.0174
668 303 8 11 0.0171
670 303 8 11 0.0171
366 350 9 11 0.0170
37 448 21 28 0.0168
656 364 17 21 0.0168
582 362 13 16 0.0166
222 383 7 9 0.0165
497 348 10 10 0.0164
1006 270 13 15 0.0164
739 347 15 16 0.0162
185 408 11 13 0.0162
519 349 11 12 0.0161
999 186 10 11 0.0159
921 290 9 9 0.0158
409 370 14 15 0.0157
399 338 8 9 0.0156
445 393 19 23 0.0153
165 399 10 10 0.0150
572 353 15 18 0.0149
898 314 16 16 0.0149
715 295 17 18 0.0148
43 426 12 14 0.0144
443 378 12 15 0.0144
1013 331 11 23 0.0143
308 374 10 12 0.0141
967 307 14 14 0.0141
1005 271 16 18 0.0140
757 316 12 14 0.0136
489 334 8 11 0.0136
527 359 14 17 0.0135
721 427 25 37 0.0134
494 349 10 11 0.0134
354 366 10 12 0.0133
367 349 10 11 0.0133
98 392 7 8 0.0133
449 350 8 10 0.0129
933 293 14 14 0.0129
360 434 22 29 0.0126
404 350 8 10 0.0125
263 378 9 10 0.0124
53 445 16 18 0.0124
416 366 12 13 0.0124
798 327 13 15 0.0122
382 371 11 12 0.0121
399 352 9 11 0.0120
843 276 8 10 0.0120
280 362 8 10 0.0117
828 320 11 14 0.0116
475 349 9 11 0.0116
465 375 14 17 0.0116
346 382 10 12 0.0116
63 477 15 28 0.0116
95 391 7 8 0.0114
760 336 12 15 0.0113
356 364 8 9 0.0113
424 351 9 10 0.0113
702 355 12 13 0.0112
507 368 17 20 0.0110
224 412 13 14 0.0108
654 308 8 12 0.0108
4 426 15 17 0.0108
728 356 16 20 0.0108
706 321 10 12 0.0107
434 391 17 25 0.0106
981 320 17 21 0.0105
340 393 13 17 0.0103
465 135 16 19 0.0103
206 416 13 17 0.0103
307 409 13 15 0.0102
602 367 11 15 0.0102
63 430 12 14 0.0102
818 343 15 21 0.0101
