8_Election_Campain_Election_Campaign_8_76
32
153 303 39 44 0.8584
711 311 32 37 0.8537
344 296 36 43 0.8531
21 290 42 50 0.8527
842 274 41 47 0.8514
514 248 37 46 0.8499
356 228 32 37 0.8451
613 273 34 41 0.8435
257 283 36 46 0.8429
446 229 33 39 0.8393
643 231 31 38 0.8359
781 286 36 43 0.8281
70 307 40 47 0.8276
298 220 30 39 0.8267
415 281 33 40 0.8260
710 229 28 37 0.8245
554 257 30 38 0.8234
685 289 31 42 0.8219
390 235 28 36 0.7861
269 266 31 43 0.7072
205 233 32 38 0.7034
605 218 28 37 0.4607
208 307 37 42 0.4555
578 242 29 39 0.1373
212 307 36 42 0.0401
985 384 13 19 0.0250
200 304 35 43 0.0177
394 235 27 36 0.0139
265 269 33 42 0.0134
989 384 12 18 0.0129
516 220 25 32 0.0115
214 309 35 41 0.0112
