51_Dresses_wearingdress_51_1012
23
517 173 111 139 0.8835
0 539 40 60 0.8517
115 469 37 48 0.8322
79 498 34 49 0.8231
35 508 34 44 0.8122
163 468 31 44 0.7947
225 428 37 44 0.7103
167 433 35 44 0.3568
249 447 26 37 0.2919
163 434 36 44 0.1835
245 443 27 38 0.1065
239 443 33 42 0.0723
0 292 12 43 0.0502
847 88 37 43 0.0434
278 496 22 30 0.0329
169 429 31 37 0.0206
0 286 9 43 0.0194
643 0 23 14 0.0191
240 449 32 42 0.0153
282 535 23 29 0.0139
1 292 17 42 0.0125
21 355 33 37 0.0110
908 95 27 39 0.0108
