51_Dresses_wearingdress_51_7
26
294 19 62 83 0.8839
778 21 69 83 0.8798
957 124 37 47 0.8543
491 87 29 34 0.8286
531 54 25 53 0.8109
8 58 21 29 0.7754
58 63 20 28 0.7563
378 96 24 34 0.6199
200 81 18 22 0.4969
169 84 18 23 0.4872
118 71 16 21 0.4361
171 84 19 24 0.4194
903 131 16 20 0.3583
121 71 16 21 0.3187
900 131 16 21 0.2447
248 41 36 47 0.1196
372 97 24 32 0.0970
197 82 16 21 0.0764
112 108 16 17 0.0546
385 97 23 34 0.0489
252 39 36 51 0.0421
205 82 17 21 0.0238
246 48 24 33 0.0205
226 65 19 25 0.0185
371 95 21 33 0.0172
241 55 29 37 0.0143
