51_Dresses_wearingdress_51_727
33
608 44 60 78 0.8832
795 28 62 90 0.8804
282 78 99 174 0.8518
499 53 19 25 0.5837
910 69 15 20 0.3339
543 67 19 28 0.3163
539 67 21 29 0.2315
641 5 22 24 0.2023
964 0 14 13 0.1912
501 21 13 16 0.1319
967 0 14 13 0.1072
981 14 18 19 0.0984
661 4 15 21 0.0712
644 4 24 25 0.0661
693 1 14 17 0.0605
908 69 14 19 0.0579
465 248 25 68 0.0351
658 3 16 21 0.0346
585 70 15 18 0.0329
936 72 20 28 0.0282
700 72 19 24 0.0273
567 57 13 18 0.0212
920 11 17 22 0.0207
982 16 18 19 0.0203
977 14 17 19 0.0202
585 20 13 17 0.0168
977 17 18 19 0.0166
922 18 16 20 0.0144
582 71 13 16 0.0144
504 21 12 16 0.0135
500 19 12 16 0.0126
939 73 19 26 0.0109
1015 43 9 24 0.0100
