51_Dresses_wearingdress_51_140
30
451 87 100 131 0.8853
133 356 41 65 0.7852
184 299 39 55 0.6862
255 319 39 46 0.5647
614 150 24 30 0.2424
618 150 25 31 0.2226
935 340 40 50 0.1254
261 320 36 43 0.1250
182 298 40 56 0.1149
930 341 41 47 0.0743
982 278 31 40 0.0532
926 264 28 39 0.0502
295 177 19 27 0.0490
975 276 32 41 0.0440
297 179 20 29 0.0383
929 275 24 34 0.0326
940 347 36 45 0.0257
946 248 26 37 0.0217
922 275 25 34 0.0193
288 180 23 33 0.0185
946 249 33 48 0.0171
319 282 29 40 0.0166
247 168 19 29 0.0153
921 267 26 35 0.0148
887 368 24 30 0.0134
291 177 20 28 0.0118
706 144 24 29 0.0116
358 264 28 32 0.0115
934 250 26 36 0.0108
933 346 40 46 0.0105
