51_Dresses_wearingdress_51_1035
36
409 49 85 114 0.9002
172 235 110 130 0.8814
579 280 89 94 0.8712
854 188 91 90 0.8648
736 28 17 23 0.5652
288 54 17 22 0.4522
601 37 13 24 0.4293
265 97 18 22 0.3053
286 54 16 21 0.3027
733 28 18 23 0.2815
329 50 17 19 0.2724
326 49 17 19 0.2319
172 234 110 131 0.2306
665 30 21 25 0.2103
520 0 21 21 0.1586
598 36 13 23 0.1494
325 51 16 18 0.1245
269 98 16 22 0.1210
853 188 92 90 0.1027
612 32 15 23 0.0776
598 38 12 22 0.0771
669 31 19 23 0.0659
639 34 12 21 0.0516
518 0 21 21 0.0389
647 35 11 20 0.0385
323 49 16 19 0.0347
616 33 14 21 0.0238
619 33 13 20 0.0218
261 101 16 20 0.0198
644 34 14 20 0.0162
261 97 16 22 0.0147
597 37 14 23 0.0133
643 35 12 21 0.0130
652 36 13 20 0.0113
711 15 15 23 0.0109
515 0 20 20 0.0101
