51_Dresses_wearingdress_51_739
38
435 117 135 176 0.8862
725 217 76 95 0.8783
575 290 48 65 0.8344
905 278 34 41 0.8170
268 295 32 39 0.8101
637 260 32 37 0.8082
863 240 34 42 0.8079
223 239 29 36 0.7958
252 171 28 35 0.7929
680 180 32 39 0.7751
356 227 25 35 0.7113
44 248 48 110 0.6161
545 259 31 43 0.5341
995 252 25 41 0.4355
999 252 24 41 0.3962
558 224 25 32 0.3813
554 224 25 34 0.3588
846 298 29 33 0.2211
436 249 17 24 0.1532
842 298 28 33 0.1141
43 251 46 108 0.0841
336 231 23 31 0.0734
415 263 20 27 0.0561
433 248 14 22 0.0527
435 235 16 25 0.0388
552 258 30 43 0.0363
329 252 30 41 0.0321
218 302 26 33 0.0200
376 275 30 38 0.0199
433 238 13 20 0.0198
333 241 27 34 0.0195
321 255 30 41 0.0171
542 245 43 63 0.0151
333 234 25 32 0.0150
394 243 18 22 0.0130
951 281 26 34 0.0110
363 228 23 32 0.0109
537 257 29 43 0.0101
