51_Dresses_wearingdress_51_464
47
26 386 139 162 0.8797
392 242 267 329 0.8688
742 419 58 65 0.8340
896 391 24 30 0.3598
841 417 28 35 0.3419
807 325 20 25 0.3263
785 275 20 23 0.3160
788 275 21 23 0.2260
707 357 24 25 0.1919
739 296 16 20 0.1688
808 325 21 27 0.1562
890 392 22 28 0.1439
735 297 16 19 0.1436
705 364 23 26 0.1397
707 391 23 29 0.1204
991 315 26 36 0.1106
804 325 19 25 0.0829
803 325 22 28 0.0697
391 244 267 328 0.0650
901 393 24 29 0.0557
787 272 21 25 0.0497
834 415 31 38 0.0496
1008 324 16 34 0.0419
955 392 22 26 0.0418
783 272 21 25 0.0404
1001 316 20 39 0.0397
999 441 23 78 0.0353
891 395 23 29 0.0353
709 394 25 30 0.0346
953 396 30 41 0.0338
713 355 22 25 0.0315
713 389 24 31 0.0309
995 320 26 41 0.0227
702 366 18 23 0.0218
904 390 24 31 0.0195
701 363 24 27 0.0174
715 394 31 36 0.0168
969 372 28 36 0.0159
738 292 16 20 0.0158
950 392 24 31 0.0136
946 389 20 25 0.0136
701 390 24 32 0.0129
739 376 30 40 0.0128
607 502 45 74 0.0121
966 377 36 43 0.0117
986 317 26 37 0.0110
994 441 27 78 0.0102
