61_Street_Battle_streetfight_61_430
142
571 468 25 37 0.8099
917 578 23 30 0.7780
291 451 17 24 0.7375
624 461 22 26 0.7352
163 456 18 23 0.7339
35 451 19 23 0.7250
840 459 19 21 0.7122
920 429 23 27 0.7114
864 484 19 24 0.7059
952 432 21 27 0.7026
691 452 18 21 0.6264
907 428 17 24 0.6033
519 459 20 21 0.5943
230 459 22 28 0.5417
966 527 35 83 0.5388
270 458 13 17 0.5308
911 388 16 19 0.5022
456 449 18 23 0.4975
200 459 16 21 0.4837
139 448 19 24 0.4648
136 448 19 23 0.4602
796 457 13 17 0.4550
369 459 18 33 0.4371
91 463 16 20 0.4229
233 459 22 28 0.3857
197 459 15 21 0.3832
710 453 18 23 0.3569
64 444 17 19 0.3516
599 443 12 17 0.3256
89 463 16 19 0.3236
428 475 18 22 0.3168
52 452 15 21 0.3166
800 457 12 17 0.3032
914 388 15 19 0.3011
430 475 17 22 0.2849
749 22 17 20 0.2642
974 449 17 17 0.2624
476 450 16 20 0.2615
474 450 15 19 0.2332
746 21 17 21 0.2326
426 475 17 22 0.2323
595 443 12 17 0.2245
216 435 15 15 0.2212
1012 450 12 19 0.2206
140 378 14 16 0.2176
979 449 16 17 0.2163
479 450 15 20 0.2156
860 453 14 17 0.1918
452 450 19 22 0.1899
1014 451 10 20 0.1894
738 458 19 19 0.1881
310 465 15 18 0.1875
858 450 15 18 0.1832
553 467 15 18 0.1629
763 447 14 19 0.1546
310 463 12 16 0.1505
366 457 19 32 0.1453
759 447 14 19 0.1250
515 459 19 21 0.1219
274 457 13 18 0.1198
64 456 16 20 0.1102
974 452 18 20 0.1081
702 453 17 21 0.0887
69 444 15 18 0.0831
313 464 13 16 0.0822
480 450 16 21 0.0789
766 105 25 27 0.0753
50 449 15 20 0.0747
94 464 15 17 0.0746
771 105 24 26 0.0705
397 509 17 21 0.0650
425 475 16 21 0.0646
549 464 16 18 0.0641
380 458 16 23 0.0632
213 434 13 15 0.0518
70 459 14 17 0.0500
380 480 14 18 0.0488
863 450 14 18 0.0486
710 450 16 21 0.0470
863 453 15 17 0.0453
734 458 17 18 0.0445
138 378 12 16 0.0431
948 432 20 27 0.0428
688 452 17 20 0.0407
762 449 18 24 0.0406
314 465 14 19 0.0401
453 449 18 23 0.0396
362 459 20 32 0.0394
310 463 15 18 0.0383
861 483 18 25 0.0381
403 509 15 20 0.0350
904 429 15 22 0.0340
288 451 17 23 0.0333
757 449 19 24 0.0332
556 465 14 18 0.0331
385 460 16 24 0.0326
744 458 18 20 0.0317
388 460 14 17 0.0311
54 456 16 20 0.0309
212 437 16 17 0.0305
957 412 13 15 0.0299
375 464 16 27 0.0281
13 451 12 13 0.0245
675 436 14 18 0.0230
118 462 12 14 0.0217
217 440 17 20 0.0196
954 414 16 18 0.0196
744 448 18 22 0.0189
652 452 15 20 0.0189
389 467 13 19 0.0189
11 453 15 18 0.0185
1012 372 12 18 0.0181
594 442 14 19 0.0180
434 451 13 15 0.0174
550 472 21 25 0.0172
546 465 16 20 0.0172
365 459 19 31 0.0171
221 436 13 15 0.0165
974 454 20 23 0.0162
956 416 17 19 0.0159
216 456 15 21 0.0158
60 444 16 19 0.0158
160 457 17 22 0.0152
236 441 12 14 0.0138
672 439 15 18 0.0137
717 455 17 22 0.0130
421 460 12 16 0.0128
671 436 13 17 0.0126
234 440 14 16 0.0126
739 463 19 18 0.0124
361 456 18 32 0.0123
752 445 15 18 0.0122
713 460 20 22 0.0121
979 452 17 19 0.0120
137 377 14 16 0.0117
954 412 13 15 0.0114
965 526 35 86 0.0114
65 461 17 20 0.0112
144 378 11 16 0.0111
909 388 15 18 0.0110
500 461 14 16 0.0108
992 442 15 19 0.0102
