61_Street_Battle_streetfight_61_276
27
255 45 26 35 0.8629
523 36 26 34 0.8627
196 58 29 39 0.8568
635 37 25 33 0.8558
777 41 27 37 0.8551
345 59 25 33 0.8548
939 27 25 34 0.8489
51 75 25 32 0.8463
810 20 25 31 0.8423
389 36 28 31 0.8417
125 46 23 27 0.8391
313 23 26 33 0.8388
173 43 24 31 0.8374
670 42 24 29 0.8306
439 51 26 31 0.8295
152 59 25 33 0.8291
8 50 26 32 0.8283
582 36 26 29 0.8265
64 123 28 34 0.8238
466 43 21 26 0.7899
487 47 20 25 0.6150
962 32 21 28 0.6102
960 31 21 28 0.3255
489 46 20 26 0.3229
546 52 17 24 0.0676
959 32 23 29 0.0474
174 43 24 32 0.0113
