61_Street_Battle_streetfight_61_913
29
890 132 109 130 0.8122
233 314 26 34 0.7917
142 462 12 15 0.2497
142 200 17 17 0.1919
139 461 12 16 0.1919
129 314 35 44 0.1868
147 201 15 15 0.1163
139 462 11 15 0.1025
203 195 13 18 0.0831
133 315 34 43 0.0805
112 326 29 32 0.0791
118 316 33 41 0.0621
199 195 12 18 0.0493
117 320 34 39 0.0485
172 471 8 10 0.0470
144 461 10 14 0.0437
709 170 18 22 0.0330
143 203 18 20 0.0318
144 463 11 14 0.0316
176 471 7 10 0.0272
203 192 11 15 0.0218
705 171 18 22 0.0214
148 204 17 20 0.0174
112 323 25 32 0.0147
190 477 9 10 0.0122
194 477 8 11 0.0118
200 203 18 24 0.0115
200 193 9 13 0.0108
205 195 13 16 0.0105
