61_Street_Battle_streetfight_61_211
61
35 509 44 55 0.8329
127 544 40 52 0.8297
173 529 37 44 0.8224
882 621 36 46 0.8123
272 523 35 45 0.8088
832 174 84 139 0.8078
978 623 36 47 0.7986
911 562 34 43 0.7978
221 530 31 40 0.7475
324 542 34 38 0.7220
350 567 29 37 0.6261
990 578 31 41 0.5410
991 579 31 43 0.4839
952 577 24 30 0.3160
960 531 19 24 0.2424
1012 513 12 26 0.1692
1007 514 14 25 0.1683
882 551 29 32 0.1608
5 532 20 29 0.1432
956 558 27 34 0.1401
958 530 17 21 0.1355
326 409 37 104 0.1221
966 559 25 32 0.0944
1 532 19 28 0.0810
889 553 28 34 0.0746
963 530 16 20 0.0695
323 541 32 39 0.0682
87 520 27 35 0.0623
744 561 30 40 0.0582
100 542 34 45 0.0546
328 418 36 101 0.0508
745 560 26 34 0.0496
101 532 30 42 0.0432
193 531 30 40 0.0412
4 524 22 34 0.0349
348 566 25 29 0.0347
893 526 23 30 0.0276
949 575 24 33 0.0273
964 531 18 24 0.0259
888 541 29 39 0.0249
96 525 27 35 0.0237
952 578 26 35 0.0224
1012 508 12 25 0.0189
345 569 26 34 0.0181
751 560 24 32 0.0179
256 518 27 42 0.0152
878 542 31 39 0.0146
95 539 31 42 0.0144
881 561 34 38 0.0142
326 413 41 106 0.0134
88 523 35 45 0.0132
257 504 27 36 0.0129
956 534 16 23 0.0114
226 530 29 39 0.0114
1014 686 10 48 0.0114
836 588 29 39 0.0113
5 537 26 38 0.0107
213 532 29 39 0.0106
1004 602 19 39 0.0103
751 561 29 40 0.0102
10 530 25 35 0.0101
