61_Street_Battle_streetfight_61_432
97
148 232 37 50 0.8688
499 502 34 42 0.8631
637 514 33 46 0.8623
646 319 25 35 0.8589
709 395 33 46 0.8567
806 415 28 42 0.8558
143 295 33 48 0.8551
739 322 27 36 0.8534
418 528 31 47 0.8522
101 152 29 38 0.8505
179 149 26 36 0.8493
847 323 23 29 0.8435
500 296 29 37 0.8395
211 212 29 38 0.8356
966 374 27 34 0.8326
264 172 18 22 0.8214
586 217 19 24 0.8200
622 270 22 28 0.8197
546 236 27 32 0.8194
886 323 23 27 0.8159
523 206 20 26 0.7743
793 286 20 26 0.7741
833 286 17 21 0.7640
319 149 19 27 0.7473
849 398 25 35 0.7456
846 272 17 22 0.7323
796 261 14 18 0.6705
653 202 14 20 0.5901
763 246 16 21 0.5498
634 215 17 22 0.4956
902 283 16 21 0.4638
899 283 17 20 0.4531
934 269 11 14 0.4517
823 267 14 17 0.3874
631 215 17 22 0.3824
826 267 13 18 0.3451
760 246 16 21 0.3414
419 163 23 46 0.3320
732 229 13 19 0.2946
655 202 14 20 0.2915
831 345 16 23 0.2551
910 276 13 16 0.2366
1017 280 7 17 0.1380
824 267 15 18 0.1316
730 228 13 20 0.1289
301 211 22 24 0.1260
263 212 30 34 0.1179
935 270 11 13 0.1013
932 269 11 13 0.0974
458 183 16 21 0.0947
1019 282 5 18 0.0917
736 230 11 18 0.0806
798 262 14 17 0.0804
268 213 29 34 0.0611
970 297 14 18 0.0597
946 331 22 25 0.0521
244 217 18 24 0.0478
849 272 16 22 0.0477
454 187 22 32 0.0471
731 261 12 23 0.0455
1017 298 7 23 0.0455
946 327 21 21 0.0443
320 112 14 19 0.0424
322 114 14 19 0.0359
967 274 11 15 0.0353
937 269 9 13 0.0352
965 275 11 14 0.0350
926 386 22 31 0.0332
943 296 14 16 0.0293
279 193 18 23 0.0284
951 328 19 19 0.0262
966 374 27 34 0.0261
227 195 26 31 0.0226
736 229 10 17 0.0225
639 242 17 21 0.0223
447 193 19 27 0.0207
424 163 19 45 0.0197
932 271 11 14 0.0184
1018 303 6 23 0.0180
710 396 32 45 0.0166
507 184 17 24 0.0164
426 167 19 42 0.0164
968 297 11 17 0.0163
939 296 15 16 0.0160
911 275 11 13 0.0156
836 286 16 21 0.0151
797 286 18 25 0.0148
836 344 16 23 0.0144
927 392 21 27 0.0142
232 196 24 29 0.0138
733 265 13 22 0.0126
986 315 15 20 0.0125
157 167 15 19 0.0123
736 263 11 20 0.0112
919 291 12 15 0.0112
326 183 19 24 0.0111
161 167 14 19 0.0101
