61_Street_Battle_streetfight_61_936
22
834 381 33 39 0.8373
499 218 35 50 0.8234
704 323 34 37 0.8138
127 261 39 49 0.7792
671 323 28 40 0.7649
968 258 41 50 0.2574
367 332 23 32 0.2415
1016 279 8 33 0.1175
374 332 19 32 0.0861
1013 272 11 40 0.0748
952 262 34 44 0.0502
363 324 25 38 0.0376
372 327 20 35 0.0257
360 325 29 41 0.0227
366 335 25 38 0.0206
359 331 27 34 0.0195
1009 261 15 41 0.0193
951 260 31 42 0.0164
964 259 39 48 0.0159
1018 280 6 41 0.0140
360 313 28 43 0.0109
350 311 31 41 0.0103
