52_Photographers_taketouristphotos_52_266
58
607 452 55 83 0.8492
321 387 27 32 0.8414
459 370 31 43 0.7975
662 649 133 111 0.7474
243 410 24 40 0.7212
346 375 14 20 0.4868
279 338 15 18 0.4319
376 339 10 17 0.3000
380 339 9 16 0.2128
411 339 10 13 0.1299
447 375 21 32 0.1267
395 340 9 13 0.1215
317 328 12 21 0.0936
276 338 14 18 0.0823
314 328 12 21 0.0715
408 338 10 13 0.0688
387 356 12 16 0.0679
418 382 11 20 0.0535
350 375 13 19 0.0500
344 374 14 20 0.0460
414 381 11 22 0.0452
391 356 11 16 0.0422
393 339 10 15 0.0422
380 337 8 14 0.0421
414 339 9 13 0.0398
372 366 14 20 0.0333
413 339 10 12 0.0302
414 338 8 11 0.0288
394 339 9 13 0.0278
376 337 9 15 0.0274
284 337 13 18 0.0265
232 343 8 9 0.0260
457 341 8 10 0.0232
624 374 13 21 0.0223
415 383 12 22 0.0203
313 331 14 21 0.0181
460 341 9 11 0.0176
420 384 13 21 0.0176
416 382 15 23 0.0172
347 343 13 16 0.0166
230 342 7 9 0.0165
620 374 14 22 0.0165
219 344 7 9 0.0160
449 372 16 25 0.0148
437 379 16 24 0.0144
433 337 8 9 0.0143
445 375 28 38 0.0140
388 356 13 19 0.0127
215 344 8 9 0.0125
442 376 20 30 0.0117
435 338 9 11 0.0116
355 342 11 16 0.0114
277 335 14 19 0.0113
234 343 8 10 0.0111
351 373 11 17 0.0110
92 408 17 54 0.0108
233 342 8 10 0.0107
241 410 25 40 0.0102
