52_Photographers_photographertakingphoto_52_263
40
626 260 26 35 0.8295
138 293 20 34 0.8188
353 297 22 31 0.8130
752 281 22 39 0.8104
799 283 24 41 0.7921
684 245 22 38 0.7861
402 292 23 32 0.7771
40 278 20 30 0.5863
320 306 12 19 0.5209
63 384 19 28 0.4142
660 371 27 50 0.4013
41 278 21 30 0.3388
270 300 11 16 0.3341
470 305 14 20 0.2768
747 427 34 61 0.2595
60 382 20 31 0.2552
273 300 11 15 0.1654
467 304 13 20 0.1520
35 380 26 38 0.1372
317 307 12 18 0.1330
44 376 20 35 0.1067
663 374 30 47 0.0842
85 317 18 23 0.0786
338 301 13 21 0.0468
267 300 11 15 0.0459
875 332 22 35 0.0446
272 302 11 15 0.0445
43 381 21 36 0.0440
567 322 7 8 0.0380
564 320 8 9 0.0301
872 336 19 30 0.0277
67 382 18 29 0.0255
873 323 25 43 0.0227
267 303 11 14 0.0223
337 298 14 22 0.0201
316 308 14 20 0.0199
564 322 7 8 0.0194
80 317 18 23 0.0194
36 375 25 41 0.0150
55 380 23 34 0.0143
