52_Photographers_taketouristphotos_52_288
23
831 386 32 49 0.8587
703 304 33 43 0.8585
844 203 33 44 0.8535
1003 314 21 28 0.8467
985 74 32 40 0.8434
767 13 30 34 0.8373
721 28 23 31 0.8033
883 31 23 35 0.7667
168 198 13 15 0.5061
68 208 13 14 0.4746
270 220 12 13 0.4715
71 207 12 15 0.3291
272 220 12 13 0.2330
166 198 13 15 0.1857
268 220 11 13 0.0451
883 30 24 37 0.0410
166 199 12 14 0.0285
609 12 19 22 0.0219
612 16 17 21 0.0182
170 198 12 14 0.0180
373 10 10 11 0.0127
781 256 11 13 0.0121
887 485 12 14 0.0114
