52_Photographers_taketouristphotos_52_281
26
412 654 36 46 0.8582
624 585 37 59 0.7148
106 611 24 43 0.2374
154 640 30 34 0.1771
102 612 25 41 0.1246
290 616 20 23 0.1238
288 614 19 22 0.1135
149 639 34 39 0.0789
442 467 19 24 0.0597
107 607 24 42 0.0510
219 469 16 21 0.0375
700 583 16 19 0.0334
285 618 18 21 0.0333
102 617 25 40 0.0296
439 467 18 25 0.0262
800 606 17 21 0.0243
792 604 22 25 0.0199
72 588 18 41 0.0183
107 614 25 42 0.0174
792 602 20 23 0.0169
798 603 18 22 0.0161
223 468 15 22 0.0145
697 584 15 17 0.0133
157 637 26 31 0.0132
101 608 25 39 0.0118
284 614 17 22 0.0115
