52_Photographers_taketouristphotos_52_97
28
250 247 181 203 0.8602
821 612 52 57 0.7137
632 601 10 13 0.0654
608 652 8 9 0.0640
605 652 8 10 0.0622
636 602 9 11 0.0536
928 603 23 27 0.0467
930 598 19 21 0.0362
821 612 51 58 0.0292
742 633 6 7 0.0239
610 629 7 7 0.0210
614 629 6 7 0.0202
738 634 6 7 0.0181
740 633 6 7 0.0175
632 606 10 13 0.0168
737 632 6 7 0.0166
924 604 32 42 0.0151
588 652 7 9 0.0146
956 591 14 18 0.0144
715 638 5 7 0.0140
718 638 6 7 0.0139
607 653 7 9 0.0130
680 636 5 7 0.0123
925 598 26 30 0.0122
676 637 5 6 0.0120
637 605 8 11 0.0107
678 635 5 7 0.0104
615 630 6 7 0.0101
