52_Photographers_taketouristphotos_52_51
70
447 931 37 50 0.8604
916 856 8 12 0.1429
912 856 9 11 0.1345
861 829 17 19 0.0979
782 879 10 11 0.0805
917 857 9 11 0.0791
913 858 8 11 0.0753
785 878 9 12 0.0670
857 830 17 18 0.0631
780 878 10 12 0.0619
742 850 9 11 0.0596
838 870 10 13 0.0538
841 870 11 13 0.0536
765 835 8 11 0.0465
746 884 10 11 0.0446
724 882 9 11 0.0439
760 813 8 10 0.0433
848 851 13 15 0.0427
750 885 9 12 0.0418
719 883 10 11 0.0384
764 813 8 10 0.0367
904 916 10 12 0.0344
715 900 10 12 0.0320
712 900 10 12 0.0319
757 869 9 11 0.0315
900 917 10 12 0.0311
784 877 9 12 0.0304
763 853 8 10 0.0292
730 851 8 11 0.0282
726 851 9 11 0.0240
839 873 10 12 0.0238
880 852 11 14 0.0233
820 839 12 15 0.0233
902 916 9 12 0.0233
761 812 8 10 0.0232
745 881 9 12 0.0231
719 880 9 11 0.0227
914 857 9 11 0.0220
924 907 10 12 0.0220
766 1281 13 25 0.0218
824 839 12 15 0.0188
744 885 9 11 0.0184
762 836 8 11 0.0168
734 851 9 12 0.0161
766 855 9 12 0.0160
821 841 12 15 0.0155
758 812 8 9 0.0150
930 921 11 14 0.0147
767 858 9 11 0.0142
724 722 10 12 0.0142
883 855 10 13 0.0140
926 921 11 14 0.0140
928 858 9 11 0.0139
710 900 9 12 0.0138
928 908 10 12 0.0138
879 853 12 14 0.0137
877 705 8 9 0.0133
713 901 8 11 0.0131
926 855 9 13 0.0131
845 853 12 14 0.0130
707 716 7 10 0.0125
711 716 8 11 0.0121
922 700 8 10 0.0117
923 945 10 12 0.0116
725 870 10 11 0.0115
825 841 12 15 0.0112
779 832 9 10 0.0104
709 716 8 10 0.0104
800 851 10 11 0.0102
898 915 10 12 0.0100
