29_Students_Schoolkids_Students_Schoolkids_29_310
52
651 194 62 64 0.9026
833 216 64 72 0.8996
470 202 54 63 0.8880
284 200 55 73 0.8842
96 211 61 71 0.8771
542 161 109 117 0.8758
763 185 82 114 0.8418
354 218 114 128 0.5713
857 400 13 13 0.5474
836 407 12 14 0.5170
79 398 12 14 0.5042
679 380 10 11 0.4925
101 397 12 13 0.4356
658 385 11 12 0.4147
470 417 11 13 0.3959
467 417 11 13 0.3879
661 385 10 12 0.3762
486 414 11 12 0.3442
703 380 8 11 0.3406
884 399 10 12 0.3316
705 380 9 11 0.3313
838 407 12 14 0.2801
508 419 9 11 0.2568
489 415 10 12 0.2310
432 432 23 22 0.2181
887 399 10 12 0.2167
81 398 12 13 0.1976
123 401 9 11 0.1765
126 401 9 11 0.1708
356 405 11 10 0.1679
511 419 10 11 0.1600
859 401 12 14 0.1388
677 379 10 12 0.1214
353 405 11 11 0.0948
437 434 21 21 0.0909
374 405 10 9 0.0651
124 402 8 11 0.0574
127 402 9 10 0.0396
372 405 9 9 0.0386
490 414 10 11 0.0312
391 407 8 9 0.0290
388 407 8 8 0.0259
356 404 9 10 0.0177
707 381 9 11 0.0171
441 437 18 18 0.0161
490 414 10 12 0.0137
876 400 10 12 0.0136
887 400 9 11 0.0135
103 398 10 12 0.0114
433 435 23 21 0.0112
703 380 9 10 0.0107
862 402 11 12 0.0104
