29_Students_Schoolkids_Students_Schoolkids_29_66
35
649 125 34 47 0.8477
397 103 36 48 0.8467
449 168 36 49 0.8424
323 104 36 51 0.8384
0 163 15 49 0.8376
191 88 30 45 0.8065
319 191 30 54 0.8063
476 124 28 47 0.7947
17 138 25 44 0.7826
109 122 26 51 0.7725
287 110 23 45 0.7344
174 145 22 45 0.7195
701 199 23 47 0.6650
818 176 19 38 0.6275
922 169 19 40 0.2856
969 179 19 34 0.2405
706 199 20 47 0.2352
780 141 17 35 0.1834
979 143 25 35 0.1349
972 180 19 37 0.0881
921 167 18 40 0.0829
766 180 22 30 0.0672
285 110 20 44 0.0372
649 125 33 47 0.0298
171 146 19 43 0.0286
190 88 31 44 0.0260
769 181 23 30 0.0224
986 144 23 35 0.0217
907 173 15 32 0.0217
974 179 20 35 0.0210
924 170 20 39 0.0177
573 117 21 38 0.0145
536 87 19 37 0.0143
783 142 16 35 0.0143
766 181 25 37 0.0112
