29_Students_Schoolkids_Students_Schoolkids_29_358
54
623 376 20 24 0.7969
940 420 23 25 0.7911
711 372 21 23 0.7785
844 408 20 26 0.7710
498 421 18 22 0.7693
544 379 19 22 0.7688
433 400 17 21 0.7258
573 389 18 23 0.7253
672 388 19 23 0.6390
267 362 17 22 0.6282
887 398 20 24 0.5652
309 437 16 21 0.5625
800 407 19 22 0.5494
340 443 17 20 0.5479
767 388 22 26 0.5367
488 381 18 22 0.5024
250 434 17 20 0.4941
361 422 17 20 0.4414
433 424 15 19 0.4152
364 422 17 20 0.4132
491 381 18 22 0.3817
884 398 20 24 0.3692
247 434 17 19 0.3610
270 362 17 22 0.3215
312 437 17 21 0.2696
474 432 15 19 0.2543
771 389 20 25 0.2441
534 401 17 21 0.2355
337 443 18 20 0.2086
536 401 18 21 0.1773
457 418 16 23 0.1767
797 406 19 23 0.1350
418 420 15 20 0.0875
669 389 19 22 0.0823
435 401 18 21 0.0484
414 421 15 19 0.0443
798 398 20 26 0.0405
848 408 19 26 0.0386
454 420 15 21 0.0337
571 390 17 22 0.0297
454 414 17 25 0.0263
739 424 15 21 0.0257
393 420 17 20 0.0256
533 418 18 20 0.0233
416 418 15 20 0.0233
282 437 16 18 0.0200
542 379 19 22 0.0188
775 379 17 21 0.0186
459 430 15 18 0.0181
471 426 17 21 0.0164
389 422 14 17 0.0130
397 409 17 22 0.0124
792 397 18 24 0.0115
438 426 14 20 0.0103
