29_Students_Schoolkids_Students_Schoolkids_29_251
27
658 266 59 77 0.8868
484 467 59 76 0.8785
264 466 66 85 0.8763
501 214 66 91 0.8729
216 264 69 73 0.8714
382 482 65 73 0.8697
317 328 55 71 0.8691
637 165 59 78 0.8676
749 497 67 85 0.8676
733 294 71 88 0.8648
51 560 73 84 0.8606
49 311 60 67 0.8602
908 213 65 73 0.8597
115 193 58 74 0.8596
221 193 46 52 0.8526
552 354 71 74 0.8432
409 110 53 56 0.8148
376 272 53 59 0.7878
382 206 48 57 0.7540
899 97 48 57 0.7375
508 139 48 62 0.1294
115 193 59 74 0.0906
899 97 48 57 0.0520
508 139 48 63 0.0493
380 206 51 57 0.0333
899 98 48 56 0.0170
379 206 52 57 0.0164
