29_Students_Schoolkids_Students_Schoolkids_29_684
88
457 40 49 64 0.8663
213 63 50 61 0.8368
791 479 7 10 0.2819
788 479 7 10 0.2722
291 510 7 8 0.2118
294 510 7 8 0.2057
989 473 7 7 0.1816
987 473 7 8 0.1335
324 519 5 7 0.1281
787 479 7 9 0.1144
790 479 7 9 0.1078
321 520 5 6 0.1075
321 519 5 7 0.1072
828 463 6 9 0.1055
831 463 6 9 0.0905
955 457 7 8 0.0831
993 472 6 7 0.0823
829 465 6 9 0.0690
440 518 4 6 0.0637
962 460 9 10 0.0632
963 465 11 13 0.0591
444 519 5 6 0.0589
832 464 7 9 0.0577
1000 468 6 7 0.0576
987 472 6 8 0.0571
443 518 5 6 0.0566
442 519 4 5 0.0553
293 509 6 8 0.0511
966 462 8 11 0.0489
854 469 7 9 0.0433
214 537 5 7 0.0413
850 469 7 10 0.0392
217 537 6 7 0.0381
290 509 7 8 0.0361
814 488 7 8 0.0355
987 472 7 8 0.0351
955 456 7 9 0.0350
674 498 6 7 0.0341
698 499 5 7 0.0320
291 513 7 8 0.0316
659 496 6 7 0.0310
956 457 8 9 0.0281
812 488 6 8 0.0279
662 495 7 8 0.0272
296 512 6 8 0.0267
990 474 6 8 0.0263
661 494 6 8 0.0249
1003 467 7 8 0.0249
292 509 6 8 0.0244
657 493 6 8 0.0220
666 504 6 8 0.0220
950 447 7 8 0.0218
812 489 6 8 0.0217
63 526 4 6 0.0215
714 500 5 6 0.0208
701 500 6 7 0.0202
461 517 5 6 0.0201
463 518 5 5 0.0198
558 509 6 7 0.0192
815 489 6 8 0.0187
1005 465 6 8 0.0186
554 505 5 8 0.0184
322 520 6 6 0.0175
192 543 5 7 0.0168
843 458 8 9 0.0161
326 520 5 6 0.0158
663 504 6 8 0.0158
556 506 7 8 0.0152
947 446 7 9 0.0148
699 499 6 7 0.0146
66 525 4 6 0.0145
342 527 5 6 0.0142
851 468 8 9 0.0137
555 508 6 8 0.0135
852 471 7 8 0.0134
319 517 5 7 0.0130
960 465 8 10 0.0128
187 542 5 7 0.0119
214 536 6 8 0.0118
189 544 5 6 0.0114
671 498 6 7 0.0112
213 536 5 7 0.0110
830 463 7 8 0.0108
190 542 5 7 0.0107
644 495 5 7 0.0106
216 536 5 7 0.0105
652 497 6 7 0.0104
843 457 7 9 0.0104
