29_Students_Schoolkids_Students_Schoolkids_29_316
43
409 0 45 50 0.9027
637 192 107 132 0.8993
97 2 57 60 0.8866
291 128 75 91 0.8856
940 1 65 68 0.8820
167 161 102 118 0.8784
886 102 82 90 0.8750
553 113 85 99 0.8744
160 22 48 55 0.8734
830 12 79 85 0.8715
711 0 60 52 0.8687
258 18 69 78 0.8664
565 1 43 59 0.8635
28 138 76 82 0.8585
327 21 57 67 0.8437
502 0 71 56 0.8403
0 62 58 78 0.8313
204 22 43 53 0.8257
64 0 37 35 0.8150
655 1 37 42 0.8096
763 1 50 56 0.7421
484 16 42 56 0.5539
1002 0 21 50 0.3477
1003 0 20 50 0.2967
367 14 35 52 0.1690
763 2 50 55 0.1575
985 0 36 54 0.1132
483 14 40 57 0.0995
482 3 33 46 0.0732
366 12 35 51 0.0599
606 0 30 11 0.0527
484 16 45 57 0.0446
989 0 33 52 0.0430
709 0 60 52 0.0412
484 11 33 48 0.0312
0 131 8 88 0.0254
0 140 11 84 0.0205
382 13 27 46 0.0204
368 20 35 52 0.0191
382 15 28 48 0.0187
348 16 49 61 0.0142
486 3 36 45 0.0123
0 131 23 87 0.0113
