29_Students_Schoolkids_Students_Schoolkids_29_494
40
296 322 60 63 0.8855
284 32 42 44 0.8605
352 241 52 58 0.8303
785 128 31 36 0.8176
720 129 29 43 0.8161
463 154 32 37 0.8098
384 165 32 34 0.8082
542 146 26 31 0.7955
437 157 25 33 0.7501
353 162 21 30 0.6481
823 134 22 26 0.6311
608 195 24 41 0.4925
477 243 37 40 0.3007
562 164 23 35 0.2069
895 138 15 23 0.1971
258 294 35 54 0.1525
864 145 21 22 0.1458
658 141 21 35 0.1265
564 164 29 39 0.1239
655 141 19 33 0.1074
614 195 24 41 0.0778
819 133 24 29 0.0639
234 270 25 46 0.0514
898 140 16 22 0.0348
233 274 26 48 0.0320
254 231 22 35 0.0251
860 144 22 22 0.0247
605 196 19 37 0.0236
891 139 13 21 0.0232
864 141 21 23 0.0222
566 162 25 36 0.0216
657 138 19 36 0.0158
264 295 35 53 0.0156
353 242 51 57 0.0138
447 218 20 28 0.0129
506 172 20 23 0.0124
636 141 26 34 0.0123
402 216 23 36 0.0118
260 231 18 34 0.0116
572 167 31 37 0.0104
