29_Students_Schoolkids_Students_Schoolkids_29_130
41
375 165 40 54 0.8360
106 262 51 62 0.8098
238 240 34 34 0.7515
533 245 31 34 0.7313
608 428 47 61 0.7293
681 491 33 62 0.5404
681 489 35 65 0.3058
321 205 13 18 0.2164
473 203 21 27 0.2028
477 203 20 27 0.1950
378 239 20 23 0.1742
15 232 13 17 0.1440
372 238 19 23 0.1136
326 205 12 18 0.1106
475 206 20 25 0.1056
686 490 32 62 0.0977
481 207 18 23 0.0748
19 232 12 17 0.0566
38 245 13 21 0.0413
390 230 17 24 0.0410
389 233 19 25 0.0292
317 205 15 22 0.0288
380 245 20 20 0.0263
39 246 15 22 0.0253
0 250 10 26 0.0247
251 290 23 28 0.0225
318 205 12 18 0.0211
262 287 25 31 0.0208
384 230 19 26 0.0205
370 210 17 22 0.0195
16 236 14 17 0.0184
380 233 25 29 0.0181
273 285 20 31 0.0169
472 218 22 30 0.0164
44 246 11 18 0.0158
252 294 26 30 0.0152
324 209 13 17 0.0138
479 222 19 27 0.0131
367 234 19 26 0.0113
366 239 15 21 0.0112
373 245 22 22 0.0104
