29_Students_Schoolkids_Students_Schoolkids_29_221
73
262 225 27 41 0.8621
231 217 34 62 0.8554
289 233 17 28 0.7987
380 217 22 49 0.7837
443 269 22 53 0.7273
524 192 12 20 0.6512
733 190 10 13 0.4547
766 192 8 9 0.3711
492 202 7 9 0.3249
576 196 6 9 0.3172
163 239 12 20 0.2982
715 194 10 11 0.2966
753 193 7 9 0.2939
495 201 7 10 0.2914
736 190 9 12 0.2804
811 214 7 9 0.2750
814 214 7 9 0.2669
502 208 7 10 0.2660
573 197 6 8 0.2651
558 202 7 8 0.2536
755 193 7 9 0.2450
540 195 6 8 0.2443
566 196 6 8 0.2268
569 195 6 9 0.2221
713 194 10 11 0.2106
769 192 7 9 0.2072
714 195 9 11 0.1974
541 195 7 8 0.1949
561 203 6 9 0.1754
558 204 7 8 0.1510
757 215 9 12 0.1489
783 182 6 7 0.1313
717 194 9 12 0.1261
797 222 6 8 0.1234
160 239 12 19 0.1201
543 194 6 8 0.1198
521 192 13 19 0.1090
504 208 7 11 0.1028
784 182 7 8 0.1022
752 193 8 9 0.1019
795 222 6 7 0.1018
760 215 9 11 0.1014
242 216 26 48 0.0810
794 223 6 7 0.0795
450 270 17 52 0.0625
500 209 7 8 0.0615
541 193 7 9 0.0509
494 200 7 10 0.0464
769 191 7 9 0.0446
786 182 6 8 0.0422
571 197 7 9 0.0421
781 182 6 8 0.0358
812 216 7 8 0.0330
521 193 12 19 0.0324
760 217 9 11 0.0317
810 213 7 9 0.0315
167 240 11 19 0.0288
787 184 6 8 0.0273
813 213 7 9 0.0261
793 221 6 8 0.0232
756 216 8 10 0.0219
815 216 7 7 0.0199
495 201 7 9 0.0198
810 215 7 8 0.0196
763 218 8 9 0.0195
492 201 6 8 0.0187
730 190 9 12 0.0181
801 164 6 8 0.0163
283 229 21 35 0.0158
161 238 13 21 0.0137
162 242 12 17 0.0115
783 180 6 8 0.0106
804 164 6 8 0.0105
