29_Students_Schoolkids_Students_Schoolkids_29_10
26
657 367 26 31 0.8518
424 353 24 29 0.8363
483 366 21 30 0.8334
575 336 23 28 0.8188
466 329 20 26 0.7727
458 293 19 23 0.7645
526 317 17 22 0.7454
524 375 24 29 0.7150
627 350 22 24 0.6697
510 283 14 15 0.5525
523 272 13 17 0.5443
559 280 14 17 0.5177
485 298 16 19 0.4207
594 289 13 16 0.4052
483 298 15 18 0.3526
610 321 19 21 0.3468
597 289 12 16 0.3250
557 280 13 17 0.3107
613 322 19 21 0.2938
525 274 13 16 0.1563
526 375 23 30 0.1460
507 283 14 15 0.0946
629 350 22 25 0.0612
464 328 19 27 0.0461
528 317 17 22 0.0161
601 310 14 18 0.0112
