29_Students_Schoolkids_Students_Schoolkids_29_21
48
462 156 105 132 0.8937
315 93 56 74 0.8883
743 216 127 155 0.8837
207 106 53 63 0.8777
946 63 57 65 0.8731
452 58 44 56 0.8709
879 13 37 47 0.8632
114 56 39 47 0.8619
613 57 53 68 0.8579
765 63 55 65 0.8557
72 140 74 86 0.8500
11 71 27 36 0.8474
730 39 34 42 0.8427
581 16 27 34 0.8387
432 33 34 48 0.8384
578 53 36 48 0.8359
73 61 38 47 0.8335
989 31 34 45 0.8228
405 51 26 34 0.8174
923 38 40 51 0.8112
805 21 30 38 0.8057
466 24 28 34 0.7919
497 48 38 48 0.6437
662 28 29 38 0.5770
355 77 37 48 0.5400
155 82 46 62 0.3731
500 89 56 74 0.3569
738 16 27 32 0.3142
0 101 7 54 0.1728
0 99 4 50 0.1315
155 56 23 32 0.0740
0 107 7 59 0.0557
737 18 29 38 0.0553
661 27 31 41 0.0520
148 57 29 40 0.0405
152 57 29 41 0.0364
0 118 7 50 0.0264
152 56 22 33 0.0240
390 80 20 29 0.0238
433 58 27 36 0.0196
155 83 47 60 0.0184
1 96 10 52 0.0162
388 79 25 34 0.0160
431 48 28 41 0.0148
0 109 9 56 0.0141
146 80 37 51 0.0133
741 16 25 30 0.0110
1005 44 19 46 0.0105
