29_Students_Schoolkids_Students_Schoolkids_29_374
30
690 127 30 38 0.8415
391 114 22 30 0.8172
421 280 50 43 0.7176
676 185 19 21 0.7069
471 88 14 20 0.4167
444 503 47 24 0.3558
473 88 14 21 0.2563
810 89 10 11 0.1419
814 88 9 11 0.1379
448 503 50 23 0.0645
470 88 11 19 0.0510
737 76 7 9 0.0502
446 511 46 20 0.0465
733 76 8 9 0.0456
443 493 45 32 0.0442
724 81 8 9 0.0392
725 79 7 10 0.0331
727 79 8 10 0.0278
470 90 12 19 0.0250
812 91 9 11 0.0250
733 75 6 8 0.0236
732 75 7 9 0.0184
736 74 7 9 0.0159
451 510 49 20 0.0140
815 85 7 10 0.0130
443 498 52 30 0.0127
816 91 8 10 0.0120
451 492 46 33 0.0120
809 89 9 10 0.0118
424 277 49 45 0.0108
