29_Students_Schoolkids_Students_Schoolkids_29_624
113
146 148 47 57 0.7975
559 282 18 25 0.6205
145 148 48 57 0.5471
100 262 7 8 0.3649
59 258 7 10 0.3618
341 246 7 9 0.3498
759 260 10 14 0.3476
344 246 7 9 0.3462
62 258 7 10 0.3442
762 260 10 14 0.3191
102 262 7 9 0.3045
41 269 8 9 0.3012
404 250 7 9 0.2849
285 254 7 9 0.2814
407 250 7 9 0.2791
202 262 8 9 0.2712
39 269 8 10 0.2632
797 252 7 9 0.2552
205 262 8 10 0.2542
506 249 7 8 0.2507
509 249 7 9 0.2438
282 254 8 9 0.2388
962 248 8 11 0.2344
254 252 7 9 0.2335
800 251 7 10 0.2320
251 251 7 10 0.2261
692 250 8 12 0.1807
283 254 7 9 0.1788
1013 259 9 12 0.1777
254 252 8 10 0.1740
251 252 8 10 0.1716
798 252 7 9 0.1661
671 242 7 8 0.1648
816 252 7 8 0.1558
670 241 6 9 0.1481
960 248 8 11 0.1461
965 248 7 11 0.1461
673 241 6 9 0.1444
674 241 6 9 0.1431
558 282 17 25 0.1405
739 246 7 9 0.1117
39 268 8 9 0.1106
801 252 7 9 0.1099
1010 259 9 11 0.1075
694 252 8 11 0.1069
42 268 8 10 0.1063
824 240 7 9 0.0986
405 252 7 8 0.0932
826 241 7 9 0.0888
829 241 7 9 0.0884
827 240 7 9 0.0870
736 246 7 9 0.0862
206 263 8 9 0.0829
1012 264 9 12 0.0710
507 251 6 7 0.0691
408 251 7 8 0.0644
286 253 7 9 0.0640
510 250 7 8 0.0611
1009 265 9 11 0.0595
691 251 7 11 0.0594
286 254 7 9 0.0571
203 264 8 9 0.0557
509 275 7 9 0.0555
964 249 8 11 0.0536
103 262 7 9 0.0434
506 275 7 9 0.0408
695 250 9 12 0.0401
457 236 6 7 0.0388
960 251 8 10 0.0380
460 236 5 7 0.0370
696 253 9 11 0.0357
1010 258 10 10 0.0346
695 250 7 11 0.0336
961 249 8 11 0.0318
757 241 7 7 0.0315
546 243 6 9 0.0292
800 251 7 9 0.0268
734 245 7 8 0.0264
738 244 6 8 0.0255
100 263 7 9 0.0246
759 241 7 9 0.0225
208 261 8 10 0.0223
544 242 6 8 0.0215
207 262 7 9 0.0203
281 253 7 9 0.0193
541 241 6 9 0.0188
543 243 6 8 0.0185
818 243 7 9 0.0181
494 247 6 7 0.0180
1007 256 7 9 0.0174
517 260 6 8 0.0170
341 248 7 9 0.0163
825 244 7 9 0.0161
1012 257 8 10 0.0158
507 277 7 8 0.0156
461 237 6 7 0.0155
538 243 7 8 0.0152
488 260 6 7 0.0144
345 248 6 9 0.0133
673 243 7 9 0.0132
510 276 7 9 0.0131
61 260 8 10 0.0127
458 238 6 7 0.0127
39 270 8 9 0.0126
227 296 10 11 0.0119
763 253 8 10 0.0116
768 259 8 10 0.0115
285 254 7 8 0.0115
761 241 7 8 0.0113
734 247 7 9 0.0111
37 268 7 10 0.0110
739 249 8 10 0.0108
545 245 7 8 0.0108
