40_Gymnastics_Gymnastics_40_668
165
501 193 79 110 0.8711
657 200 76 83 0.8525
874 208 92 102 0.8523
392 181 97 122 0.8501
288 195 111 146 0.8481
125 260 143 148 0.8481
195 70 107 128 0.8458
763 242 13 17 0.4482
847 58 14 18 0.4170
981 274 14 18 0.3670
760 242 13 18 0.3627
692 77 11 13 0.3372
96 54 11 14 0.3298
715 41 10 12 0.3285
99 54 10 14 0.3246
712 41 10 12 0.3185
437 91 9 12 0.3092
78 71 11 14 0.3087
440 91 9 12 0.2748
90 37 10 11 0.2639
106 75 10 14 0.2555
653 30 8 10 0.2205
17 39 11 12 0.2012
784 51 13 16 0.2005
754 31 11 13 0.1975
978 274 14 18 0.1966
612 42 10 12 0.1829
109 76 10 13 0.1812
88 37 9 11 0.1731
752 32 10 13 0.1668
695 76 10 14 0.1666
81 71 10 14 0.1587
20 39 10 12 0.1560
753 30 11 14 0.1560
610 44 9 12 0.1505
788 51 11 15 0.1483
580 30 9 10 0.1329
850 59 13 16 0.1243
690 30 10 11 0.1228
61 49 11 15 0.1203
76 72 10 13 0.1186
634 30 7 9 0.1126
73 91 12 14 0.1020
631 30 7 9 0.1013
583 30 10 9 0.0981
62 37 10 10 0.0938
655 30 9 11 0.0933
70 91 12 14 0.0925
690 77 11 13 0.0904
429 91 7 10 0.0899
605 30 8 8 0.0837
58 50 11 14 0.0827
613 43 10 12 0.0815
557 43 9 13 0.0728
59 37 10 10 0.0675
555 35 8 10 0.0671
688 30 9 11 0.0665
68 96 16 18 0.0647
581 31 9 10 0.0637
124 259 144 150 0.0624
862 36 11 14 0.0618
524 55 9 11 0.0609
608 30 8 9 0.0605
71 98 15 17 0.0605
674 60 10 12 0.0602
672 38 9 12 0.0602
609 42 10 12 0.0578
560 43 9 12 0.0574
675 39 10 12 0.0554
897 60 11 14 0.0550
671 60 9 13 0.0535
692 31 9 12 0.0520
523 99 10 12 0.0516
674 47 9 11 0.0493
677 48 9 11 0.0492
914 28 11 11 0.0481
14 58 11 14 0.0478
633 32 8 8 0.0472
925 38 10 13 0.0452
23 89 12 15 0.0438
652 32 8 10 0.0436
917 28 11 12 0.0436
638 45 7 10 0.0424
521 55 9 10 0.0423
519 99 11 12 0.0418
738 250 11 16 0.0409
641 44 8 11 0.0391
85 57 10 12 0.0382
553 34 8 9 0.0366
526 56 8 10 0.0344
874 53 11 13 0.0333
585 30 9 10 0.0325
559 37 9 12 0.0320
656 30 9 10 0.0311
879 54 12 12 0.0304
928 39 11 12 0.0302
521 30 9 9 0.0298
737 245 11 16 0.0295
751 31 10 12 0.0285
911 614 9 11 0.0282
557 34 8 9 0.0274
20 89 12 16 0.0269
877 34 13 15 0.0268
522 57 8 9 0.0265
910 42 9 11 0.0253
16 73 12 14 0.0249
913 614 10 11 0.0242
70 111 17 18 0.0238
67 110 15 17 0.0238
106 76 11 14 0.0237
885 69 11 13 0.0234
650 31 9 11 0.0231
0 65 6 15 0.0226
60 51 11 14 0.0224
800 50 12 16 0.0222
0 94 10 64 0.0214
60 37 10 11 0.0213
694 31 9 10 0.0206
523 31 8 9 0.0202
673 38 8 10 0.0202
517 31 9 8 0.0202
891 40 10 13 0.0196
694 76 12 13 0.0192
17 59 11 13 0.0187
776 52 11 15 0.0186
708 77 9 12 0.0181
656 72 10 13 0.0177
0 84 16 82 0.0176
20 73 11 14 0.0174
876 33 11 13 0.0174
848 28 10 11 0.0173
877 54 12 14 0.0171
518 31 9 9 0.0170
926 41 11 13 0.0165
871 35 13 14 0.0162
88 37 10 11 0.0158
0 99 12 63 0.0152
883 68 11 12 0.0152
96 55 11 14 0.0146
777 56 12 14 0.0140
880 28 11 12 0.0140
604 30 8 9 0.0136
849 29 10 11 0.0136
673 59 10 12 0.0136
696 31 9 10 0.0134
735 247 12 20 0.0132
911 35 12 15 0.0127
578 31 8 9 0.0127
0 52 6 14 0.0126
0 85 16 87 0.0125
876 55 11 12 0.0122
521 97 9 12 0.0120
784 54 14 16 0.0115
11 56 12 16 0.0113
554 35 8 9 0.0113
778 53 13 16 0.0111
630 31 7 9 0.0111
91 55 11 13 0.0110
876 29 11 12 0.0109
850 29 10 11 0.0109
707 57 9 12 0.0107
0 109 14 62 0.0106
882 70 10 12 0.0105
801 53 11 14 0.0101
518 97 9 11 0.0100
