40_Gymnastics_Gymnastics_40_891
31
519 478 31 39 0.8744
736 496 33 42 0.8558
259 277 29 39 0.8540
606 388 30 41 0.8539
450 303 28 34 0.8538
873 350 32 40 0.8522
321 292 29 39 0.8519
823 333 24 35 0.8516
606 484 31 38 0.8501
678 488 31 38 0.8493
122 296 31 40 0.8489
676 392 31 39 0.8479
759 329 31 38 0.8466
921 358 32 40 0.8461
523 302 28 36 0.8457
842 344 28 35 0.8455
386 482 30 34 0.8453
696 334 29 36 0.8452
184 309 30 37 0.8439
581 319 26 35 0.8434
477 384 29 35 0.8423
69 304 32 40 0.8419
761 412 32 35 0.8413
669 281 29 36 0.8365
547 376 30 40 0.7864
380 285 28 38 0.7796
457 476 29 36 0.7027
457 476 29 36 0.4529
380 285 28 38 0.1684
546 377 30 39 0.1450
841 344 28 35 0.0369
