40_Gymnastics_Gymnastics_40_566
57
466 157 58 82 0.8716
145 238 21 31 0.0803
142 238 22 31 0.0650
33 359 20 26 0.0598
225 246 19 25 0.0503
76 241 23 32 0.0472
331 217 20 25 0.0468
699 44 25 31 0.0428
811 592 19 26 0.0328
807 592 20 26 0.0326
79 241 23 32 0.0321
104 301 19 26 0.0306
699 629 19 25 0.0304
482 609 23 33 0.0299
248 84 20 25 0.0294
102 300 19 26 0.0281
330 214 18 22 0.0263
742 131 20 25 0.0258
282 251 17 21 0.0257
344 186 20 23 0.0236
217 141 21 24 0.0230
263 147 19 22 0.0228
250 86 20 24 0.0225
125 450 22 27 0.0219
106 299 19 26 0.0204
698 200 18 23 0.0204
44 427 21 25 0.0199
746 131 20 25 0.0190
595 617 18 23 0.0190
121 368 19 26 0.0181
596 40 17 22 0.0180
283 253 18 23 0.0164
359 215 21 27 0.0152
287 251 16 21 0.0151
724 75 20 23 0.0151
347 189 19 23 0.0150
619 179 21 25 0.0146
591 616 18 24 0.0144
118 369 18 25 0.0141
221 246 19 25 0.0136
700 202 18 23 0.0135
144 334 22 33 0.0135
142 336 21 33 0.0129
272 184 20 26 0.0126
417 659 18 20 0.0125
363 215 21 27 0.0124
592 40 17 21 0.0123
350 187 18 22 0.0121
221 140 20 25 0.0120
270 188 19 24 0.0118
616 179 20 26 0.0111
142 334 20 31 0.0110
203 189 17 19 0.0107
268 185 20 25 0.0104
150 129 23 26 0.0102
145 334 23 36 0.0102
44 313 19 24 0.0102
