40_Gymnastics_Gymnastics_40_492
84
557 131 40 48 0.8730
473 152 36 49 0.8602
655 124 39 51 0.8600
360 152 40 49 0.8586
548 46 24 32 0.8295
485 63 22 30 0.8260
308 8 24 31 0.8226
470 78 18 27 0.7984
380 0 21 24 0.7886
586 80 21 26 0.7807
509 55 23 31 0.7784
39 2 17 28 0.7681
208 17 24 31 0.7292
509 54 23 32 0.7041
337 0 25 21 0.6782
364 76 19 29 0.5806
415 0 19 18 0.5522
309 46 18 29 0.5283
449 110 17 25 0.5176
269 19 18 27 0.5044
309 72 19 33 0.4892
169 15 17 26 0.4430
312 73 18 32 0.4250
447 110 17 25 0.4074
270 19 19 27 0.3523
405 22 21 25 0.3495
451 0 21 20 0.3402
172 15 17 26 0.3259
361 76 19 28 0.3212
352 0 23 20 0.2900
449 0 22 20 0.2689
208 17 24 31 0.2326
416 0 18 18 0.2172
314 47 14 27 0.2163
452 0 21 20 0.2010
496 4 15 20 0.1945
272 19 19 26 0.1795
404 18 23 29 0.1665
378 74 19 29 0.1475
404 65 16 26 0.1375
425 79 16 21 0.1272
73 0 18 12 0.1207
429 79 15 21 0.1132
235 31 18 23 0.1068
399 65 19 26 0.1049
592 78 22 26 0.1035
0 0 8 21 0.1001
350 0 23 20 0.0976
0 0 6 19 0.0971
232 31 17 23 0.0831
914 0 21 11 0.0702
257 4 19 23 0.0695
494 4 13 19 0.0411
380 70 17 25 0.0393
335 0 22 21 0.0378
262 6 21 27 0.0317
603 101 17 24 0.0283
231 32 19 26 0.0282
602 78 14 22 0.0282
979 0 18 12 0.0270
608 101 16 24 0.0263
73 0 19 20 0.0260
273 20 18 26 0.0240
412 0 20 19 0.0223
419 110 21 29 0.0213
909 0 22 12 0.0212
43 3 16 26 0.0208
418 108 19 26 0.0187
278 10 19 23 0.0185
68 0 17 12 0.0183
404 63 13 19 0.0172
572 3 18 23 0.0167
333 94 12 17 0.0160
976 0 17 12 0.0154
395 68 22 33 0.0153
237 33 18 24 0.0137
399 62 16 22 0.0134
1015 0 9 13 0.0130
598 75 18 25 0.0125
233 29 18 25 0.0113
1010 30 13 29 0.0110
446 62 18 25 0.0108
405 71 19 27 0.0107
215 0 22 14 0.0105
