40_Gymnastics_Gymnastics_40_646
57
261 256 45 54 0.8848
918 301 56 65 0.8848
393 152 41 51 0.8807
771 316 55 63 0.8800
119 299 49 49 0.8789
840 163 47 55 0.8735
502 311 48 56 0.8704
714 171 42 47 0.8698
594 304 47 57 0.8598
550 196 45 57 0.8098
380 276 49 59 0.5474
959 67 17 19 0.5094
1000 77 12 13 0.4549
895 79 12 16 0.4431
176 82 15 17 0.3877
935 81 12 14 0.3757
274 64 9 13 0.3688
961 67 17 19 0.3610
1001 42 13 16 0.3488
1004 42 13 15 0.3187
277 64 9 12 0.3010
173 80 16 19 0.1708
998 77 11 13 0.1638
937 81 12 15 0.1410
1003 42 13 16 0.1365
933 81 10 13 0.1023
173 82 14 17 0.1016
1001 77 13 14 0.0950
594 304 48 57 0.0947
443 53 6 8 0.0910
369 67 7 11 0.0842
893 79 11 15 0.0804
379 64 6 8 0.0796
440 54 6 8 0.0718
376 65 6 9 0.0685
372 69 7 10 0.0526
897 80 12 16 0.0486
369 69 7 11 0.0452
378 64 6 7 0.0421
934 83 10 13 0.0395
376 63 5 8 0.0331
438 54 6 8 0.0313
898 78 11 15 0.0271
374 64 7 9 0.0208
938 79 11 14 0.0191
443 54 5 7 0.0191
442 51 6 8 0.0177
0 49 5 22 0.0174
441 55 6 8 0.0169
444 55 6 8 0.0168
549 196 46 57 0.0145
490 49 6 7 0.0145
439 51 6 8 0.0143
488 47 6 8 0.0139
488 49 5 7 0.0131
1016 97 8 14 0.0111
485 45 6 9 0.0101
