40_Gymnastics_Gymnastics_40_638
32
455 327 29 39 0.7378
455 325 30 41 0.5504
973 318 11 15 0.4061
970 318 11 15 0.3050
872 328 8 12 0.1758
868 328 9 13 0.1297
737 257 15 19 0.0838
670 359 12 18 0.0830
675 360 10 17 0.0751
738 260 17 21 0.0697
1007 238 12 15 0.0628
643 377 16 20 0.0565
648 376 15 22 0.0540
1003 238 13 15 0.0536
648 373 14 18 0.0519
870 327 8 13 0.0508
975 319 11 15 0.0424
643 372 14 19 0.0410
734 257 13 18 0.0306
735 260 14 20 0.0293
671 361 12 18 0.0252
348 164 30 45 0.0251
867 327 8 12 0.0219
671 359 13 19 0.0166
973 355 11 15 0.0161
847 336 9 12 0.0147
789 321 13 19 0.0144
676 362 10 17 0.0128
645 381 16 21 0.0127
741 257 18 22 0.0120
950 334 9 13 0.0118
950 326 9 10 0.0104
