40_Gymnastics_Gymnastics_40_593
240
171 260 42 54 0.8847
628 202 40 55 0.8802
303 184 42 58 0.8797
842 253 41 51 0.8757
544 181 41 53 0.8751
752 194 39 52 0.8706
940 298 38 50 0.8615
420 206 38 52 0.8546
71 289 39 47 0.8466
37 245 45 54 0.8322
99 40 21 25 0.7605
557 131 24 29 0.7604
16 107 22 29 0.7406
112 118 18 21 0.7271
709 98 22 26 0.7237
970 72 20 24 0.6988
166 138 20 25 0.6847
910 28 17 21 0.6789
72 234 21 24 0.6609
868 192 19 23 0.6323
142 234 20 26 0.6250
948 119 18 20 0.6240
931 175 17 23 0.5994
840 36 18 21 0.5941
945 256 22 23 0.5873
230 253 20 27 0.5556
548 72 18 22 0.5547
793 104 20 24 0.5503
769 0 20 23 0.5223
1 270 18 20 0.5052
1013 30 11 22 0.4655
23 48 21 26 0.4626
24 48 21 27 0.4539
710 32 20 26 0.4427
93 162 22 25 0.4423
238 189 16 21 0.4396
232 33 17 20 0.4320
15 217 20 23 0.4102
231 253 20 27 0.3985
410 67 20 22 0.3957
84 191 20 23 0.3683
866 48 17 21 0.3428
361 19 17 21 0.2875
87 192 20 24 0.2751
144 234 20 27 0.2716
573 18 19 21 0.2618
0 269 17 21 0.2463
416 116 22 26 0.2393
319 19 18 21 0.2383
866 191 19 24 0.2279
364 19 17 20 0.2266
698 3 17 20 0.2191
282 17 17 22 0.2048
943 254 22 25 0.2015
235 189 15 21 0.1939
16 217 20 23 0.1827
162 29 19 22 0.1758
695 3 17 20 0.1719
779 174 23 30 0.1705
752 163 18 22 0.1659
235 33 17 20 0.1618
601 17 14 16 0.1584
18 217 19 23 0.1570
975 222 18 22 0.1538
153 61 19 22 0.1483
992 214 18 24 0.1455
772 1 20 22 0.1408
437 10 16 19 0.1358
978 222 20 23 0.1233
643 16 13 15 0.1212
414 67 18 22 0.1159
750 58 18 20 0.1158
110 220 18 23 0.1153
980 0 14 15 0.1144
957 87 14 17 0.1040
886 59 15 20 0.1019
625 62 20 22 0.1014
0 68 6 17 0.1007
560 87 21 24 0.0964
967 102 15 18 0.0953
0 67 5 16 0.0936
978 0 12 14 0.0904
636 38 16 18 0.0903
664 34 15 17 0.0887
884 113 16 22 0.0865
441 10 14 18 0.0813
90 162 22 26 0.0792
643 17 15 17 0.0779
951 119 17 21 0.0761
696 31 14 18 0.0760
780 177 22 29 0.0739
499 11 17 19 0.0715
560 91 23 27 0.0680
843 38 18 20 0.0668
886 115 16 21 0.0663
621 0 17 12 0.0659
713 70 19 25 0.0653
646 16 13 15 0.0641
90 166 22 26 0.0612
159 22 19 26 0.0612
696 1 18 21 0.0612
170 138 18 25 0.0578
244 90 21 27 0.0560
626 63 22 24 0.0551
839 0 20 13 0.0543
434 29 18 23 0.0522
889 59 15 20 0.0510
409 65 19 23 0.0507
1011 27 12 23 0.0506
303 0 20 15 0.0499
964 101 15 18 0.0498
658 63 18 22 0.0492
707 33 19 24 0.0483
324 19 16 19 0.0463
970 158 16 26 0.0461
697 182 21 33 0.0460
995 218 17 21 0.0451
559 103 23 27 0.0442
625 165 16 23 0.0429
93 164 23 27 0.0423
954 88 14 15 0.0419
690 181 25 37 0.0411
136 155 13 16 0.0408
627 166 18 24 0.0407
599 16 13 16 0.0404
110 117 17 21 0.0401
751 165 22 30 0.0391
782 173 23 29 0.0356
75 62 15 17 0.0346
247 87 24 31 0.0344
368 0 16 14 0.0343
507 81 15 19 0.0343
618 0 16 13 0.0338
572 12 21 23 0.0332
768 0 19 22 0.0331
830 0 21 15 0.0323
771 0 19 22 0.0318
711 36 20 27 0.0316
131 157 17 22 0.0315
1018 117 6 22 0.0306
855 124 14 19 0.0301
866 51 20 24 0.0292
660 64 18 22 0.0288
646 30 16 19 0.0286
157 27 19 25 0.0283
157 61 18 22 0.0274
14 217 19 22 0.0270
1017 113 7 22 0.0267
694 1 16 20 0.0266
133 155 13 17 0.0265
908 8 13 16 0.0265
39 118 15 20 0.0264
557 0 18 19 0.0259
106 220 18 24 0.0259
868 71 15 18 0.0258
156 22 18 24 0.0252
1007 32 16 24 0.0250
557 6 19 25 0.0239
246 84 22 29 0.0238
554 7 16 21 0.0236
706 38 20 24 0.0233
333 35 17 22 0.0230
243 88 19 25 0.0227
135 157 15 21 0.0223
651 137 21 26 0.0221
986 213 21 26 0.0218
108 217 18 25 0.0218
569 16 18 21 0.0217
745 57 19 22 0.0215
913 28 16 21 0.0209
155 64 19 21 0.0206
797 104 19 25 0.0205
783 177 23 30 0.0201
651 138 25 31 0.0197
419 0 17 18 0.0195
1013 39 10 21 0.0195
569 18 17 21 0.0194
280 14 16 22 0.0193
696 30 13 14 0.0193
617 3 17 19 0.0192
620 3 17 19 0.0192
328 84 23 26 0.0189
767 31 19 24 0.0187
246 308 13 17 0.0187
233 253 20 27 0.0179
597 16 14 17 0.0176
823 0 15 15 0.0169
837 36 17 20 0.0167
634 108 19 26 0.0166
597 17 14 17 0.0166
897 0 14 13 0.0162
11 52 14 18 0.0161
1 63 11 20 0.0155
954 87 17 21 0.0155
1003 44 15 17 0.0154
630 61 19 22 0.0153
412 65 19 22 0.0149
456 69 15 18 0.0149
791 68 19 25 0.0145
504 11 15 17 0.0145
264 307 14 18 0.0145
644 16 15 17 0.0143
718 0 13 9 0.0141
646 18 14 17 0.0140
856 160 14 22 0.0138
411 116 23 26 0.0138
787 168 18 20 0.0138
432 14 22 29 0.0137
637 41 17 19 0.0136
438 11 17 22 0.0135
457 90 15 18 0.0134
888 113 15 21 0.0134
439 31 16 21 0.0133
3 268 18 21 0.0133
581 13 17 18 0.0132
158 31 21 25 0.0132
9 51 11 18 0.0126
158 18 18 23 0.0126
500 14 19 22 0.0126
968 103 16 19 0.0125
844 36 19 21 0.0122
620 0 16 11 0.0121
323 90 18 24 0.0121
886 34 17 22 0.0120
977 219 20 24 0.0120
605 18 11 15 0.0119
632 38 16 18 0.0117
656 64 19 23 0.0116
284 15 17 23 0.0115
336 84 19 24 0.0115
555 0 15 15 0.0112
103 139 19 23 0.0110
655 62 17 23 0.0109
456 62 17 21 0.0107
334 38 18 24 0.0107
485 94 20 25 0.0106
562 87 21 27 0.0106
933 178 19 23 0.0105
999 215 16 22 0.0103
963 0 12 15 0.0102
