40_Gymnastics_Gymnastics_40_887
31
521 276 52 58 0.8938
329 404 52 60 0.8936
522 385 57 63 0.8934
758 379 56 61 0.8902
135 401 55 63 0.8895
215 140 46 52 0.8861
686 44 46 53 0.8851
97 150 46 52 0.8839
314 77 45 53 0.8827
553 66 44 54 0.8820
660 276 55 58 0.8820
433 83 44 53 0.8785
624 133 46 52 0.8729
839 63 45 48 0.8715
808 271 47 58 0.8678
187 86 44 49 0.8677
874 110 48 58 0.8454
359 150 48 53 0.8412
482 141 50 52 0.7833
250 279 48 58 0.7762
745 102 46 56 0.7064
106 281 48 57 0.6612
384 292 48 56 0.5916
745 102 46 55 0.3001
106 281 47 57 0.2522
384 292 48 56 0.2463
482 141 50 52 0.1422
808 271 48 58 0.1387
250 280 48 57 0.0280
384 293 48 55 0.0168
359 149 48 55 0.0124
