40_Gymnastics_Gymnastics_40_273
26
672 249 37 47 0.8835
300 126 35 45 0.8796
693 124 34 42 0.8784
99 112 36 43 0.8776
792 124 33 41 0.8759
591 126 32 40 0.8731
486 260 36 46 0.8719
182 228 37 46 0.8702
550 275 36 44 0.8698
488 61 28 38 0.8690
374 232 36 46 0.8659
672 72 30 38 0.8633
894 128 33 41 0.8626
826 232 37 47 0.8611
823 58 30 39 0.8601
581 75 29 36 0.8588
391 122 33 41 0.8573
148 68 29 37 0.8566
755 65 29 38 0.8565
318 69 29 37 0.8556
233 65 28 36 0.8552
407 78 30 36 0.8476
202 125 32 40 0.8037
490 125 33 40 0.6932
490 125 33 40 0.3569
202 125 32 41 0.2513
