40_Gymnastics_Gymnastics_40_260
70
999 588 25 45 0.8553
453 218 38 48 0.8428
196 527 32 42 0.8294
357 276 38 64 0.7488
798 542 23 30 0.7480
912 553 22 36 0.7204
771 538 22 32 0.5085
769 538 22 32 0.4486
67 530 24 31 0.3152
60 535 27 34 0.3041
550 605 8 11 0.1152
63 531 25 32 0.1042
546 605 9 11 0.1021
681 630 9 10 0.0926
282 573 21 31 0.0925
604 654 8 10 0.0812
651 628 8 10 0.0783
676 663 9 11 0.0770
684 630 9 10 0.0730
680 663 9 11 0.0692
647 628 8 9 0.0679
602 654 7 10 0.0651
280 572 20 29 0.0631
607 654 8 10 0.0591
638 666 7 9 0.0576
634 666 8 10 0.0566
495 346 22 41 0.0558
838 59 19 23 0.0539
65 535 25 32 0.0533
120 641 8 9 0.0527
124 641 7 9 0.0503
54 540 24 29 0.0465
679 630 8 10 0.0450
284 571 27 36 0.0365
284 571 22 31 0.0329
868 67 18 21 0.0326
835 60 18 22 0.0299
547 609 8 9 0.0290
683 632 8 10 0.0252
865 67 19 20 0.0251
699 657 9 11 0.0243
551 607 8 10 0.0240
703 657 8 11 0.0236
677 661 9 11 0.0217
860 189 15 18 0.0217
956 583 15 18 0.0189
122 640 7 8 0.0182
864 190 14 17 0.0182
69 526 22 30 0.0182
554 225 13 15 0.0175
119 640 7 8 0.0160
68 531 25 32 0.0158
840 184 15 19 0.0154
603 653 7 10 0.0154
650 626 7 9 0.0150
667 644 8 10 0.0149
603 651 8 10 0.0145
637 664 8 10 0.0140
503 348 17 39 0.0135
649 627 9 10 0.0127
606 656 8 10 0.0127
57 533 27 34 0.0125
836 184 16 19 0.0124
679 630 8 10 0.0122
686 632 8 9 0.0113
607 651 8 10 0.0112
943 632 18 24 0.0110
700 660 9 11 0.0108
548 604 8 10 0.0102
633 664 8 10 0.0102
