40_Gymnastics_Gymnastics_40_642
36
868 248 57 63 0.8945
207 273 41 52 0.8802
415 273 46 56 0.8785
337 318 40 49 0.8754
626 291 48 58 0.8736
264 342 39 45 0.8643
528 291 48 52 0.8581
86 279 47 57 0.8392
785 299 47 57 0.8387
296 292 18 28 0.5542
263 288 19 23 0.2077
295 292 18 27 0.1975
298 291 18 27 0.1891
85 278 48 58 0.1270
0 299 7 14 0.0797
258 290 19 22 0.0637
274 284 12 19 0.0616
266 283 16 23 0.0571
0 301 9 14 0.0570
1007 287 5 6 0.0355
1010 287 5 6 0.0335
258 283 22 30 0.0270
277 287 12 20 0.0266
1017 303 7 10 0.0235
997 300 8 9 0.0217
785 300 47 56 0.0209
262 291 23 26 0.0159
256 293 23 25 0.0153
998 301 9 10 0.0142
414 274 48 55 0.0133
1012 287 6 8 0.0122
994 299 8 11 0.0120
256 281 16 23 0.0114
959 278 6 6 0.0112
3 300 9 11 0.0102
1014 337 10 42 0.0101
