22_Picnic_Picnic_22_444
107
296 396 10 13 0.3715
622 426 11 14 0.3346
619 426 11 14 0.3344
425 369 9 12 0.3199
809 345 10 13 0.3181
140 342 11 14 0.2966
508 334 8 12 0.2948
405 349 8 10 0.2865
375 415 11 15 0.2824
813 345 10 13 0.2780
505 335 8 12 0.2777
137 342 10 14 0.2706
374 414 11 15 0.2643
402 348 8 11 0.2599
512 401 10 15 0.2552
428 369 9 12 0.2457
572 332 8 11 0.2355
208 404 11 15 0.2291
770 335 8 11 0.2260
294 396 10 13 0.2181
378 414 10 15 0.2148
298 396 10 13 0.2026
549 413 9 13 0.2020
568 333 8 10 0.1930
546 413 8 13 0.1867
503 386 9 12 0.1736
767 335 8 11 0.1726
211 404 11 15 0.1493
507 386 8 11 0.1425
515 402 10 14 0.1283
209 401 10 14 0.1263
378 415 10 15 0.1068
605 327 8 9 0.0996
214 397 11 14 0.0939
609 326 8 10 0.0837
515 400 11 15 0.0796
607 328 8 9 0.0617
578 422 12 16 0.0569
797 336 8 10 0.0560
643 348 7 10 0.0554
547 415 8 13 0.0503
511 403 9 14 0.0501
531 329 8 10 0.0483
610 327 8 10 0.0446
550 415 9 13 0.0445
772 335 8 11 0.0444
558 326 7 9 0.0435
639 348 7 10 0.0397
560 327 7 9 0.0394
569 331 8 10 0.0394
679 336 9 13 0.0390
137 339 12 14 0.0370
213 395 11 13 0.0358
653 349 7 10 0.0342
222 395 9 12 0.0329
403 351 7 9 0.0327
423 369 9 12 0.0327
656 351 6 8 0.0324
216 394 10 11 0.0321
563 329 7 9 0.0318
771 334 8 11 0.0316
531 327 7 9 0.0314
506 337 7 11 0.0299
222 417 11 14 0.0299
646 350 7 8 0.0297
509 401 10 14 0.0284
456 337 8 11 0.0274
225 417 11 15 0.0264
547 414 9 14 0.0255
452 337 8 11 0.0240
499 387 9 12 0.0229
535 328 8 10 0.0222
571 333 7 10 0.0220
510 337 7 10 0.0218
581 423 12 16 0.0217
807 345 9 11 0.0213
620 428 12 14 0.0212
501 387 10 12 0.0203
136 342 11 13 0.0197
534 327 8 9 0.0189
407 350 7 10 0.0175
677 339 8 10 0.0172
676 337 9 12 0.0165
450 338 8 11 0.0161
643 346 8 10 0.0156
681 337 9 13 0.0156
447 340 7 10 0.0152
590 329 7 9 0.0149
509 331 7 10 0.0133
504 335 7 11 0.0127
665 334 7 10 0.0123
447 338 7 10 0.0120
673 334 8 12 0.0118
640 351 7 8 0.0118
206 405 10 13 0.0118
590 329 8 9 0.0112
575 421 10 13 0.0112
686 335 8 10 0.0110
799 340 9 12 0.0110
643 339 7 10 0.0109
453 339 8 11 0.0109
293 396 10 12 0.0106
143 344 9 11 0.0106
423 369 9 11 0.0103
222 395 8 9 0.0103
517 402 10 14 0.0101
771 336 8 11 0.0101
