22_Picnic_Picnic_22_732
467
60 654 16 20 0.5025
848 617 13 17 0.4710
218 628 13 17 0.4254
281 601 11 18 0.4045
337 610 13 17 0.3951
424 572 11 13 0.3921
606 609 10 17 0.3849
723 580 10 15 0.3822
210 547 9 12 0.3776
223 585 10 14 0.3764
340 610 13 18 0.3678
726 581 10 15 0.3593
525 601 10 16 0.3506
226 585 10 14 0.3267
788 547 8 12 0.3175
214 627 14 18 0.3150
150 589 10 14 0.3084
405 568 10 13 0.3009
146 589 11 14 0.2997
791 547 9 11 0.2955
324 581 9 13 0.2913
515 562 10 13 0.2896
608 610 11 16 0.2857
428 571 10 14 0.2830
157 536 9 11 0.2810
213 547 9 12 0.2647
580 559 9 12 0.2629
851 618 13 16 0.2619
294 543 8 12 0.2616
296 543 9 12 0.2563
327 582 9 12 0.2532
408 568 10 14 0.2478
518 562 10 13 0.2459
583 559 9 12 0.2398
365 564 9 13 0.2390
470 533 6 9 0.2305
466 533 7 9 0.2273
55 655 17 20 0.2094
161 536 8 11 0.2063
170 523 7 8 0.2037
368 564 9 13 0.2024
191 602 10 16 0.2012
252 536 7 9 0.1921
522 601 10 15 0.1870
148 522 7 8 0.1776
758 622 11 15 0.1745
451 538 7 10 0.1662
27 568 12 13 0.1656
284 601 11 18 0.1644
665 623 17 21 0.1594
256 536 6 8 0.1577
193 603 11 16 0.1570
114 562 8 12 0.1527
151 522 7 8 0.1519
583 541 9 11 0.1513
109 561 9 11 0.1456
370 585 9 12 0.1456
586 541 9 11 0.1455
173 522 7 9 0.1397
583 542 9 11 0.1396
762 622 10 15 0.1393
367 585 9 13 0.1344
215 609 11 13 0.1323
216 536 7 9 0.1259
234 530 7 8 0.1241
246 584 9 13 0.1231
720 610 12 16 0.1219
488 561 8 11 0.1147
587 542 9 10 0.1145
418 536 6 8 0.1121
316 557 8 12 0.1113
477 522 6 7 0.1108
88 525 7 8 0.1101
421 535 7 9 0.1087
5 517 6 8 0.0997
299 543 8 12 0.0989
185 546 9 10 0.0974
452 539 8 9 0.0943
25 565 12 15 0.0937
414 621 9 16 0.0936
627 598 11 13 0.0926
624 597 10 14 0.0911
883 666 11 15 0.0909
196 526 8 10 0.0897
284 601 11 17 0.0880
484 561 8 11 0.0872
232 550 7 9 0.0866
458 522 6 7 0.0864
724 610 11 16 0.0864
104 524 6 8 0.0853
189 545 8 11 0.0844
770 536 9 12 0.0836
553 523 7 8 0.0832
189 602 9 15 0.0826
550 523 6 7 0.0821
190 604 9 15 0.0818
78 517 7 8 0.0813
448 538 7 10 0.0786
112 565 8 11 0.0783
319 557 8 12 0.0781
614 548 7 10 0.0775
8 517 6 8 0.0774
126 525 7 8 0.0759
244 554 8 9 0.0744
201 526 8 10 0.0744
287 520 6 8 0.0738
123 525 6 8 0.0738
61 535 6 8 0.0725
279 510 7 7 0.0718
366 566 9 12 0.0718
247 555 7 9 0.0717
279 601 11 17 0.0711
86 526 7 8 0.0697
509 523 6 8 0.0696
784 529 7 9 0.0682
276 510 6 8 0.0682
418 620 8 17 0.0681
512 523 6 8 0.0681
670 623 17 21 0.0679
528 601 9 16 0.0676
91 525 7 9 0.0670
197 528 9 11 0.0666
48 548 8 11 0.0662
240 570 9 11 0.0662
564 541 8 11 0.0658
218 516 6 8 0.0653
503 557 9 13 0.0648
201 532 9 10 0.0644
51 548 8 11 0.0639
57 535 7 9 0.0624
319 523 6 8 0.0622
250 583 10 12 0.0621
213 630 13 16 0.0621
4 517 6 8 0.0620
116 564 7 11 0.0620
294 542 8 12 0.0615
638 547 6 9 0.0612
455 522 6 7 0.0610
529 534 6 9 0.0606
57 653 16 21 0.0588
642 546 6 9 0.0578
617 548 7 10 0.0575
31 568 10 13 0.0569
66 519 7 8 0.0561
341 527 6 9 0.0561
243 568 10 13 0.0557
317 554 8 10 0.0549
290 521 6 7 0.0541
76 517 6 8 0.0531
370 566 8 12 0.0528
106 526 6 7 0.0526
710 568 9 14 0.0499
782 529 7 9 0.0494
63 519 6 8 0.0494
322 523 6 8 0.0490
147 533 8 10 0.0486
8 516 6 8 0.0486
528 549 8 11 0.0477
342 527 6 8 0.0474
503 544 8 11 0.0472
562 540 8 12 0.0467
147 590 11 14 0.0460
143 500 6 8 0.0460
731 643 12 19 0.0457
531 549 8 10 0.0457
454 557 7 10 0.0444
457 556 8 10 0.0440
128 526 7 7 0.0437
345 527 7 8 0.0428
145 501 6 7 0.0423
336 519 6 7 0.0422
248 555 7 9 0.0421
326 526 7 8 0.0415
767 536 9 12 0.0410
215 516 6 8 0.0410
23 524 6 8 0.0403
187 541 8 10 0.0398
298 542 8 11 0.0398
594 580 8 14 0.0393
243 556 7 9 0.0390
124 526 6 8 0.0390
568 514 5 7 0.0389
318 555 8 12 0.0385
215 534 8 9 0.0383
403 531 6 8 0.0381
712 566 9 12 0.0377
468 533 7 8 0.0375
559 540 8 12 0.0371
666 626 18 21 0.0367
24 568 11 12 0.0364
255 533 7 8 0.0360
234 516 6 7 0.0360
395 598 7 10 0.0356
156 514 7 9 0.0354
246 554 7 9 0.0351
141 577 11 14 0.0349
236 530 7 8 0.0348
569 515 6 7 0.0344
193 506 7 8 0.0339
334 518 6 8 0.0338
656 530 7 9 0.0336
531 533 7 9 0.0335
179 509 6 8 0.0332
398 598 7 10 0.0332
194 526 8 9 0.0328
986 502 5 6 0.0327
597 579 9 14 0.0324
306 558 7 11 0.0322
670 517 6 8 0.0320
234 517 7 8 0.0320
267 514 6 8 0.0318
362 528 6 8 0.0318
641 543 6 9 0.0315
69 509 6 7 0.0315
932 512 5 7 0.0312
488 562 8 10 0.0312
502 542 7 10 0.0309
983 502 5 6 0.0307
146 499 7 8 0.0306
527 602 10 15 0.0305
106 524 7 8 0.0305
367 582 10 13 0.0304
855 555 7 12 0.0303
190 603 11 15 0.0300
113 510 5 7 0.0300
558 542 8 12 0.0299
603 528 8 8 0.0297
887 666 10 14 0.0294
111 560 9 10 0.0293
256 534 7 9 0.0293
935 511 6 8 0.0290
59 551 7 10 0.0289
589 507 6 7 0.0287
709 566 8 12 0.0285
359 527 6 9 0.0283
884 668 11 14 0.0282
25 525 7 8 0.0282
211 608 12 14 0.0281
212 607 12 14 0.0280
116 510 6 7 0.0279
499 544 7 11 0.0278
30 563 11 14 0.0278
237 528 7 9 0.0277
571 513 6 7 0.0276
21 525 6 9 0.0276
258 500 6 6 0.0275
419 534 7 9 0.0274
295 504 5 7 0.0274
88 525 6 8 0.0272
594 576 8 15 0.0271
489 504 5 6 0.0269
158 538 9 10 0.0265
89 503 6 7 0.0264
332 551 8 11 0.0263
530 510 6 7 0.0263
476 522 5 7 0.0259
491 560 9 11 0.0258
538 571 10 12 0.0258
595 521 7 9 0.0258
907 508 7 8 0.0253
447 622 12 16 0.0252
189 547 8 10 0.0251
361 514 6 6 0.0250
418 514 7 7 0.0247
449 537 7 9 0.0247
60 534 6 8 0.0246
572 514 6 7 0.0246
430 544 8 10 0.0245
353 562 9 11 0.0244
9 548 8 12 0.0244
636 527 6 8 0.0241
320 524 7 9 0.0240
481 521 6 8 0.0232
911 508 6 7 0.0232
280 603 11 15 0.0230
129 502 5 7 0.0230
190 505 7 8 0.0227
858 555 7 11 0.0226
107 559 8 11 0.0226
414 514 7 8 0.0225
237 514 6 8 0.0222
429 521 6 8 0.0222
207 508 6 7 0.0221
132 502 5 6 0.0221
413 520 7 8 0.0221
230 582 10 13 0.0220
667 517 6 7 0.0217
130 523 7 9 0.0217
668 624 18 21 0.0216
863 577 8 13 0.0215
6 549 8 12 0.0215
342 526 6 9 0.0214
630 511 6 7 0.0213
960 510 6 7 0.0211
866 577 7 13 0.0210
260 500 6 7 0.0209
705 548 7 9 0.0209
586 507 5 6 0.0206
401 530 7 8 0.0206
323 579 8 13 0.0205
632 527 6 8 0.0204
452 520 7 7 0.0199
812 519 6 7 0.0199
66 507 7 8 0.0198
36 522 6 8 0.0198
506 549 8 12 0.0197
482 563 8 10 0.0197
576 558 8 12 0.0197
111 560 8 10 0.0196
623 599 11 15 0.0196
334 554 9 11 0.0196
574 499 5 7 0.0195
702 548 7 9 0.0194
161 533 9 11 0.0193
254 537 7 9 0.0193
620 529 6 8 0.0192
857 555 6 10 0.0192
964 510 5 7 0.0191
597 577 9 14 0.0190
114 510 5 7 0.0188
571 499 5 6 0.0188
160 509 7 8 0.0187
62 552 7 9 0.0186
728 644 11 17 0.0184
577 558 9 12 0.0183
313 508 6 7 0.0182
719 516 5 7 0.0182
550 523 7 9 0.0182
401 531 7 8 0.0182
423 531 7 9 0.0182
485 502 5 7 0.0180
509 508 6 8 0.0180
141 501 6 8 0.0180
782 529 7 10 0.0180
289 524 8 9 0.0179
212 548 9 11 0.0178
555 506 6 7 0.0177
487 503 5 6 0.0176
522 602 10 15 0.0176
660 588 9 14 0.0176
103 559 8 10 0.0175
190 506 7 8 0.0175
821 553 8 10 0.0175
57 550 8 10 0.0173
1015 600 8 14 0.0172
358 546 8 10 0.0168
264 500 6 7 0.0167
152 590 10 14 0.0167
354 546 8 10 0.0164
221 626 11 17 0.0164
721 617 11 14 0.0164
656 587 9 15 0.0163
295 545 8 11 0.0162
436 544 7 8 0.0161
486 528 7 8 0.0161
772 538 8 11 0.0160
206 504 6 8 0.0160
987 502 5 6 0.0160
645 543 6 9 0.0158
260 500 6 7 0.0157
24 513 6 8 0.0156
85 503 6 8 0.0156
766 540 8 10 0.0155
207 506 7 8 0.0154
854 554 7 11 0.0154
541 509 6 7 0.0154
1018 568 6 15 0.0153
815 518 6 8 0.0153
729 639 12 18 0.0153
263 535 7 9 0.0153
196 602 10 15 0.0150
174 514 6 8 0.0150
618 549 7 10 0.0150
249 498 5 6 0.0150
994 523 7 8 0.0149
543 573 8 12 0.0149
2 500 6 8 0.0148
86 502 6 7 0.0148
661 624 12 17 0.0148
989 569 8 12 0.0147
404 552 8 11 0.0146
630 598 10 13 0.0145
362 528 6 8 0.0144
513 509 6 7 0.0144
326 580 9 12 0.0142
27 525 7 8 0.0141
68 509 5 7 0.0141
316 508 6 7 0.0141
287 495 6 6 0.0140
21 566 10 13 0.0140
547 548 8 10 0.0139
455 540 8 9 0.0139
0 637 7 17 0.0139
292 543 7 11 0.0138
635 529 6 8 0.0138
322 581 9 13 0.0136
513 524 6 8 0.0135
878 666 13 15 0.0135
909 507 6 7 0.0135
163 538 8 9 0.0134
365 590 10 13 0.0134
224 505 6 7 0.0134
879 668 14 14 0.0134
336 554 8 10 0.0133
353 510 5 7 0.0133
291 503 6 7 0.0132
173 509 6 7 0.0131
601 526 7 10 0.0130
153 538 8 10 0.0129
631 569 7 10 0.0129
377 511 5 7 0.0129
649 561 7 9 0.0128
32 559 9 12 0.0128
293 505 5 7 0.0127
616 509 6 7 0.0127
74 500 6 7 0.0127
239 509 6 7 0.0126
596 579 9 13 0.0125
397 591 9 13 0.0122
811 518 6 7 0.0122
716 536 7 10 0.0119
126 501 5 7 0.0119
15 500 7 8 0.0119
653 508 6 7 0.0119
7 551 10 13 0.0118
52 551 8 9 0.0118
608 507 6 7 0.0118
875 510 6 7 0.0117
628 569 7 11 0.0117
227 505 6 7 0.0117
649 509 6 8 0.0116
716 516 5 7 0.0116
792 522 7 8 0.0116
394 592 9 12 0.0115
628 567 8 10 0.0115
407 566 9 13 0.0115
460 513 6 7 0.0115
523 603 9 14 0.0115
998 524 7 8 0.0114
887 511 7 8 0.0113
106 494 5 6 0.0113
47 487 5 6 0.0112
673 502 6 6 0.0111
408 550 8 10 0.0110
142 584 11 14 0.0110
497 501 5 7 0.0110
380 511 6 7 0.0110
781 516 6 7 0.0109
285 600 12 17 0.0108
714 517 6 8 0.0108
517 564 10 13 0.0108
1017 565 7 14 0.0108
855 491 6 6 0.0108
723 581 11 14 0.0107
646 561 7 9 0.0107
755 526 8 10 0.0105
42 532 7 9 0.0105
599 529 7 9 0.0104
138 577 10 12 0.0104
417 514 6 7 0.0103
463 502 6 7 0.0103
7 519 7 10 0.0103
366 562 9 11 0.0102
961 509 5 7 0.0101
948 518 6 8 0.0101
721 606 13 16 0.0101
888 534 6 8 0.0100
