22_Picnic_Picnic_22_308
68
380 327 36 45 0.8577
954 188 59 102 0.8218
518 292 33 36 0.8144
563 274 28 35 0.5429
590 235 24 31 0.5272
816 259 14 17 0.4787
562 275 29 34 0.4692
893 256 9 12 0.3534
588 234 25 32 0.3312
243 255 11 12 0.3205
890 256 8 12 0.2965
240 255 11 12 0.2194
700 247 17 24 0.1929
819 259 13 17 0.1740
742 264 12 17 0.1554
767 255 10 14 0.1331
763 254 10 14 0.1006
803 272 10 13 0.0990
693 242 15 22 0.0879
815 259 12 16 0.0869
698 244 17 23 0.0855
800 272 10 12 0.0808
805 275 11 14 0.0763
694 246 18 26 0.0714
737 263 12 18 0.0694
598 220 14 16 0.0663
867 270 8 10 0.0651
246 255 10 12 0.0616
637 233 10 12 0.0604
833 266 11 13 0.0561
859 271 8 10 0.0535
801 276 11 13 0.0517
700 258 15 20 0.0409
838 267 9 11 0.0405
739 261 12 16 0.0384
746 265 12 15 0.0346
634 233 9 12 0.0341
637 235 14 17 0.0336
697 250 18 26 0.0336
746 263 12 16 0.0292
856 270 8 10 0.0283
240 257 11 12 0.0271
241 254 11 11 0.0267
697 260 13 18 0.0267
767 260 10 14 0.0257
769 257 10 14 0.0253
765 252 10 13 0.0250
596 220 13 16 0.0246
735 260 10 15 0.0240
633 235 13 16 0.0214
860 273 9 10 0.0213
729 243 8 10 0.0213
707 249 12 16 0.0187
862 264 8 11 0.0183
870 273 7 9 0.0175
761 253 9 12 0.0170
245 259 10 10 0.0168
865 266 8 11 0.0149
594 238 22 28 0.0146
707 247 11 15 0.0139
692 246 9 15 0.0136
648 245 11 13 0.0132
838 253 8 10 0.0127
821 259 12 15 0.0123
838 257 9 11 0.0117
697 239 15 22 0.0115
803 269 10 13 0.0109
692 250 11 18 0.0109
