22_Picnic_Picnic_22_310
96
647 222 43 58 0.8800
268 211 49 62 0.8411
599 186 21 29 0.8046
856 220 26 29 0.8023
452 210 21 34 0.7613
522 273 19 25 0.7523
764 192 17 32 0.5948
693 193 17 29 0.4131
37 281 15 21 0.3434
145 276 13 15 0.3342
149 275 13 16 0.2749
828 217 8 9 0.2744
825 217 7 9 0.2482
697 194 15 28 0.2321
114 273 9 14 0.1704
179 280 14 18 0.1662
419 236 6 8 0.1282
416 236 6 8 0.1210
916 213 8 13 0.1182
748 214 7 10 0.1100
503 238 7 9 0.1095
111 273 9 14 0.1094
501 238 7 9 0.1082
190 209 7 10 0.1056
193 209 7 10 0.0977
746 214 7 10 0.0953
871 187 7 8 0.0900
91 301 14 19 0.0887
870 186 7 9 0.0865
867 186 7 9 0.0864
11 273 12 20 0.0858
920 213 8 14 0.0814
499 237 6 9 0.0799
111 275 9 13 0.0771
745 214 6 9 0.0767
8 273 10 19 0.0711
115 275 8 13 0.0691
106 304 12 14 0.0659
10 272 10 19 0.0651
868 187 7 9 0.0649
43 281 11 18 0.0645
500 239 7 9 0.0643
505 240 7 10 0.0522
149 273 12 16 0.0514
420 236 7 9 0.0513
919 210 7 13 0.0496
915 210 8 13 0.0487
748 213 8 11 0.0471
416 237 8 9 0.0445
824 215 7 10 0.0405
28 247 9 12 0.0404
184 280 12 18 0.0382
827 215 7 10 0.0380
176 280 11 15 0.0371
195 210 7 9 0.0365
504 238 6 9 0.0359
109 304 12 15 0.0337
761 196 15 25 0.0331
39 282 16 22 0.0328
30 247 9 12 0.0320
191 211 7 9 0.0281
500 238 8 9 0.0281
554 237 5 7 0.0280
827 215 8 11 0.0261
557 237 5 6 0.0261
731 224 6 8 0.0258
732 225 7 8 0.0243
191 210 7 9 0.0215
233 220 8 10 0.0213
552 237 5 6 0.0206
556 238 5 6 0.0204
253 238 23 37 0.0194
7 272 10 18 0.0190
181 281 15 19 0.0184
33 281 16 22 0.0176
993 235 17 30 0.0176
145 274 12 15 0.0168
180 284 15 18 0.0160
29 249 10 14 0.0155
969 207 14 16 0.0148
729 223 6 9 0.0144
26 248 8 11 0.0132
230 219 8 10 0.0131
553 238 6 6 0.0128
729 225 6 9 0.0124
920 212 9 14 0.0122
418 236 8 10 0.0121
552 238 6 7 0.0120
162 291 10 12 0.0116
8 278 14 20 0.0112
767 196 17 27 0.0108
558 238 6 7 0.0106
743 214 6 9 0.0106
196 208 8 10 0.0104
89 299 13 18 0.0102
964 210 16 20 0.0100
