22_Picnic_Picnic_22_313
38
157 306 31 35 0.8498
304 311 26 33 0.8318
701 277 23 32 0.8296
619 191 24 29 0.8205
647 340 23 25 0.7961
513 239 17 24 0.7511
77 211 12 15 0.4181
0 201 8 21 0.4160
769 355 19 38 0.4150
224 302 15 28 0.3327
221 302 15 28 0.2865
771 356 22 38 0.2343
566 240 9 11 0.1962
334 178 5 8 0.1845
570 240 9 11 0.1571
76 211 10 14 0.1536
773 358 24 38 0.1255
330 179 5 7 0.1132
332 178 6 8 0.1090
568 241 9 11 0.1068
80 209 11 15 0.0965
570 241 9 11 0.0759
329 178 6 7 0.0682
770 356 21 38 0.0388
349 223 6 7 0.0375
346 223 6 7 0.0372
781 363 24 35 0.0262
0 200 6 18 0.0194
347 222 6 7 0.0185
103 194 9 11 0.0164
306 175 5 6 0.0137
746 239 14 22 0.0131
334 178 5 7 0.0122
379 166 5 7 0.0117
377 165 6 8 0.0117
80 212 11 15 0.0109
345 222 5 7 0.0108
779 365 24 35 0.0103
