22_Picnic_Picnic_22_140
23
419 347 26 30 0.8445
314 341 24 30 0.8362
569 369 22 27 0.8260
786 382 25 33 0.8181
919 372 18 29 0.7255
638 386 22 27 0.7239
868 375 24 26 0.6937
921 428 17 27 0.6242
73 415 17 31 0.3266
854 410 19 31 0.1630
143 388 16 30 0.0983
147 389 17 31 0.0838
76 416 16 29 0.0731
146 393 15 27 0.0424
152 394 17 26 0.0298
714 483 20 33 0.0266
652 372 18 24 0.0213
653 375 19 25 0.0176
853 406 17 31 0.0147
702 478 22 36 0.0137
69 419 18 28 0.0134
438 435 15 29 0.0122
924 427 18 27 0.0111
