22_Picnic_Picnic_22_541
82
88 629 47 70 0.8533
903 843 21 19 0.4263
362 1111 12 16 0.3570
359 1111 12 16 0.3517
681 152 11 13 0.2070
684 151 11 14 0.1526
679 152 10 13 0.1068
943 80 12 18 0.1009
264 1080 6 9 0.0936
709 281 10 12 0.0888
791 82 15 17 0.0833
268 1091 6 8 0.0788
785 83 15 18 0.0761
261 1081 6 8 0.0744
938 81 13 18 0.0625
900 842 20 21 0.0599
713 281 9 11 0.0573
684 280 8 11 0.0478
262 1080 6 8 0.0467
684 154 10 13 0.0464
450 1127 9 11 0.0413
642 80 16 19 0.0387
453 1127 9 11 0.0368
484 1195 7 9 0.0367
487 1196 7 9 0.0366
270 1094 7 9 0.0349
259 1079 6 8 0.0330
682 280 8 10 0.0309
265 1090 7 9 0.0276
447 1126 9 11 0.0270
971 109 17 19 0.0240
681 131 11 14 0.0232
482 1195 7 9 0.0228
430 1122 8 10 0.0207
710 280 10 12 0.0197
262 1081 6 8 0.0196
687 154 10 12 0.0196
426 1078 9 11 0.0195
724 28 8 10 0.0184
429 1078 11 12 0.0178
677 132 11 14 0.0176
921 81 12 17 0.0176
451 1188 8 9 0.0172
480 1195 7 9 0.0170
484 85 13 16 0.0170
570 38 9 12 0.0161
258 1275 9 13 0.0159
486 1194 7 9 0.0153
579 101 11 13 0.0153
947 80 10 14 0.0145
427 1122 8 10 0.0145
254 1275 10 13 0.0135
784 92 12 15 0.0133
453 1190 9 11 0.0128
219 1129 7 10 0.0128
221 1128 7 10 0.0128
360 1116 10 14 0.0122
788 1315 14 11 0.0122
489 86 14 18 0.0122
244 1082 6 9 0.0120
457 99 7 9 0.0118
428 1121 9 11 0.0117
680 155 9 12 0.0117
750 1307 13 18 0.0117
683 150 10 13 0.0116
638 81 15 18 0.0116
955 0 23 8 0.0114
923 80 13 17 0.0112
574 39 10 12 0.0112
426 1074 8 10 0.0111
576 44 13 17 0.0109
978 78 9 11 0.0108
572 44 12 15 0.0107
787 93 12 15 0.0105
707 280 9 10 0.0105
364 1114 11 15 0.0104
430 1073 8 10 0.0104
681 281 8 9 0.0103
941 76 12 18 0.0103
455 96 7 10 0.0103
976 80 10 12 0.0101
49 903 9 11 0.0101
