22_Picnic_Picnic_22_36
59
638 653 37 48 0.8472
637 226 31 40 0.8468
457 442 37 40 0.8444
288 506 24 34 0.8168
126 510 35 60 0.8148
182 484 35 47 0.8005
777 439 24 60 0.6681
169 504 34 39 0.4079
385 282 8 10 0.3190
382 282 8 10 0.3041
553 286 8 10 0.2306
556 286 8 9 0.2072
53 366 13 16 0.1695
458 313 6 7 0.1533
461 313 6 7 0.1448
211 683 27 55 0.1436
50 362 15 17 0.1142
551 286 8 9 0.1098
463 314 5 7 0.0951
692 576 17 39 0.0746
459 315 6 7 0.0737
478 351 8 9 0.0731
725 278 10 12 0.0649
482 351 7 10 0.0624
722 278 10 12 0.0616
555 287 7 9 0.0603
58 366 10 15 0.0572
45 366 14 16 0.0539
795 275 8 10 0.0521
55 364 13 17 0.0486
797 277 9 11 0.0374
793 274 8 10 0.0373
694 574 24 44 0.0326
44 363 13 15 0.0323
57 362 12 16 0.0277
197 691 31 53 0.0268
551 288 8 9 0.0254
781 440 25 58 0.0247
551 287 8 9 0.0244
562 336 7 10 0.0235
218 681 25 56 0.0233
480 352 8 9 0.0222
558 287 7 8 0.0218
564 338 7 8 0.0198
794 277 8 10 0.0190
560 339 6 8 0.0188
694 578 19 40 0.0180
558 336 7 9 0.0163
56 379 11 14 0.0139
302 250 5 6 0.0128
299 250 5 6 0.0127
385 282 8 10 0.0124
798 275 8 11 0.0124
695 578 29 44 0.0113
462 313 6 7 0.0112
483 352 8 9 0.0111
196 702 28 41 0.0105
805 283 13 14 0.0103
60 380 9 13 0.0103
