50_Celebration_Or_Party_birthdayparty_50_134
130
854 282 31 36 0.8539
84 352 15 21 0.5026
892 338 19 29 0.4529
542 349 9 14 0.4196
18 338 17 21 0.3928
561 344 11 17 0.3728
14 337 19 23 0.3670
80 351 16 22 0.3615
614 350 9 12 0.2797
616 307 8 11 0.2750
447 350 9 13 0.2477
511 335 7 10 0.2477
424 338 8 11 0.2458
420 338 9 11 0.2251
444 350 9 12 0.2177
554 312 8 11 0.2161
557 313 8 11 0.2151
654 304 7 10 0.2137
619 307 8 11 0.2092
510 335 7 10 0.2054
563 345 11 17 0.2050
507 335 8 10 0.2022
801 299 8 11 0.1951
798 299 8 11 0.1950
543 333 8 10 0.1948
642 310 7 10 0.1904
487 322 7 9 0.1892
723 297 9 12 0.1855
580 311 8 9 0.1841
489 322 6 9 0.1834
546 332 9 11 0.1799
708 302 8 9 0.1789
615 307 8 11 0.1759
485 322 6 8 0.1754
723 296 8 11 0.1751
726 296 9 11 0.1740
610 350 10 13 0.1726
727 297 9 12 0.1696
528 333 8 10 0.1684
601 334 10 14 0.1673
889 337 19 29 0.1631
639 309 8 10 0.1623
584 311 7 10 0.1598
579 311 7 8 0.1584
627 350 9 13 0.1497
619 308 8 10 0.1496
386 352 9 11 0.1451
583 310 7 9 0.1350
559 345 12 18 0.1295
539 349 9 13 0.1275
638 311 8 10 0.1265
531 333 7 10 0.1193
507 335 7 9 0.1155
705 303 7 9 0.1145
599 333 11 13 0.1143
598 334 10 14 0.1113
382 352 10 11 0.1097
600 351 10 13 0.1083
485 323 7 9 0.1014
797 298 8 10 0.0990
800 298 8 10 0.0983
478 339 10 13 0.0978
553 311 8 10 0.0946
558 344 12 16 0.0932
422 337 8 10 0.0889
706 301 7 9 0.0797
582 348 9 13 0.0661
739 309 9 14 0.0655
485 341 9 11 0.0651
742 309 10 14 0.0644
815 312 7 9 0.0643
445 348 9 12 0.0633
611 349 9 12 0.0621
552 313 8 10 0.0574
556 311 8 10 0.0555
812 312 7 10 0.0544
599 349 11 13 0.0543
383 349 10 12 0.0508
625 349 9 12 0.0490
420 337 7 10 0.0441
740 307 10 14 0.0435
543 348 10 13 0.0433
650 305 7 9 0.0395
581 345 9 14 0.0392
444 350 9 12 0.0391
706 302 7 8 0.0388
565 344 9 14 0.0382
813 311 7 9 0.0379
429 348 9 12 0.0378
653 306 8 9 0.0363
652 303 7 10 0.0361
597 333 10 13 0.0357
442 348 8 12 0.0354
438 366 8 10 0.0352
542 345 10 14 0.0335
387 351 8 10 0.0334
656 304 7 10 0.0321
615 309 8 10 0.0317
435 365 8 11 0.0311
801 299 9 11 0.0292
617 349 9 13 0.0286
388 352 8 10 0.0259
488 323 7 9 0.0248
473 338 9 11 0.0240
613 363 9 11 0.0216
756 304 9 12 0.0208
724 297 9 12 0.0201
475 343 9 12 0.0198
832 293 8 11 0.0192
887 338 19 29 0.0191
753 303 8 10 0.0190
610 362 9 12 0.0189
835 291 10 12 0.0186
421 340 8 11 0.0184
703 301 7 9 0.0173
491 340 8 11 0.0168
650 304 7 9 0.0168
444 339 9 10 0.0165
526 333 7 9 0.0159
477 344 11 14 0.0137
1 340 10 18 0.0135
362 341 8 10 0.0127
641 314 8 9 0.0123
619 307 7 9 0.0120
497 345 7 10 0.0118
388 348 8 11 0.0117
380 349 9 11 0.0114
886 312 13 17 0.0110
270 386 9 10 0.0106
509 346 8 10 0.0103
