50_Celebration_Or_Party_houseparty_50_432
206
718 36 50 80 0.8800
629 72 38 53 0.8782
335 283 31 44 0.8743
720 839 37 47 0.8684
512 840 36 45 0.8678
567 827 31 37 0.8642
629 824 31 40 0.8536
312 612 26 32 0.8518
402 600 25 35 0.8512
469 317 27 36 0.8491
314 57 24 42 0.8366
256 612 21 40 0.8337
418 63 25 35 0.8330
481 597 22 36 0.8248
696 271 22 31 0.8176
506 64 29 70 0.8137
255 318 16 29 0.8113
394 319 18 23 0.8075
569 85 21 36 0.7962
352 74 19 28 0.7503
442 69 21 36 0.7403
542 287 19 32 0.7321
619 279 20 28 0.6496
619 279 21 28 0.5107
836 326 12 17 0.5031
987 320 11 15 0.5011
376 56 19 26 0.4984
142 854 12 12 0.4847
150 565 13 16 0.4781
494 60 14 22 0.4726
374 56 18 26 0.4587
15 826 11 15 0.4312
888 350 10 13 0.4246
492 60 14 22 0.4062
397 863 9 12 0.3833
410 863 8 11 0.3706
182 99 8 11 0.3606
296 870 15 23 0.3429
147 565 13 16 0.3404
890 350 10 12 0.3284
129 101 9 11 0.3106
184 99 8 11 0.2927
178 562 10 16 0.2798
157 97 9 12 0.2752
989 321 11 14 0.2682
176 562 9 16 0.2645
106 99 8 9 0.2637
298 870 15 23 0.2510
108 99 8 10 0.2419
412 863 8 11 0.2390
333 46 17 25 0.2326
503 855 7 11 0.2300
156 96 8 12 0.2299
395 864 8 11 0.2269
672 606 6 7 0.2252
471 588 19 24 0.2171
129 571 9 15 0.2159
738 606 7 9 0.2088
17 826 11 15 0.2071
675 606 6 7 0.2063
741 606 7 9 0.2043
476 867 9 11 0.2030
628 600 7 10 0.1854
476 860 7 10 0.1754
839 326 11 17 0.1720
300 870 14 22 0.1712
625 601 7 9 0.1659
474 859 7 11 0.1572
985 321 11 14 0.1416
105 99 7 9 0.1392
159 97 9 11 0.1384
500 856 7 10 0.1318
159 96 9 12 0.1308
501 855 6 10 0.1256
269 862 15 24 0.1235
354 74 19 28 0.1211
127 100 8 11 0.1176
478 867 9 11 0.1168
472 592 18 26 0.1018
474 867 8 11 0.0940
181 99 8 10 0.0938
140 854 11 12 0.0929
126 572 9 13 0.0918
477 587 17 26 0.0862
474 859 7 8 0.0858
202 560 10 16 0.0852
654 607 6 8 0.0848
377 859 9 12 0.0836
398 864 9 11 0.0826
109 98 6 10 0.0790
271 859 12 20 0.0787
145 854 11 12 0.0781
347 869 9 11 0.0745
141 852 11 13 0.0738
198 560 10 16 0.0733
652 607 6 8 0.0732
127 569 9 15 0.0715
673 607 6 7 0.0713
676 607 6 7 0.0631
13 825 12 15 0.0610
830 102 5 6 0.0605
29 807 11 16 0.0599
839 325 10 15 0.0595
297 839 12 17 0.0591
540 287 19 32 0.0590
468 593 14 21 0.0571
339 871 8 13 0.0565
833 102 5 6 0.0555
32 808 10 15 0.0553
336 47 17 25 0.0534
656 608 6 8 0.0527
262 864 15 23 0.0514
832 102 4 5 0.0507
155 97 9 12 0.0472
627 599 6 9 0.0462
436 857 7 9 0.0455
778 106 6 8 0.0449
474 859 7 10 0.0442
131 102 7 9 0.0433
468 592 17 26 0.0432
12 826 12 15 0.0415
499 856 6 9 0.0407
830 101 4 6 0.0397
467 590 13 21 0.0394
395 864 9 11 0.0394
822 307 9 11 0.0392
626 601 6 8 0.0391
333 872 8 12 0.0388
131 570 9 13 0.0374
739 608 7 9 0.0370
499 855 8 14 0.0355
698 606 5 6 0.0349
275 860 12 18 0.0343
438 857 7 9 0.0336
472 858 7 9 0.0332
775 107 7 8 0.0323
347 868 8 10 0.0322
415 863 8 10 0.0320
741 597 6 8 0.0312
739 598 6 8 0.0309
742 607 7 9 0.0305
701 606 5 6 0.0304
105 100 7 9 0.0302
444 861 6 9 0.0301
432 856 6 9 0.0288
342 871 11 13 0.0286
300 872 15 21 0.0279
608 595 5 7 0.0272
380 858 6 8 0.0271
275 863 11 20 0.0267
824 307 8 11 0.0266
181 562 10 16 0.0265
434 856 7 9 0.0264
335 51 17 27 0.0258
383 876 8 10 0.0251
411 863 8 9 0.0246
265 867 15 22 0.0246
651 608 7 8 0.0241
341 874 9 11 0.0236
659 602 6 7 0.0235
123 570 10 13 0.0230
270 869 15 23 0.0227
184 99 7 10 0.0227
301 840 10 16 0.0226
88 111 6 8 0.0217
108 101 7 8 0.0215
673 605 5 7 0.0212
623 598 7 10 0.0206
653 606 5 7 0.0206
378 871 9 14 0.0205
639 256 13 10 0.0203
296 837 11 15 0.0188
86 110 6 7 0.0185
821 306 7 8 0.0182
378 875 10 12 0.0177
834 325 13 17 0.0175
336 874 9 11 0.0171
86 111 6 8 0.0169
377 857 6 9 0.0168
98 118 8 9 0.0165
820 308 8 10 0.0158
450 868 7 10 0.0157
145 852 10 12 0.0141
824 306 7 8 0.0141
474 868 9 10 0.0140
103 571 7 9 0.0139
139 854 11 12 0.0139
99 571 8 9 0.0138
345 868 7 10 0.0136
699 607 5 6 0.0136
88 111 6 7 0.0132
349 868 9 12 0.0128
2 570 7 9 0.0121
441 857 6 9 0.0120
117 571 9 12 0.0120
139 852 9 12 0.0117
360 71 17 28 0.0116
698 608 6 6 0.0116
293 842 11 14 0.0115
99 569 7 8 0.0115
396 863 8 10 0.0114
420 860 8 11 0.0112
742 606 7 8 0.0111
102 569 7 9 0.0107
205 562 10 15 0.0104
702 607 5 7 0.0101
