50_Celebration_Or_Party_birthdayparty_50_283
28
811 179 37 41 0.8621
654 166 41 50 0.8599
437 269 29 36 0.8498
13 463 72 102 0.8496
594 307 38 44 0.8490
124 461 55 68 0.8473
364 351 35 55 0.8426
468 354 31 38 0.8413
890 294 28 38 0.8336
180 114 37 57 0.8276
458 314 23 26 0.8075
780 328 33 57 0.7843
247 373 53 68 0.7311
766 341 28 39 0.7041
767 473 46 65 0.4927
594 306 38 45 0.2677
247 373 52 68 0.2524
767 473 44 66 0.2481
246 373 54 68 0.2194
892 428 42 59 0.1569
769 474 48 64 0.0886
769 475 46 62 0.0545
868 442 43 96 0.0339
767 342 21 33 0.0205
677 515 20 52 0.0127
898 430 42 55 0.0122
887 432 42 68 0.0120
363 351 36 54 0.0116
