50_Celebration_Or_Party_houseparty_50_19
24
135 373 42 55 0.8612
523 395 36 48 0.8600
866 432 39 53 0.8398
658 441 28 46 0.8245
453 421 23 30 0.8004
408 433 24 43 0.7308
216 417 30 47 0.5131
746 490 15 21 0.3845
749 490 15 21 0.3806
214 416 30 48 0.1478
410 432 24 43 0.0667
787 432 16 22 0.0597
769 432 14 22 0.0579
168 377 21 33 0.0327
780 430 19 25 0.0310
414 430 20 37 0.0216
203 400 24 41 0.0170
771 431 18 23 0.0166
691 465 9 13 0.0154
202 403 28 47 0.0151
782 436 18 22 0.0136
714 482 16 22 0.0128
691 467 11 14 0.0116
1018 424 6 43 0.0107
