50_Celebration_Or_Party_birthdayparty_50_75
34
408 201 88 102 0.8573
238 455 30 36 0.8504
117 606 29 29 0.8394
239 386 30 33 0.8337
180 600 29 31 0.8335
663 124 27 35 0.8268
52 602 34 39 0.8168
116 384 30 30 0.8097
58 457 29 31 0.8050
174 385 33 34 0.7628
58 530 27 32 0.5533
187 473 14 20 0.4843
157 472 15 19 0.4500
160 472 15 19 0.4028
184 473 14 20 0.3004
0 753 18 14 0.1573
58 387 17 18 0.1564
127 468 15 15 0.0944
60 388 17 19 0.0943
159 455 12 16 0.0768
150 549 16 18 0.0728
49 532 22 28 0.0611
162 456 12 14 0.0378
165 544 15 17 0.0268
3 754 19 13 0.0245
125 465 14 16 0.0229
148 549 13 17 0.0164
48 529 17 23 0.0154
57 389 15 17 0.0139
161 454 11 14 0.0133
158 453 12 15 0.0127
283 519 28 30 0.0126
57 387 14 18 0.0120
164 543 13 14 0.0114
