50_Celebration_Or_Party_birthdayparty_50_479
36
354 544 101 149 0.8920
219 31 11 13 0.1632
221 32 11 13 0.1035
222 31 11 13 0.0964
92 36 11 12 0.0796
18 423 8 9 0.0692
16 423 7 9 0.0647
522 111 10 14 0.0415
854 495 5 5 0.0352
519 112 10 13 0.0312
25 28 12 15 0.0293
90 36 9 11 0.0270
851 494 5 6 0.0257
223 32 10 13 0.0247
94 36 12 12 0.0224
114 380 5 7 0.0209
90 33 11 13 0.0205
111 381 5 6 0.0198
838 497 5 6 0.0184
836 497 5 5 0.0178
855 495 5 6 0.0173
15 422 7 9 0.0170
488 77 7 8 0.0152
485 77 7 8 0.0142
14 423 8 8 0.0136
840 496 5 6 0.0133
946 15 9 11 0.0128
345 77 8 9 0.0126
949 15 8 11 0.0124
113 380 5 7 0.0123
908 39 12 12 0.0123
111 379 5 7 0.0120
348 77 7 9 0.0119
274 71 41 48 0.0118
18 422 7 8 0.0117
94 34 10 11 0.0106
