50_Celebration_Or_Party_houseparty_50_609
286
287 242 45 57 0.8854
144 258 42 47 0.8732
996 253 28 52 0.8560
312 323 48 70 0.8216
890 175 21 25 0.8141
128 237 30 40 0.8140
602 251 32 45 0.8104
800 211 22 31 0.8066
844 191 22 29 0.7990
409 233 29 35 0.7968
539 279 43 51 0.7942
212 211 31 47 0.7883
472 178 23 35 0.7856
214 346 68 81 0.7769
328 203 21 30 0.7124
872 170 14 19 0.6787
855 225 23 32 0.6757
677 191 18 30 0.6705
81 346 26 53 0.6311
637 167 14 19 0.5875
741 156 13 17 0.5405
769 186 20 28 0.5377
88 220 21 39 0.5290
833 171 13 16 0.5192
995 121 14 17 0.5146
788 157 14 19 0.4828
190 178 18 21 0.4659
821 167 13 16 0.4080
714 190 14 22 0.3964
930 126 12 16 0.3675
773 186 18 27 0.3487
785 157 15 19 0.3486
590 167 12 18 0.3464
834 133 10 15 0.3380
214 346 68 81 0.3338
534 124 10 13 0.3313
927 126 12 16 0.3193
894 132 10 15 0.3156
531 124 10 13 0.3068
875 275 26 51 0.3041
819 166 13 16 0.2880
711 190 15 21 0.2699
993 122 13 16 0.2480
176 167 13 17 0.2442
486 161 13 17 0.2424
891 133 10 14 0.2408
447 165 13 17 0.2354
808 189 19 24 0.2270
721 237 30 41 0.2153
836 171 12 16 0.2147
449 166 12 16 0.2099
154 186 18 19 0.1908
544 132 9 12 0.1901
541 132 10 12 0.1859
93 220 19 40 0.1788
770 133 10 15 0.1773
812 187 17 23 0.1732
483 127 9 11 0.1725
187 215 17 28 0.1711
146 221 25 33 0.1689
173 168 13 16 0.1672
480 127 9 11 0.1626
882 154 11 12 0.1600
159 187 17 20 0.1587
1003 149 13 15 0.1491
832 134 10 14 0.1453
814 188 17 25 0.1428
983 135 12 18 0.1422
634 167 14 18 0.1408
739 156 12 16 0.1356
883 155 12 14 0.1281
537 204 23 27 0.1273
1006 149 13 15 0.1258
848 132 9 13 0.1238
360 174 15 19 0.1230
600 187 14 21 0.1225
222 149 9 12 0.1198
549 168 11 15 0.1179
267 182 19 24 0.1146
412 131 8 13 0.1136
925 156 13 16 0.1091
579 122 10 12 0.1066
710 191 14 21 0.1051
225 149 9 12 0.1045
638 200 20 29 0.1021
547 165 12 14 0.0961
974 229 16 26 0.0953
573 148 10 13 0.0938
212 212 32 46 0.0921
226 192 20 26 0.0916
175 167 12 15 0.0908
215 165 8 10 0.0907
538 155 12 15 0.0891
803 120 10 14 0.0866
767 133 10 15 0.0866
584 132 9 13 0.0861
807 187 20 24 0.0821
340 188 15 21 0.0818
772 133 10 14 0.0812
217 165 9 10 0.0809
227 191 17 18 0.0781
800 121 9 13 0.0781
537 155 12 13 0.0779
751 181 15 22 0.0779
409 132 8 12 0.0769
852 132 9 12 0.0768
979 134 12 17 0.0755
570 148 10 13 0.0755
683 192 15 27 0.0732
587 165 13 18 0.0720
186 212 17 29 0.0703
188 178 16 19 0.0697
274 182 23 27 0.0676
880 154 10 12 0.0666
470 147 11 16 0.0651
929 157 12 16 0.0640
602 143 13 20 0.0624
587 132 9 12 0.0603
467 147 11 16 0.0592
183 215 18 30 0.0575
410 130 8 12 0.0572
593 167 11 17 0.0554
139 200 15 19 0.0547
646 120 10 13 0.0529
539 204 25 30 0.0523
337 187 15 22 0.0521
445 167 11 15 0.0502
385 191 18 23 0.0500
53 207 14 24 0.0485
650 120 10 12 0.0484
637 199 18 23 0.0478
392 185 14 21 0.0473
879 156 12 15 0.0471
89 346 22 53 0.0467
581 121 9 11 0.0451
587 168 12 16 0.0446
451 160 13 20 0.0445
752 177 13 17 0.0444
851 130 9 12 0.0440
400 150 11 15 0.0437
578 120 9 10 0.0437
796 172 14 18 0.0435
582 119 8 10 0.0428
388 186 15 21 0.0422
848 130 9 12 0.0422
822 166 14 17 0.0421
364 174 15 19 0.0419
874 277 21 48 0.0401
156 187 19 20 0.0400
651 118 8 9 0.0398
873 274 20 48 0.0397
956 191 19 21 0.0394
444 165 14 18 0.0391
742 138 11 15 0.0382
546 169 11 15 0.0382
955 188 18 21 0.0381
355 145 12 15 0.0364
748 181 15 22 0.0357
542 131 9 11 0.0352
271 162 9 11 0.0348
490 161 10 16 0.0340
576 123 10 12 0.0338
616 127 9 12 0.0328
602 188 15 21 0.0326
592 165 13 18 0.0322
545 168 13 16 0.0321
361 178 15 19 0.0321
526 177 17 26 0.0318
268 162 9 11 0.0311
185 219 23 37 0.0299
57 207 14 24 0.0290
277 177 15 18 0.0289
390 190 16 23 0.0286
634 166 14 19 0.0278
528 175 13 18 0.0275
403 149 11 15 0.0272
944 206 20 26 0.0261
731 277 19 44 0.0259
718 189 14 22 0.0259
161 190 18 19 0.0257
408 130 8 11 0.0256
948 185 17 24 0.0256
491 183 19 27 0.0256
647 118 8 9 0.0252
337 189 17 23 0.0251
400 152 13 18 0.0251
241 160 11 14 0.0249
488 162 13 20 0.0248
214 165 10 12 0.0247
229 189 20 24 0.0244
727 271 20 50 0.0243
608 222 24 36 0.0241
875 170 14 18 0.0239
611 222 17 28 0.0238
981 136 13 17 0.0237
572 146 10 13 0.0233
178 220 25 35 0.0232
173 167 11 14 0.0226
351 145 13 16 0.0224
827 225 17 21 0.0221
238 160 10 14 0.0221
280 186 20 24 0.0215
928 127 12 16 0.0210
358 139 9 12 0.0204
542 153 11 14 0.0202
577 122 9 12 0.0202
916 227 24 27 0.0201
606 143 12 18 0.0196
389 186 16 23 0.0195
675 120 10 14 0.0192
648 120 10 12 0.0187
923 154 12 15 0.0185
336 204 16 26 0.0182
956 208 17 23 0.0181
951 187 19 24 0.0180
155 190 19 20 0.0179
265 186 15 21 0.0177
1004 122 11 14 0.0176
265 185 12 19 0.0174
801 120 10 13 0.0173
601 142 10 13 0.0169
744 139 12 15 0.0168
276 188 24 26 0.0168
93 218 17 40 0.0167
931 127 12 16 0.0167
949 190 20 25 0.0166
444 165 12 16 0.0166
530 177 17 23 0.0165
447 191 14 19 0.0162
834 192 16 24 0.0161
823 166 11 15 0.0161
354 140 10 12 0.0161
599 143 11 16 0.0159
535 155 12 15 0.0157
541 135 10 13 0.0157
748 186 16 22 0.0154
772 137 11 14 0.0153
612 127 9 11 0.0152
655 143 13 18 0.0152
485 128 8 11 0.0150
356 192 17 21 0.0148
266 184 24 29 0.0147
117 237 21 34 0.0147
562 210 18 23 0.0146
178 167 13 15 0.0146
664 123 10 12 0.0146
538 202 18 21 0.0144
50 198 16 28 0.0143
196 179 15 19 0.0143
273 177 13 18 0.0143
851 136 9 11 0.0142
739 137 9 14 0.0139
218 165 9 11 0.0138
481 129 9 11 0.0136
336 152 10 12 0.0134
143 222 29 42 0.0134
253 218 15 25 0.0134
965 189 13 18 0.0133
469 144 10 14 0.0133
596 188 16 22 0.0130
750 176 12 17 0.0124
895 136 10 12 0.0124
340 161 14 18 0.0120
988 139 12 15 0.0120
673 120 9 13 0.0120
769 131 8 13 0.0119
918 223 20 26 0.0119
492 187 19 27 0.0119
51 208 19 31 0.0118
976 228 20 28 0.0118
446 190 13 17 0.0118
675 261 19 31 0.0118
326 158 11 13 0.0117
831 136 11 14 0.0116
186 183 17 21 0.0115
484 161 12 18 0.0114
604 186 14 20 0.0114
1004 144 13 16 0.0114
750 155 12 16 0.0112
253 197 12 19 0.0111
781 160 13 17 0.0110
668 262 19 28 0.0108
816 167 14 17 0.0106
150 218 24 26 0.0106
139 201 19 24 0.0106
184 213 21 31 0.0104
