50_Celebration_Or_Party_houseparty_50_715
277
359 648 14 16 0.0760
617 482 10 13 0.0548
413 512 8 9 0.0497
417 512 7 9 0.0494
396 560 7 11 0.0460
620 483 10 12 0.0458
399 561 8 10 0.0442
283 497 9 11 0.0437
373 560 9 12 0.0431
525 594 16 19 0.0422
394 476 7 10 0.0417
495 526 8 9 0.0399
148 533 10 12 0.0398
383 535 8 10 0.0395
437 564 10 14 0.0379
151 533 10 12 0.0378
130 512 8 11 0.0377
282 120 23 25 0.0375
391 475 7 10 0.0374
971 605 13 18 0.0368
493 525 7 10 0.0368
380 535 7 10 0.0358
481 521 8 10 0.0347
528 540 10 12 0.0347
529 541 10 14 0.0344
435 657 14 16 0.0342
538 514 9 12 0.0334
370 560 9 11 0.0331
465 498 7 9 0.0330
744 509 9 11 0.0325
779 651 13 16 0.0323
61 519 12 15 0.0322
513 510 9 12 0.0313
286 497 8 10 0.0291
283 548 9 10 0.0286
164 467 7 9 0.0285
313 500 7 9 0.0284
452 506 7 9 0.0281
241 484 11 14 0.0279
280 548 8 10 0.0275
722 496 8 11 0.0274
431 470 7 9 0.0273
316 499 8 10 0.0271
523 573 12 15 0.0270
700 598 14 19 0.0268
27 482 10 14 0.0263
454 485 7 9 0.0262
61 495 12 16 0.0259
492 509 7 9 0.0256
439 566 10 14 0.0252
133 511 9 11 0.0251
281 497 8 11 0.0251
441 564 10 13 0.0250
462 561 10 13 0.0248
799 533 10 13 0.0247
331 489 7 9 0.0245
500 544 10 13 0.0244
495 509 8 9 0.0243
458 485 7 9 0.0239
132 468 8 9 0.0238
163 531 11 14 0.0238
435 470 7 9 0.0237
725 496 9 11 0.0237
538 562 12 15 0.0236
688 583 13 16 0.0236
532 539 9 13 0.0232
145 473 8 10 0.0228
160 467 8 10 0.0227
103 507 10 12 0.0226
454 507 8 10 0.0226
424 483 7 9 0.0222
947 593 14 17 0.0220
238 484 11 13 0.0219
496 527 8 9 0.0217
203 526 11 13 0.0217
889 521 8 11 0.0216
802 533 10 13 0.0215
151 546 12 15 0.0215
451 505 7 9 0.0214
55 470 9 11 0.0210
560 575 13 17 0.0210
538 566 14 17 0.0208
893 521 8 11 0.0207
275 121 30 29 0.0205
532 541 11 14 0.0204
1000 507 8 10 0.0204
540 516 9 10 0.0203
920 584 12 16 0.0203
559 514 10 13 0.0200
316 485 8 9 0.0198
342 531 8 12 0.0198
338 531 9 12 0.0197
518 497 8 11 0.0197
473 497 8 9 0.0196
305 469 7 9 0.0196
413 456 7 9 0.0195
521 498 9 11 0.0195
537 517 8 11 0.0195
59 470 8 11 0.0193
451 469 8 8 0.0193
342 496 8 9 0.0193
493 527 8 10 0.0191
789 508 8 9 0.0190
684 583 13 16 0.0185
58 519 11 14 0.0182
258 636 13 17 0.0181
94 531 11 14 0.0180
717 513 9 12 0.0179
607 559 11 13 0.0178
793 508 7 9 0.0178
163 465 7 10 0.0178
481 517 8 10 0.0177
1005 520 9 10 0.0177
451 595 12 13 0.0176
129 467 8 9 0.0176
420 483 8 9 0.0175
753 510 9 12 0.0173
805 644 15 20 0.0172
396 460 7 9 0.0169
402 504 7 9 0.0169
347 519 7 9 0.0168
736 508 10 13 0.0167
100 507 9 12 0.0167
320 486 7 8 0.0167
128 531 12 15 0.0166
556 516 10 13 0.0166
398 503 7 9 0.0166
392 461 7 9 0.0165
666 631 16 19 0.0165
406 446 6 8 0.0164
981 484 9 11 0.0162
831 588 12 16 0.0162
556 514 10 13 0.0162
221 484 9 10 0.0161
668 492 8 12 0.0161
97 530 12 16 0.0161
423 545 8 10 0.0161
453 517 8 10 0.0160
359 516 7 8 0.0159
708 484 9 11 0.0159
58 495 11 15 0.0159
242 516 11 14 0.0158
1010 520 8 11 0.0157
209 497 10 13 0.0157
334 489 6 9 0.0156
500 133 27 29 0.0156
395 477 8 9 0.0156
301 469 7 9 0.0156
727 568 12 16 0.0154
96 585 16 19 0.0153
212 497 10 13 0.0152
520 573 11 14 0.0151
239 517 10 13 0.0149
116 491 9 10 0.0149
978 484 8 11 0.0149
419 545 8 11 0.0148
275 116 30 31 0.0147
144 456 8 9 0.0147
611 558 10 13 0.0146
132 513 8 11 0.0145
392 478 7 9 0.0144
256 600 12 15 0.0144
810 574 12 15 0.0144
466 561 10 13 0.0143
424 528 7 10 0.0140
847 499 9 12 0.0140
439 497 8 9 0.0140
560 516 10 13 0.0140
291 476 7 8 0.0138
495 545 11 13 0.0138
552 530 12 15 0.0137
194 509 10 12 0.0136
378 480 7 8 0.0135
62 533 13 14 0.0135
28 508 11 14 0.0135
695 598 14 18 0.0134
628 565 15 19 0.0133
369 507 7 9 0.0133
313 501 8 10 0.0133
456 516 8 10 0.0133
215 445 7 9 0.0133
728 543 11 15 0.0132
159 465 8 9 0.0132
592 518 9 11 0.0132
68 442 8 10 0.0131
419 528 8 9 0.0130
438 655 14 17 0.0130
648 463 8 9 0.0130
93 586 15 18 0.0129
806 129 20 18 0.0127
205 529 11 13 0.0127
254 537 9 11 0.0127
310 546 8 10 0.0127
121 499 10 11 0.0127
403 446 6 8 0.0126
123 510 10 13 0.0125
539 469 9 11 0.0125
72 442 8 10 0.0125
360 462 7 9 0.0125
754 523 9 10 0.0123
416 513 7 9 0.0122
701 498 8 10 0.0122
803 127 21 19 0.0122
166 576 11 14 0.0121
833 552 10 11 0.0121
211 445 7 9 0.0120
105 441 9 11 0.0120
30 481 11 14 0.0120
751 522 8 10 0.0119
972 527 8 11 0.0118
516 513 9 11 0.0118
114 460 9 11 0.0117
309 520 8 10 0.0117
641 492 10 14 0.0117
508 529 9 11 0.0117
917 585 11 14 0.0116
53 455 9 11 0.0116
775 651 12 16 0.0115
947 591 13 14 0.0115
450 505 8 10 0.0115
679 532 13 15 0.0114
834 554 11 14 0.0114
271 524 9 10 0.0113
757 493 8 10 0.0113
263 636 12 16 0.0113
251 537 9 11 0.0113
372 559 8 9 0.0113
383 447 6 8 0.0113
537 502 9 11 0.0112
698 498 8 10 0.0112
883 461 8 9 0.0111
595 518 9 11 0.0111
396 507 7 9 0.0111
967 605 13 18 0.0111
332 637 13 16 0.0110
560 578 15 17 0.0110
138 480 8 11 0.0110
363 479 7 9 0.0110
799 522 9 12 0.0110
933 513 8 10 0.0109
1 457 8 12 0.0109
614 497 9 12 0.0109
286 498 8 10 0.0109
382 493 7 9 0.0108
770 580 16 20 0.0108
24 482 10 14 0.0108
802 521 9 12 0.0108
784 554 10 14 0.0108
774 496 10 12 0.0108
807 555 11 14 0.0107
687 470 8 10 0.0107
416 511 7 9 0.0107
720 514 9 12 0.0107
493 526 9 11 0.0107
519 484 8 10 0.0106
314 500 8 10 0.0106
638 493 9 12 0.0106
89 458 8 11 0.0106
645 462 8 10 0.0105
933 533 10 13 0.0104
969 603 12 15 0.0104
378 478 7 9 0.0104
231 118 33 37 0.0104
985 505 8 9 0.0103
242 512 10 13 0.0103
357 648 12 15 0.0103
85 458 8 11 0.0103
516 485 8 10 0.0103
617 546 11 15 0.0103
598 486 8 9 0.0102
851 500 8 11 0.0102
395 560 7 10 0.0102
368 625 12 16 0.0102
455 468 7 8 0.0101
924 451 8 9 0.0101
178 533 10 12 0.0101
125 471 8 10 0.0100
