41_Swimming_Swimming_41_243
26
746 245 52 60 0.8797
508 785 37 52 0.8391
94 102 141 121 0.8353
630 876 41 52 0.7834
741 896 47 58 0.7786
422 755 33 41 0.7743
471 758 35 44 0.7560
550 806 35 52 0.7385
116 735 59 65 0.7155
253 643 23 31 0.6983
907 251 56 65 0.6144
422 905 36 51 0.4024
421 906 32 49 0.3576
256 605 20 23 0.3022
75 671 20 29 0.2133
259 605 20 26 0.1740
236 596 21 23 0.1629
261 605 20 23 0.1257
81 670 17 30 0.0779
232 596 19 21 0.0683
907 251 57 65 0.0597
483 753 29 40 0.0332
235 594 18 20 0.0290
263 607 20 24 0.0177
251 605 18 23 0.0139
69 668 23 33 0.0110
