41_Swimming_Swimmer_41_380
34
585 174 15 17 0.6605
467 225 17 18 0.5868
604 109 11 13 0.4833
565 106 12 12 0.4814
398 288 17 22 0.4188
591 205 15 16 0.3682
465 225 17 19 0.3096
568 105 11 13 0.2884
606 109 12 12 0.2709
401 288 18 22 0.2080
590 201 14 17 0.1567
400 289 17 22 0.1262
583 174 14 17 0.0638
868 199 17 18 0.0628
602 109 10 12 0.0500
843 203 24 18 0.0422
828 197 25 19 0.0411
850 199 19 19 0.0407
837 196 26 22 0.0386
852 204 19 17 0.0382
909 151 12 12 0.0343
829 203 28 16 0.0303
500 348 14 13 0.0241
403 290 18 21 0.0228
594 201 13 16 0.0180
869 203 18 17 0.0155
898 226 12 12 0.0149
594 205 14 16 0.0142
876 200 12 15 0.0140
810 154 16 18 0.0137
822 201 16 12 0.0130
564 106 10 12 0.0130
843 195 25 22 0.0117
910 154 13 13 0.0110
