28_Sports_Fan_Sports_Fan_28_118
51
0 366 84 103 0.8838
637 309 96 113 0.8820
485 312 94 131 0.8492
13 200 78 90 0.8479
712 200 34 56 0.8350
48 81 34 41 0.8171
845 449 48 68 0.8116
95 127 32 40 0.7769
541 224 43 57 0.6838
327 165 33 48 0.6652
433 343 40 60 0.3788
430 342 47 66 0.3005
490 144 33 50 0.2474
37 42 19 23 0.1513
202 174 43 61 0.0991
890 50 17 21 0.0950
886 50 17 21 0.0825
198 166 48 69 0.0665
326 164 34 49 0.0607
121 38 22 27 0.0564
41 42 19 23 0.0536
838 41 21 27 0.0516
213 175 40 59 0.0512
318 297 42 54 0.0493
0 5 10 22 0.0422
0 194 19 72 0.0411
498 147 28 46 0.0395
0 260 7 55 0.0314
114 36 24 30 0.0297
0 262 9 56 0.0264
308 136 30 46 0.0255
310 143 29 42 0.0252
307 143 26 41 0.0249
777 32 17 19 0.0217
211 165 43 67 0.0213
541 222 43 58 0.0213
38 48 19 20 0.0209
0 188 16 73 0.0203
317 290 47 62 0.0187
10 26 16 19 0.0169
483 142 34 51 0.0153
0 24 6 22 0.0152
889 47 17 21 0.0133
306 136 27 45 0.0131
0 89 18 30 0.0110
919 49 20 24 0.0110
31 36 22 28 0.0109
5 18 19 23 0.0106
0 7 15 26 0.0104
189 185 48 59 0.0102
31 41 17 23 0.0101
