28_Sports_Fan_Sports_Fan_28_7
1183
467 651 118 137 0.8867
867 1137 105 135 0.8778
943 856 65 90 0.8703
147 872 52 75 0.8616
147 676 52 59 0.8586
83 861 71 101 0.8483
589 634 34 40 0.8368
538 597 38 43 0.8287
54 784 50 60 0.8250
928 693 38 45 0.8220
718 730 46 67 0.8051
5 565 36 49 0.8006
205 660 40 53 0.7969
196 557 33 36 0.7950
90 564 37 53 0.7868
980 662 34 37 0.7848
0 859 29 100 0.7825
809 807 36 44 0.7740
0 1089 70 164 0.7608
168 524 25 36 0.7544
493 587 23 31 0.7371
650 580 24 37 0.7278
32 384 22 28 0.7220
757 685 38 48 0.7070
807 1206 70 114 0.7003
63 504 23 33 0.6763
425 665 41 57 0.6541
120 351 19 25 0.6486
50 224 18 21 0.6447
839 539 25 28 0.6373
0 862 27 86 0.6152
939 274 17 20 0.6103
711 544 21 30 0.5948
443 13 13 16 0.5786
88 201 18 20 0.5784
56 611 30 48 0.5744
189 416 26 26 0.5628
817 537 22 24 0.5619
291 276 16 22 0.5613
872 219 15 19 0.5517
632 49 14 16 0.5434
28 291 19 23 0.5427
0 132 9 26 0.5410
258 155 15 21 0.5351
299 431 24 29 0.5278
924 169 12 14 0.5267
859 69 11 14 0.5206
261 346 21 27 0.5166
424 665 39 56 0.5165
805 414 21 24 0.5060
973 294 15 19 0.4975
192 300 22 28 0.4919
940 167 13 16 0.4901
889 238 14 17 0.4887
975 522 21 30 0.4869
601 507 24 24 0.4844
201 130 14 18 0.4809
11 72 16 21 0.4728
248 401 23 34 0.4691
56 265 17 20 0.4673
921 308 17 19 0.4612
670 634 30 43 0.4605
4 191 17 20 0.4553
338 0 12 9 0.4540
204 97 13 18 0.4537
75 15 12 15 0.4524
322 49 14 17 0.4523
563 3 11 14 0.4433
140 258 18 23 0.4395
836 120 11 14 0.4344
821 117 12 16 0.4316
666 634 31 44 0.4285
701 85 12 15 0.4264
835 508 16 20 0.4258
842 454 17 20 0.4243
216 302 17 21 0.4233
703 108 15 18 0.4211
1005 233 16 22 0.4185
214 356 23 28 0.4175
272 225 16 19 0.4152
586 88 15 18 0.4125
786 116 13 16 0.4110
205 197 14 19 0.4072
133 123 16 20 0.4072
921 228 16 21 0.4052
222 221 15 18 0.4045
477 6 13 16 0.4030
306 106 13 16 0.4017
919 189 14 17 0.4010
774 379 17 21 0.3969
956 107 11 14 0.3951
805 139 12 15 0.3942
148 14 12 15 0.3932
357 44 13 18 0.3862
1008 339 16 19 0.3824
861 350 18 21 0.3822
602 49 13 16 0.3820
20 17 14 17 0.3812
248 30 13 16 0.3809
459 2 11 15 0.3804
7 72 16 21 0.3791
854 275 15 20 0.3785
912 385 17 20 0.3762
857 234 12 15 0.3742
95 390 21 30 0.3734
751 130 11 14 0.3708
90 13 13 16 0.3702
959 200 14 17 0.3690
909 542 19 29 0.3687
739 88 12 15 0.3684
353 98 13 17 0.3664
127 10 12 14 0.3645
295 431 24 29 0.3596
941 128 12 15 0.3561
114 39 14 18 0.3554
865 350 18 22 0.3549
800 260 15 17 0.3534
924 230 16 20 0.3523
752 113 11 15 0.3521
917 150 11 14 0.3513
390 79 14 17 0.3512
849 46 11 13 0.3508
987 271 15 18 0.3503
304 6 13 15 0.3496
140 210 14 17 0.3467
688 61 12 16 0.3453
551 24 12 16 0.3432
892 172 12 16 0.3425
576 47 12 16 0.3424
395 1 10 12 0.3424
908 591 22 31 0.3417
197 301 20 27 0.3414
287 35 12 14 0.3409
523 36 11 14 0.3407
245 29 13 17 0.3377
58 31 13 16 0.3364
886 69 10 13 0.3357
776 277 13 18 0.3348
710 47 13 16 0.3345
884 152 11 14 0.3337
960 125 11 14 0.3336
467 51 11 14 0.3321
883 69 9 13 0.3297
707 108 14 18 0.3296
818 117 12 16 0.3272
788 421 18 22 0.3268
340 25 13 15 0.3250
802 138 12 16 0.3248
910 121 12 15 0.3237
916 189 13 17 0.3216
930 114 12 15 0.3176
123 9 13 14 0.3164
589 88 15 18 0.3147
886 238 14 16 0.3144
821 15 10 13 0.3134
404 56 12 16 0.3130
8 191 15 19 0.3127
896 173 12 16 0.3126
883 296 17 20 0.3124
436 542 23 29 0.3120
161 216 15 18 0.3102
905 30 10 12 0.3102
302 105 13 17 0.3094
981 51 10 13 0.3067
429 20 12 16 0.3036
839 145 12 15 0.3022
912 68 9 13 0.3017
375 45 13 16 0.3012
93 13 13 16 0.3008
952 107 12 15 0.3004
915 384 17 21 0.3000
548 74 13 17 0.2981
908 53 10 12 0.2975
323 630 61 75 0.2975
519 36 12 14 0.2941
455 2 12 14 0.2937
774 5 10 13 0.2934
934 113 11 15 0.2934
842 538 25 29 0.2927
647 108 15 19 0.2914
550 53 12 14 0.2911
604 506 24 25 0.2900
310 33 11 14 0.2898
283 363 18 23 0.2889
49 7 12 14 0.2883
88 84 13 17 0.2873
913 151 11 14 0.2856
782 117 13 15 0.2850
641 3 9 11 0.2838
876 130 14 16 0.2828
349 98 14 16 0.2827
796 261 15 16 0.2813
74 234 18 20 0.2812
78 234 17 20 0.2812
549 116 13 18 0.2796
200 97 14 17 0.2794
172 90 13 16 0.2793
990 594 22 29 0.2788
739 57 11 14 0.2782
391 1 11 13 0.2781
264 345 20 26 0.2753
817 15 10 13 0.2753
962 232 13 18 0.2739
252 310 17 23 0.2739
778 6 10 12 0.2732
244 401 24 34 0.2721
764 83 11 14 0.2716
795 88 11 15 0.2710
904 86 10 13 0.2709
985 51 10 13 0.2707
707 47 13 16 0.2706
779 277 14 18 0.2696
638 2 9 13 0.2696
983 271 15 18 0.2695
915 68 10 12 0.2688
587 30 12 15 0.2688
874 91 10 12 0.2666
572 47 12 16 0.2665
636 20 11 13 0.2651
104 68 14 18 0.2649
901 86 9 12 0.2640
110 39 15 18 0.2627
790 23 10 14 0.2627
875 7 11 13 0.2614
347 139 14 16 0.2612
165 216 15 17 0.2610
144 14 13 15 0.2606
160 119 15 19 0.2602
880 152 12 15 0.2602
901 30 10 12 0.2601
615 121 16 20 0.2600
618 38 12 15 0.2598
862 257 14 18 0.2596
516 90 12 16 0.2591
914 40 10 12 0.2584
284 35 11 14 0.2576
684 3 9 10 0.2576
24 291 20 23 0.2564
393 557 23 31 0.2559
119 404 25 34 0.2545
845 46 11 13 0.2544
748 113 12 16 0.2543
904 52 10 13 0.2537
176 241 15 18 0.2529
387 32 12 14 0.2521
262 155 13 20 0.2498
676 90 14 18 0.2491
620 82 12 14 0.2483
66 163 16 21 0.2476
334 0 13 9 0.2475
907 0 10 7 0.2474
401 55 12 17 0.2474
837 3 10 13 0.2468
22 0 12 6 0.2468
555 23 12 16 0.2465
904 103 10 12 0.2463
994 197 14 17 0.2458
957 200 13 17 0.2456
37 124 15 19 0.2453
867 257 13 17 0.2451
778 379 16 20 0.2438
672 91 14 18 0.2406
969 293 15 19 0.2400
792 89 11 14 0.2398
387 79 14 17 0.2396
426 0 10 7 0.2393
879 400 17 22 0.2391
990 177 11 14 0.2388
560 3 11 13 0.2387
832 508 15 20 0.2386
486 67 11 14 0.2386
978 79 12 15 0.2383
483 67 11 14 0.2380
665 40 12 15 0.2379
747 130 11 15 0.2372
164 119 14 19 0.2363
855 120 11 15 0.2340
932 11 10 11 0.2339
126 271 18 23 0.2339
883 400 16 22 0.2332
592 7 12 17 0.2330
811 187 14 18 0.2326
215 362 23 27 0.2321
353 44 13 17 0.2308
481 54 11 14 0.2295
623 81 12 15 0.2284
846 454 17 20 0.2281
450 61 12 15 0.2273
384 32 12 14 0.2269
90 390 23 31 0.2256
454 60 11 16 0.2249
214 94 13 18 0.2248
991 134 12 15 0.2239
411 112 12 18 0.2238
760 83 11 14 0.2236
886 298 16 20 0.2235
713 72 11 13 0.2206
74 45 12 15 0.2203
921 284 16 18 0.2201
946 72 10 12 0.2195
605 50 13 15 0.2193
605 3 12 14 0.2183
649 110 14 19 0.2164
963 201 12 16 0.2158
198 129 14 19 0.2152
143 209 14 18 0.2144
882 398 16 23 0.2144
888 268 14 17 0.2122
1013 56 10 13 0.2113
765 101 11 13 0.2103
520 88 12 17 0.2077
917 645 26 31 0.2069
361 124 12 15 0.2065
919 39 9 12 0.2064
445 86 12 15 0.2063
943 1 10 10 0.2052
996 160 10 14 0.2047
111 68 13 17 0.2044
432 22 11 14 0.2037
963 126 10 13 0.2036
1012 438 12 24 0.2036
412 17 11 13 0.2017
300 7 13 14 0.2014
942 15 10 12 0.2000
816 359 16 24 0.1993
593 8 11 16 0.1993
319 49 13 17 0.1992
144 258 17 22 0.1965
792 24 11 14 0.1959
976 78 12 14 0.1936
919 308 15 19 0.1935
97 239 14 19 0.1935
878 8 10 13 0.1933
957 448 19 22 0.1906
630 107 13 16 0.1895
949 54 10 12 0.1891
892 485 16 24 0.1888
588 7 13 17 0.1857
966 231 12 18 0.1857
842 145 12 15 0.1854
207 74 12 15 0.1847
1001 234 16 21 0.1841
177 33 13 16 0.1837
969 125 11 14 0.1832
754 53 11 14 0.1829
466 37 12 15 0.1826
759 14 10 13 0.1823
261 92 14 16 0.1820
17 16 13 17 0.1817
683 61 13 15 0.1814
944 87 11 14 0.1807
183 33 12 16 0.1801
142 79 15 17 0.1801
906 14 9 11 0.1797
22 271 16 17 0.1796
865 170 12 16 0.1795
450 59 11 16 0.1792
996 490 21 24 0.1790
211 223 14 17 0.1790
884 269 14 16 0.1786
1004 339 16 18 0.1777
833 3 10 13 0.1777
201 197 15 20 0.1775
742 58 10 13 0.1768
841 25 10 12 0.1768
851 275 14 20 0.1752
45 7 12 14 0.1742
952 55 11 11 0.1725
807 415 21 24 0.1724
861 170 12 16 0.1723
501 92 11 16 0.1722
203 235 14 19 0.1707
661 39 12 15 0.1704
140 75 15 18 0.1687
685 60 12 16 0.1675
545 117 13 17 0.1669
843 143 12 16 0.1657
552 74 13 16 0.1654
44 322 18 22 0.1654
49 200 17 19 0.1641
950 71 11 12 0.1638
493 37 11 14 0.1636
987 177 11 13 0.1634
284 364 20 26 0.1619
407 112 13 19 0.1616
336 24 14 16 0.1616
101 0 12 10 0.1614
863 0 10 9 0.1613
649 58 11 14 0.1609
666 42 12 14 0.1608
204 397 20 24 0.1608
881 299 17 19 0.1608
795 25 10 13 0.1605
187 63 12 16 0.1604
129 123 17 20 0.1603
835 326 16 19 0.1592
26 271 15 17 0.1588
125 308 18 21 0.1579
400 37 11 14 0.1578
981 161 13 15 0.1563
1005 362 17 20 0.1559
1004 367 19 24 0.1550
1007 577 17 34 0.1549
199 236 14 19 0.1534
981 224 13 19 0.1527
262 94 15 17 0.1525
981 79 11 14 0.1521
40 323 17 20 0.1520
129 308 18 22 0.1517
835 251 13 16 0.1516
984 224 14 19 0.1505
734 33 10 13 0.1488
504 94 11 15 0.1486
962 22 11 13 0.1483
230 83 13 16 0.1481
89 275 18 23 0.1480
827 43 10 12 0.1477
177 0 12 6 0.1474
329 83 13 16 0.1466
546 53 11 14 0.1461
809 414 21 24 0.1453
832 44 10 12 0.1449
84 84 14 17 0.1444
874 128 13 16 0.1439
996 196 13 15 0.1434
825 63 11 14 0.1417
930 112 11 14 0.1414
226 222 15 18 0.1414
169 89 13 17 0.1407
935 343 18 20 0.1405
819 185 14 18 0.1402
1012 300 12 19 0.1398
749 112 12 15 0.1389
41 123 15 20 0.1385
870 90 11 13 0.1385
341 26 12 15 0.1383
441 85 12 16 0.1381
272 49 12 14 0.1381
422 0 10 7 0.1378
59 265 17 21 0.1374
832 228 13 15 0.1367
958 454 19 19 0.1365
846 24 10 12 0.1357
962 229 13 19 0.1357
145 75 13 16 0.1353
589 9 13 16 0.1353
50 9 12 14 0.1350
898 103 10 13 0.1338
826 184 12 17 0.1337
480 7 12 15 0.1333
432 542 23 29 0.1331
349 139 14 16 0.1330
1 0 10 4 0.1328
730 90 12 14 0.1325
947 28 11 13 0.1322
807 55 12 14 0.1283
92 200 17 21 0.1283
202 194 15 21 0.1281
524 7 11 14 0.1278
991 178 11 14 0.1275
880 8 10 12 0.1274
630 21 10 13 0.1271
877 91 10 12 0.1267
626 105 14 17 0.1249
939 1 9 10 0.1245
1002 116 11 13 0.1241
833 232 13 16 0.1238
813 534 23 27 0.1230
137 325 16 21 0.1227
91 66 13 17 0.1218
665 28 11 14 0.1213
13 1027 54 85 0.1187
909 141 12 15 0.1181
521 10 11 14 0.1172
222 184 13 18 0.1163
248 310 17 22 0.1159
1010 297 14 20 0.1156
1001 489 20 24 0.1151
998 197 13 17 0.1149
88 280 17 21 0.1148
39 128 15 18 0.1147
519 8 11 14 0.1145
638 22 10 12 0.1143
878 128 13 16 0.1143
932 391 15 20 0.1143
913 592 20 29 0.1142
369 10 12 13 0.1137
656 581 20 35 0.1135
341 59 11 15 0.1131
922 367 17 20 0.1131
939 165 12 16 0.1118
851 66 12 14 0.1090
295 276 14 22 0.1077
881 3 11 11 0.1076
673 94 14 17 0.1074
813 224 12 17 0.1072
187 414 26 28 0.1065
554 25 12 15 0.1056
1001 0 10 6 0.1054
890 483 16 24 0.1053
281 0 12 4 0.1052
264 347 21 26 0.1048
915 542 16 28 0.1038
183 63 13 16 0.1036
71 42 13 16 0.1027
387 516 18 22 0.1023
981 523 18 29 0.1010
53 612 30 47 0.1005
723 0 11 6 0.0999
756 12 10 13 0.0994
803 62 11 15 0.0992
240 529 23 27 0.0991
268 225 16 19 0.0989
75 42 12 15 0.0987
976 126 11 13 0.0985
511 63 13 16 0.0983
981 76 11 15 0.0983
611 122 15 18 0.0983
337 26 13 16 0.0982
98 267 15 24 0.0977
97 261 15 21 0.0975
224 113 13 15 0.0975
1005 0 10 5 0.0971
512 56 13 16 0.0970
32 561 25 38 0.0964
433 111 17 21 0.0962
999 116 10 13 0.0956
996 14 9 11 0.0937
62 164 15 20 0.0936
264 121 14 18 0.0929
879 130 13 16 0.0928
15 522 21 28 0.0926
300 139 14 19 0.0922
139 0 12 6 0.0920
1 232 11 17 0.0919
925 82 11 14 0.0919
829 232 13 18 0.0915
930 344 18 19 0.0914
275 77 13 16 0.0914
946 1 10 10 0.0896
695 64 12 15 0.0893
778 7 9 12 0.0888
457 113 13 17 0.0864
551 76 13 16 0.0863
269 121 14 18 0.0860
123 411 22 29 0.0858
967 23 10 13 0.0856
174 92 12 15 0.0850
645 112 14 17 0.0848
928 371 14 20 0.0846
907 438 18 22 0.0845
279 365 20 23 0.0844
627 108 14 17 0.0842
111 382 20 24 0.0835
269 48 11 15 0.0829
900 84 10 12 0.0828
916 285 16 18 0.0823
211 74 12 16 0.0818
34 28 12 15 0.0817
193 417 25 25 0.0814
943 275 15 19 0.0810
74 332 18 25 0.0809
89 114 15 20 0.0808
25 567 28 37 0.0803
265 94 14 16 0.0799
372 6 12 14 0.0796
958 36 11 13 0.0794
727 0 10 7 0.0790
618 78 12 15 0.0786
551 116 13 17 0.0779
832 326 15 19 0.0778
896 486 15 22 0.0775
976 39 10 13 0.0773
1015 216 9 17 0.0773
661 42 12 14 0.0771
452 113 14 18 0.0767
660 24 12 14 0.0764
474 9 12 15 0.0762
281 396 32 36 0.0758
281 389 28 35 0.0758
187 78 11 14 0.0758
706 542 23 31 0.0754
296 138 15 21 0.0753
364 120 12 18 0.0753
739 91 11 14 0.0752
880 295 17 21 0.0750
998 160 12 14 0.0746
907 117 12 15 0.0746
163 214 15 17 0.0739
215 89 13 18 0.0734
53 262 18 22 0.0733
847 45 11 13 0.0730
518 91 12 17 0.0729
210 77 13 18 0.0727
868 221 14 18 0.0721
987 179 11 14 0.0720
409 110 13 17 0.0719
796 64 11 15 0.0712
973 413 17 22 0.0709
948 153 12 15 0.0707
72 15 11 14 0.0706
523 7 12 16 0.0706
556 25 11 15 0.0705
761 82 12 14 0.0702
904 52 11 12 0.0702
43 128 13 17 0.0702
801 293 13 18 0.0697
12 710 30 44 0.0697
1001 361 17 21 0.0695
735 567 16 19 0.0693
76 45 13 16 0.0687
942 73 10 12 0.0686
83 201 16 19 0.0686
63 160 17 22 0.0685
1015 58 9 12 0.0680
652 99 13 15 0.0679
664 529 21 28 0.0675
685 28 11 14 0.0674
1007 301 13 18 0.0672
210 266 19 21 0.0672
301 349 23 30 0.0670
210 357 24 28 0.0667
919 376 18 22 0.0664
877 399 17 22 0.0662
247 529 20 27 0.0651
1012 586 12 32 0.0651
931 42 11 12 0.0648
46 9 12 15 0.0647
479 39 12 14 0.0646
998 116 10 12 0.0641
1004 506 16 22 0.0638
55 559 20 27 0.0636
998 368 21 26 0.0629
14 348 21 28 0.0621
762 45 11 14 0.0619
439 44 11 14 0.0616
786 416 18 21 0.0616
888 263 13 18 0.0615
337 60 11 15 0.0611
79 332 17 25 0.0609
676 2 11 9 0.0602
436 63 12 15 0.0601
750 77 12 14 0.0597
736 86 12 15 0.0591
491 40 11 14 0.0590
244 110 12 14 0.0587
1015 175 9 15 0.0585
990 386 23 28 0.0584
687 136 12 14 0.0584
384 515 18 24 0.0579
811 359 18 23 0.0573
761 81 11 14 0.0571
13 711 30 45 0.0569
826 252 13 17 0.0568
85 724 23 37 0.0566
999 115 12 15 0.0564
399 557 21 31 0.0559
834 5 11 14 0.0556
629 48 13 16 0.0556
0 229 9 17 0.0555
130 383 17 22 0.0553
260 345 21 27 0.0548
826 197 13 16 0.0547
324 84 11 16 0.0546
137 265 19 23 0.0545
145 76 15 18 0.0545
123 232 14 19 0.0545
825 183 12 16 0.0543
44 200 15 19 0.0540
586 71 13 16 0.0535
1011 623 13 32 0.0531
662 0 11 13 0.0522
210 77 13 16 0.0522
833 247 13 18 0.0522
526 63 12 15 0.0513
182 0 11 6 0.0513
254 314 17 24 0.0512
522 533 27 43 0.0509
173 33 12 16 0.0509
266 90 15 17 0.0508
0 479 7 29 0.0505
406 58 11 15 0.0504
81 278 18 21 0.0503
319 54 12 15 0.0502
109 70 13 18 0.0498
306 8 12 14 0.0498
902 4 11 13 0.0497
1012 668 12 33 0.0496
816 13 10 12 0.0490
932 347 18 20 0.0490
498 0 11 8 0.0490
61 559 19 25 0.0485
75 43 12 16 0.0484
229 157 14 18 0.0484
844 146 12 15 0.0483
230 82 11 14 0.0479
224 9 10 14 0.0478
106 72 11 16 0.0478
617 126 14 16 0.0478
864 172 13 15 0.0477
609 96 12 17 0.0474
48 112 14 18 0.0473
600 49 12 15 0.0473
662 42 13 16 0.0471
74 14 12 16 0.0470
353 44 14 17 0.0467
134 128 15 19 0.0466
321 627 59 77 0.0465
545 547 25 33 0.0464
389 77 13 16 0.0462
278 415 23 29 0.0462
178 241 16 20 0.0457
858 117 11 15 0.0456
480 5 11 15 0.0456
862 69 11 14 0.0455
561 3 12 15 0.0454
390 2 13 15 0.0452
143 212 15 17 0.0450
301 8 13 14 0.0449
211 362 24 27 0.0448
651 108 14 17 0.0448
903 453 19 23 0.0447
699 83 13 16 0.0446
278 78 12 15 0.0441
896 483 14 22 0.0440
238 103 13 17 0.0439
1010 393 14 24 0.0437
324 153 14 16 0.0436
765 31 11 14 0.0433
240 532 26 32 0.0431
185 60 12 16 0.0431
117 283 19 24 0.0430
963 446 18 23 0.0428
686 2 10 11 0.0428
676 93 14 16 0.0422
622 81 13 15 0.0420
828 228 12 15 0.0419
882 38 11 12 0.0419
634 3 11 14 0.0418
1019 133 5 15 0.0416
88 10 13 17 0.0416
387 581 26 44 0.0415
872 7 12 13 0.0415
552 75 12 16 0.0412
89 259 18 23 0.0408
1017 16 7 14 0.0408
327 289 18 24 0.0408
961 449 19 23 0.0405
180 36 14 17 0.0404
466 48 11 15 0.0402
756 52 10 13 0.0400
215 265 17 20 0.0399
185 388 22 27 0.0399
122 10 13 15 0.0399
496 95 11 14 0.0397
997 324 15 20 0.0397
843 38 11 15 0.0396
867 504 21 25 0.0395
858 275 13 18 0.0395
425 9 13 16 0.0393
940 2 11 13 0.0392
735 569 20 25 0.0391
427 82 11 16 0.0388
765 642 35 47 0.0387
125 351 17 23 0.0386
386 34 14 16 0.0386
1002 114 10 13 0.0377
665 535 22 28 0.0374
838 146 12 14 0.0373
248 315 18 23 0.0371
554 76 12 16 0.0371
215 260 16 20 0.0371
975 79 11 13 0.0369
109 381 22 27 0.0368
142 326 15 20 0.0368
15 211 13 17 0.0368
911 383 17 20 0.0364
454 532 18 25 0.0364
896 174 12 15 0.0362
50 197 15 18 0.0362
975 81 12 15 0.0362
802 601 25 35 0.0359
883 66 11 13 0.0358
85 81 13 17 0.0358
129 128 16 19 0.0358
286 36 12 14 0.0357
274 392 25 32 0.0357
487 61 11 15 0.0354
551 115 13 16 0.0354
456 3 12 14 0.0353
320 46 13 18 0.0353
958 107 11 14 0.0352
756 36 11 15 0.0351
389 517 18 26 0.0351
323 627 64 77 0.0350
909 149 12 14 0.0350
323 81 13 15 0.0349
821 196 14 18 0.0348
781 134 11 15 0.0347
297 372 22 28 0.0347
198 406 25 32 0.0346
37 568 21 30 0.0346
935 275 18 19 0.0345
909 644 26 31 0.0345
287 275 16 23 0.0345
855 185 14 17 0.0344
12 344 21 29 0.0344
56 504 26 33 0.0343
794 18 9 13 0.0341
936 348 16 19 0.0340
925 308 15 18 0.0340
277 398 26 33 0.0338
222 181 12 15 0.0336
995 588 23 32 0.0335
459 41 12 15 0.0335
31 257 16 21 0.0334
730 32 11 13 0.0333
716 548 19 28 0.0331
0 91 6 17 0.0329
835 119 11 14 0.0328
308 399 20 25 0.0326
914 149 11 13 0.0326
986 404 20 25 0.0324
934 112 12 15 0.0323
916 280 15 18 0.0322
219 219 14 18 0.0322
991 176 14 15 0.0321
546 549 25 32 0.0321
176 85 13 17 0.0321
454 113 14 17 0.0320
127 35 12 17 0.0319
126 405 20 31 0.0318
996 382 22 25 0.0316
354 43 13 17 0.0315
896 173 13 15 0.0315
1003 342 19 22 0.0314
823 182 13 17 0.0314
965 17 9 12 0.0313
319 634 48 69 0.0309
357 123 13 16 0.0308
211 260 16 21 0.0306
27 16 13 15 0.0305
96 114 13 20 0.0304
129 277 16 21 0.0303
214 305 18 22 0.0303
144 12 14 17 0.0303
999 486 22 27 0.0302
0 481 11 32 0.0301
816 237 13 19 0.0300
791 418 20 22 0.0299
799 360 14 20 0.0298
97 395 21 29 0.0297
943 167 12 15 0.0295
249 311 19 24 0.0295
920 231 15 19 0.0294
383 517 20 27 0.0293
773 5 11 13 0.0292
842 46 11 14 0.0291
69 44 13 17 0.0291
794 85 12 15 0.0290
525 105 14 17 0.0288
550 51 12 15 0.0288
130 44 13 16 0.0287
668 511 14 16 0.0287
188 267 17 19 0.0286
702 27 12 14 0.0285
889 373 16 21 0.0283
155 403 18 23 0.0282
838 276 14 18 0.0281
976 416 16 23 0.0281
920 648 29 35 0.0280
776 645 29 39 0.0279
980 52 11 12 0.0277
1010 431 14 26 0.0277
623 78 12 15 0.0277
167 93 14 16 0.0275
800 61 11 14 0.0274
592 8 11 15 0.0274
486 70 13 14 0.0273
128 314 17 22 0.0271
923 525 15 22 0.0271
130 382 15 19 0.0271
1013 445 11 30 0.0271
448 83 12 16 0.0270
138 311 17 23 0.0269
941 260 16 19 0.0269
113 382 17 21 0.0268
455 111 13 16 0.0268
860 240 14 17 0.0268
520 86 11 15 0.0268
246 108 12 16 0.0268
269 0 12 5 0.0268
726 0 10 11 0.0267
526 101 14 19 0.0267
855 105 11 15 0.0265
811 501 18 22 0.0265
280 409 25 31 0.0261
257 285 16 19 0.0261
992 579 26 34 0.0260
301 145 12 16 0.0260
14 12 17 21 0.0259
555 749 31 51 0.0258
784 421 16 21 0.0258
72 330 16 22 0.0256
215 299 17 22 0.0256
40 119 16 19 0.0255
811 507 18 19 0.0255
684 135 12 14 0.0255
983 49 10 13 0.0252
752 112 13 15 0.0251
1004 443 20 25 0.0251
995 156 12 15 0.0250
29 121 14 19 0.0250
799 594 26 37 0.0248
612 127 14 16 0.0247
218 183 15 19 0.0247
1000 238 18 23 0.0246
1010 55 10 13 0.0244
297 144 14 19 0.0244
56 33 12 15 0.0243
818 294 14 19 0.0242
1016 540 8 26 0.0240
219 10 11 14 0.0240
8 207 16 22 0.0240
788 117 12 15 0.0239
998 660 24 36 0.0239
387 29 11 14 0.0238
383 29 12 15 0.0235
493 91 12 16 0.0234
390 562 26 42 0.0234
838 68 11 14 0.0234
115 41 14 18 0.0233
777 256 12 16 0.0233
699 595 19 23 0.0231
295 278 14 21 0.0229
994 203 15 17 0.0229
13 512 23 33 0.0229
970 414 18 23 0.0228
325 318 24 29 0.0228
706 109 15 18 0.0228
198 0 11 6 0.0225
278 224 13 18 0.0224
43 197 13 18 0.0224
45 223 18 21 0.0223
797 258 14 16 0.0222
43 113 15 18 0.0222
687 19 10 15 0.0222
735 55 12 15 0.0222
853 47 11 13 0.0221
110 43 16 19 0.0220
864 348 18 22 0.0219
138 211 13 17 0.0219
895 483 18 25 0.0218
178 243 15 19 0.0218
812 191 13 17 0.0218
412 110 14 18 0.0217
81 281 16 19 0.0216
389 77 15 18 0.0215
856 283 15 22 0.0215
274 228 16 20 0.0214
803 263 14 16 0.0214
385 76 14 17 0.0214
10 1025 43 88 0.0214
839 144 11 15 0.0213
913 438 16 21 0.0213
953 469 20 24 0.0212
214 352 22 25 0.0210
561 137 11 14 0.0210
430 105 16 21 0.0210
238 0 12 6 0.0208
574 616 27 33 0.0206
3 271 13 23 0.0205
348 143 14 15 0.0202
140 330 14 18 0.0201
925 308 17 19 0.0200
106 380 22 26 0.0200
602 46 13 16 0.0199
739 565 17 21 0.0198
919 229 15 19 0.0196
332 287 16 24 0.0196
839 451 18 21 0.0194
957 198 14 17 0.0194
839 390 15 20 0.0192
1003 437 18 25 0.0192
90 723 25 40 0.0192
899 519 20 26 0.0192
85 112 14 18 0.0191
272 79 13 16 0.0190
405 109 13 18 0.0190
1006 566 15 27 0.0189
77 328 16 24 0.0188
868 220 15 18 0.0188
97 279 17 24 0.0188
989 596 24 33 0.0188
557 137 12 14 0.0188
522 529 22 36 0.0187
351 143 13 14 0.0187
306 394 20 26 0.0186
254 155 15 20 0.0186
835 275 12 18 0.0185
41 686 31 41 0.0185
922 150 12 15 0.0184
180 61 12 16 0.0184
901 449 19 23 0.0184
138 78 12 17 0.0184
218 8 14 15 0.0182
935 277 17 19 0.0181
706 48 12 15 0.0180
902 519 19 23 0.0178
144 210 15 19 0.0177
1007 305 15 19 0.0177
348 139 15 16 0.0177
968 412 16 22 0.0177
454 536 18 26 0.0176
317 631 45 69 0.0176
8 517 23 33 0.0174
294 564 19 24 0.0174
844 422 15 20 0.0174
446 543 20 27 0.0172
644 134 12 15 0.0170
798 41 12 14 0.0170
59 263 17 20 0.0170
699 584 18 22 0.0170
926 170 13 16 0.0169
806 296 14 17 0.0169
24 20 12 15 0.0169
33 686 35 43 0.0168
925 402 17 21 0.0168
295 8 13 15 0.0168
6 194 16 21 0.0167
111 40 14 18 0.0167
217 350 21 24 0.0167
32 568 28 41 0.0167
5 281 15 22 0.0166
212 277 18 21 0.0165
875 150 12 15 0.0164
1019 83 5 15 0.0164
182 30 12 15 0.0163
522 38 12 14 0.0163
177 0 13 14 0.0163
869 497 20 25 0.0162
895 263 13 17 0.0162
170 215 14 17 0.0161
266 311 17 21 0.0160
59 159 16 21 0.0159
849 422 16 20 0.0157
772 648 36 51 0.0157
309 347 23 30 0.0156
709 45 12 15 0.0156
851 281 14 20 0.0155
298 44 13 15 0.0155
243 523 22 27 0.0154
327 629 68 81 0.0153
733 108 13 16 0.0153
927 228 15 19 0.0153
737 28 10 13 0.0153
182 246 15 19 0.0152
219 181 13 17 0.0152
10 522 19 30 0.0152
77 238 18 21 0.0152
971 96 11 14 0.0150
314 347 27 32 0.0149
968 520 22 29 0.0149
697 109 13 16 0.0149
0 342 9 28 0.0149
279 80 12 15 0.0148
980 8 10 10 0.0148
150 105 14 17 0.0148
116 349 20 26 0.0147
450 110 14 18 0.0147
387 554 24 33 0.0147
469 531 22 27 0.0147
547 113 13 17 0.0147
302 344 21 30 0.0146
672 511 13 16 0.0145
113 407 23 29 0.0145
309 7 12 15 0.0145
162 125 14 16 0.0145
849 88 12 14 0.0145
225 225 14 16 0.0144
809 185 14 16 0.0143
769 675 33 47 0.0142
817 298 15 18 0.0142
178 29 12 15 0.0142
383 515 22 27 0.0142
981 595 25 30 0.0142
903 431 20 25 0.0140
700 109 13 16 0.0140
762 764 34 46 0.0140
187 213 13 18 0.0139
207 238 15 19 0.0139
837 142 11 15 0.0138
209 396 19 24 0.0137
101 241 16 20 0.0136
129 222 14 18 0.0136
1001 0 13 14 0.0135
963 453 17 21 0.0135
425 80 12 16 0.0135
83 115 14 18 0.0134
119 274 17 23 0.0133
340 0 13 14 0.0133
86 70 13 19 0.0132
179 267 16 19 0.0131
924 523 17 24 0.0131
891 238 13 17 0.0131
510 15 11 15 0.0130
254 284 17 19 0.0129
760 654 41 54 0.0129
942 279 16 18 0.0129
198 296 18 26 0.0128
0 325 11 28 0.0128
291 206 15 19 0.0127
922 644 28 35 0.0127
271 124 13 16 0.0127
0 254 8 26 0.0126
1013 635 11 40 0.0126
478 120 14 17 0.0126
811 365 17 22 0.0126
161 403 16 22 0.0125
0 753 9 61 0.0125
831 224 13 16 0.0125
666 509 14 14 0.0124
991 273 16 18 0.0124
8 345 23 30 0.0123
84 205 16 19 0.0122
731 589 22 33 0.0121
453 84 12 16 0.0121
663 512 19 24 0.0120
515 532 29 43 0.0120
921 384 17 22 0.0120
819 362 16 24 0.0120
690 133 12 15 0.0120
705 45 13 15 0.0119
556 761 31 44 0.0119
997 565 20 27 0.0117
144 252 17 21 0.0117
526 108 12 15 0.0117
976 179 13 16 0.0117
6 710 31 49 0.0116
925 642 27 36 0.0115
10 347 19 30 0.0115
222 7 11 13 0.0115
833 386 16 20 0.0114
477 131 13 16 0.0113
280 73 12 16 0.0113
952 455 18 20 0.0113
771 759 36 42 0.0113
267 229 17 19 0.0112
967 418 17 23 0.0112
166 125 12 15 0.0112
96 212 14 18 0.0112
327 619 67 87 0.0111
836 166 13 16 0.0111
867 547 15 21 0.0110
300 563 18 24 0.0110
869 624 24 29 0.0110
809 186 12 16 0.0109
576 626 28 38 0.0109
16 178 15 20 0.0109
137 382 17 22 0.0109
916 366 17 19 0.0109
514 526 25 36 0.0108
49 218 17 22 0.0107
822 116 12 16 0.0107
553 110 12 16 0.0106
718 544 20 27 0.0106
994 484 21 25 0.0106
255 151 16 20 0.0106
969 151 12 15 0.0105
308 105 12 16 0.0104
41 319 17 21 0.0104
292 142 14 18 0.0104
370 96 13 18 0.0103
672 529 18 25 0.0103
962 204 13 16 0.0103
113 299 16 22 0.0103
148 57 12 16 0.0103
268 318 19 24 0.0102
288 346 19 25 0.0102
387 591 29 46 0.0102
292 568 24 32 0.0101
144 332 14 21 0.0101
285 32 12 15 0.0101
