28_Sports_Fan_Sports_Fan_28_590
30
773 462 32 37 0.8423
599 608 35 37 0.8344
550 168 28 36 0.8333
49 37 30 36 0.7980
31 268 22 35 0.7701
550 306 30 37 0.7531
200 294 24 38 0.5775
918 214 28 34 0.4273
922 214 28 34 0.3791
241 246 24 35 0.3198
245 245 24 36 0.2745
328 406 18 29 0.2663
326 404 18 30 0.1323
325 405 16 30 0.1054
310 201 28 26 0.0690
705 632 20 31 0.0671
1009 483 15 38 0.0670
702 629 21 34 0.0482
308 196 29 29 0.0405
1000 484 20 34 0.0280
323 403 15 30 0.0230
1012 485 12 42 0.0222
706 628 24 34 0.0210
1005 484 19 42 0.0194
708 632 24 32 0.0184
306 203 28 25 0.0156
205 295 22 38 0.0120
1008 478 15 39 0.0115
202 302 23 38 0.0103
869 339 19 18 0.0101
