28_Sports_Fan_Sports_Fan_28_487
137
664 488 41 59 0.8738
47 439 40 60 0.8700
911 448 38 47 0.8655
1004 414 20 53 0.8630
460 505 42 57 0.8622
917 526 39 52 0.8608
859 421 41 51 0.8576
622 535 34 40 0.8569
262 548 42 56 0.8555
513 431 36 46 0.8553
970 280 37 47 0.8550
820 272 39 51 0.8525
884 305 37 45 0.8518
675 8 31 38 0.8512
622 92 32 41 0.8507
549 502 39 46 0.8498
667 154 34 41 0.8490
110 264 36 48 0.8488
991 102 33 44 0.8483
570 339 35 46 0.8480
711 321 37 46 0.8476
131 442 36 44 0.8473
492 372 43 55 0.8459
874 163 37 43 0.8458
964 478 40 55 0.8451
956 351 39 44 0.8444
454 285 39 45 0.8441
797 397 35 48 0.8431
407 580 40 43 0.8430
429 474 43 49 0.8402
728 589 32 31 0.8386
746 559 37 42 0.8383
58 377 39 55 0.8377
675 272 35 49 0.8376
860 237 35 43 0.8375
788 215 40 45 0.8367
604 178 36 49 0.8360
163 142 35 44 0.8352
939 143 35 42 0.8351
0 457 31 48 0.8340
617 315 35 40 0.8336
472 32 30 44 0.8308
553 566 40 47 0.8307
670 77 30 43 0.8302
340 552 33 40 0.8302
787 78 31 44 0.8295
424 193 31 39 0.8264
823 558 41 55 0.8258
734 282 34 45 0.8255
0 336 20 43 0.8253
595 436 38 44 0.8248
557 241 32 40 0.8238
715 106 31 39 0.8234
215 107 31 42 0.8233
328 62 33 42 0.8225
159 272 33 42 0.8222
596 383 35 40 0.8215
993 334 30 43 0.8199
957 209 37 42 0.8195
463 203 39 48 0.8187
197 308 33 41 0.8175
825 490 35 50 0.8139
738 236 38 40 0.8078
430 64 28 38 0.8072
345 0 33 33 0.8008
15 218 31 38 0.7982
799 0 32 36 0.7969
840 347 34 41 0.7732
144 229 28 35 0.7644
484 253 32 39 0.7594
410 25 30 34 0.7551
207 12 25 36 0.7469
161 0 28 37 0.7359
50 113 29 49 0.7334
186 386 35 44 0.7232
37 82 34 44 0.7189
545 10 27 35 0.6986
172 504 39 51 0.6946
95 102 24 30 0.6064
223 192 29 37 0.5841
602 2 31 28 0.5238
754 0 30 23 0.4878
418 257 31 45 0.4856
162 0 28 36 0.4429
418 257 31 45 0.4290
824 490 36 51 0.3477
475 0 27 11 0.2921
48 0 24 9 0.2516
171 504 41 52 0.2406
916 425 29 32 0.2168
448 121 26 41 0.2043
476 0 29 12 0.1662
1018 176 6 47 0.1593
442 120 30 42 0.1559
896 0 32 19 0.1292
848 0 24 15 0.1269
1017 174 7 47 0.1113
557 241 32 40 0.0872
348 471 30 34 0.0760
52 0 23 8 0.0640
145 376 26 37 0.0631
915 428 32 38 0.0628
5 43 29 32 0.0525
845 0 24 15 0.0498
673 402 33 45 0.0400
235 369 32 39 0.0351
675 402 37 47 0.0332
1019 245 5 39 0.0330
1019 183 5 45 0.0322
178 389 28 39 0.0276
675 404 41 50 0.0244
235 371 33 41 0.0244
518 231 30 38 0.0240
753 0 29 23 0.0239
965 479 38 54 0.0231
473 0 28 12 0.0225
399 451 32 46 0.0199
41 100 23 32 0.0196
848 0 22 13 0.0194
48 0 27 10 0.0193
919 425 28 31 0.0189
142 377 24 36 0.0176
266 481 43 49 0.0175
897 0 30 17 0.0166
895 0 30 19 0.0163
758 2 30 28 0.0151
207 497 36 45 0.0146
147 21 22 29 0.0145
388 198 29 39 0.0133
5 43 25 29 0.0129
1019 239 5 42 0.0125
354 471 31 35 0.0124
153 146 26 36 0.0123
340 552 33 40 0.0123
403 462 27 37 0.0118
901 269 22 25 0.0114
517 231 27 35 0.0104
