28_Sports_Fan_Sports_Fan_28_267
90
504 343 21 26 0.7649
634 343 20 28 0.7623
354 227 19 21 0.7598
626 281 20 24 0.7466
421 241 21 24 0.7438
359 255 19 23 0.6950
597 401 17 23 0.6853
405 203 18 21 0.6726
346 328 19 24 0.6712
445 224 20 27 0.6691
632 193 23 21 0.6547
439 386 21 23 0.6226
564 368 17 21 0.6153
328 273 17 20 0.5322
354 213 17 17 0.4060
341 196 16 15 0.4023
680 238 17 21 0.3948
504 322 19 19 0.3519
668 254 16 22 0.3517
286 262 14 23 0.3299
313 215 18 23 0.3180
288 262 16 22 0.2961
683 238 17 22 0.2635
349 327 18 25 0.2610
671 255 16 21 0.2045
438 385 20 24 0.1930
501 322 19 19 0.1915
625 326 15 19 0.1696
310 216 18 22 0.1659
584 372 14 17 0.1487
362 255 18 23 0.1485
325 273 16 21 0.1334
634 196 22 19 0.1248
594 401 17 23 0.1126
462 199 16 16 0.1089
339 196 14 15 0.1074
602 235 12 18 0.0806
460 196 16 17 0.0795
605 306 15 17 0.0785
609 306 15 18 0.0758
408 314 18 23 0.0693
497 202 15 16 0.0625
447 230 18 23 0.0590
568 369 15 19 0.0562
354 210 15 17 0.0557
325 273 18 20 0.0552
344 199 15 13 0.0501
454 344 17 21 0.0491
451 345 14 19 0.0460
506 325 18 18 0.0426
587 280 16 20 0.0408
599 234 12 18 0.0399
623 324 15 19 0.0330
315 219 18 23 0.0313
503 325 18 18 0.0306
357 211 16 18 0.0288
587 286 19 23 0.0288
470 204 15 17 0.0288
466 196 14 16 0.0286
311 220 17 22 0.0279
592 283 17 21 0.0258
351 212 16 17 0.0236
605 329 15 21 0.0223
615 329 13 19 0.0216
594 280 17 20 0.0213
599 236 12 17 0.0208
474 208 15 18 0.0190
494 203 13 14 0.0188
119 601 6 7 0.0168
547 199 17 19 0.0166
402 204 17 20 0.0159
622 332 16 22 0.0155
363 213 15 18 0.0147
584 250 15 19 0.0145
453 348 15 21 0.0144
495 197 16 19 0.0143
580 279 15 20 0.0139
502 343 20 25 0.0136
494 204 15 17 0.0131
340 200 13 12 0.0130
595 288 18 22 0.0124
455 347 21 25 0.0121
117 601 6 6 0.0118
596 235 15 20 0.0116
463 204 18 21 0.0112
697 199 19 24 0.0110
580 249 16 20 0.0110
505 204 12 13 0.0108
457 201 13 15 0.0106
413 313 19 25 0.0106
