28_Sports_Fan_Sports_Fan_28_697
22
739 1290 78 94 0.7361
508 351 174 113 0.6919
287 1382 35 45 0.1155
255 1380 28 38 0.0719
141 1409 29 42 0.0360
607 1522 47 21 0.0292
44 1505 35 38 0.0203
145 1363 31 37 0.0198
353 1379 32 40 0.0191
221 1381 27 33 0.0169
137 1409 28 38 0.0154
930 1435 35 52 0.0152
119 1307 30 39 0.0149
476 1395 44 50 0.0145
151 1363 30 37 0.0136
197 1522 29 21 0.0131
194 1368 26 34 0.0127
253 1371 28 36 0.0122
292 1281 30 37 0.0120
589 1521 63 22 0.0116
254 1280 25 31 0.0115
39 1501 35 42 0.0106
