28_Sports_Fan_Sports_Fan_28_126
37
309 244 77 97 0.8836
457 200 89 106 0.8802
420 383 65 67 0.8759
407 298 22 30 0.7695
73 311 12 16 0.3381
70 311 12 16 0.2797
109 278 7 11 0.1656
106 278 8 11 0.1613
131 286 8 11 0.1208
128 286 8 10 0.1187
0 268 8 12 0.0934
127 286 8 10 0.0897
284 285 10 14 0.0834
173 286 7 9 0.0647
177 286 7 9 0.0627
174 287 7 8 0.0625
178 286 7 9 0.0608
10 317 9 13 0.0555
14 317 8 13 0.0470
104 278 8 11 0.0435
282 284 10 14 0.0375
287 284 9 15 0.0375
281 287 9 12 0.0276
300 276 10 14 0.0219
3 269 7 10 0.0210
132 286 7 10 0.0199
774 302 6 8 0.0175
773 301 6 8 0.0163
46 290 6 9 0.0162
109 278 8 10 0.0158
778 302 6 7 0.0150
776 301 6 8 0.0148
705 295 5 6 0.0145
2 269 7 11 0.0138
105 277 7 10 0.0133
108 278 7 9 0.0130
385 313 18 19 0.0109
