24_Soldier_Firing_Soldier_Firing_24_633
29
0 269 28 49 0.8419
875 390 45 65 0.7632
1012 400 12 47 0.2315
778 407 36 33 0.1322
473 446 29 42 0.0912
770 406 42 38 0.0818
1018 409 6 43 0.0487
777 403 36 34 0.0454
463 447 35 53 0.0433
1008 397 16 51 0.0431
1005 393 19 56 0.0369
469 444 28 47 0.0331
432 450 48 60 0.0316
771 400 39 38 0.0296
441 450 44 58 0.0232
458 444 38 58 0.0226
767 401 43 43 0.0203
472 451 33 43 0.0189
875 389 45 67 0.0177
423 455 59 71 0.0171
862 413 28 45 0.0162
770 389 37 40 0.0155
429 449 51 65 0.0154
470 443 36 50 0.0153
441 450 50 70 0.0139
424 452 43 54 0.0129
855 412 25 34 0.0119
774 401 42 41 0.0116
852 417 31 41 0.0104
