24_Soldier_Firing_Soldier_Firing_24_931
33
495 102 67 74 0.8754
365 68 23 25 0.8137
638 152 64 85 0.7948
733 61 22 23 0.6459
437 57 19 20 0.4518
440 57 18 20 0.3962
259 52 22 23 0.3834
875 110 10 11 0.3017
878 110 9 12 0.2617
258 51 21 23 0.2155
837 112 10 11 0.2048
840 112 10 11 0.1949
915 96 11 13 0.1852
917 94 11 13 0.1758
918 96 11 13 0.1698
914 94 11 13 0.1582
257 51 22 24 0.1232
468 71 17 20 0.0600
731 60 22 24 0.0438
277 61 13 19 0.0386
874 109 9 11 0.0380
902 108 9 11 0.0345
877 109 9 11 0.0286
548 36 20 20 0.0268
834 113 8 10 0.0249
902 106 9 11 0.0245
904 107 9 12 0.0208
469 68 14 14 0.0179
839 111 9 10 0.0169
465 71 16 19 0.0166
836 111 9 11 0.0134
468 75 20 25 0.0109
548 37 24 26 0.0104
