24_Soldier_Firing_Soldier_Firing_24_691
29
272 306 30 35 0.8841
776 322 29 32 0.8603
418 338 26 30 0.8594
621 304 24 27 0.8574
879 453 29 41 0.8545
294 275 27 34 0.8505
665 315 26 30 0.8485
366 304 24 25 0.8484
547 269 22 26 0.8457
561 326 23 25 0.8455
238 213 25 31 0.8450
504 309 25 30 0.8428
98 115 36 56 0.8406
267 268 25 29 0.8369
741 295 27 30 0.8365
440 310 23 25 0.8269
877 323 28 35 0.8250
804 365 26 35 0.8173
957 301 20 21 0.8119
412 247 23 24 0.8093
822 382 32 40 0.8049
820 300 23 26 0.7719
726 307 18 21 0.7658
580 266 20 21 0.7364
822 383 33 39 0.4852
648 311 15 19 0.0609
578 266 20 21 0.0494
725 305 18 21 0.0365
819 300 23 27 0.0138
