24_Soldier_Firing_Soldier_Firing_24_601
67
737 321 36 40 0.8614
394 309 30 36 0.8574
297 319 30 36 0.8499
473 304 32 37 0.8491
178 323 34 35 0.8434
87 313 31 35 0.8425
861 304 35 36 0.8398
599 310 35 37 0.8397
309 287 31 35 0.7217
26 329 14 17 0.6158
518 295 31 36 0.4730
419 284 25 31 0.4288
983 294 11 14 0.3760
906 329 15 17 0.3587
979 294 12 14 0.3298
986 336 12 16 0.2875
984 335 12 17 0.2833
1010 344 9 11 0.2248
1007 344 8 11 0.2121
983 337 11 15 0.1574
521 294 31 35 0.1511
845 327 12 16 0.1216
583 316 20 28 0.1196
584 318 22 29 0.1159
630 295 28 31 0.1094
832 330 13 16 0.0655
627 289 29 34 0.0615
510 298 25 31 0.0575
224 309 26 31 0.0527
901 329 16 19 0.0512
1 336 8 14 0.0492
907 325 12 15 0.0486
423 284 24 30 0.0471
623 287 30 36 0.0460
580 319 20 29 0.0442
924 314 10 11 0.0396
1 338 10 15 0.0387
621 294 28 35 0.0332
831 333 17 21 0.0326
14 304 12 13 0.0295
982 335 11 16 0.0286
1007 343 9 10 0.0256
922 312 10 12 0.0243
901 324 17 19 0.0241
630 304 26 28 0.0230
950 304 8 11 0.0229
794 325 16 21 0.0209
1008 343 9 11 0.0204
578 315 22 29 0.0203
842 325 12 15 0.0197
24 330 12 16 0.0194
912 329 11 14 0.0183
927 313 9 13 0.0160
829 327 14 17 0.0143
640 299 21 25 0.0139
951 304 8 10 0.0136
817 322 10 14 0.0133
4 338 9 14 0.0133
645 328 23 26 0.0132
847 324 16 18 0.0131
837 325 13 16 0.0128
20 307 10 12 0.0127
497 301 23 32 0.0115
585 323 22 31 0.0108
412 289 26 37 0.0104
907 332 16 19 0.0103
418 281 24 30 0.0101
