24_Soldier_Firing_Soldier_Firing_24_702
39
177 58 45 56 0.8442
835 82 38 46 0.8429
637 113 22 27 0.5763
385 166 20 25 0.4536
411 166 18 26 0.2410
672 285 26 24 0.2350
389 166 22 26 0.2114
344 127 8 9 0.2046
347 127 8 9 0.1823
570 282 23 30 0.1637
415 167 16 24 0.1559
528 148 9 11 0.1179
642 111 20 26 0.0971
530 148 10 11 0.0711
526 145 9 12 0.0509
644 113 20 26 0.0500
374 148 9 11 0.0480
676 286 26 23 0.0371
632 116 20 24 0.0363
671 276 26 29 0.0311
530 145 8 11 0.0305
372 149 8 10 0.0272
348 128 8 9 0.0249
676 293 23 17 0.0244
267 126 20 25 0.0226
417 201 14 18 0.0220
526 148 9 11 0.0208
563 284 26 29 0.0207
413 169 16 24 0.0196
570 286 24 29 0.0196
344 130 8 9 0.0178
372 147 8 10 0.0176
579 282 16 29 0.0165
414 201 14 18 0.0162
263 122 20 28 0.0135
344 128 8 9 0.0132
561 289 27 28 0.0123
349 127 8 10 0.0117
472 168 11 13 0.0104
