24_Soldier_Firing_Soldier_Firing_24_644
47
278 170 28 33 0.8013
580 279 24 28 0.6470
204 151 23 37 0.5960
393 186 22 30 0.5325
207 151 21 36 0.3458
553 278 23 36 0.2875
136 103 25 35 0.2598
550 278 24 36 0.2458
553 276 21 36 0.2191
52 96 20 28 0.1775
115 143 20 27 0.1608
549 274 23 37 0.1607
57 95 18 28 0.1602
311 179 26 31 0.1425
469 199 17 20 0.1326
400 187 18 29 0.0927
436 203 13 16 0.0898
462 202 18 19 0.0749
120 144 18 26 0.0724
143 100 20 29 0.0413
469 195 16 21 0.0341
441 204 10 14 0.0325
142 103 22 33 0.0322
433 280 15 21 0.0295
0 86 11 26 0.0277
462 209 17 17 0.0257
464 202 18 20 0.0246
8 85 18 26 0.0199
51 99 22 29 0.0199
137 101 23 32 0.0157
156 147 23 32 0.0157
465 206 19 20 0.0150
135 106 27 40 0.0143
557 276 26 35 0.0136
58 99 19 28 0.0134
59 92 15 26 0.0125
439 203 14 18 0.0121
0 187 14 22 0.0119
0 86 16 39 0.0117
471 287 18 21 0.0113
545 275 26 37 0.0111
476 200 13 18 0.0110
343 194 20 28 0.0110
159 151 21 33 0.0110
434 205 16 23 0.0106
386 186 23 30 0.0101
323 183 19 27 0.0101
