20_Family_Group_Family_Group_20_540
39
813 225 31 40 0.8896
278 525 43 52 0.8728
395 236 30 39 0.8703
0 541 36 45 0.8698
130 233 36 43 0.8666
253 233 35 45 0.8638
319 271 28 35 0.8634
893 225 37 49 0.8629
48 277 36 43 0.8628
706 204 32 41 0.8620
499 221 33 42 0.8614
461 509 34 39 0.8613
140 550 40 45 0.8589
384 330 29 35 0.8529
779 213 31 37 0.8513
975 239 33 43 0.8507
190 249 34 43 0.8506
654 214 32 40 0.8496
574 346 28 33 0.8489
572 236 31 35 0.8489
331 241 30 35 0.8488
577 488 31 40 0.8483
460 249 29 37 0.8482
744 551 32 35 0.8432
30 230 36 43 0.8240
337 551 36 36 0.8203
556 316 26 32 0.8201
756 253 29 34 0.8126
641 572 29 31 0.7923
977 216 30 35 0.7489
756 252 29 35 0.6206
473 391 36 41 0.0412
889 212 33 43 0.0263
1014 221 10 34 0.0262
450 242 22 31 0.0190
472 392 37 40 0.0150
449 246 22 31 0.0146
1014 215 10 36 0.0140
892 213 35 44 0.0126
