20_Family_Group_Family_Group_20_799
43
904 495 81 96 0.8780
110 624 84 101 0.8748
537 181 101 131 0.8714
389 360 26 33 0.7597
517 521 104 125 0.6328
842 364 15 17 0.3439
846 364 14 16 0.3184
430 349 10 13 0.2602
353 345 10 14 0.2543
348 346 11 13 0.2470
433 349 10 13 0.2188
56 311 11 15 0.2142
60 311 11 15 0.2003
254 342 9 12 0.1480
249 342 9 11 0.1459
237 333 8 11 0.1422
232 333 8 10 0.1399
304 342 8 12 0.1144
298 342 9 13 0.0966
235 335 8 9 0.0896
839 364 14 17 0.0891
301 341 8 12 0.0814
252 342 8 11 0.0808
189 332 7 9 0.0694
185 332 6 9 0.0518
297 340 8 12 0.0476
434 351 9 12 0.0333
351 345 10 12 0.0294
347 345 9 12 0.0267
300 344 9 12 0.0253
198 344 7 9 0.0245
253 344 8 10 0.0198
127 338 21 29 0.0187
194 342 7 9 0.0181
59 314 10 13 0.0168
230 334 8 10 0.0167
185 332 8 10 0.0156
63 313 10 13 0.0151
435 349 10 12 0.0148
60 312 10 14 0.0132
346 347 10 11 0.0127
185 330 8 10 0.0120
131 331 15 19 0.0111
