20_Family_Group_Family_Group_20_339
29
31 91 45 50 0.8699
618 179 31 39 0.8679
364 127 39 47 0.8663
241 132 39 47 0.8632
855 101 43 49 0.8595
449 169 34 40 0.8591
696 163 36 41 0.8584
146 163 39 40 0.8576
766 144 39 50 0.8573
524 193 30 36 0.8571
667 212 23 27 0.4729
829 174 29 36 0.4576
0 0 13 61 0.3911
666 212 22 26 0.2407
666 212 23 29 0.1921
831 173 28 37 0.1325
829 144 22 28 0.0521
832 172 25 33 0.0251
1012 105 12 42 0.0174
1017 259 7 27 0.0163
830 173 26 33 0.0157
1012 106 12 39 0.0144
97 172 18 26 0.0140
0 113 14 50 0.0136
0 85 11 69 0.0133
0 79 9 65 0.0131
0 0 16 64 0.0127
971 92 37 50 0.0122
0 89 18 70 0.0122
