20_Family_Group_Family_Group_20_672
90
108 488 39 48 0.8864
215 303 40 52 0.8768
277 291 37 48 0.8750
309 251 35 45 0.8716
424 267 39 47 0.8691
193 223 37 47 0.8686
689 275 42 49 0.8618
640 239 35 46 0.8608
868 310 42 52 0.8604
753 344 41 52 0.8578
748 226 36 47 0.8571
562 268 38 53 0.8568
801 284 39 51 0.8537
435 151 34 47 0.8526
400 231 33 39 0.8525
608 210 35 47 0.8520
305 141 34 47 0.8500
237 495 38 44 0.8494
574 488 39 51 0.8490
104 270 40 49 0.8462
664 142 32 40 0.8457
508 202 36 47 0.8447
167 495 37 41 0.8437
853 847 27 34 0.8426
826 845 27 32 0.8383
476 270 38 45 0.8374
284 215 33 42 0.8372
373 348 39 46 0.8345
714 181 30 45 0.8343
609 847 27 33 0.8310
451 1028 28 35 0.8294
359 275 39 49 0.8286
207 864 27 33 0.8267
808 902 26 32 0.8256
570 877 28 35 0.8197
350 1026 29 34 0.8194
587 342 38 49 0.8190
457 831 27 33 0.8115
310 868 29 33 0.8065
110 949 26 31 0.8050
356 849 26 33 0.8046
740 889 27 35 0.8018
496 839 28 35 0.8010
428 839 28 34 0.7999
537 208 28 42 0.7994
305 824 28 33 0.7941
679 182 27 34 0.7890
254 1024 25 33 0.7837
818 1042 27 33 0.7836
684 239 33 41 0.7739
162 1035 30 37 0.7650
738 1045 27 34 0.7649
264 876 25 31 0.7609
394 878 26 27 0.7589
736 844 27 31 0.7570
90 862 29 32 0.7496
555 829 26 29 0.7265
144 273 34 46 0.6969
645 1036 28 33 0.6730
132 873 25 30 0.6600
679 868 27 33 0.6560
364 220 31 40 0.5986
780 872 29 37 0.5814
771 882 25 34 0.5589
508 944 22 27 0.4943
652 851 26 34 0.4694
363 220 31 40 0.4422
231 867 24 29 0.3118
504 1018 35 40 0.3090
91 863 29 31 0.1352
144 273 34 46 0.1339
135 873 25 30 0.1240
649 851 26 35 0.1155
770 877 28 36 0.1041
512 1021 30 38 0.1041
647 1036 28 33 0.0914
230 865 23 28 0.0856
513 948 20 24 0.0749
681 868 27 33 0.0748
236 867 22 29 0.0697
236 866 21 28 0.0664
295 881 18 22 0.0292
501 943 23 28 0.0206
740 1045 27 34 0.0155
517 1029 27 31 0.0154
821 1125 20 20 0.0149
264 866 22 27 0.0142
587 341 38 50 0.0127
359 274 39 50 0.0124
774 866 26 34 0.0106
