20_Family_Group_Family_Group_20_33
25
593 409 36 44 0.8825
263 398 33 44 0.8823
351 446 37 44 0.8731
218 334 33 41 0.8704
86 331 37 42 0.8687
791 406 39 47 0.8639
470 317 28 38 0.8636
360 331 28 37 0.8631
456 395 32 42 0.8595
698 400 35 44 0.8586
743 386 29 38 0.8569
553 375 36 47 0.8554
898 335 34 40 0.8536
165 296 33 41 0.8530
252 304 32 45 0.8500
769 344 30 32 0.8480
436 305 27 35 0.8478
636 337 26 35 0.8466
829 344 34 39 0.8389
550 340 25 31 0.8382
327 286 27 37 0.8299
122 297 35 45 0.8172
663 307 28 36 0.7785
123 296 33 46 0.1028
662 307 28 36 0.0453
