20_Family_Group_Family_Group_20_64
42
616 396 70 89 0.9005
719 332 58 68 0.8991
308 326 66 78 0.8930
176 435 56 64 0.8913
464 323 61 81 0.8909
653 127 52 58 0.8863
759 494 73 75 0.8840
488 171 52 58 0.8768
318 164 49 50 0.8698
151 232 47 46 0.8690
6 376 63 66 0.8677
797 61 44 43 0.8656
278 30 39 44 0.8644
540 171 42 48 0.8574
50 139 51 58 0.8478
251 182 40 41 0.8401
611 323 48 54 0.8308
342 284 51 54 0.7351
849 481 54 52 0.6786
754 284 52 56 0.6616
979 206 28 43 0.6562
172 308 53 60 0.6479
851 481 52 52 0.6218
888 314 51 55 0.4658
887 314 52 55 0.3191
172 308 53 60 0.3045
1017 407 7 63 0.2654
754 284 52 56 0.1803
984 207 26 41 0.0961
1015 405 9 61 0.0890
1019 411 5 63 0.0793
1006 213 17 31 0.0414
308 326 66 78 0.0337
340 284 53 55 0.0279
1014 403 10 69 0.0271
973 208 29 43 0.0238
1010 208 14 32 0.0190
0 283 9 76 0.0158
1017 123 7 40 0.0141
49 139 52 58 0.0136
0 275 7 81 0.0129
980 207 29 42 0.0113
