20_Family_Group_Family_Group_20_62
35
762 189 36 42 0.8790
108 105 38 48 0.8771
242 218 38 48 0.8755
627 172 36 43 0.8752
866 209 38 46 0.8748
336 132 34 42 0.8746
241 127 33 42 0.8741
623 129 31 39 0.8721
308 176 36 44 0.8720
537 168 34 45 0.8699
443 246 37 43 0.8687
448 169 35 44 0.8683
839 155 32 39 0.8679
191 165 39 49 0.8677
716 142 36 42 0.8672
559 310 35 41 0.8655
415 138 35 45 0.8644
645 309 33 37 0.8617
629 389 31 32 0.8581
366 207 28 32 0.8497
515 137 31 38 0.8455
724 239 28 31 0.8294
970 107 12 13 0.1771
967 108 11 12 0.1268
969 105 12 14 0.0604
623 129 32 39 0.0432
286 615 5 6 0.0210
966 107 10 12 0.0200
273 616 5 5 0.0182
285 614 4 6 0.0181
191 613 4 6 0.0119
205 616 5 5 0.0119
16 548 4 5 0.0105
4 548 5 6 0.0104
192 615 5 6 0.0101
