20_Family_Group_Family_Group_20_636
116
947 65 18 23 0.7503
663 116 16 20 0.6801
712 85 16 19 0.6149
731 107 16 19 0.5913
346 100 15 20 0.5568
191 129 15 23 0.5439
621 106 17 21 0.5236
433 117 13 17 0.5033
510 104 14 18 0.4712
885 95 19 23 0.4424
840 80 14 25 0.4419
392 108 14 17 0.4288
553 94 15 20 0.4286
888 95 18 23 0.4086
467 101 15 19 0.3938
619 107 16 20 0.3727
202 123 13 18 0.3251
303 88 14 22 0.3218
806 80 15 18 0.3198
464 101 15 19 0.3117
389 108 14 17 0.3103
556 94 16 21 0.3029
270 111 17 24 0.3020
268 111 17 23 0.2981
257 98 15 19 0.2865
299 88 15 22 0.2815
734 107 16 20 0.2809
837 80 14 25 0.2531
776 123 13 24 0.2259
301 88 15 21 0.2203
233 116 12 19 0.1798
507 103 15 19 0.1712
429 117 14 17 0.1629
231 114 11 19 0.1605
773 122 12 24 0.1587
125 133 14 21 0.1554
910 130 12 21 0.1429
349 101 14 19 0.1343
262 99 14 19 0.1290
272 110 17 24 0.1087
774 125 12 23 0.1038
660 115 17 21 0.1023
430 116 14 18 0.1012
350 100 14 19 0.0930
508 85 13 15 0.0850
465 102 15 19 0.0775
777 124 14 24 0.0754
41 78 17 22 0.0746
477 120 12 20 0.0718
46 78 15 22 0.0715
188 127 16 23 0.0632
151 58 14 17 0.0573
195 67 13 15 0.0545
151 114 12 16 0.0516
803 78 15 18 0.0512
710 86 15 18 0.0493
121 133 15 21 0.0488
237 116 11 19 0.0481
193 65 12 15 0.0481
354 150 20 30 0.0470
504 85 13 15 0.0425
235 114 13 19 0.0413
207 124 11 17 0.0379
803 80 12 17 0.0349
145 61 13 15 0.0348
235 114 11 18 0.0338
159 59 11 14 0.0332
507 104 14 18 0.0308
437 98 13 16 0.0303
147 113 12 15 0.0295
913 131 12 20 0.0293
261 141 13 20 0.0290
260 96 15 19 0.0285
346 151 22 29 0.0268
153 117 14 19 0.0246
298 88 14 21 0.0245
207 120 13 19 0.0226
251 97 12 19 0.0225
154 50 11 13 0.0220
908 131 10 19 0.0213
265 113 14 20 0.0213
174 72 10 12 0.0212
275 113 17 22 0.0211
265 141 12 20 0.0210
170 72 10 14 0.0207
480 120 12 21 0.0203
198 67 14 20 0.0202
857 119 13 22 0.0195
650 162 11 23 0.0177
170 120 13 21 0.0174
907 128 13 21 0.0166
187 131 16 23 0.0161
228 113 10 18 0.0154
566 168 11 21 0.0153
186 128 16 24 0.0152
191 67 11 14 0.0147
419 100 11 14 0.0146
190 92 15 20 0.0145
260 101 15 20 0.0137
148 116 13 18 0.0135
925 104 14 22 0.0127
157 61 12 15 0.0126
136 172 14 23 0.0123
156 115 12 18 0.0122
152 51 9 12 0.0121
812 81 14 20 0.0119
181 124 14 22 0.0117
144 65 13 15 0.0117
367 150 16 28 0.0115
127 139 13 19 0.0112
167 96 13 17 0.0110
1009 136 13 20 0.0108
124 124 16 25 0.0106
468 103 15 18 0.0104
151 64 12 14 0.0102
647 161 10 23 0.0100
