20_Family_Group_Family_Group_20_750
32
342 63 184 267 0.9024
561 202 171 249 0.8858
12 728 9 11 0.0764
33 1037 20 22 0.0740
0 969 14 20 0.0738
16 728 8 11 0.0615
5 970 13 19 0.0447
12 847 9 12 0.0391
0 817 10 13 0.0380
34 984 13 16 0.0367
3 892 9 12 0.0362
7 848 9 11 0.0343
0 571 19 26 0.0273
9 846 9 12 0.0271
27 799 8 11 0.0270
4 817 10 13 0.0270
21 900 11 13 0.0268
7 892 9 12 0.0259
6 845 9 12 0.0243
0 748 10 13 0.0238
22 799 8 11 0.0205
3 750 9 12 0.0147
24 901 10 13 0.0144
19 901 10 13 0.0141
1 782 8 11 0.0140
38 985 13 17 0.0137
0 862 8 12 0.0133
22 742 8 12 0.0120
32 983 12 14 0.0117
19 728 8 12 0.0115
2 972 14 21 0.0114
3 571 19 26 0.0101
