20_Family_Group_Family_Group_20_294
29
775 270 34 42 0.8665
562 276 33 38 0.8659
387 313 31 35 0.8650
353 227 36 51 0.8634
743 246 31 42 0.8612
534 177 32 37 0.8582
136 385 38 50 0.8580
652 360 31 37 0.8572
484 204 34 45 0.8559
843 253 32 40 0.8545
583 227 30 35 0.8542
279 216 37 45 0.8542
214 232 36 45 0.8536
678 258 32 39 0.8524
396 183 31 38 0.8504
790 186 35 48 0.8504
465 302 32 38 0.8496
381 223 33 44 0.8462
654 216 30 38 0.8459
239 334 30 37 0.8458
551 361 29 34 0.8404
174 183 34 39 0.8296
117 265 32 33 0.8181
699 195 32 38 0.6413
699 194 32 39 0.3049
921 237 4 5 0.0236
923 237 5 6 0.0174
925 237 5 6 0.0110
973 243 7 10 0.0108
