45_Balloonist_Balloonist_45_107
30
560 348 14 16 0.3782
556 331 12 15 0.3528
559 331 12 15 0.3420
656 355 9 13 0.2034
464 352 12 14 0.1874
562 348 14 16 0.1854
659 356 9 11 0.1284
463 349 12 15 0.1277
467 352 12 15 0.0865
467 348 12 15 0.0745
654 355 8 13 0.0637
228 417 15 19 0.0554
574 373 14 18 0.0491
604 360 8 12 0.0381
607 359 9 12 0.0349
576 374 14 17 0.0329
654 353 9 13 0.0307
559 350 13 14 0.0307
654 355 8 12 0.0298
466 351 12 14 0.0297
225 405 18 24 0.0228
631 358 10 13 0.0227
658 353 9 12 0.0212
590 354 11 13 0.0206
219 406 17 22 0.0177
222 416 17 21 0.0142
606 361 9 11 0.0141
565 347 12 15 0.0124
565 348 12 15 0.0110
557 347 13 16 0.0109
