45_Balloonist_Balloonist_45_118
35
526 201 55 69 0.8815
449 266 53 73 0.8664
717 82 75 93 0.8568
199 289 63 86 0.8426
330 216 76 97 0.8217
372 341 50 81 0.7987
846 143 45 55 0.7508
429 221 46 55 0.5129
155 24 12 17 0.4325
502 99 13 16 0.3203
502 101 15 20 0.2795
152 24 12 17 0.2591
653 199 15 35 0.2443
505 100 12 15 0.1613
918 205 9 12 0.1154
915 206 9 12 0.0972
915 205 9 12 0.0938
919 206 9 11 0.0714
555 105 8 11 0.0709
727 174 11 24 0.0627
557 102 8 12 0.0611
558 104 8 12 0.0570
724 175 11 23 0.0570
554 103 8 12 0.0487
716 83 76 92 0.0420
152 25 12 16 0.0313
725 171 14 24 0.0282
158 25 11 16 0.0242
157 24 10 15 0.0211
656 202 16 33 0.0186
552 106 8 11 0.0156
715 433 37 91 0.0127
650 201 12 31 0.0124
721 172 13 24 0.0108
656 201 17 34 0.0104
