45_Balloonist_Balloonist_45_273
40
626 199 50 58 0.8856
106 320 74 76 0.8840
711 208 61 73 0.8836
164 208 38 46 0.8617
728 317 107 131 0.8559
429 41 31 37 0.8509
377 158 31 36 0.8479
122 173 59 69 0.8264
868 103 14 22 0.6737
201 117 18 18 0.6028
465 163 39 40 0.5309
745 101 10 17 0.4040
466 163 38 41 0.3905
819 122 13 14 0.3797
956 203 20 26 0.2436
821 122 13 15 0.2288
748 100 9 17 0.1883
121 172 58 69 0.1528
952 150 21 23 0.1040
946 149 23 24 0.1033
1017 124 7 18 0.0854
823 121 12 14 0.0577
867 103 11 21 0.0500
547 215 12 15 0.0414
543 214 13 16 0.0339
776 164 14 23 0.0321
1019 153 5 34 0.0283
1017 121 7 16 0.0243
203 120 18 17 0.0230
771 163 17 25 0.0226
871 103 14 22 0.0217
594 208 6 9 0.0183
819 124 11 13 0.0171
804 138 10 13 0.0156
625 198 51 60 0.0153
1018 149 6 33 0.0153
248 156 10 11 0.0151
800 139 10 13 0.0116
252 156 10 12 0.0114
747 102 10 16 0.0110
