45_Balloonist_Balloonist_45_838
39
235 384 41 48 0.8740
608 378 38 48 0.8620
907 363 34 36 0.8600
727 374 37 44 0.8596
125 372 38 45 0.8592
831 353 36 40 0.8579
459 382 34 44 0.8557
186 311 35 35 0.8535
526 386 31 36 0.8483
786 314 32 38 0.8474
278 334 31 35 0.8446
839 305 31 32 0.8425
181 245 33 39 0.8420
712 339 31 37 0.8406
352 393 34 39 0.8358
189 384 32 37 0.8341
538 239 27 32 0.8330
642 347 29 34 0.8322
492 349 31 36 0.8271
651 251 29 30 0.8262
458 281 28 31 0.8252
408 350 30 34 0.8249
763 281 28 31 0.8227
488 285 29 34 0.8222
818 239 29 32 0.8194
463 223 29 33 0.8168
590 239 25 28 0.8139
279 212 26 31 0.8134
732 235 23 28 0.7991
281 300 30 30 0.7921
691 228 26 29 0.7881
567 371 27 31 0.7592
33 222 20 23 0.7287
207 234 23 27 0.2980
203 234 24 30 0.1782
690 227 26 30 0.0893
712 339 32 37 0.0547
202 229 24 31 0.0350
727 374 37 43 0.0117
