45_Balloonist_Balloonist_45_531
76
339 133 62 65 0.6727
819 450 7 9 0.2607
815 450 7 9 0.2266
757 417 7 8 0.2066
656 390 7 9 0.1942
761 416 6 8 0.1926
659 390 7 9 0.1853
628 403 6 8 0.1804
869 439 7 9 0.1798
872 439 7 9 0.1736
630 403 7 8 0.1698
911 484 7 8 0.1407
732 416 8 8 0.1355
760 418 6 7 0.1262
730 416 7 8 0.1098
703 431 6 7 0.1062
914 483 7 8 0.1030
913 484 7 9 0.1017
632 402 7 9 0.0855
626 299 6 9 0.0850
818 448 7 9 0.0816
735 415 7 8 0.0812
622 299 7 9 0.0790
938 495 7 7 0.0679
705 431 6 8 0.0675
695 431 6 7 0.0675
944 495 6 7 0.0664
940 496 6 8 0.0641
692 430 6 8 0.0633
658 392 7 8 0.0558
814 448 8 9 0.0557
632 404 6 8 0.0552
756 418 6 8 0.0536
871 437 6 8 0.0486
909 484 7 7 0.0477
734 417 7 8 0.0460
910 485 7 8 0.0439
696 432 7 7 0.0434
946 495 6 8 0.0387
915 484 6 9 0.0375
873 442 6 8 0.0334
755 417 7 8 0.0329
762 418 6 7 0.0314
654 390 7 9 0.0309
661 392 7 8 0.0308
875 439 6 8 0.0296
868 437 7 8 0.0284
730 417 7 8 0.0271
628 405 6 8 0.0268
691 432 7 8 0.0263
869 442 7 9 0.0255
873 439 7 9 0.0243
820 449 7 8 0.0241
654 391 7 9 0.0224
935 495 7 8 0.0214
703 429 7 8 0.0203
629 401 6 8 0.0203
629 403 6 8 0.0198
731 413 7 8 0.0197
854 593 7 9 0.0190
585 366 6 8 0.0167
409 515 7 9 0.0166
850 594 7 9 0.0160
650 406 8 9 0.0158
405 515 7 9 0.0150
582 366 6 8 0.0148
624 299 6 8 0.0144
657 289 6 9 0.0133
576 338 6 8 0.0130
758 564 6 7 0.0127
678 289 7 10 0.0124
948 494 6 8 0.0118
759 564 7 9 0.0111
776 452 7 8 0.0110
407 513 7 8 0.0107
735 413 7 8 0.0101
