45_Balloonist_Balloonist_45_692
141
814 734 33 34 0.8529
947 719 11 15 0.3432
933 715 9 11 0.3311
681 739 11 15 0.3239
923 717 7 9 0.2977
684 739 11 15 0.2503
880 721 7 10 0.2327
704 721 11 13 0.2292
883 721 7 10 0.2240
905 722 8 11 0.2138
908 723 8 10 0.2050
978 731 10 11 0.1897
335 718 12 14 0.1859
194 719 10 15 0.1697
951 720 11 14 0.1576
982 731 10 11 0.1559
385 728 9 11 0.1439
702 721 10 13 0.1349
382 728 9 11 0.1247
198 720 9 14 0.1010
930 715 8 10 0.0912
909 723 8 10 0.0836
987 758 10 10 0.0807
1018 704 6 12 0.0759
905 724 8 10 0.0685
919 717 6 8 0.0675
491 725 5 7 0.0610
983 758 10 10 0.0577
923 718 8 9 0.0539
242 750 12 16 0.0538
488 725 6 7 0.0522
905 722 8 11 0.0465
340 718 11 14 0.0453
931 716 8 11 0.0441
106 733 10 12 0.0438
707 720 10 14 0.0437
587 739 9 11 0.0429
950 721 11 14 0.0424
884 722 8 9 0.0419
881 723 7 9 0.0401
241 748 10 14 0.0399
584 740 8 10 0.0384
286 726 8 10 0.0365
505 705 6 9 0.0358
508 705 6 8 0.0347
559 723 8 10 0.0347
771 727 7 8 0.0345
109 733 9 12 0.0335
555 723 8 10 0.0333
616 732 9 11 0.0330
531 729 6 7 0.0316
290 726 7 11 0.0310
675 761 11 7 0.0308
41 721 7 8 0.0299
333 719 10 13 0.0293
601 728 8 10 0.0292
239 749 10 15 0.0291
880 721 8 10 0.0289
534 729 6 7 0.0286
383 726 9 12 0.0283
487 726 6 7 0.0269
1001 725 10 12 0.0268
621 731 9 12 0.0267
700 722 10 13 0.0263
939 692 6 7 0.0258
76 719 9 12 0.0252
73 720 9 10 0.0245
942 692 6 7 0.0242
951 720 11 12 0.0240
634 716 8 9 0.0232
283 724 8 11 0.0232
638 716 7 9 0.0229
238 748 9 12 0.0229
980 729 9 11 0.0225
628 762 11 6 0.0225
361 717 10 14 0.0223
946 723 9 12 0.0222
769 726 6 8 0.0217
557 724 8 10 0.0216
44 721 7 9 0.0215
533 727 6 8 0.0215
662 727 8 11 0.0214
1004 713 8 11 0.0214
655 713 7 8 0.0212
1006 714 9 12 0.0209
980 733 9 11 0.0205
657 713 7 9 0.0204
288 725 7 10 0.0204
338 719 11 13 0.0201
349 725 10 12 0.0200
337 720 12 15 0.0197
597 728 8 10 0.0196
993 745 10 13 0.0195
1003 712 9 10 0.0191
529 727 6 7 0.0189
984 755 10 11 0.0188
400 729 9 12 0.0188
706 722 11 13 0.0183
387 727 8 11 0.0177
249 759 12 9 0.0175
309 728 10 13 0.0173
617 734 9 12 0.0171
196 722 10 14 0.0168
486 724 6 8 0.0165
763 727 7 10 0.0163
38 721 7 8 0.0160
580 733 9 12 0.0159
266 761 10 7 0.0158
352 725 10 12 0.0154
784 717 6 9 0.0150
599 727 7 9 0.0147
561 724 8 9 0.0145
670 760 11 8 0.0145
773 726 7 9 0.0143
192 719 10 15 0.0143
287 724 9 11 0.0140
703 724 9 11 0.0133
609 736 9 11 0.0133
47 758 10 10 0.0132
490 724 6 8 0.0129
598 728 9 10 0.0127
1004 724 10 12 0.0126
644 730 9 12 0.0125
620 730 8 11 0.0123
1005 724 10 14 0.0121
595 727 7 9 0.0121
313 730 9 12 0.0120
771 727 8 9 0.0119
938 692 6 6 0.0118
604 750 11 15 0.0115
276 722 8 11 0.0115
984 733 9 11 0.0114
201 723 8 13 0.0114
43 757 10 11 0.0111
311 726 9 12 0.0111
659 712 6 9 0.0110
659 713 7 9 0.0109
639 706 7 8 0.0107
363 719 9 12 0.0105
634 711 7 9 0.0104
404 730 9 11 0.0104
