45_Balloonist_Balloonist_45_1028
59
321 636 17 26 0.5443
834 519 16 28 0.2261
325 636 16 26 0.2037
996 539 10 16 0.1896
992 539 11 16 0.1803
590 608 10 14 0.1802
8 633 9 11 0.1737
12 633 8 11 0.1424
95 660 11 12 0.1376
595 609 8 12 0.1277
99 660 10 12 0.1273
836 518 18 30 0.1026
655 604 8 11 0.0976
679 535 12 17 0.0838
658 604 8 12 0.0823
532 615 10 16 0.0718
191 553 14 19 0.0697
654 603 8 12 0.0646
535 615 10 16 0.0581
126 663 9 10 0.0535
123 663 8 9 0.0519
128 664 8 9 0.0515
124 664 8 10 0.0496
593 610 8 12 0.0445
584 607 10 14 0.0336
676 535 11 17 0.0327
594 609 9 12 0.0269
96 663 11 11 0.0255
596 611 8 11 0.0254
5 607 7 9 0.0252
9 607 6 9 0.0220
682 676 11 15 0.0214
9 634 8 11 0.0210
8 633 9 12 0.0208
342 658 10 13 0.0205
678 532 11 17 0.0193
157 604 7 7 0.0176
653 602 8 11 0.0171
160 604 7 8 0.0170
13 634 8 11 0.0152
100 662 10 11 0.0150
767 529 12 17 0.0149
265 677 10 12 0.0143
164 633 9 10 0.0143
370 549 9 17 0.0132
372 548 12 19 0.0129
262 678 9 11 0.0128
486 645 13 22 0.0121
155 603 6 8 0.0120
165 659 12 17 0.0114
999 537 12 16 0.0114
160 632 9 10 0.0114
167 663 12 13 0.0111
66 641 9 12 0.0109
675 535 12 17 0.0106
419 594 8 11 0.0103
423 594 7 11 0.0103
189 554 12 18 0.0101
16 620 8 12 0.0101
