16_Award_Ceremony_Awards_Ceremony_16_4
119
372 302 14 22 0.2958
369 302 14 22 0.2658
78 343 16 27 0.2425
630 262 8 11 0.1515
153 277 7 8 0.1402
382 280 11 13 0.1361
959 268 11 15 0.1323
150 277 6 8 0.1292
909 269 11 17 0.1083
83 344 13 26 0.1070
947 272 10 13 0.1052
857 278 13 24 0.1010
957 267 10 15 0.1006
632 262 8 11 0.0996
16 250 10 14 0.0931
42 260 8 12 0.0830
1014 239 9 12 0.0797
628 262 8 11 0.0777
1013 273 11 37 0.0701
852 276 14 23 0.0684
20 251 9 13 0.0672
379 280 10 13 0.0662
88 262 12 16 0.0656
944 272 9 13 0.0646
542 234 5 7 0.0629
851 277 13 23 0.0620
44 260 9 13 0.0539
907 267 10 16 0.0538
539 234 5 6 0.0502
455 297 9 14 0.0485
539 235 5 6 0.0466
83 260 12 19 0.0414
905 269 10 18 0.0402
848 275 13 22 0.0391
458 297 10 14 0.0386
341 267 5 6 0.0359
257 271 6 6 0.0356
397 302 10 13 0.0342
39 260 9 12 0.0338
344 267 5 6 0.0329
383 281 11 14 0.0319
954 268 10 13 0.0303
260 271 5 7 0.0295
537 233 5 7 0.0286
39 259 9 11 0.0283
402 266 6 7 0.0278
1009 270 14 39 0.0264
152 276 6 8 0.0258
824 262 9 11 0.0256
828 262 9 11 0.0253
0 280 8 13 0.0249
131 276 6 7 0.0244
386 268 6 7 0.0241
862 282 13 22 0.0235
327 269 5 6 0.0235
94 264 8 12 0.0233
1011 240 9 11 0.0231
19 255 9 12 0.0223
294 271 5 6 0.0217
303 299 8 16 0.0214
290 270 5 6 0.0212
1013 241 11 19 0.0210
306 298 8 16 0.0209
173 273 6 8 0.0209
38 260 9 12 0.0208
255 271 6 7 0.0202
150 279 6 7 0.0198
190 274 6 8 0.0197
405 266 6 7 0.0197
149 276 6 8 0.0195
202 266 5 7 0.0193
402 302 8 12 0.0186
382 268 6 6 0.0183
629 261 7 10 0.0182
247 275 5 7 0.0181
1 281 8 15 0.0173
198 266 6 7 0.0171
402 278 8 11 0.0170
128 275 5 7 0.0161
127 276 6 7 0.0159
851 276 14 24 0.0159
194 274 6 7 0.0157
170 273 6 7 0.0154
1004 275 18 34 0.0150
154 278 6 8 0.0150
628 262 8 10 0.0148
632 260 8 10 0.0143
543 233 5 7 0.0138
1017 279 7 37 0.0132
345 268 6 6 0.0131
905 267 9 15 0.0129
154 276 7 8 0.0128
276 278 6 7 0.0127
405 278 8 11 0.0126
85 258 12 17 0.0126
91 265 11 15 0.0125
544 235 5 7 0.0124
568 245 5 6 0.0122
364 272 7 8 0.0122
681 262 8 10 0.0121
1007 271 17 38 0.0121
541 235 6 6 0.0120
379 281 11 14 0.0117
341 268 5 6 0.0117
327 270 5 6 0.0116
1 280 10 14 0.0116
279 278 6 8 0.0116
913 269 11 16 0.0113
944 270 9 12 0.0110
301 277 7 9 0.0110
190 272 6 7 0.0107
13 253 11 12 0.0107
133 280 6 7 0.0105
44 258 8 12 0.0105
375 303 12 17 0.0104
123 275 6 7 0.0103
342 267 5 6 0.0102
133 277 6 8 0.0100
80 347 15 29 0.0100
