16_Award_Ceremony_Awards_Ceremony_16_141
23
388 236 45 57 0.8938
185 276 36 48 0.8812
136 259 39 55 0.8794
89 258 38 54 0.8753
541 297 27 38 0.8612
344 245 38 60 0.8565
634 321 22 29 0.8523
565 309 25 37 0.8507
604 311 23 35 0.8471
459 257 33 46 0.8471
0 230 29 59 0.8408
18 243 34 60 0.8390
507 284 21 40 0.8072
28 306 28 39 0.7802
429 257 36 59 0.7798
282 58 44 66 0.6381
490 280 23 40 0.5377
484 281 26 42 0.0473
452 279 25 41 0.0413
483 274 26 45 0.0329
492 280 22 42 0.0160
491 278 19 33 0.0155
17 240 29 52 0.0107
