16_Award_Ceremony_Awards_Ceremony_16_231
44
558 107 118 158 0.8976
424 148 131 151 0.8843
37 144 44 50 0.8498
130 152 61 52 0.8202
905 156 18 25 0.6739
714 138 18 21 0.5978
792 142 18 23 0.5920
753 213 26 33 0.3838
297 132 15 21 0.3310
751 213 27 33 0.3261
296 132 14 21 0.1283
925 133 17 24 0.1045
300 132 13 20 0.1015
301 133 13 20 0.0977
740 160 17 23 0.0890
894 265 21 27 0.0862
929 133 17 24 0.0811
866 246 26 33 0.0698
794 143 18 23 0.0647
851 299 25 29 0.0602
738 158 16 21 0.0584
1017 147 7 22 0.0546
88 116 15 21 0.0519
688 212 14 17 0.0516
868 245 21 25 0.0513
898 264 23 28 0.0379
728 235 24 34 0.0358
734 232 18 25 0.0338
873 244 20 24 0.0300
732 235 23 33 0.0275
686 208 15 20 0.0242
685 213 13 16 0.0204
4 207 24 35 0.0154
729 232 21 27 0.0138
927 131 16 24 0.0134
862 299 19 26 0.0132
712 135 17 19 0.0124
895 271 21 26 0.0117
743 158 16 22 0.0117
1013 144 11 25 0.0116
830 287 23 31 0.0115
0 183 6 35 0.0101
924 130 15 22 0.0101
101 145 22 35 0.0100
