16_Award_Ceremony_Awards_Ceremony_16_73
263
259 120 38 48 0.8692
725 84 43 58 0.8679
409 144 36 49 0.8583
318 73 32 40 0.8460
615 146 38 49 0.8457
204 53 20 26 0.7877
268 77 17 23 0.7643
639 79 17 20 0.7577
91 71 19 25 0.7294
445 52 16 22 0.6832
473 28 14 17 0.6559
701 0 15 18 0.6517
637 44 14 19 0.6470
866 36 15 20 0.6183
240 57 15 19 0.6097
22 75 17 22 0.6075
623 71 14 19 0.5948
187 67 16 22 0.5847
616 29 15 18 0.5847
564 27 16 20 0.5837
654 22 15 19 0.5697
536 45 15 18 0.5525
854 20 13 17 0.5520
601 21 15 17 0.5422
432 80 16 18 0.5024
699 41 16 19 0.4874
366 48 16 20 0.4843
493 61 16 19 0.4840
719 14 16 18 0.4821
687 26 14 17 0.4685
719 40 17 22 0.4635
7 80 17 19 0.4579
240 82 14 20 0.4571
655 66 13 16 0.4544
973 21 13 16 0.4514
815 30 12 17 0.4456
567 77 16 18 0.4380
593 77 14 18 0.4349
346 37 13 15 0.4300
571 51 15 18 0.4293
534 66 14 16 0.3852
581 19 12 16 0.3850
569 77 17 18 0.3798
893 33 12 17 0.3757
993 0 14 16 0.3730
610 62 14 18 0.3724
173 57 12 16 0.3703
697 41 14 19 0.3698
722 40 18 23 0.3676
608 62 13 18 0.3648
989 33 15 20 0.3613
596 77 14 18 0.3591
750 39 14 19 0.3583
771 1 12 14 0.3516
414 61 13 24 0.3472
459 56 16 22 0.3470
462 56 16 22 0.3452
723 14 15 18 0.3356
987 33 16 19 0.3340
4 80 17 20 0.3314
170 57 12 16 0.3299
490 60 16 20 0.3293
685 25 13 17 0.3221
747 39 13 19 0.3141
774 0 12 15 0.3116
569 51 14 18 0.3110
812 30 12 17 0.3096
990 0 15 16 0.3074
343 60 20 23 0.3070
908 112 17 35 0.2962
584 19 12 16 0.2597
975 37 12 16 0.2531
626 72 14 18 0.2389
1005 18 16 19 0.2361
242 82 14 21 0.2361
532 65 13 17 0.2289
363 49 16 19 0.2284
226 67 14 18 0.2277
991 34 15 18 0.2257
341 84 19 26 0.2244
418 60 14 25 0.2220
701 30 13 16 0.2201
554 28 13 18 0.2170
603 21 15 18 0.2072
568 28 15 19 0.2065
791 34 11 17 0.2050
794 35 11 17 0.2037
850 20 14 17 0.1999
184 67 15 21 0.1973
642 16 14 17 0.1968
142 60 16 21 0.1918
879 17 11 14 0.1882
1002 18 16 18 0.1827
490 25 13 16 0.1813
889 33 13 17 0.1791
51 61 17 21 0.1774
863 36 15 19 0.1690
875 17 12 14 0.1648
922 36 11 16 0.1575
619 29 15 18 0.1530
127 63 15 19 0.1488
539 45 15 19 0.1462
455 40 15 19 0.1427
975 21 13 18 0.1363
651 21 16 19 0.1303
94 71 18 25 0.1293
157 78 14 18 0.1178
788 36 11 16 0.1154
420 48 13 17 0.1132
834 36 13 17 0.1123
526 34 12 16 0.1118
424 54 15 23 0.1112
804 18 10 11 0.1107
51 60 13 16 0.1098
163 77 12 18 0.1094
835 33 12 15 0.1050
658 66 13 16 0.1050
1018 3 6 14 0.1032
77 47 12 16 0.1028
139 58 16 21 0.0996
893 57 11 13 0.0981
344 38 11 14 0.0966
451 39 16 18 0.0948
428 54 14 21 0.0933
0 68 9 18 0.0926
801 18 10 11 0.0919
429 58 16 23 0.0910
493 24 13 16 0.0905
912 112 17 37 0.0865
394 41 14 18 0.0861
79 49 12 17 0.0819
659 39 14 17 0.0816
919 34 12 16 0.0812
589 0 15 15 0.0792
787 34 11 16 0.0736
444 61 16 23 0.0723
528 37 13 16 0.0716
490 22 12 15 0.0700
890 57 11 13 0.0680
605 21 14 17 0.0653
350 61 16 20 0.0631
644 12 15 18 0.0620
546 79 13 16 0.0608
135 60 16 20 0.0604
147 62 14 19 0.0584
918 37 11 15 0.0582
642 10 14 16 0.0576
344 36 12 15 0.0567
344 58 17 22 0.0565
494 22 12 14 0.0564
672 45 13 17 0.0555
15 68 15 20 0.0552
647 9 14 17 0.0552
347 86 19 23 0.0549
412 59 13 22 0.0544
121 63 16 20 0.0528
699 1 14 17 0.0518
758 27 10 12 0.0517
972 36 11 17 0.0516
146 58 13 18 0.0515
657 37 13 17 0.0511
1005 22 15 20 0.0499
341 70 24 35 0.0481
761 27 9 12 0.0456
443 38 12 15 0.0442
586 40 14 17 0.0441
127 60 13 17 0.0440
523 36 13 15 0.0438
243 59 14 18 0.0427
443 40 12 15 0.0425
54 59 16 20 0.0423
429 79 15 18 0.0421
598 41 15 18 0.0405
640 44 14 19 0.0397
530 34 12 15 0.0377
442 54 16 21 0.0373
389 40 14 17 0.0366
20 73 15 20 0.0358
465 56 15 20 0.0351
444 71 13 19 0.0347
238 84 14 19 0.0324
889 34 13 17 0.0317
89 51 15 20 0.0315
26 77 16 21 0.0302
418 47 12 16 0.0301
738 4 13 15 0.0299
909 112 18 38 0.0298
757 0 9 8 0.0291
453 36 14 15 0.0288
639 16 11 15 0.0287
491 30 12 15 0.0277
877 15 12 14 0.0276
923 35 12 16 0.0269
396 34 12 14 0.0268
1003 16 14 15 0.0262
977 20 11 15 0.0251
416 59 13 22 0.0250
797 33 11 16 0.0250
541 45 13 18 0.0244
757 25 9 12 0.0235
283 71 12 17 0.0234
16 62 13 16 0.0234
711 59 15 20 0.0233
19 61 13 16 0.0227
470 29 13 17 0.0224
759 0 9 10 0.0216
542 77 13 17 0.0215
392 38 13 16 0.0214
238 57 14 18 0.0203
953 2 9 12 0.0203
896 33 10 15 0.0203
802 16 10 12 0.0199
74 47 11 15 0.0199
389 33 12 14 0.0195
488 41 14 17 0.0185
457 11 13 16 0.0185
273 61 10 12 0.0185
842 121 14 20 0.0185
255 71 12 17 0.0184
342 37 13 15 0.0183
587 0 14 11 0.0181
950 3 10 11 0.0180
442 38 11 13 0.0179
872 0 11 8 0.0174
5 65 13 17 0.0169
672 50 12 17 0.0167
657 22 15 19 0.0166
894 34 12 16 0.0165
819 31 11 15 0.0164
622 73 13 16 0.0163
821 0 9 11 0.0156
905 112 14 32 0.0156
608 60 15 19 0.0154
109 78 14 19 0.0152
285 76 12 16 0.0152
158 79 15 19 0.0151
552 25 12 14 0.0149
544 81 13 16 0.0146
33 75 14 19 0.0145
276 61 10 13 0.0145
55 59 13 16 0.0142
321 41 9 11 0.0141
907 32 11 15 0.0140
469 31 14 16 0.0140
905 114 19 40 0.0137
762 25 9 11 0.0137
236 81 14 19 0.0137
970 20 12 16 0.0131
837 36 13 16 0.0128
905 109 18 37 0.0123
538 63 13 17 0.0123
349 68 22 30 0.0120
657 21 14 18 0.0117
821 66 11 13 0.0117
845 123 13 18 0.0117
124 60 12 16 0.0115
127 94 14 20 0.0115
0 97 9 22 0.0114
208 53 18 25 0.0114
759 41 12 16 0.0111
340 92 21 29 0.0107
589 71 14 18 0.0106
629 86 14 17 0.0104
