49_Greeting_peoplegreeting_49_387
29
636 231 30 48 0.8360
253 271 18 23 0.7804
695 239 27 43 0.7775
522 220 27 47 0.7688
412 287 7 9 0.1126
414 288 6 8 0.0979
410 289 7 8 0.0695
409 287 7 9 0.0641
416 286 7 9 0.0569
563 256 10 19 0.0556
417 288 6 8 0.0556
445 279 6 8 0.0346
374 284 5 7 0.0294
442 280 7 7 0.0279
415 287 6 8 0.0265
375 286 5 6 0.0255
377 284 5 7 0.0233
561 255 9 19 0.0227
369 283 5 7 0.0222
372 286 5 6 0.0178
440 278 7 8 0.0168
365 281 6 7 0.0153
693 241 24 41 0.0148
370 281 5 7 0.0139
566 257 11 19 0.0122
442 281 7 8 0.0120
373 285 5 6 0.0119
456 270 7 10 0.0107
565 252 14 22 0.0102
