49_Greeting_peoplegreeting_49_894
28
929 255 45 54 0.8808
92 259 43 57 0.8718
483 245 49 62 0.8657
773 385 56 64 0.8528
53 280 49 78 0.8363
902 269 40 49 0.8250
1007 275 17 45 0.7946
416 299 46 69 0.7794
557 286 44 75 0.7776
713 255 48 60 0.7056
782 264 49 57 0.6929
647 284 45 55 0.5652
713 254 48 61 0.2487
781 264 50 57 0.1448
1 250 11 16 0.1073
707 278 35 48 0.0794
712 287 34 41 0.0760
557 287 42 69 0.0594
832 260 33 45 0.0484
700 283 30 45 0.0383
4 250 12 17 0.0346
269 240 35 69 0.0339
270 245 33 63 0.0213
428 310 39 58 0.0192
566 322 40 52 0.0157
644 281 42 58 0.0119
701 275 28 46 0.0118
701 288 30 41 0.0101
