49_Greeting_peoplegreeting_49_991
23
406 183 12 14 0.4480
397 192 11 13 0.3625
809 139 13 14 0.2908
395 192 10 13 0.2231
813 139 13 14 0.1847
828 146 13 15 0.1728
405 183 11 14 0.0666
461 99 13 14 0.0597
825 146 12 14 0.0535
398 193 11 14 0.0360
395 192 10 13 0.0358
825 144 12 16 0.0322
395 195 10 13 0.0251
811 142 13 14 0.0242
638 162 12 16 0.0223
827 142 12 15 0.0211
459 99 11 14 0.0209
613 190 13 16 0.0176
806 136 11 15 0.0167
635 162 11 16 0.0154
806 139 12 16 0.0119
465 100 11 14 0.0115
404 183 11 14 0.0111
