49_Greeting_peoplegreeting_49_53
44
327 643 71 92 0.8737
90 392 53 72 0.8725
439 335 57 76 0.8702
797 397 60 78 0.8608
771 662 71 95 0.8553
222 329 45 77 0.8543
348 331 43 73 0.8479
666 212 48 70 0.8398
174 280 40 68 0.8296
705 289 40 64 0.8291
570 169 42 63 0.8257
688 376 49 73 0.8248
225 213 40 61 0.8119
827 330 43 64 0.8075
115 342 45 69 0.7890
330 222 43 66 0.7859
236 262 36 58 0.7337
854 283 41 64 0.5125
855 283 40 64 0.4365
361 0 20 13 0.3066
512 279 39 56 0.3029
226 141 26 30 0.2783
225 140 25 30 0.2770
364 0 22 13 0.1770
223 141 24 30 0.1528
407 0 22 8 0.1501
197 359 39 57 0.0366
509 275 40 60 0.0268
221 139 24 30 0.0247
742 80 24 28 0.0237
567 2 26 37 0.0228
354 609 51 67 0.0228
604 0 18 12 0.0219
400 0 23 7 0.0146
609 0 18 13 0.0135
173 0 34 19 0.0129
769 370 25 53 0.0121
389 154 27 30 0.0119
573 2 24 36 0.0119
568 0 22 23 0.0118
316 157 26 30 0.0115
747 80 24 29 0.0105
273 136 21 27 0.0102
412 0 21 10 0.0101
