49_Greeting_peoplegreeting_49_50
39
651 288 142 170 0.8766
327 200 70 85 0.8672
356 118 56 67 0.8383
286 123 29 35 0.5307
190 560 211 180 0.5095
179 542 225 204 0.3723
960 175 44 79 0.2572
958 178 36 66 0.2245
976 196 47 90 0.1410
450 58 13 17 0.0811
973 200 48 87 0.0795
959 175 44 74 0.0756
919 156 20 31 0.0700
801 162 32 51 0.0648
476 90 35 58 0.0356
186 538 219 208 0.0346
447 56 13 17 0.0313
475 93 23 50 0.0287
280 119 29 35 0.0262
170 551 233 201 0.0232
0 638 44 130 0.0217
972 188 45 99 0.0215
975 204 44 82 0.0211
803 161 33 52 0.0210
915 151 21 34 0.0200
185 569 218 170 0.0189
957 176 36 68 0.0187
925 157 17 30 0.0177
0 388 79 235 0.0155
458 66 12 14 0.0149
977 200 46 87 0.0145
968 172 44 88 0.0143
447 59 11 16 0.0133
462 68 11 14 0.0129
183 581 217 158 0.0128
280 122 32 36 0.0125
980 184 44 92 0.0119
452 56 11 16 0.0115
284 116 27 34 0.0114
