5_Car_Accident_Car_Crash_5_38
29
0 228 22 31 0.7588
329 100 68 74 0.6088
832 232 13 16 0.5308
779 238 11 16 0.3979
913 235 11 15 0.3049
943 247 11 12 0.2920
916 235 12 14 0.2872
940 247 10 12 0.2756
776 238 12 15 0.2750
74 269 11 15 0.2567
70 269 12 15 0.2280
895 242 10 13 0.2196
893 241 11 13 0.1732
890 242 12 14 0.1611
830 232 12 15 0.1347
890 241 10 13 0.0939
777 241 10 14 0.0413
835 233 12 15 0.0392
780 239 11 16 0.0366
915 240 10 13 0.0335
0 239 18 40 0.0251
942 245 10 11 0.0244
858 300 11 13 0.0224
856 300 10 13 0.0201
918 240 10 12 0.0140
910 235 10 13 0.0130
939 245 10 11 0.0124
829 231 12 15 0.0108
941 251 9 11 0.0104
