5_Car_Accident_Accident_5_77
109
932 45 36 48 0.8522
573 64 26 34 0.8497
812 52 26 32 0.8453
887 55 27 37 0.8448
761 32 24 33 0.8390
289 77 23 27 0.8250
376 60 21 29 0.8234
184 77 23 25 0.8192
629 58 24 35 0.8157
111 88 22 28 0.7973
718 64 23 31 0.7663
447 85 21 24 0.7646
589 43 19 24 0.7435
491 67 20 26 0.7295
655 58 22 31 0.7293
981 45 19 28 0.7100
230 68 21 26 0.7098
693 67 22 33 0.7065
874 57 13 17 0.6717
438 55 22 26 0.6459
797 55 15 22 0.5946
521 37 15 19 0.5873
794 21 12 15 0.4520
542 77 20 24 0.4482
713 8 12 15 0.4259
31 9 11 14 0.4251
1 0 11 13 0.4083
539 78 20 24 0.3993
710 8 12 15 0.3893
738 52 14 18 0.3727
393 0 13 9 0.3676
883 48 12 16 0.3382
33 9 12 14 0.2989
2 0 11 14 0.2897
0 109 8 25 0.2824
741 25 11 14 0.2793
740 25 10 13 0.2699
652 58 23 32 0.2614
916 55 16 29 0.2569
391 0 12 10 0.2550
22 27 13 15 0.2399
738 25 10 14 0.2336
916 57 14 26 0.2285
82 59 20 42 0.2272
796 21 11 15 0.2109
767 21 13 14 0.2041
997 66 13 17 0.1980
518 37 15 19 0.1897
232 68 21 27 0.1759
681 27 10 13 0.1683
20 27 12 15 0.1640
881 47 10 14 0.1635
792 21 12 15 0.1613
0 108 11 28 0.1600
738 24 9 14 0.1528
738 49 14 18 0.1247
206 1 13 13 0.1147
912 57 15 23 0.1142
489 66 19 27 0.1003
319 77 14 20 0.0949
4 0 11 13 0.0906
678 27 10 13 0.0832
139 190 17 19 0.0819
957 40 22 33 0.0755
678 27 10 12 0.0707
474 0 12 8 0.0686
682 27 10 13 0.0668
765 21 12 14 0.0638
77 59 22 42 0.0621
327 77 13 22 0.0583
436 55 21 26 0.0507
615 0 11 11 0.0419
321 0 12 6 0.0418
800 55 16 23 0.0410
969 43 15 25 0.0407
694 67 23 33 0.0397
639 20 12 16 0.0374
136 187 17 21 0.0367
717 64 22 32 0.0361
628 58 24 35 0.0356
203 0 14 14 0.0336
5 1 11 13 0.0331
736 50 14 18 0.0299
478 0 11 8 0.0253
682 25 10 13 0.0239
881 54 16 25 0.0238
976 46 20 28 0.0234
85 61 18 40 0.0234
210 2 13 12 0.0231
471 199 21 35 0.0219
1001 61 13 20 0.0208
162 0 15 10 0.0208
717 64 23 32 0.0190
617 1 11 11 0.0164
326 0 10 6 0.0154
323 85 14 19 0.0150
79 60 21 43 0.0142
910 57 17 27 0.0140
1001 67 11 15 0.0140
476 0 11 12 0.0140
323 74 12 18 0.0140
619 0 11 10 0.0137
769 21 12 14 0.0132
135 191 14 18 0.0118
312 79 14 20 0.0117
0 105 13 31 0.0116
318 0 11 5 0.0114
440 55 22 27 0.0111
755 30 14 22 0.0105
