5_Car_Accident_Accident_5_177
80
392 205 19 24 0.7729
893 214 20 24 0.7640
808 273 25 30 0.7505
834 215 23 24 0.7444
868 252 20 27 0.7243
302 208 19 23 0.7001
696 196 19 25 0.6643
974 210 18 27 0.6282
908 238 16 26 0.6054
881 179 15 22 0.5918
987 185 18 23 0.5880
597 129 16 18 0.5144
905 160 15 18 0.4412
858 342 20 37 0.4166
639 228 13 26 0.4079
832 325 20 28 0.3958
746 183 16 20 0.3936
750 183 15 20 0.2633
594 129 15 18 0.2453
977 209 18 28 0.2450
862 343 19 36 0.2304
694 196 19 25 0.2236
772 406 16 38 0.2187
775 407 17 37 0.2186
903 159 14 18 0.2121
748 182 16 21 0.2045
990 186 18 22 0.1891
836 325 21 29 0.1562
694 115 7 9 0.1409
682 108 7 8 0.1262
642 230 13 24 0.1215
625 72 6 7 0.1187
628 72 6 7 0.1150
697 115 7 9 0.1007
642 73 6 7 0.0969
861 342 19 37 0.0956
629 73 5 7 0.0937
645 74 5 6 0.0920
902 160 14 18 0.0814
675 79 6 8 0.0753
796 129 9 13 0.0714
912 238 17 26 0.0696
679 108 8 8 0.0624
994 263 17 21 0.0618
678 79 7 8 0.0612
773 403 18 40 0.0603
986 184 15 21 0.0602
625 74 6 8 0.0587
795 129 7 13 0.0585
879 179 13 21 0.0546
991 262 14 21 0.0538
696 114 6 9 0.0536
669 129 10 13 0.0509
646 73 5 7 0.0484
647 74 6 8 0.0391
745 183 16 20 0.0379
695 115 7 9 0.0353
636 228 12 24 0.0327
680 108 9 10 0.0316
673 127 10 13 0.0308
686 111 9 10 0.0288
691 112 7 9 0.0281
642 226 15 27 0.0260
883 180 16 23 0.0255
673 210 19 26 0.0239
300 209 19 22 0.0211
798 130 10 13 0.0201
683 75 6 7 0.0194
674 75 7 9 0.0186
679 75 6 8 0.0177
585 227 14 18 0.0163
958 206 13 19 0.0152
676 81 7 8 0.0146
626 71 6 7 0.0125
677 110 9 10 0.0121
471 271 17 18 0.0117
674 206 17 21 0.0112
492 237 19 29 0.0110
797 130 10 13 0.0103
684 77 6 7 0.0103
