5_Car_Accident_Accident_5_777
50
634 150 17 19 0.5655
758 148 15 19 0.4968
823 152 14 17 0.3792
826 152 14 16 0.3555
500 149 21 21 0.3454
761 147 15 20 0.3356
503 149 20 20 0.3305
794 151 12 18 0.3247
629 174 13 13 0.2509
601 171 11 12 0.2425
524 147 12 15 0.2227
727 169 13 15 0.2175
597 171 11 12 0.2060
725 166 13 16 0.1617
550 159 12 14 0.1531
796 152 13 18 0.1510
723 169 12 15 0.1262
799 152 11 16 0.1130
636 151 17 19 0.0866
599 169 10 13 0.0813
632 173 14 14 0.0781
383 240 12 14 0.0609
632 150 16 18 0.0584
555 159 10 13 0.0583
722 166 12 16 0.0578
375 226 14 15 0.0523
379 225 15 17 0.0509
627 174 10 12 0.0478
764 234 38 42 0.0466
598 170 10 12 0.0437
501 150 21 20 0.0412
529 148 11 14 0.0368
550 157 10 11 0.0361
596 168 10 13 0.0361
724 168 13 15 0.0333
882 161 13 19 0.0297
547 159 12 14 0.0284
547 161 14 16 0.0242
800 153 11 16 0.0228
824 152 14 17 0.0201
555 157 9 11 0.0178
942 163 13 18 0.0178
884 166 14 19 0.0177
939 164 11 16 0.0176
627 172 11 12 0.0170
940 168 11 15 0.0158
632 152 17 19 0.0135
509 146 18 20 0.0128
879 164 13 17 0.0109
379 239 13 15 0.0107
