5_Car_Accident_Accident_5_641
30
96 269 26 29 0.8052
558 254 8 9 0.1239
555 254 7 10 0.1194
148 230 8 9 0.0857
631 277 9 10 0.0801
144 230 9 10 0.0779
897 299 14 14 0.0685
101 239 12 16 0.0619
634 277 9 10 0.0606
628 278 8 10 0.0374
300 243 8 10 0.0371
304 243 8 10 0.0365
190 239 12 15 0.0343
629 276 9 9 0.0311
895 296 14 16 0.0291
633 276 8 9 0.0282
97 239 13 16 0.0220
104 238 10 13 0.0136
182 237 11 14 0.0132
564 270 6 8 0.0130
566 271 7 7 0.0130
554 253 7 9 0.0126
554 254 8 9 0.0121
557 252 7 9 0.0113
188 237 12 14 0.0112
302 246 9 11 0.0112
618 292 8 11 0.0112
901 299 12 13 0.0110
629 278 8 9 0.0103
610 266 8 10 0.0102
