5_Car_Accident_Accident_5_628
91
267 278 28 32 0.8383
176 216 24 34 0.8024
0 239 13 38 0.7948
156 311 27 37 0.7777
856 202 26 31 0.7616
328 217 23 27 0.7602
377 149 25 31 0.7190
937 289 28 31 0.6996
232 233 24 29 0.6925
45 153 21 26 0.6669
441 189 22 27 0.6547
577 28 25 33 0.4250
76 216 25 28 0.4225
78 216 25 28 0.3946
380 204 23 33 0.3751
285 172 22 29 0.3713
282 172 22 29 0.3621
1008 100 16 28 0.3007
573 26 27 33 0.1905
903 217 22 25 0.1847
916 239 21 27 0.1790
276 229 20 25 0.1586
230 233 23 29 0.1418
578 29 27 34 0.1376
376 87 23 26 0.1281
438 189 20 27 0.1134
1018 382 6 42 0.0778
372 88 21 23 0.0762
510 365 24 27 0.0699
1017 379 7 41 0.0665
898 214 21 27 0.0541
894 210 18 25 0.0474
779 216 19 26 0.0469
272 229 19 24 0.0453
800 193 23 28 0.0450
333 190 22 27 0.0371
338 189 24 29 0.0368
41 152 21 26 0.0351
515 362 29 31 0.0348
1005 270 18 30 0.0342
385 204 22 32 0.0333
736 249 18 21 0.0327
516 359 27 30 0.0310
802 198 22 26 0.0310
781 211 15 21 0.0298
900 211 23 29 0.0276
701 322 19 27 0.0276
1008 97 15 24 0.0270
507 362 24 28 0.0269
340 382 25 27 0.0250
1016 374 8 35 0.0248
483 178 17 25 0.0248
0 167 15 28 0.0237
1011 105 13 29 0.0222
724 336 26 40 0.0209
1010 274 14 31 0.0204
911 239 21 28 0.0198
967 337 24 36 0.0197
900 208 26 30 0.0191
338 183 22 27 0.0183
1001 270 18 28 0.0177
815 260 22 22 0.0174
1000 272 22 34 0.0165
404 191 23 28 0.0165
882 353 21 32 0.0160
280 363 25 31 0.0157
705 327 17 24 0.0157
333 183 19 26 0.0145
527 357 23 29 0.0144
1003 100 18 27 0.0143
724 333 21 35 0.0140
276 233 24 31 0.0134
780 223 19 24 0.0133
915 238 19 25 0.0133
374 204 20 31 0.0132
731 248 18 23 0.0129
276 225 17 23 0.0128
1004 99 20 35 0.0128
374 80 24 30 0.0128
756 240 20 21 0.0123
0 171 16 34 0.0122
918 308 20 26 0.0121
375 90 30 35 0.0118
943 334 24 38 0.0115
35 267 19 22 0.0113
282 361 29 37 0.0109
397 179 19 24 0.0109
402 177 23 26 0.0108
100 316 23 31 0.0104
351 180 23 27 0.0104
735 250 21 25 0.0101
