5_Car_Accident_Accident_5_234
304
430 588 23 30 0.7733
659 486 22 25 0.7659
422 508 18 21 0.6933
473 331 14 16 0.5568
867 354 15 17 0.4433
353 465 18 19 0.4228
810 316 14 18 0.4139
423 431 17 20 0.3983
804 257 11 14 0.3716
270 556 18 25 0.3398
886 289 12 16 0.3370
801 257 10 14 0.3228
813 316 14 18 0.3190
786 297 11 15 0.3114
789 298 11 15 0.3040
321 432 18 23 0.2953
451 338 15 20 0.2853
795 351 12 16 0.2618
808 234 11 13 0.2535
274 556 17 25 0.2319
455 338 15 20 0.2294
427 404 13 18 0.2240
11 569 18 23 0.2162
336 348 12 17 0.2081
874 259 12 14 0.2064
758 330 11 16 0.2055
878 259 11 15 0.2047
431 405 12 16 0.2005
812 234 10 13 0.1956
778 232 11 12 0.1948
774 232 11 12 0.1946
810 279 10 13 0.1886
326 431 16 23 0.1883
889 290 12 15 0.1877
337 350 12 19 0.1851
434 170 6 8 0.1843
251 479 17 23 0.1788
431 170 6 8 0.1725
451 186 7 9 0.1721
350 465 17 19 0.1699
782 208 9 11 0.1685
813 278 10 14 0.1648
762 329 11 17 0.1624
340 347 11 17 0.1563
347 329 11 15 0.1549
450 170 7 8 0.1536
267 445 17 17 0.1469
448 186 8 9 0.1467
863 354 15 17 0.1457
447 187 8 9 0.1422
333 312 12 13 0.1406
792 349 11 17 0.1402
200 480 15 22 0.1386
322 436 18 22 0.1327
726 121 6 7 0.1254
422 174 7 8 0.1251
350 464 18 19 0.1220
854 543 13 23 0.1207
30 571 22 24 0.1155
774 194 8 9 0.1141
778 194 8 9 0.1136
308 478 18 21 0.1067
772 137 7 8 0.1057
884 287 12 15 0.1025
729 121 6 7 0.1019
770 170 8 10 0.1013
536 160 6 7 0.1011
414 315 11 14 0.1004
428 428 15 22 0.1000
196 481 15 21 0.0999
521 156 6 7 0.0983
564 148 6 8 0.0967
534 159 6 8 0.0963
499 170 6 8 0.0960
247 479 17 23 0.0917
780 208 9 11 0.0866
418 315 10 14 0.0854
343 331 11 13 0.0850
775 137 7 9 0.0845
784 206 10 13 0.0840
518 156 6 7 0.0840
563 148 5 7 0.0815
543 146 7 8 0.0793
419 174 7 9 0.0791
773 171 8 9 0.0784
560 147 6 7 0.0757
381 317 10 16 0.0752
426 507 17 22 0.0743
453 170 6 8 0.0742
377 317 10 16 0.0732
477 331 13 16 0.0725
771 136 6 9 0.0718
348 428 14 17 0.0708
784 209 9 11 0.0701
435 170 6 8 0.0680
532 160 6 7 0.0677
430 421 14 22 0.0657
810 236 11 13 0.0652
501 170 6 9 0.0652
779 277 12 15 0.0651
335 313 12 14 0.0627
767 169 8 10 0.0626
419 173 6 9 0.0625
851 543 12 22 0.0617
486 168 6 8 0.0617
350 328 10 15 0.0606
798 164 7 8 0.0600
338 312 11 13 0.0593
773 172 7 9 0.0590
806 647 19 28 0.0585
730 121 6 8 0.0577
151 530 19 28 0.0570
148 271 5 6 0.0569
750 124 7 8 0.0553
798 352 12 16 0.0553
452 185 7 9 0.0544
726 123 6 7 0.0531
145 270 5 7 0.0509
497 171 6 8 0.0508
551 162 6 8 0.0501
774 136 7 9 0.0500
604 571 14 21 0.0494
484 192 8 10 0.0484
561 149 5 8 0.0466
793 184 11 14 0.0462
490 168 7 8 0.0455
470 333 13 16 0.0448
804 654 22 27 0.0433
662 629 16 24 0.0429
796 163 7 9 0.0429
608 571 14 21 0.0428
455 336 14 19 0.0427
518 182 7 10 0.0425
791 351 10 16 0.0415
875 261 12 15 0.0412
788 138 7 9 0.0411
274 552 15 24 0.0404
345 425 14 18 0.0404
431 401 11 16 0.0404
313 477 16 22 0.0404
754 215 10 14 0.0402
661 622 17 27 0.0389
754 124 7 8 0.0389
9 565 17 23 0.0384
749 122 7 9 0.0381
269 390 15 19 0.0372
546 160 7 8 0.0369
490 163 6 9 0.0367
751 215 10 14 0.0366
509 191 8 9 0.0360
780 210 9 10 0.0358
795 186 11 13 0.0343
775 108 6 7 0.0342
521 183 7 9 0.0337
793 104 9 10 0.0337
887 286 12 15 0.0335
779 208 10 12 0.0333
876 259 12 16 0.0332
657 630 16 22 0.0332
341 351 11 17 0.0329
753 122 7 9 0.0326
806 234 10 13 0.0323
786 299 12 15 0.0322
487 192 8 10 0.0318
676 119 6 8 0.0317
775 277 12 15 0.0317
868 256 10 13 0.0311
417 313 10 13 0.0298
179 422 12 18 0.0297
790 104 8 10 0.0297
267 386 15 19 0.0294
413 313 11 14 0.0293
500 185 7 9 0.0290
546 191 7 8 0.0285
520 157 7 7 0.0284
275 443 14 17 0.0284
814 236 11 13 0.0283
447 186 7 9 0.0281
769 137 7 8 0.0281
776 232 11 13 0.0280
497 169 7 8 0.0279
673 119 6 8 0.0278
811 647 17 27 0.0275
150 537 20 27 0.0274
720 356 14 18 0.0273
18 570 25 25 0.0273
775 109 7 7 0.0270
425 422 17 23 0.0270
776 172 7 9 0.0267
307 473 17 23 0.0265
775 192 9 10 0.0262
324 324 11 14 0.0261
806 235 11 13 0.0260
426 401 13 17 0.0258
143 270 6 7 0.0245
448 170 7 8 0.0244
505 164 7 8 0.0243
550 191 6 8 0.0237
331 312 10 13 0.0228
486 166 6 7 0.0226
7 568 18 24 0.0225
31 577 22 20 0.0225
865 292 10 13 0.0221
505 162 7 9 0.0220
754 210 9 11 0.0217
336 312 12 15 0.0217
774 137 7 7 0.0215
522 186 8 8 0.0214
678 120 5 7 0.0213
328 437 16 22 0.0213
786 136 8 9 0.0212
124 273 5 6 0.0209
866 349 15 19 0.0208
342 333 12 16 0.0206
868 291 11 14 0.0206
778 108 7 8 0.0206
361 359 12 17 0.0205
817 260 11 14 0.0204
755 333 11 15 0.0201
351 428 14 17 0.0199
453 186 7 9 0.0199
695 471 14 16 0.0198
182 426 13 18 0.0196
750 209 9 13 0.0195
797 349 12 17 0.0195
261 446 16 17 0.0195
316 435 17 21 0.0193
435 187 7 9 0.0192
798 164 8 9 0.0188
449 169 6 7 0.0186
325 325 11 15 0.0186
517 155 6 7 0.0185
673 121 6 7 0.0185
696 113 5 6 0.0184
418 433 16 19 0.0183
147 269 5 7 0.0181
620 709 27 6 0.0180
756 326 11 17 0.0176
799 187 10 12 0.0175
800 165 8 10 0.0174
21 577 26 21 0.0173
449 337 15 19 0.0167
264 443 16 18 0.0167
806 280 10 13 0.0166
790 348 10 17 0.0164
27 569 22 24 0.0163
797 186 11 12 0.0162
546 146 6 7 0.0161
366 359 11 16 0.0158
306 397 13 16 0.0157
138 541 25 27 0.0157
820 235 9 12 0.0153
357 464 18 19 0.0153
569 146 7 7 0.0152
701 471 12 16 0.0152
761 325 11 17 0.0152
379 313 10 15 0.0150
415 314 12 15 0.0149
313 472 15 23 0.0148
880 261 11 15 0.0147
792 107 8 9 0.0145
584 127 5 6 0.0144
376 314 9 14 0.0144
521 154 6 7 0.0144
723 356 14 18 0.0144
769 172 8 10 0.0141
798 185 10 12 0.0139
790 668 23 21 0.0137
520 183 7 9 0.0136
592 128 6 7 0.0136
555 167 7 9 0.0135
643 126 7 9 0.0131
330 410 14 18 0.0130
774 169 7 9 0.0129
0 484 8 22 0.0128
800 161 8 9 0.0127
277 390 16 20 0.0125
13 574 21 23 0.0124
121 274 5 5 0.0122
495 187 8 9 0.0122
752 212 11 14 0.0122
755 331 11 15 0.0122
9 570 13 22 0.0121
693 113 5 6 0.0121
369 327 11 16 0.0120
165 426 14 20 0.0119
574 520 16 24 0.0117
143 271 5 6 0.0117
726 120 6 7 0.0117
164 423 13 19 0.0116
806 237 10 13 0.0114
882 288 11 15 0.0113
775 234 10 12 0.0112
266 389 14 18 0.0110
791 299 11 14 0.0109
547 190 7 9 0.0109
776 108 6 8 0.0109
599 519 17 19 0.0107
820 260 10 14 0.0106
807 281 11 13 0.0106
301 396 11 17 0.0104
265 391 12 17 0.0103
656 623 17 26 0.0103
580 126 6 7 0.0102
