5_Car_Accident_Accident_5_202
50
821 74 16 21 0.5909
991 71 19 23 0.5787
898 83 15 17 0.5785
744 88 17 21 0.5493
759 82 13 19 0.4028
762 82 13 18 0.3674
932 77 18 21 0.3266
747 89 17 20 0.2194
708 83 13 15 0.1769
793 82 12 16 0.1606
712 82 13 16 0.1554
988 72 19 22 0.1224
819 74 15 21 0.1223
969 66 17 21 0.1057
901 83 14 17 0.0984
791 82 11 15 0.0954
963 148 16 21 0.0754
742 87 17 20 0.0632
929 75 18 20 0.0565
967 147 15 22 0.0529
694 94 12 14 0.0511
964 66 17 21 0.0484
698 94 11 13 0.0405
731 87 11 14 0.0385
695 90 11 12 0.0374
825 75 15 19 0.0365
677 81 10 12 0.0334
928 82 17 20 0.0313
569 102 8 9 0.0295
964 150 15 22 0.0265
926 77 17 20 0.0243
573 103 8 8 0.0242
794 80 10 11 0.0241
676 79 10 12 0.0232
939 78 14 18 0.0222
697 90 12 15 0.0222
968 63 16 20 0.0219
795 84 13 16 0.0218
673 81 11 12 0.0189
792 93 14 17 0.0188
975 76 16 18 0.0173
975 66 15 20 0.0170
959 135 14 18 0.0145
672 79 10 11 0.0136
571 104 8 9 0.0131
923 75 13 18 0.0119
717 85 12 14 0.0117
785 166 23 28 0.0115
560 93 7 7 0.0112
556 92 7 7 0.0104
