5_Car_Accident_Car_Crash_5_51
23
770 268 18 23 0.4407
773 268 18 22 0.4006
835 243 14 18 0.3730
743 267 17 24 0.3404
838 242 16 19 0.2701
517 236 11 13 0.1633
520 237 11 12 0.1233
748 268 15 22 0.1183
703 255 16 22 0.0527
185 250 6 7 0.0205
276 242 9 10 0.0197
280 242 8 10 0.0196
275 247 10 11 0.0187
361 247 9 12 0.0174
745 265 17 24 0.0154
709 255 18 22 0.0153
279 246 9 12 0.0146
197 252 6 6 0.0128
833 243 11 17 0.0114
699 258 17 24 0.0114
248 239 6 6 0.0112
278 254 8 9 0.0103
203 252 6 7 0.0100
