5_Car_Accident_Accident_5_340
40
195 233 24 29 0.8598
40 221 26 30 0.8481
987 35 24 30 0.8266
266 212 19 26 0.8238
689 69 25 27 0.8186
102 209 23 30 0.8118
886 50 23 30 0.8031
845 108 26 34 0.7702
168 204 17 23 0.7601
510 232 24 30 0.7563
343 220 15 19 0.7384
120 220 15 23 0.4936
765 120 22 26 0.4228
556 98 16 19 0.4040
295 217 11 15 0.3893
553 98 16 19 0.2908
951 98 30 31 0.2891
4 202 9 10 0.2764
7 202 8 10 0.2277
293 216 11 16 0.2273
767 121 23 26 0.1691
359 222 9 13 0.0870
343 215 14 18 0.0730
117 225 15 21 0.0717
785 113 17 24 0.0681
106 211 22 30 0.0514
774 116 23 26 0.0465
23 200 7 8 0.0465
297 216 10 15 0.0436
291 217 12 17 0.0421
171 204 15 23 0.0330
298 217 9 16 0.0319
362 223 9 12 0.0282
5 204 9 10 0.0266
8 203 8 9 0.0208
282 212 13 19 0.0208
355 214 12 16 0.0178
770 122 23 26 0.0167
360 222 10 13 0.0140
555 100 15 17 0.0114
