5_Car_Accident_Accident_5_244
54
999 186 25 54 0.8328
650 204 20 27 0.8053
841 197 25 44 0.7985
799 193 24 27 0.7752
623 317 45 38 0.7372
491 207 22 27 0.7356
709 186 21 27 0.6829
921 188 17 26 0.6667
463 302 25 26 0.6650
420 400 38 20 0.4162
117 197 48 80 0.3852
570 187 18 24 0.3047
571 189 19 24 0.2408
769 199 15 23 0.1746
707 187 20 25 0.1293
511 593 64 38 0.1150
769 200 18 25 0.1146
462 303 24 25 0.0988
772 198 17 23 0.0903
511 597 64 33 0.0784
520 589 59 41 0.0740
890 204 19 26 0.0641
912 219 15 23 0.0531
568 190 18 23 0.0458
916 218 14 24 0.0404
568 188 17 21 0.0401
121 205 42 72 0.0382
416 400 39 21 0.0363
120 198 42 72 0.0341
919 188 17 25 0.0326
502 603 62 27 0.0297
883 201 22 31 0.0294
889 199 18 26 0.0263
489 207 21 27 0.0233
754 200 8 13 0.0232
426 400 35 20 0.0207
761 206 13 19 0.0205
770 195 17 24 0.0200
514 590 56 37 0.0188
525 586 52 40 0.0184
116 199 44 68 0.0178
882 194 19 33 0.0177
120 197 41 59 0.0169
416 406 36 20 0.0162
752 198 10 15 0.0155
751 200 8 13 0.0141
502 609 61 24 0.0135
0 182 8 47 0.0130
115 196 43 60 0.0123
422 406 37 18 0.0119
503 208 17 22 0.0111
667 188 16 21 0.0107
509 604 64 29 0.0104
558 198 9 13 0.0102
