5_Car_Accident_Accident_5_448
572
926 557 26 29 0.8025
802 431 17 26 0.7606
292 390 17 19 0.7579
51 436 19 22 0.7551
191 447 17 22 0.7488
230 373 14 17 0.7003
297 538 26 35 0.6787
86 392 16 19 0.6442
292 469 16 25 0.5934
14 339 14 15 0.5184
890 406 16 26 0.5180
191 423 15 18 0.4832
207 412 16 18 0.4800
136 347 14 16 0.4774
982 316 14 16 0.4333
258 264 9 12 0.4275
270 260 9 11 0.4251
366 248 9 10 0.4227
312 259 10 13 0.4116
925 259 12 13 0.4047
984 237 11 13 0.3921
383 243 8 11 0.3698
206 353 10 15 0.3639
239 611 26 36 0.3620
302 275 10 13 0.3614
700 403 14 22 0.3576
355 246 8 12 0.3562
178 283 9 13 0.3551
231 291 10 14 0.3546
426 237 9 11 0.3535
399 236 9 11 0.3515
843 197 8 10 0.3508
336 266 9 11 0.3501
315 259 10 13 0.3490
358 246 8 11 0.3406
197 285 10 12 0.3403
266 345 12 18 0.3399
888 406 15 25 0.3382
175 283 10 12 0.3342
868 231 10 13 0.3294
430 237 8 11 0.3266
981 237 10 13 0.3258
182 323 12 14 0.3256
865 231 10 13 0.3250
243 613 26 33 0.3217
929 259 11 13 0.3114
305 275 10 13 0.3108
154 312 11 13 0.3103
402 236 8 11 0.3044
134 347 13 16 0.3041
200 285 10 11 0.3033
78 368 10 15 0.3028
236 239 8 10 0.3020
339 266 9 11 0.3003
831 201 8 10 0.2896
65 297 10 12 0.2886
12 363 13 16 0.2870
386 243 8 11 0.2769
239 239 7 10 0.2759
316 367 12 16 0.2749
263 286 10 12 0.2748
372 230 8 10 0.2739
828 201 8 10 0.2724
884 212 7 9 0.2711
923 229 8 11 0.2651
886 201 7 8 0.2641
110 223 9 11 0.2628
378 211 7 9 0.2619
210 411 16 19 0.2572
313 367 12 16 0.2518
113 223 9 11 0.2441
266 285 10 12 0.2433
881 212 8 9 0.2428
49 313 9 13 0.2419
201 237 8 9 0.2370
446 240 9 12 0.2332
203 353 10 15 0.2311
198 237 8 9 0.2287
185 323 11 13 0.2284
335 239 9 11 0.2270
185 214 8 9 0.2260
450 218 9 10 0.2196
220 226 7 8 0.2190
391 207 8 10 0.2182
388 207 8 10 0.2181
142 292 10 12 0.2139
88 392 17 19 0.2137
129 429 10 19 0.2112
152 312 10 13 0.2093
880 231 8 10 0.2063
46 313 9 13 0.2062
920 229 9 10 0.2038
18 339 12 15 0.2030
222 263 9 11 0.2021
907 202 7 9 0.2005
872 195 7 9 0.1988
204 334 11 13 0.1983
979 316 13 16 0.1978
229 292 9 14 0.1978
256 264 9 12 0.1969
218 226 7 8 0.1929
374 230 8 10 0.1923
447 200 7 9 0.1920
63 297 9 13 0.1911
196 218 7 9 0.1898
930 195 6 9 0.1885
230 331 11 14 0.1868
262 346 13 17 0.1864
883 231 8 10 0.1863
195 264 9 11 0.1844
964 247 10 13 0.1829
150 276 9 12 0.1825
743 470 11 22 0.1814
444 200 7 9 0.1807
147 276 9 12 0.1790
201 304 9 14 0.1788
362 214 7 8 0.1787
297 259 10 11 0.1782
933 195 7 9 0.1772
338 238 8 11 0.1740
889 201 7 9 0.1723
161 240 8 11 0.1701
393 441 14 15 0.1691
53 342 11 14 0.1690
932 334 12 15 0.1685
855 192 5 7 0.1674
225 263 9 11 0.1673
198 304 10 14 0.1661
194 218 7 9 0.1660
452 219 10 10 0.1651
106 297 8 12 0.1609
109 298 8 12 0.1568
233 333 10 13 0.1539
967 247 10 13 0.1534
797 189 7 9 0.1531
132 241 9 11 0.1502
865 211 8 10 0.1486
272 211 8 10 0.1483
454 218 9 11 0.1479
147 241 8 10 0.1476
294 260 9 11 0.1474
198 263 8 10 0.1471
871 195 6 8 0.1432
93 267 8 11 0.1431
107 240 9 10 0.1424
703 404 15 22 0.1423
929 194 6 9 0.1379
316 211 6 8 0.1292
337 204 6 8 0.1288
932 194 6 9 0.1288
200 334 11 13 0.1283
313 211 6 8 0.1283
909 202 7 9 0.1275
928 334 12 15 0.1241
905 203 7 9 0.1234
198 218 7 9 0.1231
217 318 10 13 0.1215
1004 204 8 10 0.1213
250 254 10 11 0.1204
285 435 14 20 0.1197
268 259 9 11 0.1184
203 331 11 14 0.1178
740 469 11 22 0.1169
110 239 9 11 0.1144
386 193 7 8 0.1139
189 235 8 10 0.1132
81 366 11 16 0.1115
925 230 8 10 0.1108
295 258 8 10 0.1101
411 206 8 10 0.1096
287 215 7 9 0.1082
261 228 8 11 0.1077
234 291 9 14 0.1073
219 320 10 12 0.1068
457 218 8 11 0.1054
63 326 10 12 0.1052
822 188 7 10 0.1049
370 230 8 10 0.1044
74 326 10 12 0.1040
146 291 9 13 0.1038
133 247 9 11 0.1029
341 203 6 9 0.1016
385 193 7 8 0.0994
698 402 12 21 0.0991
150 242 8 10 0.0985
942 207 7 9 0.0975
359 214 7 8 0.0975
185 217 8 9 0.0960
136 248 8 10 0.0938
840 197 8 9 0.0929
800 190 7 9 0.0928
490 254 9 12 0.0916
946 207 7 9 0.0916
450 241 8 11 0.0915
229 334 10 12 0.0911
846 195 7 8 0.0908
262 230 8 9 0.0906
116 258 9 10 0.0904
156 241 8 10 0.0882
944 206 6 9 0.0877
265 229 7 10 0.0872
235 330 10 14 0.0872
899 231 9 10 0.0871
803 183 6 7 0.0870
857 192 7 8 0.0863
880 195 6 8 0.0862
390 441 14 15 0.0847
264 342 13 19 0.0845
1001 204 8 11 0.0845
383 192 6 9 0.0839
801 186 7 10 0.0829
63 296 10 12 0.0820
925 228 9 11 0.0816
339 205 6 8 0.0816
270 212 7 11 0.0809
903 231 8 11 0.0807
157 223 8 8 0.0799
278 244 8 10 0.0788
462 199 7 8 0.0788
445 240 8 11 0.0783
163 241 7 9 0.0780
435 217 8 10 0.0780
260 265 9 11 0.0777
345 337 12 13 0.0768
493 254 9 11 0.0766
67 297 9 13 0.0764
290 433 14 23 0.0764
133 430 9 17 0.0757
383 194 7 8 0.0750
794 180 7 7 0.0743
336 240 9 11 0.0723
820 186 6 7 0.0722
291 428 14 22 0.0717
132 219 7 8 0.0706
252 304 10 12 0.0705
437 218 8 9 0.0703
54 435 19 23 0.0687
477 240 10 11 0.0685
859 253 10 14 0.0681
408 205 7 10 0.0667
246 616 26 30 0.0664
94 269 8 10 0.0662
333 238 9 12 0.0648
235 210 7 9 0.0643
335 235 8 10 0.0641
295 216 7 9 0.0640
181 248 8 10 0.0639
133 220 7 9 0.0632
72 340 12 14 0.0631
97 265 8 12 0.0623
481 242 10 12 0.0623
1001 220 8 10 0.0623
145 294 9 11 0.0617
999 196 7 9 0.0617
931 332 11 14 0.0616
338 240 9 11 0.0613
445 241 8 11 0.0613
291 216 7 9 0.0598
360 295 9 14 0.0591
159 312 9 13 0.0587
90 267 9 10 0.0580
111 306 8 11 0.0580
256 205 6 7 0.0580
104 296 8 11 0.0579
204 434 13 17 0.0579
120 262 9 11 0.0571
825 186 7 7 0.0569
809 195 8 10 0.0566
775 183 8 9 0.0565
161 240 9 11 0.0555
395 194 7 8 0.0554
274 228 9 11 0.0549
239 212 7 9 0.0546
188 423 15 17 0.0544
301 216 7 9 0.0537
215 319 11 13 0.0533
201 209 7 8 0.0531
236 241 8 10 0.0530
132 300 9 12 0.0529
914 198 7 8 0.0525
989 200 8 10 0.0523
633 449 10 23 0.0522
357 295 8 14 0.0520
56 341 11 14 0.0518
276 237 8 11 0.0517
161 224 8 9 0.0513
220 222 7 9 0.0506
90 293 9 11 0.0505
873 247 9 12 0.0501
184 213 7 8 0.0498
203 306 9 13 0.0496
158 184 6 7 0.0496
199 306 10 13 0.0493
305 308 10 14 0.0490
75 368 11 15 0.0489
135 243 9 11 0.0484
1002 206 9 10 0.0480
965 245 9 11 0.0478
190 420 14 18 0.0475
136 222 7 9 0.0475
390 205 8 10 0.0473
301 308 11 14 0.0473
867 231 10 12 0.0470
386 243 9 11 0.0469
739 470 11 22 0.0469
492 257 8 10 0.0469
287 470 16 24 0.0467
449 219 8 9 0.0466
451 240 9 11 0.0465
358 292 9 14 0.0464
881 213 8 9 0.0464
884 200 7 8 0.0460
217 225 7 9 0.0459
146 267 9 12 0.0458
225 190 7 8 0.0454
109 242 8 10 0.0452
253 204 6 8 0.0451
425 214 8 10 0.0448
250 306 10 11 0.0439
906 202 7 8 0.0438
267 230 7 9 0.0437
0 435 9 24 0.0436
194 238 8 9 0.0435
222 225 7 9 0.0434
96 270 8 11 0.0434
112 241 8 10 0.0432
148 349 11 16 0.0430
155 207 8 9 0.0429
108 296 9 13 0.0428
363 214 8 9 0.0424
177 282 9 13 0.0423
791 191 8 9 0.0423
982 318 14 16 0.0422
149 267 9 12 0.0420
289 215 8 10 0.0419
338 267 9 11 0.0415
303 208 7 9 0.0415
846 197 7 8 0.0414
108 306 8 11 0.0412
110 240 9 11 0.0410
985 200 7 9 0.0409
274 282 9 11 0.0405
148 294 9 11 0.0402
294 229 8 10 0.0401
978 319 14 15 0.0397
221 227 7 9 0.0395
462 439 13 19 0.0392
80 369 11 16 0.0386
187 213 7 8 0.0384
135 291 9 12 0.0383
256 266 8 11 0.0383
810 202 8 9 0.0381
134 220 7 9 0.0378
228 189 7 8 0.0378
236 332 10 14 0.0377
186 322 11 14 0.0375
158 222 8 9 0.0373
921 231 9 11 0.0369
799 189 7 9 0.0369
10 363 12 16 0.0368
209 351 10 15 0.0368
987 222 9 11 0.0367
228 266 9 11 0.0367
499 404 11 14 0.0365
157 183 5 7 0.0365
360 245 9 11 0.0363
79 368 11 15 0.0363
180 325 10 13 0.0360
270 210 8 9 0.0359
108 296 8 11 0.0355
832 202 8 9 0.0355
829 200 7 9 0.0353
234 291 10 14 0.0352
295 262 9 11 0.0349
860 257 9 12 0.0347
304 305 10 13 0.0343
263 344 13 18 0.0342
313 212 7 8 0.0336
876 247 9 11 0.0335
454 242 8 10 0.0334
61 324 10 13 0.0333
228 294 10 13 0.0331
889 199 6 9 0.0331
828 202 8 10 0.0328
930 195 7 9 0.0326
905 243 9 11 0.0324
237 240 9 10 0.0324
636 450 11 22 0.0323
314 208 6 9 0.0323
1018 238 6 14 0.0322
193 219 8 9 0.0321
92 268 9 10 0.0321
153 206 8 10 0.0320
254 305 9 11 0.0318
90 270 9 10 0.0317
771 185 8 9 0.0317
175 219 8 8 0.0316
237 214 7 9 0.0313
152 208 8 9 0.0313
390 210 8 9 0.0313
986 199 7 10 0.0310
482 243 9 12 0.0310
325 267 10 12 0.0309
588 468 12 21 0.0309
233 293 9 14 0.0308
313 368 13 17 0.0308
306 236 9 10 0.0307
241 614 26 33 0.0306
142 330 12 14 0.0306
260 265 9 11 0.0306
193 266 9 11 0.0306
195 261 8 10 0.0305
411 189 7 8 0.0302
92 295 9 11 0.0300
142 293 10 12 0.0300
155 313 11 13 0.0297
338 231 9 10 0.0295
270 213 7 9 0.0295
495 257 8 10 0.0294
160 184 6 7 0.0292
311 209 7 9 0.0291
221 266 9 11 0.0289
142 358 14 15 0.0288
174 282 9 12 0.0288
1020 244 4 14 0.0287
89 294 9 12 0.0283
445 201 7 7 0.0282
397 234 9 12 0.0279
286 185 6 7 0.0276
299 304 12 14 0.0274
205 238 8 9 0.0273
111 264 9 12 0.0270
998 207 8 10 0.0267
775 182 6 8 0.0265
239 241 8 9 0.0265
357 211 7 9 0.0264
864 230 10 13 0.0262
495 403 11 16 0.0261
387 193 7 9 0.0259
263 287 10 13 0.0259
60 325 9 12 0.0256
59 314 10 12 0.0255
283 184 6 7 0.0249
1003 201 8 10 0.0248
69 387 13 15 0.0246
889 245 9 11 0.0245
862 256 9 12 0.0243
115 270 10 13 0.0242
271 296 9 11 0.0242
928 332 11 14 0.0241
964 246 9 12 0.0241
233 210 7 8 0.0237
338 266 10 11 0.0237
160 182 5 7 0.0236
313 370 13 16 0.0231
63 298 9 12 0.0231
933 219 8 10 0.0229
234 373 12 16 0.0228
273 187 6 8 0.0226
347 199 7 7 0.0225
113 221 8 10 0.0224
995 198 7 9 0.0223
313 184 5 6 0.0220
112 223 8 10 0.0220
343 336 11 14 0.0219
354 292 10 14 0.0218
963 219 8 10 0.0216
456 364 11 16 0.0215
340 220 7 10 0.0214
475 415 12 16 0.0210
411 196 7 9 0.0208
341 267 9 10 0.0208
251 228 8 11 0.0206
110 221 7 10 0.0205
446 199 6 8 0.0204
222 256 9 11 0.0204
349 337 10 13 0.0203
56 342 11 13 0.0202
470 188 7 9 0.0200
132 431 9 18 0.0199
54 344 12 14 0.0197
219 265 9 11 0.0197
229 352 12 14 0.0197
235 294 9 12 0.0195
985 219 9 11 0.0194
961 218 8 9 0.0193
156 184 5 7 0.0192
188 422 15 19 0.0192
226 193 7 8 0.0192
461 218 8 10 0.0191
449 177 7 8 0.0191
201 431 14 18 0.0190
339 203 7 8 0.0189
413 212 8 11 0.0188
232 264 9 11 0.0186
1006 205 8 11 0.0184
763 180 6 7 0.0183
904 237 9 10 0.0182
275 209 7 9 0.0182
315 184 6 6 0.0181
1018 217 6 11 0.0180
75 371 11 15 0.0179
199 260 7 9 0.0179
150 206 8 10 0.0176
61 296 10 12 0.0176
182 322 11 13 0.0174
856 258 10 12 0.0172
311 183 5 6 0.0172
376 231 9 11 0.0171
360 294 9 12 0.0168
474 240 9 10 0.0168
308 338 11 16 0.0166
199 282 9 11 0.0166
744 468 13 23 0.0163
122 273 9 12 0.0163
264 247 8 10 0.0163
78 310 10 13 0.0159
426 238 8 10 0.0158
590 470 13 20 0.0156
501 312 10 13 0.0155
468 440 12 18 0.0153
196 283 10 12 0.0153
738 468 10 22 0.0150
925 227 9 10 0.0150
401 239 8 10 0.0145
287 429 15 22 0.0144
285 244 8 10 0.0144
463 199 7 9 0.0143
443 199 6 8 0.0142
759 180 9 11 0.0141
415 185 6 8 0.0137
1003 216 9 10 0.0137
355 246 8 10 0.0137
77 325 9 12 0.0135
856 254 9 13 0.0135
276 279 10 12 0.0134
464 193 6 9 0.0134
15 363 13 17 0.0133
775 186 7 10 0.0133
758 179 7 9 0.0130
191 264 9 11 0.0130
425 236 9 11 0.0129
437 167 6 7 0.0128
796 180 6 7 0.0127
144 273 10 11 0.0126
289 468 16 25 0.0125
328 231 8 10 0.0122
332 196 6 8 0.0121
452 364 12 16 0.0121
959 218 8 10 0.0120
318 369 12 16 0.0119
1015 371 9 21 0.0119
344 330 13 16 0.0119
366 182 6 7 0.0116
57 371 12 14 0.0116
983 198 8 8 0.0115
307 455 14 20 0.0114
8 364 14 17 0.0112
266 187 6 8 0.0111
406 167 5 6 0.0110
429 172 6 7 0.0109
55 373 12 15 0.0108
263 278 10 13 0.0107
850 203 7 9 0.0106
296 185 6 6 0.0105
284 187 7 8 0.0104
314 183 6 6 0.0103
526 274 9 12 0.0102
29 363 13 16 0.0102
246 188 6 8 0.0102
700 405 13 20 0.0101
926 230 9 11 0.0101
