5_Car_Accident_Accident_5_642
68
584 744 13 15 0.4216
539 743 14 17 0.3801
697 742 18 17 0.3779
61 674 13 16 0.3601
475 719 13 16 0.2836
491 618 14 17 0.2773
495 618 14 17 0.2722
536 744 13 15 0.2520
479 719 13 16 0.2450
581 744 12 15 0.2229
58 674 13 16 0.2134
640 748 12 14 0.1277
695 739 17 17 0.1233
702 742 16 17 0.0835
238 637 6 7 0.0581
644 749 11 14 0.0507
751 635 7 9 0.0475
235 638 6 7 0.0449
573 668 7 9 0.0432
754 635 8 10 0.0425
805 722 20 25 0.0409
277 636 7 8 0.0373
58 670 14 16 0.0370
586 745 13 15 0.0357
233 638 6 7 0.0344
575 668 8 10 0.0332
757 643 8 9 0.0329
636 747 12 15 0.0329
281 636 6 8 0.0305
808 713 20 26 0.0304
610 651 8 8 0.0296
492 622 14 16 0.0264
693 741 16 17 0.0259
64 676 12 15 0.0257
574 671 8 10 0.0255
759 639 8 10 0.0253
798 727 18 21 0.0234
614 652 8 8 0.0234
702 739 15 16 0.0228
571 668 7 9 0.0214
761 642 8 9 0.0206
477 724 12 14 0.0206
262 728 17 21 0.0200
576 672 9 10 0.0194
275 635 7 8 0.0191
641 754 12 15 0.0191
64 679 10 14 0.0164
234 636 6 7 0.0163
637 745 13 16 0.0163
752 633 8 9 0.0162
481 724 11 13 0.0161
579 744 13 15 0.0151
754 643 7 9 0.0151
492 626 13 15 0.0146
815 711 19 25 0.0144
266 727 17 22 0.0140
545 763 11 13 0.0136
63 677 12 14 0.0132
693 739 12 15 0.0125
749 632 8 9 0.0124
238 638 6 6 0.0123
618 652 8 9 0.0119
237 634 7 9 0.0112
752 634 8 11 0.0111
257 633 7 8 0.0109
496 625 13 17 0.0107
316 728 16 20 0.0101
549 764 10 12 0.0101
