5_Car_Accident_Accident_5_668
24
882 239 17 19 0.7394
723 202 28 29 0.7299
503 231 14 18 0.4444
571 228 16 20 0.2440
918 232 10 14 0.1793
914 232 10 14 0.1741
915 234 10 14 0.1449
502 231 14 18 0.1305
506 231 14 19 0.1288
569 227 14 20 0.1017
919 234 10 13 0.0814
763 197 14 16 0.0587
783 262 23 24 0.0379
776 263 23 23 0.0313
505 230 15 19 0.0280
573 229 18 22 0.0260
460 243 12 15 0.0232
775 266 27 26 0.0178
870 240 9 12 0.0169
760 196 14 18 0.0166
587 242 16 19 0.0160
589 245 16 19 0.0155
569 230 15 21 0.0127
782 265 26 25 0.0126
