5_Car_Accident_Accident_5_460
105
112 313 20 22 0.7694
64 312 12 16 0.5163
129 291 13 14 0.2769
865 365 10 14 0.2665
868 364 11 15 0.2544
157 306 11 18 0.2355
219 96 8 9 0.2249
185 313 9 14 0.2126
391 129 7 9 0.2021
387 129 7 8 0.1945
188 313 9 13 0.1888
922 352 10 13 0.1814
215 96 8 10 0.1784
155 306 11 18 0.1734
68 312 10 15 0.1698
919 352 9 13 0.1642
254 105 8 9 0.1638
239 307 10 15 0.1484
251 104 7 9 0.1457
465 136 6 8 0.1450
236 308 11 16 0.1398
256 105 7 9 0.1361
346 114 6 7 0.1286
50 70 9 13 0.1245
235 307 11 15 0.1228
343 114 6 8 0.1164
239 309 11 15 0.1144
389 130 7 8 0.1114
252 106 7 9 0.1103
976 350 7 8 0.1007
160 305 10 17 0.0959
47 69 9 14 0.0947
322 112 6 9 0.0924
271 315 9 12 0.0910
463 136 6 8 0.0904
468 137 6 8 0.0880
974 350 6 8 0.0864
426 136 6 7 0.0852
973 351 6 8 0.0831
429 137 6 7 0.0813
463 135 6 8 0.0809
3 295 13 18 0.0776
318 113 7 8 0.0744
50 66 9 11 0.0683
2 292 13 19 0.0668
216 311 9 14 0.0665
423 136 7 7 0.0652
62 312 12 16 0.0647
133 291 11 14 0.0604
217 95 8 9 0.0564
393 130 6 8 0.0554
972 349 6 8 0.0551
424 135 7 7 0.0506
213 311 8 14 0.0473
119 314 17 21 0.0452
161 307 10 17 0.0434
47 77 9 14 0.0383
466 134 7 9 0.0348
50 77 9 13 0.0325
47 65 9 11 0.0318
977 349 6 8 0.0314
215 94 7 10 0.0312
274 315 9 12 0.0312
6 292 12 18 0.0297
323 114 7 8 0.0293
215 96 8 10 0.0281
428 134 6 8 0.0275
348 114 5 8 0.0274
153 308 11 16 0.0274
320 113 7 8 0.0267
465 137 6 7 0.0266
316 330 8 9 0.0266
422 134 6 8 0.0265
976 350 6 8 0.0261
923 352 9 11 0.0261
320 330 7 9 0.0260
344 114 5 8 0.0260
385 128 7 9 0.0258
425 136 6 7 0.0231
7 296 12 17 0.0223
131 292 13 15 0.0220
343 115 7 8 0.0216
209 110 9 12 0.0215
461 135 6 8 0.0213
215 309 8 13 0.0211
268 315 9 13 0.0209
51 68 7 11 0.0199
186 315 10 14 0.0176
319 115 6 8 0.0176
978 351 6 7 0.0175
320 111 7 8 0.0172
317 318 7 10 0.0149
424 309 9 11 0.0147
390 129 7 7 0.0141
320 318 6 9 0.0140
187 311 9 12 0.0137
317 111 7 9 0.0133
3 291 15 22 0.0132
270 316 8 12 0.0132
212 309 8 13 0.0128
184 311 9 12 0.0125
921 350 8 12 0.0124
317 329 7 9 0.0116
887 356 10 13 0.0112
386 130 7 8 0.0111
