5_Car_Accident_Accident_5_633
48
107 73 50 110 0.7986
449 456 87 53 0.6754
243 279 17 25 0.4737
490 274 32 43 0.4691
159 284 17 24 0.3845
94 169 30 35 0.3789
802 325 10 13 0.3438
447 456 86 52 0.3303
799 326 9 12 0.2966
817 319 10 13 0.2958
164 284 16 23 0.2926
416 294 11 14 0.2401
815 319 10 13 0.2171
247 280 15 24 0.1991
420 295 10 13 0.1936
241 279 15 24 0.1707
384 297 12 14 0.1532
389 297 11 15 0.1484
813 319 10 13 0.1193
855 326 13 15 0.1044
495 277 33 40 0.0812
783 330 9 12 0.0793
610 289 31 41 0.0757
860 327 12 14 0.0688
92 159 33 45 0.0645
786 331 10 11 0.0635
488 270 28 43 0.0632
727 318 11 14 0.0529
732 318 11 14 0.0504
726 316 10 13 0.0497
850 326 11 13 0.0493
731 316 10 13 0.0487
385 298 13 16 0.0472
390 298 11 14 0.0442
783 332 9 11 0.0359
800 325 9 12 0.0357
417 296 11 14 0.0351
818 319 11 13 0.0300
798 323 9 12 0.0240
422 296 10 13 0.0207
611 288 28 38 0.0175
729 318 11 13 0.0172
451 451 74 54 0.0169
859 325 12 14 0.0153
553 270 14 20 0.0151
845 324 10 12 0.0130
858 330 12 12 0.0128
448 460 85 54 0.0117
