5_Car_Accident_Car_Crash_5_451
33
686 160 27 26 0.8103
322 143 8 10 0.2162
320 143 8 10 0.2048
783 133 8 10 0.1648
786 133 8 10 0.1462
324 144 8 10 0.1076
816 145 6 9 0.0958
813 146 6 8 0.0943
634 137 8 10 0.0807
324 145 7 10 0.0740
637 137 9 9 0.0636
633 136 7 9 0.0499
636 136 8 9 0.0481
785 134 8 10 0.0432
813 148 7 8 0.0428
321 146 7 9 0.0383
817 147 6 8 0.0334
972 162 14 18 0.0301
840 137 5 7 0.0268
781 133 9 10 0.0264
472 254 12 13 0.0251
843 137 5 7 0.0248
841 138 6 7 0.0226
845 138 5 7 0.0217
461 254 11 14 0.0188
320 143 7 9 0.0144
570 204 10 13 0.0141
787 135 8 9 0.0140
607 143 6 7 0.0138
574 204 9 13 0.0133
456 255 11 13 0.0117
782 135 8 10 0.0115
782 134 8 10 0.0104
