5_Car_Accident_Accident_5_66
40
23 239 33 42 0.8413
958 226 13 22 0.4904
409 137 7 10 0.2752
405 138 8 9 0.2700
488 147 8 9 0.2462
608 141 7 8 0.2300
461 144 7 10 0.2248
611 141 7 8 0.2184
491 147 8 9 0.2110
457 144 8 10 0.1845
671 147 6 7 0.1535
674 147 6 8 0.1492
463 145 8 9 0.1411
491 148 7 9 0.1119
407 137 8 9 0.1055
459 145 8 9 0.0968
673 148 5 7 0.0844
405 137 7 9 0.0815
676 147 5 8 0.0769
954 226 14 22 0.0718
487 147 7 9 0.0710
262 141 6 7 0.0652
610 140 6 8 0.0624
265 141 6 8 0.0609
607 140 6 8 0.0541
488 148 7 9 0.0388
963 227 11 20 0.0332
492 148 7 8 0.0312
462 144 8 9 0.0237
454 142 7 8 0.0214
955 227 14 23 0.0207
457 142 7 8 0.0188
263 140 6 7 0.0179
260 140 6 7 0.0160
805 194 10 11 0.0152
454 144 6 8 0.0147
802 194 10 11 0.0137
137 150 6 7 0.0115
410 138 7 8 0.0103
134 150 5 6 0.0103
