5_Car_Accident_Car_Crash_5_94
38
262 355 35 38 0.7713
516 291 12 15 0.4212
611 300 6 7 0.2896
614 300 6 7 0.2666
627 300 7 8 0.2639
552 301 8 10 0.2627
519 291 11 15 0.2531
587 302 6 8 0.2175
629 301 7 8 0.1948
584 302 6 8 0.1935
551 301 7 10 0.1886
458 312 9 12 0.1843
554 301 8 10 0.1717
588 302 6 8 0.1697
454 311 9 12 0.1541
554 302 7 9 0.1422
585 303 6 8 0.1282
456 314 8 11 0.0633
460 314 9 11 0.0631
611 301 6 8 0.0621
615 300 6 7 0.0481
606 317 7 8 0.0480
609 316 7 9 0.0477
551 302 7 10 0.0468
625 301 6 7 0.0438
631 300 6 8 0.0407
449 309 8 11 0.0398
556 303 7 8 0.0271
460 313 8 10 0.0254
452 307 8 10 0.0207
456 307 8 10 0.0196
452 312 7 10 0.0178
590 301 7 8 0.0168
604 316 6 8 0.0161
515 290 11 14 0.0123
580 301 7 9 0.0108
626 298 6 7 0.0106
523 298 8 10 0.0105
