5_Car_Accident_Car_Crash_5_574
23
779 149 29 38 0.8226
728 150 31 33 0.7640
354 161 17 21 0.5120
424 137 13 20 0.3081
136 171 12 14 0.1654
131 171 13 14 0.1566
132 173 14 14 0.1217
412 149 14 16 0.1099
428 137 12 20 0.1008
137 173 13 14 0.0837
350 161 17 22 0.0815
89 163 13 17 0.0576
419 136 15 20 0.0203
359 160 15 20 0.0174
95 164 12 16 0.0145
85 163 13 17 0.0136
166 177 13 15 0.0128
361 162 12 20 0.0121
86 162 13 17 0.0119
414 150 14 19 0.0118
163 177 11 14 0.0113
412 145 13 17 0.0111
421 142 15 22 0.0107
