5_Car_Accident_Accident_5_474
41
242 119 19 24 0.7684
801 143 19 21 0.7523
346 140 17 24 0.7364
623 140 19 25 0.7099
610 148 14 20 0.5487
553 135 17 22 0.4450
556 135 16 23 0.4413
592 150 17 25 0.3873
596 150 15 24 0.3426
304 145 13 19 0.1655
836 142 13 20 0.1325
139 102 18 28 0.0974
840 142 14 19 0.0946
597 148 16 24 0.0645
299 144 15 20 0.0645
350 141 15 23 0.0611
292 169 17 25 0.0564
693 135 12 22 0.0524
837 138 16 21 0.0322
612 150 15 20 0.0310
283 139 12 14 0.0289
179 100 21 33 0.0275
146 101 18 28 0.0263
695 138 13 21 0.0245
309 146 10 17 0.0227
186 102 19 31 0.0192
470 89 19 23 0.0183
620 138 19 25 0.0178
247 119 16 24 0.0173
130 106 20 26 0.0166
136 108 19 26 0.0161
138 101 16 23 0.0151
619 140 18 24 0.0143
285 140 14 16 0.0137
834 139 14 20 0.0136
309 143 12 18 0.0133
131 113 18 20 0.0125
499 127 17 24 0.0116
285 142 13 15 0.0112
132 105 21 28 0.0109
400 142 13 18 0.0100
