5_Car_Accident_Accident_5_510
99
195 289 37 46 0.7964
279 274 31 39 0.7884
576 462 51 58 0.7770
387 238 28 37 0.6626
342 212 29 35 0.6243
245 250 26 31 0.6013
322 279 30 37 0.5714
443 242 28 36 0.5148
63 241 32 56 0.3835
0 270 11 37 0.2794
242 249 26 32 0.2492
451 461 41 53 0.2418
71 240 32 58 0.2192
51 248 31 51 0.2148
49 245 29 50 0.2094
698 263 22 26 0.1910
576 461 53 58 0.1828
542 236 21 25 0.1810
420 255 21 28 0.1577
0 271 18 42 0.1347
366 263 23 32 0.1207
360 263 25 33 0.1186
10 284 27 32 0.1168
559 265 20 30 0.1071
306 259 22 26 0.0890
327 279 29 37 0.0802
694 259 22 28 0.0713
423 261 20 24 0.0706
164 294 32 36 0.0615
303 264 25 33 0.0561
447 243 31 37 0.0556
775 267 25 31 0.0480
1014 247 10 59 0.0473
479 260 21 34 0.0471
345 211 28 36 0.0461
3 290 34 40 0.0455
476 243 16 24 0.0448
1016 241 8 52 0.0439
693 264 18 24 0.0436
537 236 19 25 0.0429
439 242 25 32 0.0401
235 237 25 32 0.0396
766 266 26 31 0.0389
0 266 22 43 0.0385
491 248 22 33 0.0375
765 230 23 31 0.0373
511 553 47 54 0.0368
540 243 22 27 0.0341
304 234 22 26 0.0333
698 301 19 21 0.0327
769 301 24 26 0.0297
1016 232 8 51 0.0285
710 252 25 30 0.0271
510 227 29 34 0.0265
0 282 27 47 0.0262
165 289 28 35 0.0242
704 257 28 34 0.0234
600 281 19 23 0.0230
542 269 21 31 0.0222
254 279 23 33 0.0214
509 226 26 29 0.0211
541 278 19 27 0.0208
598 271 21 28 0.0208
694 269 22 27 0.0204
533 278 23 27 0.0202
535 247 20 27 0.0190
775 300 22 27 0.0179
418 262 20 24 0.0179
364 258 19 25 0.0178
549 238 20 26 0.0162
0 260 9 34 0.0153
554 268 21 30 0.0149
514 234 25 30 0.0148
726 252 17 23 0.0140
71 242 36 59 0.0138
306 227 18 20 0.0137
552 235 17 20 0.0136
39 250 29 42 0.0136
518 228 21 24 0.0134
556 257 22 33 0.0133
477 253 20 34 0.0130
51 262 29 44 0.0127
487 256 25 34 0.0124
153 294 37 38 0.0123
38 256 30 41 0.0120
722 250 20 25 0.0120
44 242 32 51 0.0120
695 294 20 23 0.0119
760 238 24 31 0.0118
80 260 34 46 0.0117
335 256 23 27 0.0112
485 246 20 29 0.0111
378 298 21 28 0.0109
62 241 37 60 0.0108
757 269 20 28 0.0107
9 272 27 35 0.0106
61 238 27 49 0.0104
761 268 25 31 0.0103
454 240 25 31 0.0102
