33_Running_Running_33_316
99
220 165 44 58 0.8858
759 147 51 68 0.8819
402 185 45 54 0.8739
856 201 48 62 0.8727
628 185 44 55 0.8723
154 189 40 48 0.8665
527 224 39 51 0.8629
354 174 39 50 0.8524
264 172 36 47 0.8475
327 174 24 32 0.8079
424 159 35 47 0.7878
894 121 14 17 0.6752
102 158 15 16 0.6660
666 132 13 17 0.6025
856 113 14 19 0.5805
575 131 13 16 0.5585
293 105 13 15 0.5575
693 153 20 25 0.5310
790 123 13 16 0.4890
50 109 12 19 0.4821
913 133 12 16 0.4605
184 130 14 19 0.4601
430 125 14 17 0.4288
187 130 14 19 0.4259
717 138 15 17 0.4215
480 233 32 34 0.4182
719 138 15 18 0.4067
219 102 11 15 0.3962
822 110 13 15 0.3921
822 129 12 16 0.3911
695 153 19 25 0.3889
325 106 11 14 0.3813
826 110 12 14 0.3507
916 133 12 16 0.3320
787 123 13 17 0.3133
547 126 12 16 0.3097
328 106 11 15 0.2983
853 113 14 18 0.2852
412 108 10 14 0.2268
428 125 13 17 0.1966
549 126 12 16 0.1782
473 129 10 13 0.1755
415 109 10 13 0.1752
371 136 13 15 0.1739
216 101 12 16 0.1646
291 105 12 15 0.1565
470 130 10 12 0.1386
544 125 11 16 0.1369
825 129 11 16 0.1227
664 133 11 16 0.1178
892 121 13 16 0.1165
545 127 11 15 0.1149
599 121 12 14 0.1100
595 121 11 13 0.1097
572 131 12 16 0.1096
471 127 10 14 0.0979
431 125 14 17 0.0829
427 126 15 17 0.0792
222 103 10 14 0.0615
466 125 10 14 0.0607
54 109 10 17 0.0561
470 211 39 45 0.0553
410 108 9 13 0.0551
216 103 11 14 0.0544
46 108 13 19 0.0502
669 132 12 17 0.0476
653 109 10 12 0.0468
271 129 11 15 0.0446
605 122 9 12 0.0438
649 109 11 13 0.0437
461 124 9 13 0.0433
375 137 11 14 0.0422
470 129 11 13 0.0413
297 105 10 15 0.0411
647 149 9 12 0.0334
650 149 9 11 0.0315
677 62 10 12 0.0295
596 123 12 15 0.0295
673 62 11 13 0.0281
107 158 13 15 0.0263
414 107 11 13 0.0223
579 132 11 15 0.0202
269 127 12 15 0.0187
221 102 10 14 0.0187
506 135 7 13 0.0172
376 111 10 14 0.0166
367 136 12 15 0.0158
675 65 9 11 0.0154
379 112 10 13 0.0153
648 149 12 15 0.0150
53 110 11 19 0.0139
592 116 10 13 0.0134
824 126 12 16 0.0130
274 130 10 14 0.0129
679 64 9 11 0.0126
721 138 14 17 0.0124
416 113 9 11 0.0111
861 115 11 16 0.0110
373 139 13 15 0.0100
