33_Running_Running_33_266
84
875 196 45 55 0.8866
794 91 43 55 0.8845
240 218 44 59 0.8801
0 162 39 53 0.8677
612 123 42 51 0.8607
184 173 42 46 0.8598
990 203 34 47 0.8547
748 214 42 48 0.8525
94 256 50 62 0.8483
392 131 42 45 0.8454
809 203 45 44 0.8444
885 130 43 44 0.8441
663 198 48 37 0.8305
363 257 49 63 0.8302
511 175 48 48 0.8273
252 155 43 50 0.8259
284 206 40 42 0.8215
378 217 44 40 0.8120
128 196 39 40 0.8088
484 252 50 54 0.8043
68 220 43 39 0.8032
648 324 48 30 0.7892
49 137 37 48 0.7875
37 167 29 32 0.7789
918 102 33 52 0.7680
482 146 31 42 0.7291
332 165 34 36 0.4658
150 148 33 40 0.4164
429 143 27 34 0.4109
429 145 28 33 0.3184
227 151 24 33 0.2951
770 272 49 57 0.2700
269 126 27 33 0.2650
265 127 30 35 0.2109
229 150 21 29 0.1897
331 165 30 34 0.1429
427 130 26 36 0.1307
149 146 32 36 0.1107
433 144 26 31 0.1040
354 156 34 35 0.1025
581 169 32 32 0.0983
770 272 48 58 0.0945
436 133 24 31 0.0886
82 146 23 30 0.0886
86 152 23 28 0.0745
270 124 25 31 0.0723
148 148 35 41 0.0696
233 149 21 30 0.0538
349 156 37 37 0.0455
427 125 22 35 0.0444
80 138 22 30 0.0443
95 258 49 61 0.0412
117 156 33 34 0.0410
116 161 37 38 0.0407
485 251 50 56 0.0403
113 163 32 33 0.0357
355 159 34 36 0.0356
343 159 42 41 0.0339
68 219 48 39 0.0318
111 158 29 31 0.0305
45 133 33 40 0.0301
75 143 24 37 0.0286
234 152 25 33 0.0270
329 161 27 32 0.0259
511 174 50 49 0.0226
225 156 27 35 0.0220
434 146 26 30 0.0215
572 175 35 33 0.0211
119 150 31 32 0.0210
425 129 33 39 0.0187
587 167 30 31 0.0186
122 155 29 33 0.0177
265 124 27 32 0.0172
141 160 36 40 0.0148
578 171 36 35 0.0138
809 203 46 44 0.0134
221 155 23 32 0.0133
112 150 24 28 0.0123
323 145 30 38 0.0120
437 126 22 34 0.0117
60 145 30 39 0.0117
97 157 18 23 0.0110
73 134 22 36 0.0109
584 164 29 30 0.0108
