33_Running_Running_33_786
121
129 376 29 34 0.8613
916 451 22 32 0.8573
504 462 35 39 0.8570
505 123 32 39 0.8381
734 455 29 45 0.8325
701 123 28 32 0.7911
521 239 31 35 0.7793
332 252 18 21 0.7394
315 375 16 20 0.7042
280 226 16 22 0.6928
944 352 14 17 0.6797
90 458 13 15 0.6691
51 466 13 14 0.6425
143 464 13 14 0.6394
804 134 13 19 0.5431
344 465 11 14 0.4888
900 122 12 15 0.4886
975 341 12 19 0.4699
76 382 17 29 0.4402
953 112 16 21 0.4171
887 340 14 20 0.4167
512 339 10 12 0.4090
890 340 13 20 0.3857
449 338 10 13 0.3771
552 339 9 11 0.3536
903 122 12 15 0.3463
923 133 8 11 0.3414
248 455 9 13 0.3268
250 455 9 12 0.3167
342 465 11 14 0.3125
550 339 9 11 0.3105
510 339 10 12 0.3016
951 112 15 21 0.2801
447 338 10 13 0.2756
920 134 8 10 0.2693
848 138 6 8 0.2347
846 138 6 8 0.2312
191 372 10 13 0.2254
979 341 11 19 0.2254
114 246 7 10 0.2132
113 245 7 10 0.1979
57 239 7 9 0.1860
110 245 7 10 0.1791
55 239 7 9 0.1725
111 247 7 9 0.1719
129 247 6 8 0.1690
952 113 15 21 0.1586
136 248 6 8 0.1569
139 249 6 7 0.1506
93 458 11 14 0.1500
684 314 25 27 0.1479
802 134 13 18 0.1312
451 339 9 12 0.1286
313 375 16 20 0.1251
131 248 5 7 0.1210
849 138 6 8 0.1093
920 133 8 10 0.1061
188 372 10 13 0.1044
192 373 10 14 0.1000
846 138 6 7 0.0905
55 465 10 14 0.0814
766 140 10 10 0.0794
554 339 8 11 0.0790
49 466 12 13 0.0728
187 374 12 14 0.0622
53 239 7 10 0.0543
763 140 9 10 0.0537
81 381 16 29 0.0510
515 340 9 11 0.0462
521 239 31 35 0.0393
849 137 6 8 0.0385
685 318 24 26 0.0375
460 330 7 9 0.0361
372 257 8 11 0.0359
57 238 7 9 0.0357
413 408 6 8 0.0347
942 352 14 17 0.0332
416 408 6 8 0.0332
371 257 7 11 0.0327
875 143 6 7 0.0325
875 144 7 9 0.0319
54 237 6 9 0.0316
879 139 6 9 0.0302
57 237 6 9 0.0248
426 420 7 9 0.0233
373 259 9 10 0.0230
137 250 6 7 0.0224
850 136 5 8 0.0210
82 378 14 29 0.0189
145 464 13 14 0.0185
677 125 10 14 0.0185
371 259 8 12 0.0181
844 137 6 8 0.0178
994 362 12 21 0.0177
950 351 10 16 0.0177
429 420 7 9 0.0173
185 379 14 18 0.0169
195 243 6 8 0.0161
766 141 11 13 0.0156
922 133 8 10 0.0156
849 139 6 8 0.0155
70 116 8 10 0.0155
141 463 13 15 0.0151
194 370 9 13 0.0148
716 247 15 16 0.0148
73 116 9 10 0.0145
762 142 11 13 0.0145
198 243 6 8 0.0131
974 341 9 16 0.0126
451 328 8 10 0.0124
673 125 11 14 0.0124
141 464 11 14 0.0122
675 240 7 9 0.0118
877 143 8 9 0.0115
55 242 7 9 0.0114
197 244 6 7 0.0112
369 258 9 12 0.0109
51 238 7 9 0.0108
954 112 16 22 0.0108
412 408 6 8 0.0106
70 118 11 11 0.0105
