11_Meeting_Meeting_11_Meeting_Meeting_11_26
112
829 289 21 30 0.8251
178 280 19 30 0.8138
808 275 19 25 0.7696
75 327 27 38 0.7534
308 251 13 17 0.6932
156 303 22 35 0.6885
728 249 13 18 0.6767
692 243 10 14 0.6349
218 271 19 26 0.6043
341 239 14 16 0.6023
656 235 11 14 0.5917
780 265 19 23 0.5894
270 252 13 20 0.5865
459 226 10 12 0.5786
247 258 17 20 0.4974
423 231 10 12 0.4919
249 258 17 20 0.4890
207 277 15 26 0.4779
293 248 12 18 0.4757
752 251 11 19 0.4634
674 236 11 14 0.4460
613 227 9 12 0.4381
704 243 10 15 0.4377
381 237 11 13 0.4316
165 231 11 16 0.4296
442 230 10 12 0.4273
781 265 19 24 0.4116
672 236 10 14 0.3775
1003 202 11 15 0.3762
611 227 8 12 0.3716
445 230 10 13 0.3650
1006 203 12 14 0.3556
405 235 9 14 0.3549
635 232 9 13 0.3493
378 237 11 13 0.3452
402 236 9 13 0.3412
206 276 14 25 0.3259
526 220 8 11 0.3177
199 235 16 21 0.3126
268 200 9 10 0.2863
249 227 9 11 0.2848
265 200 9 10 0.2773
632 233 9 12 0.2581
220 271 19 26 0.2529
749 251 11 18 0.2493
153 305 23 34 0.2491
252 227 8 11 0.2441
339 239 14 16 0.2406
524 220 9 10 0.2222
168 232 11 15 0.2067
363 262 11 14 0.2066
421 231 10 13 0.2057
726 249 11 17 0.1758
528 219 9 11 0.1548
274 253 12 18 0.1519
635 233 10 13 0.1430
633 233 10 13 0.1264
653 234 11 14 0.1060
366 263 11 13 0.1008
707 242 10 15 0.0983
707 245 10 14 0.0878
403 234 8 13 0.0837
762 261 10 15 0.0836
290 248 13 17 0.0810
196 235 17 19 0.0801
527 220 9 11 0.0783
204 232 11 12 0.0771
866 316 15 31 0.0750
425 232 9 11 0.0712
165 233 10 14 0.0697
864 314 13 33 0.0690
292 245 12 18 0.0664
311 251 13 17 0.0658
349 240 10 13 0.0584
458 227 8 10 0.0578
66 222 12 15 0.0566
0 361 61 104 0.0472
267 199 8 10 0.0466
524 221 9 10 0.0459
209 231 8 12 0.0424
862 312 12 31 0.0357
173 232 9 13 0.0318
767 269 11 15 0.0288
460 244 8 10 0.0275
542 232 8 11 0.0245
864 312 14 33 0.0238
412 246 9 11 0.0225
264 199 8 10 0.0221
353 6 10 18 0.0213
695 244 9 14 0.0203
357 5 9 19 0.0202
289 245 12 16 0.0192
977 221 12 18 0.0182
694 243 10 13 0.0181
548 221 7 9 0.0175
414 246 9 11 0.0157
265 200 9 11 0.0154
545 233 8 10 0.0153
63 220 12 16 0.0140
235 239 10 13 0.0135
198 232 11 14 0.0135
298 270 10 12 0.0132
172 233 10 13 0.0131
207 239 13 17 0.0129
421 230 9 11 0.0124
548 227 8 11 0.0121
164 232 11 14 0.0120
208 235 9 14 0.0116
462 245 9 10 0.0115
69 223 12 14 0.0114
299 272 9 12 0.0114
761 260 11 15 0.0101
