11_Meeting_Meeting_11_Meeting_Meeting_11_507
229
129 361 31 39 0.8611
74 404 36 43 0.8605
53 252 29 33 0.8562
906 407 37 49 0.8309
822 355 27 36 0.8281
191 241 17 21 0.7876
662 282 13 17 0.7318
847 300 18 22 0.7285
891 304 21 23 0.7270
148 291 18 23 0.7261
307 283 13 18 0.6909
240 234 14 18 0.6847
253 302 15 21 0.6827
962 246 14 17 0.6505
1012 248 12 19 0.6499
869 355 18 36 0.6308
895 322 19 21 0.6304
751 235 14 19 0.6083
687 282 15 20 0.5956
778 231 12 16 0.5544
280 287 15 19 0.5461
813 247 16 20 0.5428
879 287 14 18 0.5322
201 358 15 27 0.4976
707 314 17 21 0.4909
737 318 15 27 0.4565
330 272 12 15 0.4543
298 229 10 15 0.4241
650 276 11 16 0.3976
698 298 15 21 0.3923
766 224 9 13 0.3773
216 271 11 16 0.3756
710 313 17 23 0.3647
661 256 10 13 0.3524
283 288 15 18 0.3279
351 259 10 14 0.3269
328 272 11 15 0.3152
731 274 12 16 0.3067
962 222 10 13 0.3045
301 229 9 15 0.3037
1014 248 10 20 0.2864
629 263 9 12 0.2766
651 277 12 16 0.2759
763 224 9 13 0.2751
658 256 10 13 0.2664
774 232 13 15 0.2647
979 353 21 23 0.2577
354 259 10 13 0.2542
749 235 13 18 0.2455
1006 226 12 14 0.2428
204 360 14 25 0.2427
1004 227 11 13 0.2269
735 318 13 26 0.2212
616 255 8 11 0.2171
632 263 9 12 0.2133
1006 226 11 13 0.2124
810 247 16 19 0.2099
922 230 9 12 0.2085
900 230 9 12 0.2043
685 282 14 20 0.1959
876 287 14 18 0.1939
902 230 9 12 0.1834
960 222 9 13 0.1832
965 223 9 12 0.1728
456 243 7 10 0.1609
647 276 11 14 0.1591
459 243 8 10 0.1539
603 258 8 11 0.1461
380 254 7 10 0.1371
588 250 7 11 0.1365
920 228 9 12 0.1342
1003 226 10 13 0.1331
214 271 12 16 0.1315
433 250 7 9 0.1308
976 228 10 12 0.1293
980 228 9 11 0.1276
696 297 14 19 0.1260
896 324 20 22 0.1238
732 276 13 16 0.1237
378 252 8 11 0.1236
436 250 7 9 0.1199
311 283 12 17 0.1176
383 253 8 10 0.1175
614 255 7 9 0.1171
648 277 12 15 0.1128
382 252 7 11 0.1110
584 250 8 11 0.1064
7 308 15 21 0.0987
523 238 8 9 0.0910
4 309 16 20 0.0890
520 238 7 9 0.0874
456 242 6 8 0.0804
899 230 8 10 0.0774
459 242 7 8 0.0766
392 249 7 9 0.0765
482 233 7 10 0.0682
404 251 7 9 0.0673
978 227 10 13 0.0652
768 330 13 20 0.0640
682 259 9 12 0.0636
348 263 10 13 0.0635
994 220 9 11 0.0629
629 247 8 9 0.0609
964 247 13 15 0.0603
1015 278 9 22 0.0594
736 237 8 11 0.0532
628 264 8 11 0.0525
485 233 8 10 0.0497
995 219 8 10 0.0486
244 318 16 21 0.0484
251 302 14 19 0.0478
975 354 20 22 0.0468
632 263 8 12 0.0456
601 252 8 10 0.0454
524 240 8 10 0.0451
649 248 8 10 0.0446
520 241 8 9 0.0442
245 235 10 16 0.0440
729 274 10 14 0.0437
918 228 9 12 0.0431
328 247 10 13 0.0429
733 272 13 16 0.0427
653 249 8 11 0.0409
888 305 18 22 0.0408
685 258 8 13 0.0404
356 219 7 9 0.0404
846 300 16 21 0.0379
353 220 6 8 0.0377
992 219 8 9 0.0359
922 229 10 12 0.0358
903 229 9 12 0.0356
617 255 7 11 0.0353
381 224 6 9 0.0345
407 252 7 9 0.0343
344 263 10 12 0.0332
698 300 14 20 0.0325
589 252 8 9 0.0322
730 297 12 16 0.0319
398 250 8 10 0.0312
547 230 7 9 0.0308
964 224 10 12 0.0298
323 239 8 11 0.0284
315 253 9 12 0.0283
438 249 7 9 0.0282
551 230 8 10 0.0279
495 237 7 9 0.0279
377 224 7 9 0.0278
386 252 8 10 0.0273
274 254 10 14 0.0271
433 252 8 9 0.0271
332 235 9 11 0.0263
739 320 14 26 0.0260
596 254 9 11 0.0258
656 258 9 11 0.0256
438 251 7 10 0.0252
737 245 9 13 0.0240
585 252 9 11 0.0237
960 224 10 13 0.0235
728 277 12 16 0.0233
355 218 6 8 0.0228
208 358 12 25 0.0228
628 246 7 8 0.0225
730 278 10 14 0.0219
898 231 8 11 0.0219
545 228 7 9 0.0213
312 254 9 11 0.0210
484 231 8 9 0.0209
699 300 14 19 0.0206
324 243 10 13 0.0205
481 231 7 10 0.0204
257 262 9 12 0.0202
688 237 8 12 0.0200
736 322 13 24 0.0199
277 254 10 14 0.0197
691 237 8 11 0.0194
352 219 6 7 0.0188
880 288 13 18 0.0185
548 228 8 10 0.0179
359 257 9 12 0.0175
530 259 9 10 0.0172
334 272 11 13 0.0172
780 169 12 15 0.0172
522 237 6 8 0.0171
651 247 7 9 0.0168
1005 226 12 14 0.0168
351 256 9 12 0.0168
986 244 12 15 0.0167
286 287 13 18 0.0167
489 233 7 9 0.0167
219 271 11 16 0.0163
259 303 11 18 0.0162
354 257 8 11 0.0161
197 361 17 24 0.0158
533 259 9 10 0.0150
382 226 6 8 0.0148
314 253 10 13 0.0148
238 234 14 18 0.0147
681 270 11 15 0.0145
274 252 9 13 0.0142
865 340 14 21 0.0140
348 258 9 13 0.0140
702 307 16 23 0.0136
660 255 9 11 0.0133
548 269 9 11 0.0133
314 251 8 12 0.0131
562 249 7 10 0.0129
206 356 14 24 0.0128
771 328 13 19 0.0127
544 269 9 11 0.0126
338 275 10 11 0.0126
377 226 8 9 0.0125
277 251 8 13 0.0124
499 242 8 10 0.0121
679 257 9 13 0.0119
726 299 13 18 0.0118
683 255 9 11 0.0118
591 276 9 12 0.0114
548 230 7 9 0.0109
863 342 15 28 0.0109
978 351 20 22 0.0108
556 233 7 9 0.0108
495 239 7 9 0.0107
346 234 10 11 0.0106
925 230 10 12 0.0106
518 234 7 8 0.0106
5 312 15 20 0.0105
394 248 7 8 0.0104
461 245 7 9 0.0103
567 216 7 9 0.0102
