11_Meeting_Meeting_11_Meeting_Meeting_11_587
509
999 398 25 45 0.8089
418 305 19 24 0.7696
805 319 16 23 0.7691
650 281 17 21 0.7477
804 350 19 25 0.7047
560 297 15 20 0.6842
589 300 17 20 0.6507
276 309 17 19 0.6201
563 321 14 23 0.6076
224 313 17 25 0.5472
722 296 18 22 0.5417
1009 244 12 15 0.5209
1015 158 7 10 0.4999
332 254 11 16 0.4880
347 290 13 21 0.4830
157 252 14 18 0.4796
737 251 14 18 0.4657
908 273 12 17 0.4501
433 323 13 20 0.4459
960 238 12 14 0.4338
192 241 12 14 0.4291
766 250 11 14 0.4270
260 240 13 15 0.4251
317 237 12 17 0.4136
760 170 7 9 0.4129
771 160 7 9 0.4105
476 169 9 12 0.4066
491 219 10 14 0.4054
772 270 12 19 0.4041
922 232 11 14 0.3892
55 183 10 12 0.3842
45 170 9 11 0.3841
543 220 10 14 0.3755
546 220 10 14 0.3752
216 154 7 9 0.3659
494 219 10 14 0.3633
448 179 8 12 0.3555
122 168 7 11 0.3540
242 130 7 9 0.3536
7 183 10 13 0.3536
734 251 14 18 0.3524
48 170 9 11 0.3518
278 172 9 11 0.3498
10 184 10 12 0.3482
476 191 9 11 0.3476
193 187 10 13 0.3476
221 313 17 25 0.3472
720 296 17 22 0.3456
863 159 8 10 0.3430
643 214 11 15 0.3405
239 130 7 9 0.3395
737 155 8 9 0.3379
775 271 12 18 0.3363
100 180 8 11 0.3340
851 288 15 19 0.3307
878 225 11 15 0.3280
569 232 9 14 0.3277
102 180 9 11 0.3274
489 188 9 11 0.3266
58 183 9 12 0.3251
160 253 13 17 0.3231
734 155 8 9 0.3201
730 205 9 11 0.3166
849 288 15 19 0.3150
240 170 9 11 0.3107
426 353 13 23 0.3063
861 159 7 10 0.3062
492 187 9 12 0.3041
206 160 7 9 0.3014
233 190 10 13 0.3006
1001 160 8 9 0.2997
420 177 9 12 0.2986
516 181 9 11 0.2982
777 173 8 10 0.2975
237 170 9 11 0.2964
775 173 8 10 0.2939
872 259 13 15 0.2917
1006 244 11 15 0.2916
425 158 8 10 0.2906
323 172 8 10 0.2894
417 177 9 13 0.2882
499 128 6 8 0.2865
262 240 13 14 0.2864
276 171 8 12 0.2825
113 157 8 9 0.2822
572 233 9 14 0.2818
116 157 7 10 0.2813
473 191 9 12 0.2803
445 179 8 12 0.2799
519 181 9 11 0.2778
93 171 8 11 0.2769
292 154 6 8 0.2764
384 177 11 12 0.2760
920 232 10 14 0.2743
125 169 7 11 0.2730
462 162 7 10 0.2712
310 258 11 16 0.2672
428 158 7 10 0.2671
304 171 8 11 0.2666
998 160 8 9 0.2664
875 226 11 14 0.2649
203 275 10 16 0.2645
460 162 7 9 0.2642
264 188 8 11 0.2634
764 149 6 9 0.2629
909 162 7 9 0.2598
819 259 11 14 0.2595
658 201 10 14 0.2567
761 149 6 9 0.2564
305 149 6 7 0.2562
763 250 11 14 0.2549
302 149 6 7 0.2538
261 187 9 12 0.2537
648 140 7 9 0.2526
660 201 11 14 0.2525
189 241 12 14 0.2479
910 162 8 9 0.2465
326 172 7 9 0.2456
727 204 9 12 0.2453
235 191 10 12 0.2438
645 141 7 8 0.2424
315 190 8 11 0.2418
273 309 17 19 0.2405
570 187 8 10 0.2404
761 214 8 11 0.2373
496 128 6 8 0.2313
477 129 7 10 0.2302
307 171 7 11 0.2292
560 170 6 8 0.2272
324 154 6 8 0.2230
556 186 9 11 0.2177
963 238 11 14 0.2125
531 174 7 9 0.2100
196 187 10 13 0.2095
559 186 8 11 0.2090
258 277 11 17 0.2058
382 176 11 12 0.2034
361 170 9 12 0.1982
322 154 6 8 0.1968
208 161 7 8 0.1960
314 258 10 16 0.1954
319 191 8 11 0.1953
314 237 12 16 0.1949
557 170 6 8 0.1945
96 171 8 11 0.1942
463 163 8 10 0.1929
905 273 12 16 0.1881
517 201 9 11 0.1870
591 139 6 7 0.1856
791 159 6 8 0.1848
474 130 7 9 0.1844
284 154 6 8 0.1805
752 212 9 12 0.1791
214 154 7 9 0.1780
323 201 9 12 0.1767
604 180 7 10 0.1726
764 215 8 10 0.1711
528 167 7 8 0.1705
600 180 7 10 0.1701
559 140 6 7 0.1687
520 201 9 11 0.1678
695 141 6 8 0.1641
381 177 10 12 0.1632
912 162 7 9 0.1621
144 156 7 9 0.1591
194 164 7 8 0.1576
816 259 10 13 0.1570
750 211 9 13 0.1503
925 264 9 15 0.1501
670 217 9 13 0.1491
611 136 5 7 0.1488
478 169 9 12 0.1469
557 140 6 7 0.1468
504 168 7 9 0.1465
1017 267 7 13 0.1458
746 186 7 9 0.1449
526 167 7 8 0.1443
363 169 9 12 0.1439
231 190 9 12 0.1433
749 186 7 9 0.1424
573 188 8 9 0.1420
660 201 10 13 0.1418
323 198 10 14 0.1411
613 136 6 7 0.1407
644 140 7 9 0.1399
588 139 5 8 0.1396
255 275 11 18 0.1391
429 354 14 22 0.1388
915 256 12 15 0.1380
280 154 7 9 0.1378
762 152 8 9 0.1360
556 139 6 7 0.1359
586 136 6 9 0.1355
657 201 10 13 0.1347
630 163 6 8 0.1345
589 137 6 9 0.1304
422 233 10 18 0.1297
647 140 7 8 0.1293
533 175 7 9 0.1277
641 213 11 15 0.1275
200 275 10 15 0.1269
848 234 7 13 0.1265
306 149 6 8 0.1253
693 141 6 7 0.1235
423 158 8 11 0.1226
850 288 15 18 0.1223
562 138 5 7 0.1221
876 226 11 15 0.1210
612 366 13 25 0.1205
1003 160 7 10 0.1195
498 128 6 8 0.1178
213 154 6 10 0.1168
557 252 7 11 0.1162
191 164 7 9 0.1131
753 215 9 11 0.1109
475 129 6 9 0.1074
282 154 6 7 0.1071
142 156 6 8 0.1061
557 188 8 10 0.1061
847 287 15 19 0.1055
182 352 16 28 0.1043
632 163 6 8 0.1003
547 254 8 10 0.0995
163 166 8 11 0.0989
587 300 16 20 0.0987
875 258 12 14 0.0962
641 215 9 14 0.0955
1015 262 9 15 0.0951
878 226 12 15 0.0950
495 127 7 8 0.0926
166 166 9 11 0.0921
962 238 12 15 0.0901
325 154 6 7 0.0899
309 174 7 9 0.0884
645 216 11 13 0.0882
265 188 8 11 0.0882
436 324 14 21 0.0876
253 205 8 10 0.0866
459 176 8 11 0.0854
924 232 11 13 0.0848
693 142 6 8 0.0844
317 238 13 17 0.0841
676 136 6 8 0.0838
679 136 6 7 0.0832
362 165 8 10 0.0827
262 188 8 12 0.0806
677 218 10 13 0.0798
560 253 8 11 0.0798
525 167 6 9 0.0797
256 204 8 11 0.0794
775 174 8 10 0.0790
518 202 9 11 0.0788
419 234 10 16 0.0776
697 142 6 8 0.0766
491 188 9 11 0.0758
909 163 7 9 0.0752
305 174 8 10 0.0749
350 292 13 20 0.0743
781 160 7 8 0.0739
614 183 7 10 0.0738
602 180 6 9 0.0735
314 238 12 17 0.0734
189 147 6 9 0.0731
363 173 8 10 0.0727
195 188 10 13 0.0727
197 162 7 8 0.0721
791 160 6 8 0.0717
280 154 6 7 0.0709
521 202 9 11 0.0707
255 278 10 16 0.0707
569 187 8 10 0.0694
326 155 6 8 0.0694
279 173 8 10 0.0693
190 163 6 8 0.0680
258 239 13 15 0.0666
998 161 8 9 0.0653
114 156 7 10 0.0651
369 149 6 8 0.0648
928 265 9 12 0.0646
371 149 7 8 0.0642
738 223 8 12 0.0640
779 173 8 10 0.0639
921 259 11 17 0.0632
928 260 9 15 0.0628
757 170 7 9 0.0627
740 225 9 10 0.0623
345 291 10 19 0.0618
912 162 8 9 0.0618
232 189 9 12 0.0611
186 351 15 29 0.0607
352 198 8 11 0.0600
1013 157 7 10 0.0594
850 234 7 13 0.0594
271 169 7 9 0.0593
359 170 8 12 0.0587
474 189 8 12 0.0585
10 177 10 11 0.0584
558 298 13 18 0.0560
711 224 9 11 0.0557
772 160 8 10 0.0556
499 168 8 9 0.0549
501 167 8 9 0.0547
317 190 8 10 0.0542
599 180 7 9 0.0541
926 263 10 14 0.0537
566 322 13 22 0.0529
628 163 6 7 0.0529
325 201 9 12 0.0522
560 188 9 10 0.0519
544 254 8 11 0.0518
435 219 10 13 0.0499
186 148 6 8 0.0497
757 169 8 9 0.0494
606 140 6 7 0.0493
364 168 9 10 0.0490
1016 201 8 19 0.0490
191 163 7 9 0.0490
480 167 7 10 0.0488
526 168 7 8 0.0487
269 169 7 11 0.0485
614 136 6 8 0.0484
354 198 9 11 0.0479
731 194 7 8 0.0473
696 140 6 8 0.0472
708 225 8 11 0.0468
750 215 9 12 0.0465
874 261 13 15 0.0460
321 201 8 12 0.0460
610 367 11 23 0.0456
527 245 11 14 0.0455
958 237 11 15 0.0450
751 214 9 12 0.0446
731 199 8 10 0.0445
192 187 9 12 0.0445
633 163 6 8 0.0441
588 132 6 8 0.0439
189 239 12 15 0.0439
417 176 7 11 0.0433
888 293 9 13 0.0427
946 258 10 13 0.0426
345 288 12 21 0.0425
387 175 9 13 0.0424
445 189 8 11 0.0421
730 193 7 9 0.0421
475 170 8 9 0.0415
200 277 10 16 0.0404
559 169 6 8 0.0399
737 225 9 12 0.0399
141 156 7 10 0.0397
546 253 8 11 0.0396
166 164 7 10 0.0392
431 206 9 11 0.0389
748 186 7 9 0.0388
336 255 11 15 0.0387
748 186 7 9 0.0373
419 176 8 11 0.0373
790 157 7 9 0.0371
207 160 8 10 0.0365
476 169 8 10 0.0360
262 188 9 11 0.0356
873 263 14 16 0.0356
259 274 11 17 0.0347
446 177 8 11 0.0345
327 173 7 9 0.0337
846 235 8 12 0.0337
891 293 9 14 0.0337
8 178 9 11 0.0334
733 155 7 8 0.0332
204 276 10 16 0.0331
585 133 6 7 0.0331
260 277 11 17 0.0330
750 187 7 9 0.0328
428 206 9 11 0.0327
473 190 9 11 0.0327
568 137 6 8 0.0324
695 141 6 7 0.0321
602 182 7 10 0.0319
869 259 11 14 0.0316
112 156 7 9 0.0315
517 180 8 9 0.0315
610 363 12 25 0.0313
94 170 7 9 0.0313
556 170 6 7 0.0310
93 171 7 9 0.0310
568 320 13 22 0.0306
671 217 10 12 0.0305
592 138 6 7 0.0303
475 131 6 8 0.0302
444 177 7 10 0.0302
241 129 7 9 0.0302
472 128 7 9 0.0298
163 166 8 10 0.0298
906 137 5 5 0.0298
788 158 6 8 0.0295
106 179 9 12 0.0293
677 138 6 8 0.0288
677 137 6 7 0.0286
543 253 8 11 0.0284
112 159 8 10 0.0272
570 235 10 13 0.0271
314 258 12 16 0.0268
440 219 9 12 0.0267
736 154 8 9 0.0265
554 186 7 10 0.0262
360 173 8 10 0.0260
141 157 8 10 0.0259
555 170 7 9 0.0259
893 253 11 15 0.0256
909 163 6 8 0.0255
240 152 7 9 0.0254
909 137 5 5 0.0253
192 188 10 12 0.0251
645 213 11 14 0.0249
269 166 8 10 0.0248
821 259 11 14 0.0247
197 188 10 12 0.0247
145 155 7 8 0.0245
330 253 11 14 0.0245
239 170 8 10 0.0240
629 164 6 7 0.0238
616 135 6 8 0.0235
648 141 6 8 0.0233
714 179 7 8 0.0232
324 173 7 9 0.0230
235 190 10 12 0.0230
1012 157 8 10 0.0228
140 156 7 9 0.0227
437 323 14 20 0.0226
365 166 8 10 0.0226
912 253 11 13 0.0225
568 228 8 13 0.0224
863 160 7 10 0.0224
425 157 7 9 0.0223
493 188 9 10 0.0221
163 164 8 9 0.0221
136 174 8 10 0.0219
1014 265 10 13 0.0215
241 167 9 10 0.0213
188 148 6 7 0.0207
321 171 7 10 0.0205
430 220 10 13 0.0203
705 166 6 7 0.0203
652 170 6 8 0.0202
571 227 9 13 0.0202
142 176 8 11 0.0196
793 159 7 8 0.0193
557 140 5 7 0.0191
848 235 8 12 0.0189
896 251 11 14 0.0184
419 236 11 16 0.0179
445 181 9 11 0.0179
888 290 9 13 0.0178
823 258 10 13 0.0178
419 239 10 15 0.0176
698 110 6 7 0.0176
423 347 12 26 0.0174
518 184 8 10 0.0170
674 218 9 11 0.0170
727 203 8 11 0.0169
760 149 6 9 0.0168
497 130 6 7 0.0167
268 214 10 12 0.0166
432 324 12 20 0.0164
734 157 6 7 0.0163
704 166 7 8 0.0162
437 216 10 12 0.0160
436 319 13 20 0.0159
959 240 10 13 0.0159
308 149 6 8 0.0157
709 227 9 10 0.0154
696 111 5 7 0.0152
428 157 7 8 0.0150
287 157 8 9 0.0150
423 237 11 17 0.0149
713 225 8 11 0.0149
424 160 8 9 0.0146
616 184 7 10 0.0145
957 239 12 15 0.0145
707 191 7 8 0.0145
352 200 8 11 0.0144
1015 159 7 9 0.0144
446 170 8 10 0.0142
655 171 6 9 0.0139
370 149 6 7 0.0134
359 165 7 9 0.0133
705 191 7 9 0.0126
44 170 7 10 0.0125
195 241 10 14 0.0124
909 275 12 16 0.0122
135 175 8 11 0.0122
428 204 9 10 0.0121
871 253 12 14 0.0121
702 165 7 8 0.0121
336 171 7 9 0.0121
387 177 10 12 0.0121
192 188 10 11 0.0119
704 162 6 9 0.0117
300 148 7 8 0.0115
838 130 5 6 0.0115
380 386 17 35 0.0113
92 172 8 10 0.0111
355 200 9 10 0.0111
490 187 10 11 0.0109
727 208 9 11 0.0108
343 291 12 19 0.0105
181 355 19 32 0.0105
835 130 5 6 0.0103
229 189 8 11 0.0100
1015 196 9 19 0.0100
