11_Meeting_Meeting_11_Meeting_Meeting_11_189
130
194 386 30 36 0.8582
807 139 34 60 0.8371
96 383 19 25 0.8030
65 368 16 20 0.7101
397 392 15 21 0.7051
106 363 11 14 0.5342
0 365 10 17 0.5325
425 368 13 15 0.4901
45 358 9 10 0.4792
325 379 11 16 0.4506
33 357 10 11 0.4063
335 366 9 11 0.4045
17 362 11 13 0.3837
255 364 10 13 0.3769
252 364 10 13 0.3766
328 379 11 16 0.3595
161 372 14 15 0.3322
2 355 11 14 0.3173
337 366 9 11 0.3056
20 362 11 13 0.2996
417 357 7 9 0.2651
72 356 8 9 0.2643
274 375 11 14 0.2601
428 368 13 14 0.2534
498 361 9 12 0.2400
109 363 10 13 0.2272
496 363 9 11 0.2251
159 372 13 15 0.2244
375 356 6 8 0.2183
420 357 7 9 0.2151
496 361 8 11 0.2129
278 371 11 14 0.2121
136 362 9 10 0.2003
500 362 8 11 0.1932
74 355 9 11 0.1860
277 376 11 13 0.1854
17 361 10 13 0.1744
275 372 11 13 0.1734
214 357 7 9 0.1699
139 362 8 10 0.1689
373 356 6 8 0.1686
376 357 7 8 0.1576
217 358 7 8 0.1410
159 373 14 14 0.1361
137 363 8 10 0.1293
286 338 5 7 0.1285
162 373 14 15 0.1284
300 355 6 8 0.1232
303 355 6 7 0.1225
394 359 7 9 0.1195
287 339 5 7 0.1123
373 356 6 7 0.1113
393 363 9 11 0.1098
228 361 7 8 0.1089
289 338 5 7 0.1078
334 355 7 8 0.1012
395 363 9 12 0.0989
140 363 8 10 0.0967
227 355 6 8 0.0901
80 361 8 11 0.0860
73 355 8 9 0.0856
221 360 7 8 0.0800
410 368 9 11 0.0760
71 355 8 8 0.0755
21 360 11 12 0.0752
289 339 6 7 0.0748
237 356 6 8 0.0747
301 355 6 7 0.0706
33 356 9 11 0.0665
223 356 5 7 0.0611
68 367 16 20 0.0607
5 355 9 11 0.0603
419 357 6 7 0.0570
80 362 10 13 0.0553
227 356 6 7 0.0549
287 351 8 9 0.0527
206 371 9 11 0.0496
215 357 6 7 0.0489
376 356 6 7 0.0477
417 357 6 8 0.0460
34 350 9 12 0.0447
392 359 7 8 0.0434
215 357 8 8 0.0421
433 366 9 11 0.0420
237 355 7 8 0.0417
31 350 10 13 0.0417
43 357 10 12 0.0399
332 357 8 10 0.0390
333 355 6 8 0.0386
159 345 7 9 0.0349
418 357 7 9 0.0347
3 366 11 14 0.0334
373 356 7 8 0.0334
105 362 10 13 0.0332
47 358 9 10 0.0325
167 359 9 11 0.0324
162 346 7 8 0.0313
337 356 6 8 0.0309
2 355 8 11 0.0271
297 353 7 9 0.0257
438 366 8 11 0.0247
76 356 8 10 0.0245
408 374 11 14 0.0230
282 373 8 11 0.0223
423 369 10 12 0.0221
81 368 11 14 0.0214
338 354 6 8 0.0205
172 344 6 8 0.0204
401 392 13 20 0.0201
160 347 8 9 0.0191
45 356 8 10 0.0181
170 369 10 12 0.0176
372 355 5 8 0.0165
335 361 8 11 0.0162
375 359 7 8 0.0161
252 362 8 12 0.0161
284 340 6 7 0.0159
258 359 8 9 0.0154
395 368 9 11 0.0142
108 360 8 10 0.0141
137 367 9 9 0.0141
109 362 9 12 0.0124
203 370 9 11 0.0122
7 354 8 10 0.0119
338 364 7 10 0.0115
336 368 9 11 0.0105
138 361 8 8 0.0105
288 336 6 8 0.0103
2 371 10 14 0.0103
154 347 7 10 0.0101
