11_Meeting_Meeting_11_Meeting_Meeting_11_385
121
941 251 56 71 0.8644
71 223 39 53 0.8600
715 169 25 34 0.8548
661 159 24 32 0.8512
832 92 26 32 0.8430
161 209 28 44 0.8382
281 180 23 33 0.8334
31 263 48 64 0.8329
833 216 39 43 0.8055
360 153 16 23 0.7808
805 175 24 36 0.7790
1010 169 14 23 0.7535
770 214 42 47 0.7481
384 148 12 16 0.7134
616 145 13 18 0.6840
960 166 19 19 0.6523
910 163 17 18 0.6421
759 145 12 16 0.6257
644 156 15 21 0.6084
601 145 12 16 0.5989
297 168 20 26 0.5778
296 168 20 27 0.5563
770 214 42 47 0.5531
792 138 12 15 0.5485
776 144 14 18 0.4916
452 147 13 16 0.4705
717 109 9 11 0.4694
788 166 16 16 0.4457
705 111 9 12 0.4110
652 144 14 17 0.4027
735 100 9 11 0.3869
432 101 9 12 0.3698
435 102 9 11 0.3611
702 111 10 12 0.3576
578 108 9 11 0.3467
738 100 9 11 0.3203
664 131 9 10 0.3120
773 145 14 17 0.3115
959 166 18 19 0.2944
455 147 13 16 0.2873
526 104 9 12 0.2812
599 146 11 15 0.2530
552 105 9 10 0.2412
574 108 10 11 0.2239
662 131 8 10 0.2182
747 146 9 10 0.2151
715 109 8 10 0.1975
646 156 15 21 0.1965
786 166 15 16 0.1877
555 105 8 11 0.1579
736 138 8 11 0.1535
523 103 9 12 0.1496
653 143 10 13 0.1471
388 149 11 15 0.1399
528 105 9 11 0.1310
913 163 16 18 0.1248
931 580 50 100 0.1093
665 131 9 10 0.1022
508 107 8 10 0.0978
706 163 14 17 0.0974
575 107 10 11 0.0972
550 105 8 10 0.0938
506 106 9 10 0.0842
550 107 8 10 0.0791
648 144 13 16 0.0592
743 142 8 11 0.0590
411 178 9 10 0.0555
808 121 11 14 0.0532
793 137 9 10 0.0503
651 144 10 12 0.0459
520 114 8 11 0.0411
516 89 7 7 0.0407
515 106 8 11 0.0400
790 168 16 16 0.0373
517 115 8 12 0.0360
579 107 9 11 0.0350
414 177 8 11 0.0343
519 113 9 12 0.0334
524 102 8 11 0.0329
375 172 11 14 0.0320
880 182 18 19 0.0278
816 113 7 10 0.0277
400 182 11 12 0.0275
786 169 16 15 0.0272
513 89 7 8 0.0268
48 0 33 14 0.0252
755 145 11 15 0.0246
549 104 8 9 0.0232
661 143 13 14 0.0232
813 113 7 10 0.0229
775 144 12 15 0.0229
580 108 9 11 0.0227
363 154 15 22 0.0222
399 184 12 13 0.0221
618 145 14 18 0.0212
574 107 9 10 0.0206
1006 170 14 22 0.0196
378 172 11 14 0.0183
805 121 10 13 0.0180
817 120 13 16 0.0170
796 138 10 13 0.0165
794 139 12 14 0.0162
665 142 12 14 0.0159
499 105 7 9 0.0157
882 179 15 17 0.0156
884 154 10 13 0.0155
709 135 11 14 0.0154
756 144 12 16 0.0135
743 144 8 11 0.0135
575 111 9 9 0.0135
792 137 8 10 0.0134
403 183 10 12 0.0130
558 88 6 7 0.0124
736 102 8 10 0.0121
618 144 13 17 0.0116
816 109 7 9 0.0112
561 87 5 7 0.0109
963 165 19 19 0.0107
793 140 13 16 0.0104
317 92 5 7 0.0103
731 138 10 12 0.0101
