11_Meeting_Meeting_11_Meeting_Meeting_11_206
49
91 326 40 58 0.8699
476 254 34 43 0.8657
300 278 35 43 0.8633
616 234 33 43 0.8553
803 217 35 44 0.8538
186 369 49 82 0.8126
141 183 18 25 0.7501
875 305 34 78 0.7354
52 190 17 21 0.5853
956 289 38 64 0.5507
315 186 15 19 0.5138
272 191 14 21 0.4342
0 82 20 30 0.3135
49 190 17 21 0.3000
313 186 15 19 0.2926
92 209 14 25 0.2099
276 191 14 21 0.1529
93 214 13 22 0.1478
224 187 15 23 0.1451
226 188 14 24 0.1251
96 209 13 23 0.1206
220 189 17 24 0.1205
270 190 13 20 0.0946
327 168 7 9 0.0745
324 169 7 8 0.0719
300 277 36 44 0.0574
611 210 16 23 0.0548
219 186 17 25 0.0488
97 215 11 20 0.0488
611 211 22 29 0.0429
324 169 8 9 0.0424
144 183 17 25 0.0407
275 189 13 21 0.0397
4 83 20 28 0.0379
962 319 36 62 0.0347
3 82 20 28 0.0320
62 134 13 19 0.0298
97 203 12 19 0.0225
876 305 33 72 0.0182
23 79 19 25 0.0169
326 169 8 10 0.0167
876 308 33 74 0.0159
2 183 11 16 0.0153
93 203 14 22 0.0152
230 188 12 20 0.0144
59 134 11 18 0.0124
2 179 10 12 0.0109
963 292 38 62 0.0101
87 212 15 22 0.0100
