11_Meeting_Meeting_11_Meeting_Meeting_11_176
29
336 225 27 35 0.8720
119 243 34 43 0.8660
212 266 30 35 0.8606
496 213 24 28 0.8590
409 216 28 34 0.8581
186 210 23 30 0.8569
14 234 25 30 0.8517
569 211 21 26 0.8504
692 245 35 46 0.8454
653 203 21 26 0.8348
166 75 20 29 0.7984
355 220 19 26 0.7741
648 280 22 54 0.7454
778 244 29 36 0.7338
284 214 20 23 0.6907
796 93 45 58 0.3289
282 213 22 24 0.2299
898 230 13 27 0.1360
354 217 18 24 0.0805
779 244 29 36 0.0778
797 93 44 58 0.0490
294 343 38 64 0.0303
897 224 11 31 0.0272
766 234 23 34 0.0265
901 233 16 24 0.0228
355 219 20 28 0.0169
893 230 11 28 0.0153
771 243 22 32 0.0127
360 220 16 23 0.0122
