11_Meeting_Meeting_11_Meeting_Meeting_11_441
34
649 290 30 36 0.8548
461 275 24 32 0.8545
199 477 71 78 0.8429
399 279 26 35 0.8422
920 586 104 95 0.8387
554 279 27 32 0.8371
739 332 27 37 0.8235
732 291 28 40 0.8212
253 307 27 43 0.7851
375 309 27 40 0.7827
825 343 33 41 0.7803
135 364 37 60 0.7184
772 333 29 44 0.6725
417 351 30 47 0.5858
419 350 30 49 0.3831
602 226 9 13 0.3720
599 226 9 12 0.3264
671 10 10 15 0.2692
674 10 10 14 0.2395
779 10 10 15 0.1978
559 228 8 12 0.1934
775 10 11 15 0.1911
556 228 8 12 0.1870
768 333 23 38 0.0367
770 334 25 40 0.0244
622 320 26 30 0.0206
778 47 8 10 0.0177
135 363 37 60 0.0177
254 306 27 42 0.0165
334 302 32 36 0.0157
775 47 8 10 0.0143
333 305 24 30 0.0139
216 649 58 32 0.0139
210 647 64 35 0.0125
