11_Meeting_Meeting_11_Meeting_Meeting_11_702
135
888 244 50 49 0.8846
442 295 52 62 0.8802
747 319 60 67 0.8776
678 254 44 50 0.8756
960 181 45 39 0.8752
793 184 37 41 0.8726
2 298 44 38 0.8657
890 162 38 35 0.8632
824 151 29 32 0.8624
417 235 40 49 0.8614
625 191 30 38 0.8597
580 176 24 31 0.8593
669 148 23 28 0.8558
375 183 27 32 0.8530
719 162 27 33 0.8493
20 193 30 30 0.8488
0 212 20 32 0.8486
409 199 29 37 0.8475
545 159 21 25 0.8471
944 141 26 29 0.8451
119 211 29 27 0.8425
984 125 25 28 0.8333
619 139 21 24 0.8314
715 130 19 23 0.8270
42 169 30 29 0.8094
329 131 18 18 0.8006
358 165 22 28 0.7948
944 112 20 20 0.7913
915 119 19 22 0.7902
508 132 17 20 0.7885
346 155 17 24 0.7758
572 125 16 19 0.7560
880 107 15 17 0.7546
526 140 19 25 0.7270
782 108 15 18 0.7191
769 132 24 29 0.7011
685 122 18 22 0.6963
535 121 14 17 0.6904
659 121 17 20 0.6545
373 127 17 21 0.6355
1000 105 13 13 0.6323
753 111 15 19 0.6210
403 141 17 23 0.6192
922 100 14 16 0.5949
701 106 12 14 0.5857
805 121 17 21 0.5712
862 127 20 23 0.5403
1012 112 11 14 0.5318
630 119 14 15 0.5238
815 94 11 13 0.5074
481 129 14 19 0.4848
835 117 16 20 0.4805
899 100 13 14 0.4355
837 117 16 19 0.4332
807 121 18 21 0.3912
478 129 15 19 0.3886
860 127 20 23 0.3696
771 74 7 8 0.3692
753 69 8 9 0.3597
375 127 17 21 0.3576
936 93 9 10 0.3529
793 73 7 9 0.3339
803 75 9 12 0.3271
981 101 14 14 0.3269
802 74 9 12 0.3191
643 131 12 16 0.3176
750 69 8 10 0.3159
813 94 11 13 0.3012
791 73 7 9 0.2997
1013 112 11 16 0.2984
401 141 17 23 0.2980
981 100 13 14 0.2965
897 100 13 14 0.2918
917 70 10 10 0.2806
914 70 10 10 0.2534
774 74 7 8 0.2520
698 106 12 15 0.2416
751 111 14 18 0.2242
979 100 13 15 0.2205
1012 123 12 22 0.2204
800 76 10 12 0.2062
970 68 8 9 0.1790
682 122 18 22 0.1717
633 119 12 15 0.1617
967 68 7 9 0.1500
657 121 16 20 0.1388
935 93 8 10 0.1302
922 100 12 14 0.1260
882 132 13 16 0.1035
529 139 18 26 0.1023
791 75 8 9 0.1016
938 92 9 11 0.1015
770 132 24 29 0.1012
660 121 17 21 0.0989
789 95 11 13 0.0916
926 100 11 14 0.0897
979 100 12 14 0.0883
532 121 14 17 0.0749
786 94 11 14 0.0705
42 169 30 30 0.0590
1000 104 11 13 0.0520
901 100 13 14 0.0509
900 100 12 14 0.0507
773 72 8 10 0.0447
968 66 8 9 0.0424
360 165 23 29 0.0403
877 108 15 16 0.0397
569 125 15 19 0.0383
912 119 19 22 0.0355
965 67 8 9 0.0348
801 76 9 11 0.0342
657 121 17 20 0.0309
932 91 9 10 0.0284
915 73 10 11 0.0272
769 74 7 9 0.0264
938 91 8 10 0.0263
644 126 13 16 0.0260
1002 105 12 13 0.0230
750 112 14 18 0.0206
785 108 13 17 0.0200
170 411 28 28 0.0191
0 415 20 28 0.0159
345 187 15 19 0.0158
19 208 23 30 0.0153
752 66 8 11 0.0152
971 151 17 18 0.0148
943 111 18 20 0.0146
726 94 8 10 0.0145
923 101 14 15 0.0142
1009 163 15 27 0.0122
723 94 9 11 0.0121
0 414 34 28 0.0118
345 184 14 20 0.0113
927 69 8 9 0.0109
667 113 11 13 0.0101
