11_Meeting_Meeting_11_Meeting_Meeting_11_774
752
15 606 48 53 0.8174
403 439 22 26 0.8028
471 391 16 22 0.7980
599 441 22 28 0.7905
497 420 20 26 0.7898
567 473 21 25 0.7812
765 389 16 21 0.7679
741 396 18 21 0.7674
448 436 19 25 0.7274
598 406 14 18 0.7009
65 380 13 17 0.6843
128 388 14 18 0.6822
193 373 14 17 0.6783
300 421 19 23 0.6731
534 470 27 26 0.6708
102 354 13 17 0.6690
831 391 14 18 0.6616
296 389 14 16 0.6423
271 401 18 23 0.6411
347 418 16 20 0.6228
392 410 16 20 0.6208
232 412 18 20 0.6162
818 374 15 17 0.6139
347 370 12 15 0.6031
507 389 16 19 0.5759
741 356 11 15 0.5615
130 351 12 14 0.5609
425 408 15 18 0.5599
478 370 12 15 0.5536
451 379 11 14 0.5517
375 367 12 16 0.5412
107 376 12 14 0.5280
145 367 11 14 0.5232
626 395 13 17 0.5208
790 351 14 15 0.5070
396 387 14 15 0.5053
229 377 13 14 0.5015
648 451 16 20 0.4980
328 352 10 12 0.4915
715 370 13 16 0.4858
409 360 11 15 0.4826
155 344 11 15 0.4791
320 376 14 16 0.4775
421 386 13 14 0.4686
507 365 11 13 0.4684
479 353 10 12 0.4673
270 349 12 14 0.4664
249 381 13 16 0.4652
101 395 12 15 0.4646
68 366 12 14 0.4584
254 342 10 13 0.4553
844 363 11 15 0.4458
432 357 11 14 0.4369
284 371 10 13 0.4342
799 374 14 17 0.4298
564 340 9 12 0.4245
801 374 15 17 0.4233
707 415 16 20 0.4218
456 354 10 13 0.4162
180 345 10 12 0.4099
231 366 12 13 0.4064
544 344 9 11 0.4016
475 339 9 10 0.3981
358 341 10 13 0.3980
710 415 17 20 0.3927
243 360 11 13 0.3913
565 377 11 16 0.3779
356 341 10 12 0.3765
390 329 7 10 0.3764
323 333 8 10 0.3734
831 307 11 13 0.3694
946 326 12 14 0.3693
509 364 11 14 0.3692
349 333 7 9 0.3658
829 307 10 12 0.3648
108 337 10 12 0.3644
712 303 9 11 0.3573
652 362 12 14 0.3525
157 393 13 17 0.3518
460 333 8 11 0.3493
885 324 11 15 0.3493
107 307 8 10 0.3481
251 381 14 17 0.3475
238 340 9 11 0.3470
127 332 9 10 0.3425
604 372 12 14 0.3402
15 96 8 10 0.3327
228 377 12 14 0.3285
459 354 10 13 0.3265
530 335 9 10 0.3260
12 96 8 10 0.3248
716 303 8 10 0.3242
110 307 8 11 0.3228
522 305 7 8 0.3162
183 391 13 18 0.3153
199 346 10 13 0.3148
209 330 9 10 0.3146
788 351 13 15 0.3145
201 345 11 14 0.3104
547 344 10 11 0.3083
293 331 8 8 0.3038
439 336 7 10 0.2994
367 327 8 10 0.2987
300 342 9 11 0.2976
660 436 16 21 0.2971
0 377 13 16 0.2961
482 353 9 12 0.2953
359 403 14 15 0.2945
173 360 13 16 0.2934
758 45 10 13 0.2926
92 101 8 9 0.2919
526 305 7 8 0.2899
394 386 14 15 0.2891
783 298 10 13 0.2881
519 350 10 12 0.2876
163 117 7 9 0.2863
943 326 11 14 0.2854
326 333 8 11 0.2836
166 117 7 10 0.2824
842 364 11 14 0.2822
212 329 9 10 0.2810
95 101 8 9 0.2806
377 346 9 13 0.2804
330 352 10 12 0.2780
217 303 7 8 0.2778
657 390 14 16 0.2752
631 346 9 12 0.2731
644 300 8 10 0.2730
300 354 10 11 0.2713
580 383 12 16 0.2706
393 329 8 10 0.2704
370 293 5 8 0.2682
214 303 7 9 0.2679
111 337 9 12 0.2655
706 353 10 12 0.2643
235 411 18 21 0.2636
423 386 14 15 0.2630
273 401 18 23 0.2615
241 340 9 11 0.2612
411 360 12 15 0.2602
577 357 9 11 0.2599
287 371 10 13 0.2596
604 346 9 11 0.2561
762 45 10 12 0.2560
533 335 9 10 0.2539
98 394 11 15 0.2526
420 301 7 9 0.2523
429 357 11 15 0.2514
417 301 7 9 0.2497
647 299 8 11 0.2494
661 390 14 17 0.2478
418 338 8 11 0.2463
418 333 8 10 0.2462
347 320 7 7 0.2449
223 330 8 10 0.2435
645 451 16 20 0.2430
373 293 6 8 0.2407
522 349 10 12 0.2389
229 127 7 8 0.2372
730 348 10 11 0.2357
601 346 9 11 0.2305
520 348 9 12 0.2304
494 346 8 10 0.2283
668 308 7 10 0.2268
110 376 12 14 0.2258
183 109 7 9 0.2254
481 370 12 15 0.2253
175 360 13 17 0.2243
635 347 8 11 0.2239
350 418 16 19 0.2238
147 367 11 14 0.2226
144 114 7 8 0.2215
244 324 7 9 0.2212
334 296 5 8 0.2206
69 106 6 8 0.2190
307 361 11 13 0.2190
504 349 9 11 0.2174
335 297 6 7 0.2174
442 336 8 10 0.2154
369 327 9 10 0.2150
618 348 8 11 0.2134
440 337 8 9 0.2128
66 106 7 8 0.2121
736 344 10 11 0.2117
216 129 6 8 0.2115
620 349 9 11 0.2115
785 299 9 11 0.2114
505 389 15 20 0.2110
888 324 10 14 0.2102
497 346 9 11 0.2095
649 360 12 15 0.2095
42 98 7 10 0.2083
379 347 10 12 0.2070
133 351 12 14 0.2056
303 354 10 11 0.2055
213 129 6 7 0.2046
428 407 15 19 0.2024
1 113 6 9 0.2020
753 375 14 16 0.2015
451 436 19 25 0.2011
303 342 8 11 0.2000
540 468 23 26 0.1996
245 131 7 8 0.1993
246 325 7 8 0.1978
263 325 6 8 0.1949
71 366 11 14 0.1948
574 357 9 10 0.1930
269 348 11 14 0.1929
340 102 6 8 0.1923
245 361 10 13 0.1910
454 378 11 15 0.1908
275 335 8 10 0.1901
378 367 12 16 0.1893
421 338 8 11 0.1889
158 345 10 13 0.1881
671 307 7 11 0.1868
248 131 7 8 0.1865
782 298 9 12 0.1863
185 109 7 9 0.1855
141 114 7 8 0.1840
420 333 8 10 0.1840
583 384 12 15 0.1830
847 418 13 15 0.1826
181 109 7 8 0.1817
144 381 10 14 0.1817
640 368 10 13 0.1815
313 323 7 9 0.1809
66 350 11 14 0.1795
76 106 6 8 0.1787
174 358 13 17 0.1765
337 297 6 7 0.1761
658 433 16 23 0.1721
705 53 9 11 0.1711
637 368 10 13 0.1710
608 372 11 14 0.1703
242 324 7 9 0.1696
38 99 8 9 0.1693
120 109 7 9 0.1690
338 296 5 8 0.1689
72 106 7 8 0.1669
316 323 7 9 0.1659
279 336 8 10 0.1652
265 325 7 8 0.1629
344 320 7 8 0.1626
708 353 10 12 0.1619
231 357 11 13 0.1616
299 388 14 18 0.1600
832 0 9 8 0.1578
478 330 8 10 0.1564
448 327 7 9 0.1549
186 391 13 18 0.1530
198 349 11 13 0.1512
402 342 9 10 0.1497
156 337 9 11 0.1480
297 422 20 23 0.1471
561 340 9 11 0.1466
711 370 11 15 0.1460
829 0 9 7 0.1456
462 335 8 9 0.1442
160 393 13 17 0.1429
858 413 12 14 0.1428
857 411 12 15 0.1406
337 124 6 7 0.1399
292 330 7 8 0.1387
273 350 11 13 0.1381
482 330 7 9 0.1352
233 112 6 8 0.1350
229 354 9 11 0.1339
419 300 7 9 0.1326
230 113 6 7 0.1326
118 108 7 9 0.1321
525 418 14 18 0.1317
704 353 10 12 0.1313
266 325 7 9 0.1296
313 325 8 9 0.1295
466 99 7 8 0.1291
731 349 10 11 0.1282
283 133 6 8 0.1270
279 134 6 7 0.1259
263 325 7 9 0.1231
343 396 14 16 0.1224
312 111 6 7 0.1221
745 357 10 13 0.1209
184 332 8 10 0.1197
39 98 8 8 0.1192
416 300 7 8 0.1177
65 106 7 9 0.1141
185 108 6 8 0.1140
315 111 7 8 0.1115
729 348 9 11 0.1112
66 349 10 12 0.1099
333 124 6 7 0.1098
281 132 6 8 0.1095
785 298 9 11 0.1082
562 378 11 15 0.1078
386 107 6 8 0.1066
567 341 9 11 0.1060
495 346 9 11 0.1058
172 357 12 15 0.1055
647 299 8 10 0.1052
643 58 9 12 0.1050
782 299 9 12 0.1044
122 108 7 9 0.1040
584 430 13 17 0.1039
351 370 11 15 0.1031
633 349 9 11 0.1029
708 55 8 10 0.1029
253 345 10 13 0.1022
469 99 7 8 0.1014
159 336 8 11 0.1001
260 129 6 8 0.0996
290 329 7 9 0.0989
646 58 9 12 0.0981
377 348 10 13 0.0979
706 286 7 8 0.0977
796 46 9 12 0.0970
187 331 8 10 0.0966
217 130 6 7 0.0964
69 380 12 16 0.0963
107 336 10 12 0.0962
350 99 6 7 0.0961
643 299 8 10 0.0949
348 119 7 7 0.0941
216 302 6 8 0.0940
390 410 16 20 0.0940
606 373 12 14 0.0936
704 53 8 11 0.0922
70 350 11 13 0.0909
669 56 10 13 0.0904
606 347 9 11 0.0899
576 410 14 20 0.0891
167 118 7 9 0.0890
353 99 6 7 0.0889
163 118 8 9 0.0889
720 369 12 15 0.0887
389 108 6 8 0.0881
247 361 11 12 0.0878
799 47 9 12 0.0877
13 96 8 9 0.0865
321 373 12 15 0.0841
349 97 5 7 0.0839
321 134 6 7 0.0838
95 102 7 10 0.0824
311 110 6 7 0.0821
520 349 9 12 0.0818
373 152 8 9 0.0816
359 387 12 13 0.0809
334 298 6 7 0.0807
567 373 11 15 0.0797
377 125 6 7 0.0786
352 97 6 7 0.0779
571 373 11 13 0.0779
728 349 10 12 0.0775
705 351 9 11 0.0775
368 326 8 9 0.0772
389 410 16 20 0.0768
882 322 12 16 0.0764
213 130 7 8 0.0764
69 348 11 12 0.0750
670 309 6 10 0.0747
126 330 7 9 0.0743
52 357 10 12 0.0739
182 345 10 12 0.0731
541 470 23 25 0.0731
0 393 10 19 0.0730
425 409 17 19 0.0727
141 113 7 7 0.0723
608 67 8 10 0.0723
507 348 10 12 0.0723
262 129 7 8 0.0720
147 383 10 13 0.0713
611 67 9 10 0.0710
317 134 6 8 0.0706
836 391 11 17 0.0705
371 292 6 8 0.0701
707 286 7 9 0.0695
380 125 6 7 0.0692
636 348 9 11 0.0687
569 376 12 15 0.0686
106 356 11 14 0.0685
425 385 12 15 0.0681
523 303 7 9 0.0680
656 363 11 13 0.0679
214 302 6 8 0.0678
708 52 9 12 0.0669
882 325 11 13 0.0668
630 395 12 16 0.0666
314 110 6 7 0.0664
478 328 7 9 0.0659
381 348 9 12 0.0653
363 402 13 16 0.0650
291 330 7 9 0.0642
669 53 10 13 0.0641
348 118 6 7 0.0640
573 409 15 19 0.0639
346 331 7 10 0.0637
116 110 7 9 0.0633
704 286 7 8 0.0622
334 136 7 8 0.0622
512 88 7 10 0.0621
351 144 6 9 0.0616
9 345 10 13 0.0611
639 285 7 9 0.0606
655 433 17 23 0.0605
413 360 11 14 0.0601
674 52 10 12 0.0593
43 99 7 9 0.0592
365 326 8 9 0.0587
334 399 16 18 0.0585
297 156 6 9 0.0583
231 111 6 8 0.0578
348 144 6 8 0.0572
141 115 7 8 0.0569
445 327 7 9 0.0560
580 386 13 16 0.0560
264 326 8 8 0.0557
297 134 6 8 0.0555
295 128 6 9 0.0552
12 344 10 14 0.0551
619 348 9 12 0.0548
412 325 7 8 0.0544
240 342 10 11 0.0543
48 356 9 11 0.0534
624 395 12 17 0.0528
39 99 7 9 0.0528
447 328 8 10 0.0527
636 284 7 9 0.0524
300 157 7 8 0.0524
252 135 6 8 0.0515
299 157 6 8 0.0507
514 88 8 10 0.0505
367 328 8 10 0.0495
192 373 13 16 0.0484
445 92 7 9 0.0482
49 372 11 15 0.0480
269 348 10 12 0.0480
667 309 6 10 0.0480
343 399 15 18 0.0472
565 440 16 16 0.0471
816 373 14 16 0.0469
465 97 6 9 0.0468
201 348 11 14 0.0467
145 116 6 9 0.0464
749 375 13 16 0.0452
419 332 7 9 0.0452
563 412 19 23 0.0450
445 334 8 11 0.0448
360 343 10 12 0.0447
3 353 11 15 0.0446
133 336 9 11 0.0446
629 396 13 18 0.0446
468 98 7 8 0.0446
705 56 8 10 0.0445
186 331 8 9 0.0444
211 329 9 10 0.0442
441 92 8 8 0.0441
110 336 9 12 0.0437
861 412 11 13 0.0430
404 109 6 8 0.0428
341 100 6 8 0.0428
158 395 14 17 0.0428
242 326 8 9 0.0423
316 376 12 15 0.0420
425 95 6 7 0.0419
480 328 8 9 0.0414
540 414 13 18 0.0413
37 107 8 9 0.0409
43 97 7 8 0.0408
673 55 9 13 0.0408
257 122 6 8 0.0406
601 347 10 11 0.0403
719 370 13 15 0.0402
843 7 9 11 0.0402
660 386 14 17 0.0391
51 374 11 14 0.0391
907 363 11 13 0.0388
427 96 7 8 0.0387
215 129 6 7 0.0386
600 394 14 15 0.0383
184 393 14 18 0.0381
354 114 7 8 0.0377
355 149 7 8 0.0371
389 328 7 9 0.0369
524 408 13 14 0.0368
338 296 6 7 0.0364
700 373 11 14 0.0360
466 331 8 10 0.0359
803 344 10 12 0.0357
341 397 15 17 0.0355
698 376 11 14 0.0355
322 332 8 10 0.0355
376 151 7 9 0.0355
823 373 13 17 0.0354
13 114 9 9 0.0352
326 375 12 14 0.0350
495 110 6 8 0.0350
64 350 10 13 0.0349
34 106 8 9 0.0347
705 353 10 11 0.0346
254 123 6 8 0.0345
545 345 9 11 0.0345
232 126 7 8 0.0345
229 111 6 8 0.0344
254 142 6 9 0.0340
164 118 7 8 0.0339
640 299 8 10 0.0339
298 421 19 23 0.0338
341 102 6 7 0.0334
888 322 10 14 0.0334
492 110 6 8 0.0333
91 384 12 15 0.0326
362 401 13 16 0.0325
262 128 7 8 0.0324
862 414 10 13 0.0321
335 121 6 8 0.0321
340 297 5 7 0.0320
44 373 11 14 0.0319
104 393 12 15 0.0318
301 158 7 9 0.0317
391 328 7 8 0.0316
839 7 9 12 0.0315
656 360 10 14 0.0315
91 101 8 9 0.0315
666 394 12 15 0.0313
337 396 14 16 0.0310
2 375 14 17 0.0306
670 307 8 9 0.0305
337 123 6 7 0.0304
233 376 12 14 0.0302
903 363 11 13 0.0301
565 434 15 17 0.0296
368 293 6 7 0.0296
40 389 11 13 0.0293
521 303 6 9 0.0293
118 111 7 7 0.0292
205 346 9 11 0.0291
158 345 11 14 0.0290
430 98 6 7 0.0290
894 345 10 12 0.0289
372 152 7 8 0.0288
570 439 14 18 0.0288
676 48 8 9 0.0286
703 375 9 14 0.0285
2 113 8 9 0.0284
581 355 9 11 0.0281
544 346 9 10 0.0280
45 375 11 15 0.0277
419 302 7 8 0.0272
202 162 6 7 0.0271
401 109 6 8 0.0269
642 369 12 14 0.0268
0 373 11 17 0.0267
905 361 11 12 0.0267
564 472 22 27 0.0263
140 117 7 8 0.0262
348 144 7 8 0.0261
314 448 13 14 0.0254
383 347 9 11 0.0251
185 330 7 9 0.0249
794 46 9 12 0.0249
646 300 8 10 0.0249
408 361 11 15 0.0248
205 162 6 8 0.0248
468 98 7 9 0.0247
209 329 7 9 0.0245
177 128 7 8 0.0244
251 143 6 9 0.0244
314 113 6 7 0.0242
423 96 6 7 0.0242
602 373 11 14 0.0242
523 304 7 9 0.0241
385 108 6 7 0.0239
673 48 8 9 0.0238
560 341 8 10 0.0237
665 409 15 18 0.0236
816 345 11 13 0.0236
314 131 6 8 0.0236
229 366 11 14 0.0236
287 371 11 14 0.0235
450 95 7 8 0.0235
371 151 7 9 0.0234
37 97 7 9 0.0234
751 375 12 14 0.0234
520 337 8 10 0.0233
520 419 13 19 0.0233
672 309 7 9 0.0233
308 350 10 11 0.0232
287 157 7 8 0.0232
471 350 10 13 0.0231
570 417 16 20 0.0229
0 397 10 18 0.0228
65 104 7 9 0.0226
697 372 11 15 0.0223
714 301 8 10 0.0223
312 447 13 15 0.0223
646 448 16 21 0.0222
179 128 6 9 0.0222
324 334 9 10 0.0221
369 294 7 8 0.0221
651 440 18 24 0.0220
215 304 7 9 0.0220
369 295 6 8 0.0220
649 339 9 11 0.0218
183 112 7 8 0.0218
293 128 6 8 0.0217
108 375 12 14 0.0217
92 99 7 10 0.0216
180 110 6 8 0.0215
358 136 7 8 0.0215
333 350 10 12 0.0214
642 55 9 11 0.0213
77 340 9 11 0.0213
233 142 7 9 0.0213
346 145 7 8 0.0213
129 332 8 10 0.0212
286 155 6 9 0.0211
157 397 14 16 0.0211
549 345 8 11 0.0210
11 348 10 14 0.0209
566 343 8 11 0.0209
442 93 8 9 0.0209
670 407 14 19 0.0208
596 406 13 18 0.0208
610 373 12 14 0.0206
521 101 7 9 0.0206
419 330 7 9 0.0205
646 56 8 11 0.0205
373 294 6 8 0.0204
160 386 13 15 0.0202
566 85 9 11 0.0199
210 347 9 11 0.0197
3 377 12 15 0.0197
391 329 8 9 0.0196
158 335 8 9 0.0195
11 95 7 10 0.0193
560 410 16 19 0.0192
325 373 11 14 0.0191
1 394 13 17 0.0190
672 49 10 11 0.0189
11 97 8 10 0.0189
545 413 13 18 0.0189
132 388 13 17 0.0188
7 345 13 15 0.0188
641 370 9 12 0.0187
265 116 7 8 0.0187
609 69 8 9 0.0187
612 68 9 10 0.0185
491 109 6 8 0.0184
106 353 11 15 0.0184
829 0 9 7 0.0181
377 125 5 7 0.0180
901 360 11 13 0.0180
584 387 13 16 0.0178
533 364 11 13 0.0178
112 308 8 10 0.0177
567 339 8 11 0.0177
494 108 7 8 0.0177
709 284 7 9 0.0176
682 65 8 11 0.0174
424 96 6 8 0.0174
617 371 10 13 0.0173
716 303 8 10 0.0173
392 108 7 8 0.0173
641 349 10 13 0.0172
296 352 9 11 0.0172
882 324 11 15 0.0169
518 100 7 10 0.0167
708 303 8 10 0.0165
359 129 7 7 0.0165
362 387 12 13 0.0163
622 396 14 18 0.0162
389 112 6 7 0.0160
850 419 12 14 0.0160
513 392 12 16 0.0160
636 371 9 13 0.0160
0 443 10 17 0.0159
515 89 8 9 0.0159
701 291 8 9 0.0158
44 389 10 13 0.0153
665 404 14 19 0.0153
239 130 6 9 0.0151
187 329 8 9 0.0149
736 343 9 10 0.0149
348 371 13 16 0.0149
541 417 14 18 0.0149
457 331 7 8 0.0148
951 326 10 14 0.0147
822 374 12 15 0.0145
670 60 9 11 0.0145
516 89 8 10 0.0144
360 384 11 14 0.0142
158 346 10 14 0.0139
827 8 9 12 0.0139
794 45 9 11 0.0138
704 51 8 10 0.0136
528 384 11 15 0.0135
537 71 8 9 0.0135
685 67 8 11 0.0135
389 106 6 7 0.0134
212 328 8 10 0.0131
944 324 11 14 0.0131
735 343 8 9 0.0131
197 373 13 17 0.0130
141 369 12 14 0.0128
508 385 14 18 0.0128
421 342 9 11 0.0127
830 0 9 6 0.0126
564 85 8 11 0.0125
847 365 10 13 0.0125
718 372 13 15 0.0125
647 61 8 10 0.0125
571 433 12 17 0.0124
948 325 11 13 0.0124
753 373 12 15 0.0122
318 138 6 8 0.0121
657 387 12 15 0.0120
533 71 8 10 0.0119
384 111 6 8 0.0118
154 368 11 14 0.0116
718 69 9 12 0.0116
372 368 10 13 0.0116
343 370 13 15 0.0115
722 71 8 11 0.0115
798 45 9 11 0.0115
891 344 9 13 0.0115
355 348 10 12 0.0114
166 88 6 7 0.0113
838 4 9 11 0.0112
36 340 10 11 0.0112
636 297 9 10 0.0110
496 343 8 9 0.0110
62 377 12 16 0.0110
569 86 8 10 0.0109
798 45 9 12 0.0109
830 344 11 13 0.0109
77 369 10 13 0.0109
771 390 13 19 0.0108
109 309 8 10 0.0108
632 401 12 16 0.0108
235 140 7 9 0.0107
169 87 6 8 0.0107
757 46 9 11 0.0106
21 328 9 11 0.0105
301 384 11 15 0.0105
649 338 9 9 0.0104
33 357 10 12 0.0103
0 412 11 20 0.0103
530 387 10 14 0.0102
827 0 8 6 0.0102
308 421 15 19 0.0101
468 429 16 20 0.0101
421 102 6 8 0.0100
