11_Meeting_Meeting_11_Meeting_Meeting_11_560
54
559 400 25 30 0.8663
323 427 35 41 0.8579
87 500 41 51 0.8557
187 576 54 68 0.8555
0 464 34 44 0.8542
758 429 39 50 0.8504
669 412 27 32 0.8494
834 438 30 52 0.8435
442 415 24 30 0.8383
608 415 22 30 0.8354
197 418 29 34 0.8266
235 407 27 33 0.8205
76 455 35 36 0.8154
524 416 25 32 0.8098
181 518 39 41 0.8051
355 421 21 33 0.7992
396 407 23 29 0.7819
702 412 20 23 0.7727
485 400 22 28 0.7572
743 395 23 30 0.7390
496 384 21 25 0.7388
625 396 19 23 0.7385
811 382 24 28 0.7349
87 682 36 76 0.7305
458 396 22 26 0.7174
355 394 22 26 0.6955
409 387 20 23 0.6871
642 395 23 29 0.6393
540 388 19 22 0.5013
640 396 23 28 0.3773
543 387 19 24 0.3670
460 396 21 27 0.3536
0 559 6 56 0.2123
413 388 18 21 0.1911
498 385 20 25 0.1595
0 562 7 51 0.1466
323 427 35 41 0.0789
489 400 20 29 0.0765
759 389 20 23 0.0595
463 397 20 26 0.0565
838 288 19 31 0.0431
760 387 19 22 0.0361
361 394 19 25 0.0306
333 392 18 21 0.0276
183 517 36 38 0.0258
700 412 19 22 0.0190
758 387 17 24 0.0177
309 670 50 24 0.0162
835 290 18 28 0.0161
840 288 18 33 0.0130
0 551 10 62 0.0129
360 421 19 32 0.0118
766 389 18 22 0.0106
523 415 25 33 0.0102
