11_Meeting_Meeting_11_Meeting_Meeting_11_574
185
639 283 27 32 0.8584
957 331 35 43 0.8506
852 292 28 37 0.8504
263 297 22 31 0.8273
198 289 23 29 0.8235
801 264 23 30 0.8227
713 319 31 39 0.8204
971 288 32 35 0.8199
350 300 23 27 0.8157
865 240 20 21 0.7887
358 256 16 22 0.7783
304 257 17 21 0.7731
123 295 23 26 0.7711
738 288 27 31 0.7709
47 333 41 72 0.7472
515 207 13 17 0.7394
534 243 16 20 0.7141
484 259 18 23 0.7081
436 215 14 21 0.7032
355 234 16 20 0.6997
509 236 15 19 0.6785
752 217 15 20 0.6678
872 215 17 18 0.6518
804 235 17 19 0.6415
689 259 19 26 0.6361
771 206 13 16 0.6329
729 239 16 19 0.6232
496 222 14 18 0.5998
613 199 12 14 0.5882
456 219 15 19 0.5653
589 193 11 14 0.5602
402 275 19 25 0.5510
552 231 15 19 0.5213
469 244 16 19 0.5140
556 199 11 15 0.5053
693 194 12 13 0.5052
626 218 13 15 0.4935
783 254 19 27 0.4592
786 254 19 27 0.4477
921 194 12 14 0.4356
566 198 12 15 0.4312
592 230 13 17 0.4203
660 204 12 16 0.4112
569 198 12 14 0.3935
925 219 16 19 0.3933
783 206 11 16 0.3901
687 259 19 26 0.3880
605 192 10 13 0.3876
932 202 14 17 0.3821
399 275 20 25 0.3812
571 211 12 15 0.3759
823 208 12 16 0.3711
657 204 12 16 0.3551
399 252 18 23 0.3401
637 186 10 14 0.3288
527 206 11 15 0.3285
304 132 13 18 0.3264
919 194 11 14 0.3169
928 218 16 19 0.3064
786 206 11 16 0.3062
129 53 17 33 0.3028
634 186 10 14 0.2997
820 187 11 13 0.2909
453 219 14 19 0.2866
706 192 10 13 0.2678
648 194 9 11 0.2668
680 195 9 11 0.2566
530 205 10 15 0.2543
595 230 12 17 0.2531
826 208 12 15 0.2314
727 239 16 19 0.2254
705 249 18 23 0.2237
884 193 11 12 0.2226
705 250 19 24 0.2143
832 196 11 14 0.2115
623 218 13 15 0.2097
945 235 14 16 0.2054
301 132 13 18 0.2008
930 201 14 16 0.1890
954 257 17 24 0.1881
705 183 9 11 0.1872
645 193 9 12 0.1829
709 192 9 13 0.1827
493 222 14 18 0.1824
556 231 14 19 0.1652
412 236 15 17 0.1651
666 184 9 11 0.1621
399 251 15 16 0.1390
602 192 11 12 0.1380
959 241 14 16 0.1332
818 188 10 12 0.1321
467 244 14 19 0.1294
546 222 12 15 0.1268
416 241 15 17 0.1259
881 193 11 13 0.1237
613 188 10 12 0.1117
663 185 9 11 0.1110
544 222 11 14 0.1108
928 202 14 17 0.1081
647 192 10 13 0.0994
678 195 9 10 0.0944
703 183 8 9 0.0938
402 251 15 16 0.0893
416 235 13 17 0.0852
512 236 14 20 0.0851
709 249 18 24 0.0850
486 252 15 17 0.0825
526 221 12 15 0.0825
951 257 16 23 0.0809
957 241 13 14 0.0714
545 219 11 13 0.0699
940 235 14 16 0.0689
905 240 17 22 0.0688
803 209 11 12 0.0661
794 194 9 11 0.0652
822 189 10 12 0.0569
434 215 13 18 0.0566
883 192 9 12 0.0559
402 253 17 21 0.0529
673 208 11 13 0.0526
895 211 10 14 0.0520
695 193 10 13 0.0519
694 171 8 10 0.0519
677 195 9 11 0.0516
557 200 12 15 0.0510
569 212 11 14 0.0508
708 190 9 12 0.0506
569 212 11 14 0.0498
486 258 18 24 0.0465
133 55 15 31 0.0461
835 195 11 14 0.0450
413 239 15 18 0.0426
665 184 8 8 0.0412
691 172 8 9 0.0409
601 193 11 13 0.0408
749 218 15 19 0.0408
887 194 9 13 0.0367
793 194 8 10 0.0359
801 209 12 15 0.0355
700 184 9 12 0.0337
637 243 15 19 0.0337
822 188 10 13 0.0326
954 258 20 26 0.0292
527 204 10 13 0.0277
871 214 15 17 0.0276
568 198 11 13 0.0274
587 192 11 13 0.0273
837 189 9 11 0.0257
673 243 17 22 0.0253
815 196 11 12 0.0249
708 249 17 21 0.0241
875 214 16 19 0.0234
953 239 16 18 0.0230
788 251 17 20 0.0228
823 188 10 12 0.0227
691 311 19 23 0.0225
472 239 14 16 0.0225
880 193 12 14 0.0225
662 184 8 9 0.0224
611 202 11 13 0.0220
630 189 9 12 0.0216
795 194 9 11 0.0215
736 227 13 16 0.0212
791 195 8 10 0.0212
950 258 20 27 0.0199
824 209 13 16 0.0198
531 243 15 20 0.0198
530 204 9 12 0.0192
896 213 12 16 0.0187
555 196 10 11 0.0183
349 286 15 19 0.0172
573 212 12 14 0.0168
352 235 15 18 0.0158
881 192 9 11 0.0157
809 235 14 18 0.0154
623 217 12 14 0.0147
692 170 7 9 0.0139
954 241 14 17 0.0131
598 212 11 14 0.0130
553 199 10 12 0.0120
887 192 9 12 0.0118
669 243 15 20 0.0116
357 237 16 20 0.0112
713 319 31 39 0.0107
0 353 12 57 0.0100
