11_Meeting_Meeting_11_Meeting_Meeting_11_295
25
54 337 35 47 0.8513
689 290 21 29 0.8490
120 452 66 93 0.8483
230 339 27 32 0.8466
140 373 30 53 0.8208
901 309 23 30 0.8185
812 555 62 106 0.8184
802 296 21 30 0.8122
493 331 28 42 0.7896
593 310 19 37 0.7532
608 370 51 62 0.7421
791 321 20 32 0.7068
442 218 16 19 0.5121
504 234 12 21 0.3779
812 553 62 108 0.3565
607 369 52 63 0.3479
506 234 14 21 0.2571
439 218 17 20 0.1496
439 220 17 20 0.0410
503 233 11 21 0.0364
798 324 16 28 0.0362
591 311 19 36 0.0240
445 218 16 20 0.0208
506 233 12 20 0.0189
15 351 15 20 0.0175
