11_Meeting_Meeting_11_Meeting_Meeting_11_644
101
615 464 25 34 0.8398
307 430 26 47 0.8075
602 456 15 20 0.5132
452 453 21 39 0.4911
450 454 20 36 0.4092
669 448 11 19 0.2726
379 465 15 28 0.2323
668 447 10 19 0.2024
926 453 11 17 0.2008
164 469 8 11 0.1943
160 469 8 11 0.1814
784 465 7 9 0.1731
930 453 11 18 0.1443
671 447 11 18 0.1372
852 464 7 9 0.1335
787 465 8 9 0.1269
874 465 7 8 0.1184
149 462 7 10 0.1170
152 463 7 9 0.1128
804 473 8 10 0.1115
376 465 14 27 0.1110
243 461 11 16 0.1025
786 465 7 9 0.0953
855 464 6 9 0.0946
807 473 8 11 0.0945
264 449 12 15 0.0943
849 463 7 10 0.0837
877 465 7 8 0.0772
259 450 11 14 0.0704
840 463 8 10 0.0702
260 451 13 15 0.0695
876 465 7 9 0.0695
844 465 7 9 0.0608
244 462 13 19 0.0536
264 451 15 17 0.0531
205 467 10 14 0.0482
672 448 11 19 0.0468
840 465 8 10 0.0448
201 468 10 13 0.0407
925 452 9 13 0.0398
816 486 9 13 0.0394
929 451 9 14 0.0352
813 486 9 13 0.0345
66 463 8 12 0.0342
878 465 7 9 0.0338
260 449 14 17 0.0323
928 452 11 16 0.0309
691 430 8 11 0.0308
241 462 10 13 0.0286
150 464 8 10 0.0282
0 498 5 21 0.0281
221 466 9 11 0.0281
687 430 10 12 0.0272
808 464 8 9 0.0271
1000 453 7 8 0.0267
161 469 7 9 0.0266
220 465 9 11 0.0264
442 486 18 23 0.0264
867 475 7 9 0.0260
905 446 11 12 0.0252
224 465 9 13 0.0243
0 499 7 21 0.0235
914 474 9 9 0.0225
901 485 7 10 0.0219
671 447 12 18 0.0216
803 474 9 11 0.0215
70 462 8 12 0.0214
801 475 9 11 0.0213
67 465 9 12 0.0212
902 447 10 11 0.0205
1002 453 8 10 0.0195
844 475 7 9 0.0193
381 466 16 28 0.0185
796 489 13 19 0.0181
828 470 7 10 0.0177
63 466 9 12 0.0166
872 492 7 9 0.0149
1008 457 8 11 0.0147
851 463 8 9 0.0146
904 485 8 10 0.0145
7 469 7 9 0.0144
70 464 9 13 0.0137
524 480 7 10 0.0136
526 479 6 8 0.0133
514 461 7 8 0.0131
3 469 8 10 0.0130
605 457 16 23 0.0129
841 474 7 10 0.0128
338 456 12 18 0.0128
598 455 15 21 0.0126
92 441 10 12 0.0122
528 480 7 9 0.0122
184 465 7 10 0.0117
185 467 8 10 0.0117
782 466 8 9 0.0111
817 488 10 12 0.0108
247 465 13 19 0.0107
998 454 7 9 0.0106
808 510 12 16 0.0106
161 470 8 10 0.0105
984 450 6 7 0.0101
