11_Meeting_Meeting_11_Meeting_Meeting_11_529
28
829 315 52 65 0.8793
8 311 57 71 0.8787
537 352 66 80 0.8763
174 304 42 55 0.8713
665 463 71 85 0.8690
844 411 77 91 0.8562
419 122 37 47 0.8478
67 231 33 39 0.8395
632 281 50 63 0.8329
14 247 43 57 0.8328
353 402 39 58 0.8294
729 292 31 38 0.8002
776 287 30 34 0.6435
459 280 50 58 0.5920
286 290 31 32 0.2448
778 287 29 34 0.2149
460 280 48 59 0.0848
113 294 28 38 0.0686
110 294 29 40 0.0624
291 290 31 31 0.0389
109 294 32 42 0.0274
283 292 26 29 0.0269
290 286 32 34 0.0234
149 334 28 33 0.0187
632 281 50 63 0.0170
674 292 20 31 0.0165
156 335 23 28 0.0114
158 326 21 29 0.0107
