11_Meeting_Meeting_11_Meeting_Meeting_11_349
84
193 165 74 128 0.8180
524 48 19 24 0.7568
144 36 21 25 0.7501
586 50 17 23 0.7237
699 62 18 20 0.6817
729 58 17 21 0.6785
475 49 15 21 0.6646
667 45 16 21 0.5578
826 51 17 24 0.5556
858 54 14 18 0.5461
983 51 14 17 0.4857
628 57 21 26 0.4480
631 57 20 27 0.4294
426 38 15 22 0.4179
429 38 16 22 0.4133
895 52 13 14 0.3938
608 50 16 19 0.3668
790 56 13 16 0.3610
605 50 15 19 0.3444
670 46 16 20 0.3100
822 51 18 24 0.3069
787 56 13 16 0.2344
892 52 12 14 0.1956
862 54 12 17 0.1471
955 55 12 15 0.1363
952 55 12 14 0.1299
936 65 14 16 0.1279
980 52 13 16 0.1204
696 61 17 21 0.1142
911 57 13 15 0.1092
912 59 14 16 0.0954
726 57 18 22 0.0923
368 55 14 17 0.0884
635 112 24 27 0.0852
835 37 11 13 0.0754
657 43 13 19 0.0709
940 65 13 16 0.0688
835 34 10 13 0.0622
738 47 14 16 0.0612
736 52 15 20 0.0603
916 59 13 16 0.0594
839 34 10 13 0.0528
915 58 13 15 0.0452
776 63 11 15 0.0443
478 49 15 20 0.0407
989 51 11 15 0.0405
783 59 16 19 0.0400
839 36 10 13 0.0386
899 51 12 14 0.0385
851 43 12 15 0.0382
928 51 11 13 0.0372
751 64 15 18 0.0328
927 51 11 13 0.0300
953 52 12 15 0.0279
956 61 13 17 0.0277
880 66 13 15 0.0273
925 49 10 12 0.0265
928 49 10 12 0.0222
636 114 25 29 0.0221
654 45 15 22 0.0200
365 55 13 17 0.0191
742 49 12 15 0.0189
560 39 17 23 0.0172
736 47 13 17 0.0172
639 104 20 23 0.0168
558 62 15 17 0.0163
370 59 14 16 0.0156
776 66 13 16 0.0150
611 54 18 23 0.0149
1016 63 8 16 0.0147
980 51 13 16 0.0142
854 52 14 18 0.0139
574 39 18 26 0.0138
555 62 14 17 0.0117
572 48 17 21 0.0115
791 58 14 17 0.0112
934 66 12 14 0.0107
881 87 13 16 0.0106
749 92 16 18 0.0105
401 50 11 17 0.0103
641 109 24 29 0.0103
554 53 14 19 0.0102
950 51 11 12 0.0101
775 59 11 15 0.0100
