11_Meeting_Meeting_11_Meeting_Meeting_11_663
100
242 215 51 76 0.8627
39 505 13 19 0.7255
1 534 14 18 0.7139
61 509 14 18 0.6912
131 480 13 18 0.6277
100 477 14 18 0.5472
51 485 14 20 0.4926
29 524 13 19 0.4814
0 503 8 12 0.4319
80 507 13 15 0.4129
16 510 12 15 0.4095
80 479 11 17 0.3826
32 524 12 19 0.3346
1014 267 6 9 0.3022
102 478 13 18 0.2980
83 507 12 16 0.2516
104 513 14 17 0.2395
977 270 6 8 0.2380
83 479 10 16 0.2379
1000 268 6 8 0.2302
974 270 6 8 0.2226
133 480 13 18 0.2103
1010 267 7 9 0.2026
997 268 6 9 0.1976
873 309 5 7 0.1453
870 309 5 7 0.1259
0 506 9 16 0.1217
962 338 6 8 0.0979
109 512 11 16 0.0953
959 338 6 8 0.0950
975 270 6 8 0.0906
888 322 6 7 0.0849
115 497 11 15 0.0815
998 268 6 8 0.0791
69 486 11 16 0.0772
105 516 13 17 0.0765
4 484 10 14 0.0742
26 475 12 15 0.0689
60 477 10 13 0.0683
886 322 5 7 0.0660
37 505 12 18 0.0659
79 479 10 16 0.0641
871 308 5 7 0.0570
22 481 12 16 0.0528
1010 268 7 9 0.0518
886 322 5 6 0.0505
45 473 11 12 0.0502
105 477 11 15 0.0500
5 534 12 18 0.0476
54 488 13 17 0.0454
54 490 14 20 0.0427
995 268 6 8 0.0424
0 558 8 19 0.0420
10 512 12 17 0.0402
17 483 12 15 0.0376
107 513 13 17 0.0374
972 270 6 8 0.0372
55 477 12 13 0.0365
963 338 6 9 0.0363
977 269 7 8 0.0297
869 307 5 8 0.0297
969 299 7 10 0.0262
58 508 14 19 0.0260
985 342 8 11 0.0238
890 322 6 7 0.0226
18 476 13 15 0.0223
2 500 10 14 0.0221
987 338 9 13 0.0212
131 521 10 15 0.0200
972 300 7 9 0.0196
942 344 7 11 0.0191
15 506 11 15 0.0189
47 472 10 11 0.0187
988 341 10 12 0.0186
923 333 7 8 0.0185
58 475 10 13 0.0184
45 472 9 10 0.0177
83 478 10 16 0.0167
885 322 6 7 0.0163
31 507 12 17 0.0161
920 331 6 7 0.0160
29 473 10 12 0.0159
67 496 13 16 0.0154
905 328 6 8 0.0154
2 482 9 12 0.0153
914 343 9 10 0.0152
959 338 7 9 0.0151
945 344 8 10 0.0146
972 301 6 8 0.0143
975 301 6 8 0.0135
906 327 7 8 0.0134
923 347 10 13 0.0133
109 517 11 16 0.0130
919 332 7 9 0.0124
985 339 8 11 0.0119
890 321 5 6 0.0107
128 516 11 16 0.0107
111 497 11 17 0.0105
83 503 12 17 0.0104
984 340 9 11 0.0102
