58_Hockey_icehockey_puck_58_212
241
597 77 54 73 0.8784
142 158 24 34 0.8439
180 153 26 36 0.8376
944 155 21 26 0.7953
380 73 20 27 0.7939
140 72 24 32 0.7870
289 33 21 28 0.7813
650 49 18 24 0.7648
853 158 20 25 0.7509
971 112 20 24 0.7268
499 39 22 27 0.7209
256 117 22 31 0.7114
516 83 22 25 0.7012
867 53 20 23 0.6952
431 83 21 25 0.6948
220 71 24 30 0.6824
240 27 22 29 0.6531
931 89 19 20 0.6493
830 85 22 25 0.6407
915 118 18 24 0.6377
38 37 20 23 0.6316
431 6 21 25 0.6169
993 157 21 27 0.6141
775 50 18 23 0.6130
205 33 21 26 0.5952
64 170 23 32 0.5929
877 16 19 25 0.5922
0 173 10 28 0.5625
256 12 19 24 0.5581
958 90 20 23 0.5508
65 85 19 29 0.5328
507 132 20 24 0.5161
421 50 19 25 0.4825
404 8 18 22 0.4778
374 46 18 24 0.4686
965 55 18 23 0.4630
827 62 18 20 0.4503
359 133 21 26 0.4439
795 52 16 19 0.4322
842 29 16 17 0.3928
129 40 21 23 0.3758
459 149 21 20 0.3755
377 46 17 24 0.3705
380 193 23 26 0.3647
937 12 15 21 0.3594
992 156 20 28 0.3373
436 123 21 26 0.3161
132 39 20 24 0.3090
991 18 18 22 0.3067
363 133 20 26 0.2929
166 37 21 26 0.2749
601 9 16 19 0.2706
457 147 21 22 0.2588
430 163 21 26 0.2495
19 79 23 27 0.2321
941 13 13 20 0.2319
997 42 16 19 0.2313
772 50 18 23 0.2299
320 33 18 27 0.2251
962 55 18 23 0.2248
191 0 19 15 0.2114
790 97 17 20 0.2068
401 7 18 22 0.1967
787 96 17 20 0.1934
440 123 19 24 0.1934
209 33 19 26 0.1916
502 38 21 27 0.1905
912 118 19 24 0.1841
988 18 17 21 0.1774
511 133 19 23 0.1773
598 7 16 20 0.1762
937 62 16 17 0.1689
362 133 19 25 0.1688
796 37 16 18 0.1662
68 85 19 28 0.1652
268 89 22 24 0.1619
239 27 22 29 0.1609
973 23 16 20 0.1599
719 73 18 23 0.1571
799 52 15 19 0.1550
736 54 17 20 0.1496
23 81 21 26 0.1496
879 16 18 25 0.1428
109 38 17 24 0.1308
140 2 19 24 0.1264
274 87 21 23 0.1230
998 102 14 17 0.1199
722 72 19 24 0.1177
732 53 17 21 0.1127
104 37 18 25 0.1086
353 75 19 24 0.1079
752 75 20 22 0.1075
472 70 19 25 0.1026
825 60 17 19 0.1012
440 122 18 22 0.0997
170 37 20 26 0.0943
25 0 21 17 0.0927
989 19 18 21 0.0896
0 172 7 26 0.0865
935 61 15 15 0.0851
118 25 15 20 0.0777
356 32 15 17 0.0724
7 77 21 28 0.0692
260 13 17 23 0.0692
41 35 20 25 0.0672
273 82 21 25 0.0639
834 85 22 25 0.0636
812 173 17 18 0.0626
838 29 15 17 0.0621
9 83 19 25 0.0607
808 173 17 18 0.0603
471 69 17 23 0.0593
824 62 18 20 0.0559
348 73 20 25 0.0558
532 0 21 23 0.0536
329 56 16 20 0.0518
256 117 21 30 0.0516
716 42 17 21 0.0514
963 56 19 23 0.0506
419 46 20 25 0.0482
325 33 16 25 0.0478
289 127 19 28 0.0471
434 122 21 24 0.0452
1017 110 7 15 0.0446
0 2 10 22 0.0433
66 170 22 32 0.0432
387 194 18 24 0.0423
65 61 19 23 0.0419
972 21 15 19 0.0417
785 97 18 21 0.0405
996 44 19 22 0.0399
946 36 15 18 0.0387
0 78 14 26 0.0385
30 0 21 17 0.0384
939 59 15 17 0.0363
685 76 17 21 0.0340
142 5 20 26 0.0322
0 34 7 24 0.0322
940 61 15 19 0.0317
147 0 23 26 0.0315
514 83 22 26 0.0313
426 163 20 25 0.0306
159 1 17 20 0.0302
883 81 18 21 0.0297
719 47 16 20 0.0292
402 7 18 21 0.0285
808 176 18 19 0.0281
5 78 19 28 0.0278
800 37 14 17 0.0273
1014 21 10 21 0.0268
888 81 18 21 0.0266
0 83 11 23 0.0266
1011 18 13 21 0.0265
796 35 14 17 0.0264
0 29 5 25 0.0252
595 8 18 21 0.0250
426 8 19 23 0.0242
800 35 13 16 0.0238
500 0 17 9 0.0237
992 19 19 22 0.0233
268 82 23 26 0.0225
189 0 18 13 0.0223
1018 112 6 19 0.0218
821 11 17 21 0.0211
855 87 17 19 0.0209
722 69 18 22 0.0207
960 95 20 25 0.0206
789 87 17 18 0.0200
769 12 17 19 0.0199
423 55 19 24 0.0199
258 90 24 27 0.0197
774 12 16 17 0.0194
347 7 14 16 0.0191
797 36 17 19 0.0188
101 84 23 30 0.0183
994 78 17 19 0.0177
334 113 17 23 0.0175
136 5 19 23 0.0174
812 176 20 20 0.0173
846 29 16 19 0.0170
73 64 19 24 0.0166
37 21 20 22 0.0166
595 9 16 20 0.0164
357 35 17 20 0.0164
326 30 14 21 0.0164
1017 161 7 24 0.0164
106 35 20 25 0.0162
331 0 15 12 0.0157
605 6 12 18 0.0156
330 58 15 21 0.0156
24 79 23 28 0.0156
818 41 15 17 0.0154
219 71 23 30 0.0152
331 0 13 9 0.0151
820 131 16 19 0.0150
348 9 15 18 0.0146
417 53 20 25 0.0145
266 91 24 30 0.0144
718 69 17 23 0.0143
155 3 19 23 0.0140
932 14 13 20 0.0140
933 12 14 21 0.0139
278 126 19 28 0.0138
987 2 13 14 0.0137
437 131 22 26 0.0136
79 0 16 19 0.0136
751 72 18 20 0.0136
1000 38 16 18 0.0136
64 57 17 20 0.0136
504 0 16 9 0.0135
996 100 14 17 0.0129
23 0 20 14 0.0128
908 58 15 16 0.0127
843 33 17 18 0.0127
320 30 16 24 0.0126
932 61 16 17 0.0125
396 177 17 21 0.0124
691 48 16 19 0.0123
118 23 13 17 0.0123
0 5 9 24 0.0122
876 152 18 23 0.0121
291 131 20 27 0.0121
1016 156 8 24 0.0121
12 36 19 20 0.0121
926 88 19 21 0.0120
1 173 12 28 0.0119
847 30 13 16 0.0119
1001 41 14 17 0.0118
109 85 20 29 0.0116
682 76 17 20 0.0115
825 60 18 21 0.0112
690 44 16 19 0.0110
314 34 18 25 0.0110
503 132 19 22 0.0107
886 84 18 21 0.0107
574 0 18 19 0.0105
82 0 18 20 0.0105
264 86 19 23 0.0104
382 196 22 25 0.0103
430 160 19 23 0.0102
350 5 15 17 0.0101
