58_Hockey_icehockey_puck_58_940
24
697 292 31 33 0.8413
421 318 40 38 0.8256
824 263 31 33 0.8240
255 221 11 14 0.4205
253 222 10 13 0.3215
824 263 32 33 0.1110
969 235 5 6 0.0420
695 233 7 8 0.0336
972 235 5 6 0.0320
332 207 6 7 0.0282
496 218 4 6 0.0278
499 218 5 6 0.0241
693 233 6 8 0.0214
697 232 7 9 0.0186
335 208 6 6 0.0183
973 236 4 6 0.0179
286 198 6 6 0.0169
498 217 4 6 0.0151
495 217 5 6 0.0150
970 236 4 6 0.0147
300 205 6 7 0.0132
290 198 5 6 0.0124
779 373 14 16 0.0109
288 211 7 7 0.0104
