58_Hockey_icehockey_puck_58_290
47
62 17 26 35 0.8347
423 63 24 33 0.8259
492 62 22 31 0.8203
660 36 23 30 0.8180
302 80 23 34 0.8160
561 43 24 31 0.8132
808 20 24 26 0.8118
125 24 23 25 0.8019
864 0 23 27 0.8005
363 0 23 27 0.7978
360 70 23 34 0.7942
101 113 23 27 0.7932
915 0 22 23 0.7858
493 470 23 36 0.7803
45 179 19 25 0.7754
325 343 30 37 0.7511
3 126 22 31 0.7422
32 33 19 32 0.7138
603 41 18 27 0.6606
180 16 21 23 0.6554
744 32 23 30 0.6423
244 9 24 24 0.4160
742 1 19 24 0.3339
908 233 23 24 0.3175
605 41 18 27 0.2813
910 233 23 24 0.2552
242 9 24 24 0.2439
743 32 23 30 0.1656
182 16 20 23 0.0651
29 34 19 31 0.0599
745 1 21 26 0.0407
247 11 23 24 0.0313
0 2 8 30 0.0245
730 250 15 28 0.0216
0 40 9 28 0.0179
740 0 18 21 0.0167
243 10 25 24 0.0156
204 79 20 22 0.0153
159 80 22 30 0.0149
310 186 16 21 0.0147
505 163 19 23 0.0140
313 186 17 22 0.0136
162 87 22 26 0.0129
247 25 22 26 0.0128
732 254 17 28 0.0127
12 3 21 29 0.0112
733 250 24 31 0.0103
