58_Hockey_icehockey_puck_58_493
31
473 93 70 83 0.8882
317 178 68 82 0.8530
113 130 36 44 0.8494
656 53 31 43 0.8474
239 104 38 51 0.8449
776 142 37 40 0.8404
252 42 35 46 0.8375
611 141 34 44 0.8355
110 12 29 40 0.8345
441 53 28 39 0.8331
905 127 36 41 0.8319
719 0 31 33 0.8222
809 0 31 33 0.8137
348 0 35 25 0.8133
0 113 14 46 0.8133
228 0 31 29 0.8124
598 0 35 34 0.7994
484 0 33 31 0.7880
1 0 36 33 0.7786
160 129 31 36 0.7580
751 60 32 40 0.7053
452 358 102 117 0.1820
876 23 19 22 0.0634
936 19 29 31 0.0564
1011 127 13 38 0.0469
1013 131 11 35 0.0426
873 23 19 22 0.0413
875 21 19 20 0.0200
751 76 30 33 0.0130
1007 125 17 43 0.0120
304 0 25 22 0.0110
