58_Hockey_icehockey_puck_58_113
73
82 41 27 31 0.8108
519 55 48 57 0.7889
309 130 46 52 0.7746
995 99 28 37 0.7234
659 54 24 26 0.6905
276 39 23 25 0.5230
185 44 20 21 0.4919
226 44 19 19 0.4627
395 50 20 22 0.4604
316 45 19 21 0.4579
841 0 25 27 0.4462
489 53 16 21 0.3656
445 48 16 19 0.2863
518 55 48 57 0.2819
245 18 12 13 0.2430
492 54 16 20 0.2211
4 29 21 23 0.2116
275 30 23 24 0.1994
248 19 11 13 0.1501
365 50 18 20 0.1378
361 49 19 21 0.1268
182 44 19 20 0.1218
363 47 19 21 0.1197
955 2 23 29 0.1146
446 49 17 20 0.1092
433 49 18 21 0.0989
360 46 18 22 0.0982
135 52 18 19 0.0840
1 29 20 24 0.0805
134 49 16 18 0.0704
846 1 22 26 0.0684
958 5 25 30 0.0674
434 36 13 15 0.0640
419 22 16 18 0.0563
316 48 21 22 0.0551
431 47 17 22 0.0536
958 2 28 32 0.0509
129 51 20 21 0.0463
1018 127 6 32 0.0452
392 49 19 22 0.0441
188 48 19 20 0.0435
225 38 18 20 0.0354
963 7 25 29 0.0348
488 51 15 19 0.0305
371 31 18 19 0.0285
227 48 20 21 0.0285
231 41 17 19 0.0283
130 49 16 18 0.0279
1018 131 6 33 0.0254
284 41 18 22 0.0247
223 43 17 19 0.0238
273 39 20 23 0.0235
1 21 15 18 0.0220
953 3 14 23 0.0204
2 29 22 27 0.0167
451 49 13 17 0.0145
309 50 21 21 0.0141
244 18 10 12 0.0140
313 41 19 22 0.0137
323 45 15 19 0.0136
243 19 10 13 0.0126
492 51 15 18 0.0122
379 31 18 19 0.0120
428 32 15 17 0.0120
438 41 19 22 0.0120
400 51 18 20 0.0118
276 27 20 19 0.0116
405 31 17 18 0.0115
311 46 18 20 0.0115
272 31 19 21 0.0108
279 48 20 21 0.0105
242 18 12 15 0.0104
953 4 24 29 0.0102
