58_Hockey_icehockey_puck_58_469
121
369 240 37 41 0.8270
550 215 35 38 0.8242
305 54 16 20 0.7534
164 82 19 21 0.7505
101 82 20 24 0.7324
89 0 17 20 0.7242
647 113 19 21 0.7213
216 58 20 22 0.7035
23 84 22 24 0.6824
621 111 21 22 0.6636
499 20 14 18 0.6501
332 72 21 24 0.6463
8 43 17 22 0.6430
576 104 17 21 0.6402
869 114 16 20 0.6050
551 140 19 22 0.5710
831 116 16 19 0.5552
739 135 16 19 0.5547
70 92 18 22 0.5488
398 85 21 23 0.5454
482 87 18 21 0.5390
135 12 16 19 0.4732
257 46 16 20 0.4686
783 154 16 21 0.4661
416 24 17 22 0.4513
467 13 16 19 0.4348
338 112 17 19 0.4017
890 65 15 19 0.3929
886 65 16 19 0.3874
464 12 17 20 0.3700
786 155 15 20 0.3647
866 157 13 18 0.3611
358 61 15 18 0.3610
360 61 16 19 0.3597
905 166 13 18 0.3587
685 21 16 19 0.3513
723 20 16 21 0.3420
862 156 14 20 0.3381
413 24 17 22 0.3332
840 159 14 19 0.3322
162 28 16 20 0.3242
523 161 20 21 0.3145
901 166 14 18 0.2752
623 0 14 9 0.2752
837 159 13 19 0.2720
67 92 19 23 0.2683
681 21 17 19 0.2666
555 140 17 21 0.2537
720 20 16 20 0.2526
132 11 16 20 0.2522
334 111 18 20 0.2254
924 152 17 19 0.2236
331 72 21 23 0.2218
949 73 14 19 0.2057
951 74 15 18 0.2027
954 73 13 18 0.1848
620 111 20 22 0.1709
480 87 18 21 0.1475
526 162 19 21 0.1471
397 85 20 23 0.1335
262 46 14 19 0.1266
336 112 18 20 0.1259
258 46 17 21 0.1245
620 0 14 9 0.1224
529 161 17 20 0.1220
928 153 16 18 0.1185
478 87 18 22 0.1152
741 137 16 19 0.1115
682 23 17 18 0.1106
922 149 17 20 0.1092
336 72 19 21 0.1045
400 85 19 22 0.0999
340 112 17 19 0.0978
721 21 15 20 0.0946
956 74 12 18 0.0929
808 162 12 15 0.0917
401 85 19 23 0.0846
580 105 16 19 0.0735
927 149 16 20 0.0627
158 28 17 20 0.0601
866 112 16 21 0.0593
28 83 20 24 0.0561
718 297 30 31 0.0509
812 162 10 15 0.0482
503 20 12 17 0.0481
855 14 14 15 0.0420
240 31 12 16 0.0411
363 60 14 18 0.0400
923 118 13 15 0.0394
713 306 26 29 0.0314
826 116 15 18 0.0310
285 124 14 15 0.0309
948 173 14 16 0.0277
236 31 13 15 0.0269
837 116 13 18 0.0225
618 111 20 23 0.0205
11 45 17 21 0.0202
290 124 12 15 0.0200
5 43 16 22 0.0196
106 82 17 22 0.0184
714 5 13 15 0.0178
716 300 33 33 0.0175
865 115 15 18 0.0174
238 103 18 20 0.0165
583 0 15 8 0.0154
736 134 15 20 0.0154
644 113 18 21 0.0150
283 128 17 18 0.0141
608 19 17 19 0.0135
530 164 18 19 0.0132
915 173 16 18 0.0124
725 21 15 20 0.0123
579 0 15 8 0.0122
112 5 15 17 0.0120
852 15 12 14 0.0111
852 10 16 17 0.0110
725 294 31 32 0.0106
927 118 12 15 0.0104
952 173 13 16 0.0103
827 113 17 20 0.0102
736 139 15 17 0.0100
