58_Hockey_icehockey_puck_58_835
24
247 243 33 42 0.8678
161 399 38 46 0.8670
624 196 27 34 0.8662
310 412 35 44 0.8628
356 238 34 44 0.8626
51 304 37 51 0.8597
559 402 36 51 0.8592
438 410 37 50 0.8590
149 243 32 42 0.8586
701 404 37 44 0.8574
357 178 31 37 0.8567
597 246 32 38 0.8563
853 406 36 48 0.8555
768 254 31 44 0.8544
217 180 31 38 0.8522
675 249 31 40 0.8507
514 241 32 37 0.8499
445 237 32 41 0.8490
551 184 30 34 0.8486
450 180 29 34 0.8454
874 311 31 35 0.8425
760 212 28 36 0.8389
290 175 30 40 0.8382
692 200 28 35 0.8254
