58_Hockey_icehockey_puck_58_680
345
564 329 35 42 0.8691
891 367 39 43 0.8670
370 320 37 44 0.8638
564 245 35 38 0.8632
774 346 37 39 0.8626
332 238 36 43 0.8617
839 208 35 41 0.8612
256 343 36 46 0.8537
671 356 35 40 0.8497
752 219 34 37 0.8495
436 229 33 37 0.8482
224 198 38 43 0.8417
623 255 34 36 0.8356
549 193 33 35 0.8347
288 328 30 44 0.8240
695 241 31 33 0.8184
259 177 27 36 0.7984
471 324 37 40 0.7919
94 171 38 49 0.7745
804 150 15 20 0.7561
703 150 14 18 0.7339
944 227 32 33 0.7239
791 124 14 18 0.7170
513 112 15 17 0.7088
704 119 15 17 0.7014
688 190 16 17 0.6814
472 324 36 40 0.6759
984 174 14 17 0.6724
627 57 13 16 0.6612
245 132 16 18 0.6295
640 191 15 16 0.6245
435 132 13 15 0.6233
741 118 13 17 0.6152
230 81 14 16 0.6005
675 59 14 17 0.5907
626 138 12 16 0.5790
423 112 13 15 0.5744
834 126 14 17 0.5665
578 93 14 17 0.5651
485 153 13 15 0.5459
936 165 13 16 0.5290
625 0 14 10 0.5207
1001 43 15 18 0.5170
770 20 13 16 0.5023
464 111 15 19 0.4999
792 50 11 14 0.4976
371 104 14 17 0.4966
920 22 13 15 0.4939
450 16 13 15 0.4886
982 25 13 15 0.4804
643 142 15 18 0.4779
303 139 13 15 0.4758
308 18 12 15 0.4715
579 131 14 16 0.4662
704 25 11 14 0.4643
546 147 14 17 0.4633
730 64 13 14 0.4541
217 129 12 13 0.4533
891 135 13 16 0.4504
956 126 13 16 0.4493
447 96 12 15 0.4477
379 131 14 17 0.4325
176 52 13 14 0.4317
23 103 12 15 0.4309
949 59 13 15 0.4271
319 0 13 8 0.4265
376 131 15 17 0.4171
670 2 13 16 0.4160
897 58 12 16 0.4114
561 26 12 14 0.4110
538 112 14 15 0.4091
836 27 12 13 0.4087
832 40 14 15 0.4077
401 76 12 14 0.3910
888 135 13 16 0.3906
343 31 12 15 0.3894
646 142 14 18 0.3894
926 78 14 17 0.3825
971 139 15 17 0.3792
117 79 12 15 0.3789
543 147 14 17 0.3781
672 2 13 16 0.3715
467 110 14 20 0.3672
335 142 12 16 0.3580
515 0 14 13 0.3485
599 0 13 8 0.3483
49 39 13 14 0.3455
368 104 14 17 0.3450
271 133 11 12 0.3444
1003 43 15 18 0.3399
300 139 13 15 0.3334
318 191 17 22 0.3302
419 36 12 14 0.3284
924 9 11 13 0.3267
580 3 14 15 0.3254
558 26 12 14 0.3221
789 50 11 15 0.3210
525 46 11 14 0.3182
590 58 12 14 0.3159
953 126 13 16 0.3153
582 131 13 16 0.3125
361 25 11 14 0.3120
114 79 13 15 0.3103
736 191 15 19 0.3098
854 0 17 11 0.3054
834 40 13 15 0.3034
20 103 12 15 0.2983
733 191 15 19 0.2928
340 31 12 15 0.2923
519 0 13 13 0.2825
702 25 11 14 0.2813
105 47 13 16 0.2811
868 154 13 16 0.2786
416 36 12 14 0.2674
952 59 11 15 0.2653
979 25 13 15 0.2605
299 80 13 15 0.2579
624 138 11 15 0.2536
501 25 13 13 0.2526
404 76 12 14 0.2499
307 103 11 14 0.2492
927 8 11 13 0.2452
773 20 13 16 0.2440
445 96 11 15 0.2383
501 30 13 16 0.2349
364 25 11 14 0.2327
929 78 14 17 0.2326
337 141 12 17 0.2320
315 190 18 22 0.2316
839 27 11 13 0.2299
470 63 13 16 0.2175
581 93 13 17 0.2147
173 52 13 14 0.2134
453 16 12 14 0.2083
303 80 12 15 0.2066
274 133 11 12 0.2065
582 3 14 14 0.2060
426 112 13 15 0.2004
306 18 11 14 0.1993
673 59 13 17 0.1950
929 77 13 17 0.1928
733 64 12 14 0.1919
408 5 12 14 0.1899
22 0 12 7 0.1846
248 133 15 17 0.1813
317 0 11 8 0.1741
939 166 13 15 0.1686
2 71 13 15 0.1658
19 0 12 7 0.1643
222 0 13 8 0.1624
597 0 12 7 0.1590
0 38 6 13 0.1572
900 59 10 15 0.1562
302 79 12 15 0.1544
837 126 14 17 0.1540
215 129 11 13 0.1489
405 5 11 14 0.1470
522 46 11 13 0.1467
578 0 14 15 0.1456
225 0 12 7 0.1381
926 78 13 16 0.1365
738 139 13 16 0.1325
917 21 13 16 0.1278
848 166 13 14 0.1265
299 79 12 14 0.1248
108 47 13 16 0.1233
623 0 13 9 0.1211
311 18 11 15 0.1181
870 154 14 17 0.1126
304 102 11 14 0.1123
588 38 12 14 0.1113
270 133 10 11 0.1104
505 25 11 13 0.1015
593 59 11 13 0.1002
339 141 12 16 0.0963
484 153 12 15 0.0958
625 57 12 16 0.0941
738 117 14 18 0.0932
51 41 13 15 0.0923
542 112 13 14 0.0890
973 142 15 17 0.0889
733 0 11 9 0.0858
464 36 11 14 0.0812
275 270 33 35 0.0794
468 63 12 15 0.0793
393 21 10 12 0.0776
735 139 13 16 0.0759
848 174 15 17 0.0724
396 21 11 13 0.0721
546 129 12 14 0.0719
851 166 12 14 0.0717
735 192 15 19 0.0707
54 70 11 12 0.0703
564 113 11 12 0.0696
449 15 12 15 0.0687
228 81 12 16 0.0687
548 131 12 13 0.0684
107 42 11 12 0.0667
894 58 12 15 0.0667
528 46 10 13 0.0663
5 71 13 14 0.0663
339 142 12 16 0.0627
48 39 12 14 0.0625
587 58 11 13 0.0623
350 135 12 16 0.0617
118 79 12 14 0.0605
433 132 12 15 0.0596
1013 0 11 7 0.0591
110 42 11 11 0.0569
788 124 14 18 0.0560
731 21 11 13 0.0550
852 0 15 10 0.0540
232 152 14 14 0.0537
736 0 11 9 0.0517
362 28 12 13 0.0509
57 70 10 12 0.0509
468 37 11 13 0.0496
504 31 12 15 0.0491
704 70 11 13 0.0490
218 130 13 14 0.0486
642 193 15 15 0.0477
563 0 12 9 0.0471
215 12 11 13 0.0448
596 0 12 10 0.0443
371 243 19 26 0.0435
309 105 11 12 0.0431
274 132 9 12 0.0414
516 112 14 17 0.0414
586 38 11 13 0.0411
279 269 32 35 0.0393
220 127 11 14 0.0393
115 80 11 14 0.0386
733 65 12 15 0.0384
504 0 12 11 0.0382
488 153 12 14 0.0367
392 136 12 15 0.0365
393 97 12 16 0.0353
212 11 11 14 0.0351
735 143 14 16 0.0349
738 118 13 17 0.0349
851 175 15 17 0.0345
258 146 13 14 0.0338
976 140 13 14 0.0337
735 21 10 13 0.0336
544 130 12 14 0.0333
49 43 11 13 0.0328
546 130 13 15 0.0305
366 28 11 13 0.0301
982 174 13 16 0.0296
589 40 12 14 0.0288
315 0 13 12 0.0284
669 81 10 12 0.0283
706 25 11 13 0.0276
363 26 12 14 0.0266
885 102 13 16 0.0264
739 143 13 15 0.0264
852 0 15 13 0.0250
592 56 12 15 0.0249
34 70 12 13 0.0245
232 13 11 13 0.0242
704 49 12 15 0.0241
178 54 12 13 0.0241
837 40 12 15 0.0238
305 105 10 12 0.0233
233 81 12 15 0.0233
52 67 11 13 0.0233
541 110 13 14 0.0232
310 102 11 14 0.0231
421 112 12 15 0.0231
322 0 11 8 0.0219
405 3 13 14 0.0218
737 192 16 20 0.0216
375 244 19 24 0.0213
704 82 12 16 0.0212
498 27 12 14 0.0211
246 64 11 14 0.0208
402 110 12 14 0.0204
261 146 12 14 0.0198
228 79 13 17 0.0197
268 133 11 14 0.0197
235 13 11 12 0.0192
32 70 11 13 0.0190
701 70 10 13 0.0190
397 0 13 12 0.0189
925 7 12 13 0.0184
887 105 13 15 0.0181
677 106 13 15 0.0181
712 54 11 15 0.0181
591 39 11 12 0.0179
515 0 14 14 0.0178
671 81 10 12 0.0177
900 57 11 14 0.0173
621 0 15 12 0.0172
867 26 11 13 0.0170
730 0 12 10 0.0164
107 49 13 16 0.0161
222 31 11 11 0.0160
53 38 12 14 0.0159
393 24 11 13 0.0158
864 26 11 13 0.0156
249 65 10 12 0.0152
1005 9 12 15 0.0146
575 3 13 13 0.0144
409 96 12 14 0.0144
34 65 12 15 0.0142
728 24 10 13 0.0140
374 104 12 15 0.0140
629 57 12 15 0.0140
215 131 11 12 0.0139
866 154 12 15 0.0138
889 102 12 16 0.0136
196 124 11 12 0.0134
728 62 11 14 0.0134
393 0 11 10 0.0134
559 0 12 8 0.0133
1009 9 11 15 0.0131
393 103 12 14 0.0129
542 125 13 16 0.0129
701 52 12 14 0.0128
312 106 10 12 0.0127
685 190 15 17 0.0126
56 68 10 12 0.0126
465 40 12 14 0.0124
225 30 10 11 0.0119
523 44 11 13 0.0116
394 1 13 13 0.0114
313 192 16 20 0.0114
444 99 13 16 0.0114
848 176 18 19 0.0113
409 4 11 13 0.0113
873 153 14 16 0.0112
777 150 11 13 0.0108
578 130 12 16 0.0108
417 33 12 14 0.0108
484 81 11 14 0.0105
676 104 12 15 0.0105
714 53 12 16 0.0104
883 177 13 15 0.0103
700 50 11 14 0.0103
947 60 11 14 0.0103
107 52 11 13 0.0102
500 0 12 12 0.0102
472 65 15 18 0.0102
480 81 11 14 0.0101
433 130 13 16 0.0101
