58_Hockey_icehockey_puck_58_926
23
567 104 58 70 0.8552
879 48 54 71 0.8497
219 218 58 70 0.8476
349 10 58 72 0.8468
936 270 55 74 0.8227
397 317 59 73 0.8113
609 376 64 71 0.8070
462 193 50 72 0.7765
952 128 62 95 0.1899
611 251 47 59 0.1254
189 311 39 60 0.1254
461 193 50 72 0.0764
609 247 51 65 0.0647
605 469 54 62 0.0559
181 312 43 58 0.0370
548 311 62 79 0.0320
817 392 45 66 0.0313
607 470 52 60 0.0234
617 253 44 55 0.0153
86 260 48 64 0.0148
817 395 45 63 0.0129
91 262 48 60 0.0120
610 248 52 64 0.0112
