58_Hockey_icehockey_puck_58_753
80
881 383 63 81 0.8113
178 541 54 80 0.7807
894 185 21 29 0.6272
766 157 15 20 0.4761
524 153 12 16 0.3129
557 288 22 32 0.3065
559 290 23 33 0.2786
336 481 28 50 0.2566
519 347 30 55 0.2412
1004 156 19 26 0.2393
170 108 12 13 0.2372
1001 155 19 28 0.2153
246 81 7 9 0.1955
249 81 8 9 0.1951
558 352 28 49 0.1909
740 227 26 32 0.1833
174 108 11 13 0.1800
824 239 19 19 0.1425
169 106 12 14 0.1403
173 106 12 14 0.1341
744 226 28 34 0.1297
819 239 19 19 0.1255
898 185 21 30 0.1196
763 156 15 20 0.1191
521 153 12 16 0.1065
447 118 11 13 0.1045
248 82 7 9 0.0916
332 482 26 48 0.0727
443 117 10 14 0.0724
450 120 11 13 0.0690
762 157 14 21 0.0687
563 351 26 51 0.0674
816 242 25 27 0.0667
988 218 33 46 0.0629
453 117 12 14 0.0534
931 135 21 25 0.0524
522 348 32 53 0.0523
563 287 23 32 0.0497
446 120 9 13 0.0402
738 223 24 35 0.0398
943 145 22 25 0.0368
455 121 11 13 0.0352
251 82 7 9 0.0345
934 141 21 24 0.0340
713 329 39 40 0.0328
244 81 7 8 0.0326
527 152 12 16 0.0325
708 328 35 41 0.0288
559 295 24 36 0.0286
520 153 14 18 0.0265
769 155 15 21 0.0252
819 235 24 25 0.0251
937 131 24 30 0.0247
1000 153 16 24 0.0240
1018 336 6 49 0.0228
565 290 23 33 0.0220
988 212 36 53 0.0218
526 156 13 15 0.0213
245 81 8 10 0.0212
707 335 38 45 0.0210
987 213 31 45 0.0206
244 83 8 9 0.0201
952 146 17 23 0.0198
931 193 18 30 0.0164
944 152 19 23 0.0156
1019 340 5 51 0.0151
706 322 42 51 0.0149
940 121 21 26 0.0148
822 241 25 27 0.0146
374 453 33 52 0.0139
1009 160 15 31 0.0139
754 229 27 32 0.0135
552 288 20 31 0.0127
712 334 42 43 0.0126
1004 153 17 25 0.0124
999 159 22 32 0.0118
554 292 21 32 0.0113
703 316 37 50 0.0110
565 354 26 49 0.0107
702 326 28 44 0.0101
