58_Hockey_icehockey_puck_58_245
24
199 226 33 41 0.8645
900 166 31 43 0.8641
613 195 28 39 0.8631
100 190 33 35 0.8629
437 194 31 42 0.8625
528 99 30 40 0.8617
103 95 32 39 0.8599
680 289 29 40 0.8598
253 203 30 41 0.8583
611 71 29 37 0.8580
409 81 31 40 0.8572
353 206 28 38 0.8570
840 198 28 38 0.8558
882 46 30 37 0.8555
280 78 30 38 0.8554
811 54 29 36 0.8545
473 116 30 37 0.8543
199 120 30 37 0.8537
153 75 31 35 0.8517
677 54 30 39 0.8504
734 63 28 39 0.8479
611 364 30 41 0.8436
381 104 29 37 0.7821
381 104 29 37 0.1016
