58_Hockey_icehockey_puck_58_507
40
724 112 59 75 0.8586
851 215 62 77 0.8448
463 67 33 40 0.8133
412 104 38 44 0.7975
290 45 19 22 0.5375
653 218 46 69 0.3013
354 55 16 20 0.1636
142 16 18 21 0.1211
349 55 17 20 0.0782
146 16 18 21 0.0684
371 34 13 15 0.0667
231 73 20 20 0.0427
372 45 14 17 0.0397
352 53 15 21 0.0383
395 60 15 19 0.0365
656 217 43 66 0.0354
206 12 15 19 0.0348
169 17 13 19 0.0318
234 72 21 22 0.0295
496 29 13 15 0.0288
357 27 13 15 0.0269
649 220 45 63 0.0256
518 101 37 46 0.0229
139 12 19 23 0.0219
521 100 38 46 0.0215
394 52 15 20 0.0211
283 37 15 17 0.0204
286 46 19 21 0.0196
407 22 15 19 0.0192
210 12 15 19 0.0141
360 31 14 16 0.0140
495 140 46 47 0.0139
265 47 16 18 0.0131
1018 6 6 16 0.0130
471 22 16 18 0.0122
367 73 20 23 0.0121
494 29 11 14 0.0118
167 14 14 21 0.0116
346 52 17 21 0.0111
297 46 15 20 0.0106
