58_Hockey_icehockey_puck_58_285
41
567 171 36 47 0.8420
291 148 30 33 0.8276
430 128 31 35 0.8082
960 266 51 49 0.7665
569 94 20 24 0.7319
37 129 24 24 0.6285
785 82 13 16 0.3270
788 82 13 16 0.2667
40 129 23 24 0.2568
318 93 7 9 0.2417
321 93 7 9 0.2209
959 266 53 50 0.2149
784 81 12 15 0.1396
788 81 12 15 0.1255
613 170 18 22 0.0991
802 69 12 14 0.0658
322 94 7 9 0.0494
854 66 7 10 0.0443
804 71 12 13 0.0434
318 95 8 9 0.0419
999 79 9 12 0.0406
996 79 9 12 0.0390
35 88 5 6 0.0380
857 66 8 10 0.0335
800 70 11 14 0.0319
567 94 19 24 0.0310
34 87 5 6 0.0301
31 87 5 6 0.0291
32 88 5 6 0.0281
425 114 7 7 0.0199
428 114 7 8 0.0161
829 77 8 12 0.0151
769 84 8 11 0.0142
765 85 8 10 0.0131
884 52 11 14 0.0126
318 92 7 9 0.0125
840 86 8 10 0.0123
843 85 8 11 0.0120
610 168 17 23 0.0116
767 83 9 11 0.0114
1001 81 8 11 0.0101
