58_Hockey_icehockey_puck_58_553
35
913 232 24 27 0.8098
481 212 18 25 0.7541
142 181 18 21 0.7078
567 169 13 17 0.3458
570 169 13 17 0.3445
858 186 10 15 0.1833
857 184 10 15 0.1773
568 170 14 17 0.1456
855 186 10 15 0.0679
725 156 4 5 0.0635
728 156 4 5 0.0609
855 184 10 14 0.0533
855 186 10 14 0.0333
726 155 5 5 0.0318
695 157 4 5 0.0264
724 154 4 6 0.0233
692 157 4 5 0.0233
656 151 4 5 0.0231
957 162 4 6 0.0220
479 213 17 23 0.0204
943 158 4 5 0.0203
960 162 5 6 0.0185
861 184 8 13 0.0185
854 155 5 5 0.0183
851 155 5 6 0.0182
571 170 13 17 0.0173
940 156 4 6 0.0166
658 152 4 5 0.0163
693 156 4 5 0.0156
655 153 4 5 0.0142
654 150 4 5 0.0122
659 150 4 5 0.0119
861 186 9 15 0.0115
93 170 10 12 0.0110
23 250 16 16 0.0108
