58_Hockey_icehockey_puck_58_262
487
538 249 13 16 0.6130
51 328 13 17 0.6028
551 227 12 15 0.5991
347 273 12 16 0.5951
322 330 13 16 0.5602
323 352 12 17 0.5472
385 239 12 16 0.5336
349 249 13 16 0.5173
322 410 13 18 0.5173
206 237 11 16 0.4864
780 488 15 18 0.4794
566 213 10 15 0.4771
471 255 13 16 0.4768
323 237 11 15 0.4704
204 332 13 19 0.4314
427 204 13 14 0.4283
471 186 11 15 0.4260
774 84 9 12 0.4200
268 320 14 18 0.4148
271 321 13 17 0.4145
720 45 9 11 0.4098
746 72 10 13 0.4058
693 50 9 12 0.3906
468 186 11 15 0.3903
798 81 10 12 0.3868
833 74 11 13 0.3819
431 204 12 15 0.3768
762 46 9 12 0.3656
754 23 9 11 0.3640
788 47 10 13 0.3550
206 333 14 18 0.3491
631 70 8 11 0.3457
756 23 10 11 0.3454
560 46 8 10 0.3449
25 49 9 13 0.3418
494 50 9 11 0.3377
863 92 10 12 0.3375
182 52 9 10 0.3346
497 50 9 11 0.3344
22 49 9 13 0.3335
634 71 8 10 0.3326
777 84 9 12 0.3295
251 49 9 11 0.3252
556 45 9 11 0.3207
835 6 8 10 0.3206
791 47 10 13 0.3203
352 249 12 15 0.3165
723 45 9 11 0.3160
749 72 10 13 0.3153
447 74 9 11 0.3128
765 46 9 13 0.3095
325 236 12 16 0.3053
801 81 9 12 0.3029
320 410 13 18 0.3009
444 74 9 11 0.2980
468 255 13 16 0.2944
185 51 9 11 0.2883
777 487 15 19 0.2863
624 39 9 11 0.2852
696 50 9 12 0.2838
627 39 9 11 0.2825
569 213 10 14 0.2799
703 0 9 7 0.2798
836 74 10 13 0.2756
700 0 9 7 0.2751
388 239 10 15 0.2721
727 0 8 8 0.2616
719 82 9 12 0.2610
641 13 9 11 0.2606
730 0 8 8 0.2606
538 8 8 10 0.2586
639 13 8 11 0.2573
716 82 9 12 0.2542
242 44 7 10 0.2538
866 92 9 12 0.2514
784 235 14 14 0.2490
502 22 8 10 0.2480
857 29 9 10 0.2477
869 0 9 9 0.2474
867 0 8 9 0.2419
966 93 9 11 0.2377
809 0 8 7 0.2374
983 2 9 12 0.2365
837 6 8 11 0.2336
566 22 9 10 0.2302
531 30 8 11 0.2288
879 72 8 12 0.2283
969 93 9 11 0.2269
529 31 8 10 0.2247
327 352 11 17 0.2215
770 6 9 10 0.2200
181 14 8 9 0.2194
239 44 7 10 0.2181
535 8 8 10 0.2180
775 25 9 11 0.2118
2 32 9 10 0.2111
326 331 11 15 0.2083
268 56 7 9 0.2078
648 40 8 11 0.2056
499 22 8 10 0.2047
677 40 10 12 0.2041
980 2 9 12 0.2031
966 93 9 12 0.2005
342 1 8 9 0.2001
970 93 8 12 0.1992
52 51 9 10 0.1985
651 40 8 11 0.1950
204 237 10 15 0.1911
369 36 8 10 0.1907
339 1 8 9 0.1900
265 56 7 9 0.1897
882 72 8 12 0.1877
365 36 9 10 0.1860
778 25 8 11 0.1826
669 18 8 9 0.1816
608 18 8 10 0.1791
659 67 9 11 0.1786
611 17 9 10 0.1774
662 67 9 11 0.1769
660 68 9 11 0.1759
807 0 8 7 0.1757
265 55 8 10 0.1735
855 30 9 10 0.1723
528 30 8 10 0.1712
259 11 7 9 0.1703
859 29 8 11 0.1694
664 68 9 11 0.1650
605 69 9 11 0.1629
592 47 8 10 0.1611
184 13 8 10 0.1573
220 9 8 10 0.1554
208 24 8 10 0.1500
262 11 7 9 0.1497
578 32 8 9 0.1477
49 50 9 12 0.1465
208 237 11 15 0.1463
33 18 7 10 0.1418
1 31 7 10 0.1407
233 24 7 10 0.1393
611 16 8 10 0.1390
36 18 7 10 0.1376
603 67 9 11 0.1364
780 0 8 8 0.1364
102 309 11 12 0.1329
607 17 9 9 0.1322
218 35 8 10 0.1322
675 40 9 12 0.1305
563 23 9 10 0.1302
531 30 8 10 0.1293
910 87 9 11 0.1292
335 40 8 10 0.1278
570 2 7 8 0.1270
215 35 8 10 0.1267
568 2 7 8 0.1263
768 6 8 9 0.1249
49 328 12 17 0.1219
307 16 8 9 0.1207
667 18 7 9 0.1187
675 42 9 12 0.1177
679 42 9 12 0.1177
309 16 8 10 0.1157
589 47 9 11 0.1150
336 42 8 12 0.1141
218 9 8 10 0.1120
753 3 8 10 0.1119
5 32 8 10 0.1077
980 4 9 10 0.1074
670 2 8 9 0.1058
787 234 15 15 0.1052
350 273 11 16 0.1050
593 47 9 11 0.1050
666 18 8 10 0.1045
673 2 8 9 0.1037
907 87 9 12 0.1036
250 52 8 10 0.1020
787 231 14 16 0.1015
948 0 8 8 0.1007
327 0 8 8 0.1005
32 17 7 10 0.0997
606 67 9 11 0.0996
4 30 8 10 0.0989
653 41 8 10 0.0978
716 81 9 11 0.0969
984 4 8 11 0.0952
305 17 8 10 0.0931
864 93 9 12 0.0925
945 0 8 8 0.0923
180 14 8 9 0.0917
751 4 9 10 0.0912
485 9 8 10 0.0905
754 55 9 11 0.0904
541 248 12 16 0.0891
649 41 8 10 0.0888
156 40 7 9 0.0884
184 16 8 9 0.0876
755 5 9 9 0.0875
482 9 7 10 0.0875
834 6 8 10 0.0872
54 53 8 10 0.0854
740 0 8 9 0.0850
1005 0 7 8 0.0847
333 40 8 10 0.0845
855 28 8 11 0.0840
449 45 9 11 0.0833
643 14 8 10 0.0827
1018 13 6 10 0.0819
670 19 8 9 0.0818
333 43 8 11 0.0810
1009 0 7 7 0.0806
35 17 7 10 0.0797
257 11 8 9 0.0797
153 40 7 9 0.0790
305 15 7 10 0.0790
470 0 8 8 0.0779
625 41 8 11 0.0765
231 24 7 9 0.0753
553 226 11 15 0.0749
467 0 8 9 0.0741
674 3 7 9 0.0737
590 24 8 10 0.0734
42 38 8 11 0.0734
425 43 8 9 0.0716
783 233 14 15 0.0715
48 10 8 9 0.0714
340 3 8 9 0.0698
241 42 8 11 0.0695
512 31 7 9 0.0688
565 17 9 11 0.0680
602 70 9 11 0.0678
911 35 9 11 0.0673
445 47 8 10 0.0667
345 273 11 15 0.0663
50 54 8 9 0.0661
657 2 8 10 0.0655
798 81 9 12 0.0648
628 41 9 10 0.0648
0 11 6 11 0.0647
55 51 9 10 0.0646
607 69 9 10 0.0640
290 78 7 10 0.0633
260 14 7 9 0.0628
448 43 8 9 0.0618
514 0 8 6 0.0616
356 85 7 9 0.0613
100 309 10 12 0.0595
104 311 11 13 0.0582
780 7 9 10 0.0579
368 34 8 9 0.0577
509 31 7 9 0.0577
344 2 7 9 0.0571
668 17 9 10 0.0567
295 1 8 8 0.0563
727 1 8 9 0.0550
867 93 9 11 0.0549
234 23 8 9 0.0533
352 85 7 9 0.0519
866 1 8 10 0.0517
293 0 7 9 0.0515
349 81 7 8 0.0510
287 78 7 10 0.0490
777 0 8 7 0.0488
218 7 8 10 0.0479
568 21 8 10 0.0475
675 42 10 11 0.0473
549 226 12 15 0.0472
1017 53 6 8 0.0471
353 84 7 8 0.0470
157 41 7 9 0.0469
639 15 8 10 0.0467
427 44 8 10 0.0467
234 24 8 10 0.0464
312 10 7 10 0.0464
258 8 7 10 0.0460
240 43 8 11 0.0459
261 13 8 9 0.0456
209 23 8 10 0.0455
598 19 8 9 0.0450
499 21 8 9 0.0450
365 34 8 10 0.0448
570 5 8 10 0.0448
811 0 9 8 0.0447
779 26 8 11 0.0433
837 5 8 10 0.0432
468 3 8 9 0.0424
45 38 8 11 0.0424
266 37 8 10 0.0420
184 53 8 10 0.0418
216 36 8 10 0.0416
831 74 10 13 0.0415
499 22 8 9 0.0406
511 0 7 7 0.0388
238 43 7 10 0.0388
53 329 12 16 0.0383
914 35 9 11 0.0376
106 308 9 12 0.0374
185 14 8 9 0.0370
450 24 8 9 0.0369
731 0 8 9 0.0365
447 23 8 10 0.0358
206 23 8 10 0.0357
807 0 8 6 0.0354
806 0 8 7 0.0349
594 46 8 10 0.0345
446 44 7 9 0.0340
346 80 7 9 0.0334
536 6 8 10 0.0333
325 411 13 17 0.0332
871 1 8 9 0.0331
637 3 8 9 0.0327
54 49 8 10 0.0326
620 0 7 9 0.0325
548 2 8 10 0.0324
623 0 7 8 0.0324
309 14 7 10 0.0323
896 38 9 11 0.0323
704 25 9 11 0.0320
438 88 7 9 0.0317
777 23 9 11 0.0316
650 40 9 11 0.0315
100 312 11 11 0.0315
153 42 7 10 0.0313
751 0 8 8 0.0312
35 17 8 10 0.0311
952 0 8 8 0.0302
642 13 9 10 0.0301
482 5 8 9 0.0299
218 39 7 9 0.0299
180 16 8 10 0.0296
801 80 9 12 0.0293
382 239 12 16 0.0293
590 45 8 10 0.0292
1018 52 6 9 0.0287
656 6 8 9 0.0282
286 18 8 10 0.0279
157 40 7 9 0.0279
689 20 9 10 0.0278
1019 18 5 12 0.0277
595 0 8 6 0.0275
435 88 7 9 0.0273
672 0 8 9 0.0272
446 45 8 9 0.0272
1006 2 7 9 0.0267
140 75 7 9 0.0266
699 0 10 7 0.0264
569 0 8 9 0.0264
620 0 8 7 0.0259
593 0 8 6 0.0259
858 0 8 8 0.0259
287 16 8 9 0.0258
261 9 7 9 0.0257
367 38 8 10 0.0256
371 657 9 19 0.0256
539 11 8 9 0.0255
468 0 9 8 0.0254
257 48 8 10 0.0252
336 39 9 11 0.0252
142 76 7 8 0.0249
555 44 9 10 0.0248
229 307 9 12 0.0245
894 38 8 11 0.0243
752 55 9 11 0.0242
273 321 12 16 0.0241
284 17 8 9 0.0240
286 34 8 10 0.0239
49 7 7 9 0.0237
603 69 8 10 0.0235
289 34 8 10 0.0234
703 0 8 9 0.0232
754 21 10 12 0.0232
573 29 8 10 0.0231
726 0 9 7 0.0230
695 52 9 11 0.0229
1019 80 5 12 0.0225
507 26 8 11 0.0224
0 0 5 10 0.0223
947 0 10 8 0.0223
879 72 9 11 0.0223
202 4 8 10 0.0220
880 71 8 10 0.0219
948 2 9 9 0.0219
907 88 9 12 0.0219
287 49 8 11 0.0217
605 18 8 10 0.0213
625 40 9 11 0.0210
515 0 7 6 0.0210
558 44 9 10 0.0209
366 38 8 10 0.0208
543 0 8 8 0.0207
431 12 8 9 0.0207
292 0 8 8 0.0204
428 11 8 9 0.0204
779 0 7 6 0.0203
839 24 9 11 0.0202
448 22 7 9 0.0200
215 40 7 10 0.0198
291 80 7 8 0.0198
833 6 8 10 0.0194
630 70 8 10 0.0192
5 34 8 11 0.0192
534 6 8 10 0.0191
899 91 10 11 0.0191
1018 74 6 12 0.0190
27 49 8 10 0.0188
208 333 12 16 0.0188
322 0 8 7 0.0187
701 0 9 6 0.0187
1006 0 9 8 0.0186
368 658 10 18 0.0186
697 0 9 9 0.0185
278 84 8 9 0.0184
424 44 9 9 0.0183
423 44 8 10 0.0183
177 50 7 10 0.0180
536 249 12 17 0.0178
653 0 9 8 0.0177
347 82 7 9 0.0176
554 44 8 11 0.0176
759 108 9 11 0.0175
776 0 8 6 0.0174
598 0 8 7 0.0173
337 41 8 10 0.0173
870 0 9 8 0.0173
946 0 9 7 0.0170
666 67 9 11 0.0169
287 81 8 10 0.0166
231 307 10 12 0.0166
339 0 8 8 0.0164
697 47 9 12 0.0163
187 53 8 9 0.0158
714 81 9 11 0.0157
670 314 7 8 0.0153
1019 29 5 11 0.0152
422 43 8 8 0.0151
1003 0 9 6 0.0151
669 313 7 8 0.0151
577 62 9 11 0.0149
687 0 9 6 0.0147
45 8 8 9 0.0144
254 6 7 10 0.0143
530 39 8 10 0.0141
600 66 9 11 0.0140
370 39 8 9 0.0139
203 32 8 10 0.0136
762 108 9 11 0.0136
509 48 8 11 0.0135
672 69 8 10 0.0134
265 15 7 9 0.0134
753 84 10 12 0.0133
57 53 7 9 0.0131
289 49 8 11 0.0128
444 73 9 11 0.0128
910 33 9 11 0.0127
864 0 10 7 0.0127
277 82 8 9 0.0126
614 15 9 10 0.0124
699 0 8 7 0.0124
441 92 7 9 0.0123
477 12 8 9 0.0123
1016 14 8 10 0.0123
3 627 9 12 0.0123
443 93 8 10 0.0123
512 0 8 5 0.0122
720 83 9 11 0.0122
34 0 8 7 0.0122
327 0 8 6 0.0121
942 3 9 10 0.0120
222 6 7 9 0.0120
943 0 9 7 0.0120
563 45 8 10 0.0119
448 76 8 11 0.0118
440 89 8 10 0.0118
244 640 11 11 0.0115
630 71 8 10 0.0114
22 41 9 11 0.0113
502 235 11 14 0.0112
878 71 8 11 0.0110
910 35 8 11 0.0108
527 33 8 10 0.0106
351 105 8 9 0.0105
786 56 10 12 0.0105
139 74 8 9 0.0104
290 52 8 10 0.0104
830 79 9 12 0.0104
728 0 7 7 0.0103
470 0 9 7 0.0102
466 0 9 7 0.0101
255 44 8 10 0.0101
