58_Hockey_icehockey_puck_58_221
53
655 460 50 63 0.8566
98 365 51 59 0.8501
1 694 52 72 0.8427
111 456 49 66 0.8399
208 472 47 68 0.8388
7 456 46 62 0.8375
251 333 47 61 0.8372
0 194 28 56 0.8360
80 581 51 68 0.8295
577 34 46 55 0.8224
740 160 36 55 0.8129
202 202 41 54 0.8024
50 68 43 52 0.7916
461 532 65 80 0.7898
482 457 45 66 0.7812
541 478 40 60 0.7702
122 90 32 52 0.7685
362 288 46 61 0.7480
480 302 46 50 0.7085
897 474 30 55 0.6761
1 72 32 51 0.6728
51 196 40 50 0.4916
51 196 39 50 0.4758
820 148 39 47 0.4741
828 473 38 53 0.4607
130 323 39 59 0.3158
276 571 52 61 0.2881
311 248 45 52 0.2651
829 149 37 47 0.1871
588 384 49 58 0.1226
830 473 34 45 0.0501
0 72 31 51 0.0412
608 349 43 50 0.0360
124 328 38 58 0.0325
486 230 36 42 0.0324
842 153 34 44 0.0324
303 659 39 52 0.0322
606 340 44 54 0.0297
549 312 40 65 0.0257
455 362 51 73 0.0241
552 318 38 60 0.0205
544 318 41 60 0.0199
485 238 38 50 0.0190
299 107 38 55 0.0169
543 311 40 65 0.0155
886 168 33 45 0.0142
0 580 11 64 0.0134
422 0 46 11 0.0133
741 517 43 57 0.0132
132 343 33 48 0.0131
600 350 46 51 0.0127
543 299 40 62 0.0125
124 320 39 60 0.0103
