58_Hockey_icehockey_puck_58_384
98
530 441 33 35 0.8222
423 493 31 36 0.8130
224 207 32 30 0.8051
348 573 32 39 0.7992
608 226 25 29 0.7987
775 61 21 24 0.7842
545 253 24 27 0.7366
602 194 18 25 0.7111
738 123 26 30 0.7011
509 336 22 29 0.5531
554 304 24 25 0.5409
658 181 21 26 0.4574
253 612 21 27 0.3715
845 25 21 21 0.3425
473 208 17 18 0.3255
1 501 31 26 0.2121
850 26 19 18 0.2081
632 76 22 21 0.1999
0 498 21 25 0.1990
627 75 23 22 0.1930
550 302 20 25 0.1432
438 359 26 27 0.1222
0 494 12 27 0.1163
253 486 25 26 0.1117
849 24 18 18 0.1091
830 58 20 24 0.0943
655 180 20 27 0.0933
635 128 18 17 0.0859
625 72 21 23 0.0813
634 123 19 20 0.0813
258 485 23 26 0.0786
434 358 24 27 0.0780
392 410 26 25 0.0661
459 244 18 19 0.0657
307 451 18 23 0.0632
832 60 20 25 0.0612
4 506 31 27 0.0584
552 302 22 27 0.0547
629 72 24 24 0.0527
142 528 29 28 0.0521
395 292 24 25 0.0507
630 128 18 18 0.0481
142 534 30 26 0.0475
458 241 17 18 0.0448
845 24 18 19 0.0446
445 245 21 21 0.0412
534 145 20 23 0.0411
478 208 15 18 0.0403
518 353 26 27 0.0402
399 293 27 26 0.0401
394 288 21 25 0.0395
0 496 29 31 0.0391
397 412 26 23 0.0382
767 12 22 23 0.0380
365 476 23 25 0.0372
434 244 21 22 0.0359
773 13 20 22 0.0336
683 70 20 23 0.0327
136 534 31 27 0.0301
552 303 23 25 0.0294
513 336 23 29 0.0291
252 482 24 26 0.0286
258 481 22 26 0.0279
680 74 19 23 0.0277
250 490 29 29 0.0264
628 123 19 21 0.0264
837 77 21 23 0.0258
535 151 20 23 0.0254
834 75 19 24 0.0247
455 359 20 25 0.0244
685 74 18 21 0.0244
312 451 16 23 0.0241
179 660 18 20 0.0225
9 506 28 21 0.0206
468 210 18 20 0.0205
468 209 15 17 0.0195
834 57 21 25 0.0195
678 70 18 23 0.0193
837 62 22 23 0.0184
440 364 25 26 0.0182
604 194 19 26 0.0182
524 131 15 21 0.0174
399 288 24 26 0.0171
154 527 26 27 0.0169
565 104 15 16 0.0153
433 363 26 28 0.0138
432 355 20 25 0.0132
136 528 29 28 0.0126
250 615 17 24 0.0126
931 16 14 14 0.0121
462 241 18 21 0.0118
145 525 31 31 0.0115
435 359 27 30 0.0115
0 501 25 31 0.0114
449 239 17 20 0.0111
153 532 29 27 0.0110
308 448 19 25 0.0106
253 486 27 30 0.0101
