4_Dancing_Dancing_4_84
31
136 176 43 53 0.8804
479 137 37 43 0.8789
853 107 39 47 0.8713
344 154 41 50 0.8711
535 196 33 52 0.8541
700 157 45 58 0.8461
150 76 17 23 0.8202
790 63 21 24 0.8158
765 128 23 25 0.7997
733 69 22 24 0.7991
83 145 19 22 0.7478
676 0 16 11 0.7222
52 68 19 25 0.6948
940 207 19 27 0.6314
274 135 18 20 0.5607
716 0 14 9 0.5229
451 137 18 23 0.4800
605 81 17 23 0.4640
223 71 17 24 0.4617
221 71 17 23 0.4538
453 137 19 24 0.4529
272 135 19 21 0.4235
607 81 18 23 0.4141
54 68 19 25 0.2308
763 0 14 3 0.0990
761 0 13 3 0.0938
936 205 21 30 0.0490
692 16 15 14 0.0412
697 139 26 31 0.0254
732 4 12 12 0.0249
695 139 20 26 0.0148
