4_Dancing_Dancing_4_289
27
494 115 68 77 0.8354
731 417 20 26 0.2876
734 417 20 27 0.2125
669 394 23 29 0.1783
878 385 14 20 0.1717
875 386 13 19 0.1661
663 394 25 29 0.1331
730 416 19 26 0.1090
733 416 19 26 0.1065
589 425 14 16 0.1028
588 421 14 14 0.0449
869 253 19 28 0.0442
877 382 13 19 0.0359
792 394 23 31 0.0328
868 266 17 26 0.0315
329 159 25 32 0.0297
799 405 21 27 0.0248
796 395 23 31 0.0234
658 386 27 34 0.0198
874 382 13 18 0.0197
664 403 23 25 0.0185
666 387 25 33 0.0162
593 425 13 17 0.0150
794 402 23 30 0.0149
875 388 16 22 0.0134
592 423 15 17 0.0131
874 254 18 27 0.0103
