4_Dancing_Dancing_4_489
88
670 99 43 57 0.8993
400 124 42 55 0.8970
540 232 44 53 0.8949
175 239 51 64 0.8945
707 283 40 54 0.8935
750 107 42 50 0.8867
296 66 39 49 0.8856
253 135 42 50 0.8854
915 134 40 52 0.8854
603 212 46 61 0.8803
128 116 41 53 0.8788
532 61 38 51 0.8757
395 242 43 50 0.8752
346 83 35 44 0.8746
779 236 48 60 0.8739
483 104 40 53 0.8739
909 45 37 44 0.8726
617 77 38 49 0.8710
808 21 34 43 0.8707
830 108 41 50 0.8702
689 29 40 48 0.8698
421 60 40 50 0.8696
277 241 43 58 0.8688
888 102 36 43 0.8653
186 75 43 60 0.8579
760 41 31 38 0.8373
23 18 17 20 0.7816
982 20 17 18 0.7715
50 20 14 19 0.7378
873 24 17 19 0.5778
851 3 16 17 0.5202
940 12 18 21 0.5065
163 22 16 19 0.4934
903 1 15 20 0.4860
109 24 16 19 0.4737
61 34 16 19 0.4663
166 23 15 18 0.4283
62 34 17 20 0.3900
84 22 15 15 0.3899
938 11 18 22 0.3750
107 24 16 19 0.3719
874 24 18 19 0.3506
900 1 16 20 0.3470
82 22 14 14 0.3428
142 0 14 9 0.3332
849 3 16 18 0.3196
2 0 11 14 0.2618
152 11 13 17 0.2600
154 12 13 17 0.2368
90 0 14 9 0.2180
2 0 10 12 0.2070
220 21 13 15 0.1617
68 2 11 13 0.1068
5 0 10 10 0.0967
146 0 13 9 0.0932
21 0 13 6 0.0810
6 1 10 13 0.0798
151 13 12 15 0.0693
93 39 12 15 0.0681
71 2 12 13 0.0580
96 40 11 15 0.0530
0 71 8 27 0.0524
0 69 6 27 0.0510
224 21 12 15 0.0419
65 0 11 11 0.0416
94 0 14 8 0.0391
221 3 13 16 0.0378
109 0 9 7 0.0239
60 20 14 16 0.0236
112 45 13 16 0.0223
92 0 14 12 0.0208
779 236 48 60 0.0196
69 1 11 11 0.0189
86 26 14 15 0.0182
111 0 9 8 0.0180
61 0 10 9 0.0146
603 212 46 60 0.0144
277 240 44 59 0.0143
26 0 10 5 0.0136
155 10 13 16 0.0130
225 3 12 15 0.0129
111 50 13 18 0.0126
40 1 12 14 0.0122
106 50 14 19 0.0121
86 0 13 6 0.0120
144 0 13 11 0.0105
183 27 11 14 0.0104
37 0 11 9 0.0103
