4_Dancing_Dancing_4_156
33
907 20 57 61 0.8350
160 10 36 49 0.7952
532 48 59 96 0.7853
462 118 52 72 0.5179
662 2 41 63 0.4182
879 0 26 26 0.1858
1012 29 12 54 0.1166
656 2 45 64 0.1025
298 15 34 54 0.0854
669 4 37 59 0.0756
1008 28 16 50 0.0663
498 55 43 58 0.0649
883 0 28 27 0.0613
881 1 26 26 0.0510
301 12 47 60 0.0475
1005 24 19 67 0.0365
194 41 40 60 0.0354
1014 36 10 58 0.0341
300 9 51 64 0.0314
226 13 27 36 0.0292
762 3 25 28 0.0234
623 0 64 65 0.0218
235 7 33 45 0.0214
301 24 32 45 0.0203
501 52 47 70 0.0168
884 0 35 31 0.0160
1007 29 17 70 0.0159
245 9 27 41 0.0153
490 55 44 56 0.0139
653 1 45 65 0.0138
280 15 23 31 0.0118
1017 45 7 52 0.0117
92 5 32 57 0.0102
