4_Dancing_Dancing_4_57
41
584 202 44 59 0.8436
560 136 33 52 0.8026
847 160 26 35 0.7422
733 157 25 34 0.7365
888 163 21 30 0.5978
947 197 18 27 0.4715
969 127 21 28 0.4661
768 166 22 29 0.3939
771 166 21 29 0.3254
1003 179 21 36 0.3145
917 168 24 32 0.2648
816 162 21 28 0.1989
949 196 21 29 0.1844
778 188 24 34 0.1837
885 162 21 31 0.1785
1000 179 20 35 0.1274
1011 119 13 28 0.1110
813 161 19 26 0.0950
978 80 23 36 0.0946
975 82 20 33 0.0867
939 165 22 29 0.0690
780 188 27 36 0.0670
1001 181 20 36 0.0644
810 163 19 26 0.0558
974 81 17 30 0.0472
977 80 20 33 0.0463
923 166 27 34 0.0450
1013 121 11 28 0.0425
919 169 25 33 0.0403
948 197 21 28 0.0398
1006 181 18 35 0.0362
824 163 22 29 0.0335
1015 139 9 32 0.0256
808 160 18 26 0.0254
819 161 22 31 0.0211
924 171 28 33 0.0173
939 160 21 28 0.0167
1017 146 7 30 0.0144
941 131 20 27 0.0122
822 161 20 26 0.0110
984 82 29 37 0.0108
