4_Dancing_Dancing_4_319
58
732 51 33 44 0.8575
688 60 27 37 0.8513
964 81 39 43 0.8511
552 35 33 40 0.8503
215 158 36 41 0.8490
409 74 30 36 0.8473
594 0 34 37 0.8445
486 60 32 38 0.8415
618 144 51 49 0.8323
149 61 32 40 0.8322
344 44 31 38 0.8258
88 73 49 50 0.8252
443 142 28 32 0.8222
956 27 29 38 0.8187
321 9 25 29 0.8127
1 15 26 35 0.8115
199 89 27 33 0.8053
448 53 29 32 0.7994
657 49 26 37 0.7950
302 43 32 33 0.7879
212 24 23 27 0.7794
194 54 29 34 0.7420
329 244 33 37 0.7225
274 43 22 27 0.6970
428 48 24 35 0.6835
712 36 29 40 0.5624
257 83 26 31 0.5157
816 0 37 9 0.3882
26 73 29 35 0.3583
815 0 35 8 0.2214
27 72 27 32 0.1480
471 94 24 27 0.1427
712 34 26 38 0.1333
1002 27 22 40 0.1145
272 43 21 27 0.1078
254 83 27 32 0.0948
230 88 25 32 0.0779
424 49 23 34 0.0681
429 46 22 34 0.0641
234 87 29 34 0.0627
235 87 20 28 0.0625
230 87 21 28 0.0440
24 71 27 32 0.0395
813 0 44 13 0.0328
715 34 28 39 0.0304
38 0 23 28 0.0298
1004 27 19 26 0.0267
41 0 16 11 0.0260
999 27 24 37 0.0220
433 49 24 32 0.0217
474 91 25 30 0.0197
706 40 25 35 0.0191
46 0 18 14 0.0185
47 1 24 31 0.0180
716 37 30 43 0.0169
24 72 30 36 0.0156
86 73 51 50 0.0124
48 0 25 28 0.0104
