4_Dancing_Dancing_4_41
37
601 107 49 68 0.8354
556 100 39 79 0.8216
150 394 21 28 0.7654
22 401 22 27 0.7619
37 377 19 27 0.7179
176 369 16 20 0.6787
97 398 21 30 0.6488
230 369 14 19 0.6234
256 387 16 19 0.6152
130 374 15 22 0.5207
58 362 16 21 0.4983
199 391 16 22 0.3688
195 391 17 22 0.3657
102 351 16 20 0.3538
55 362 16 21 0.3457
133 374 15 22 0.2563
95 398 22 30 0.2005
105 352 16 20 0.1571
309 322 11 16 0.1370
312 322 11 15 0.0725
107 351 14 19 0.0720
0 400 6 22 0.0563
198 390 16 22 0.0562
227 368 14 19 0.0425
306 323 11 15 0.0404
260 387 14 19 0.0346
386 374 17 19 0.0236
228 369 12 18 0.0232
308 321 10 12 0.0220
391 375 16 18 0.0199
308 334 14 22 0.0182
85 358 13 18 0.0172
311 321 12 15 0.0165
81 358 14 18 0.0151
257 333 13 18 0.0142
393 356 18 19 0.0134
311 320 10 13 0.0103
