7_Cheering_Cheering_7_413
50
730 452 86 104 0.8763
430 362 30 37 0.8755
928 380 58 69 0.8729
619 368 39 49 0.8707
485 428 62 87 0.8644
546 347 29 38 0.8570
844 376 37 43 0.8542
272 339 28 37 0.8456
157 382 31 49 0.8441
749 384 49 58 0.8431
168 335 23 27 0.8410
45 382 36 38 0.8388
69 330 22 25 0.8362
735 360 30 37 0.8290
1007 372 17 42 0.8124
384 337 16 21 0.7723
39 334 22 25 0.7370
342 415 45 58 0.7050
322 347 21 26 0.6937
342 415 46 59 0.6563
205 331 11 16 0.6434
251 332 14 19 0.6140
344 334 17 20 0.5976
12 346 19 21 0.4340
349 284 12 15 0.3962
496 397 38 43 0.2606
352 284 13 15 0.2589
1 341 13 17 0.2565
249 333 13 18 0.2187
346 334 17 22 0.1707
202 332 11 16 0.1546
16 345 18 21 0.1350
749 383 50 60 0.0859
495 394 30 35 0.0791
318 338 13 17 0.0731
3 339 12 15 0.0620
4 339 15 19 0.0609
0 355 6 22 0.0601
14 346 20 23 0.0487
7 338 13 16 0.0470
152 369 19 30 0.0429
351 287 12 14 0.0333
314 338 15 19 0.0280
338 336 18 22 0.0242
382 337 15 20 0.0238
316 339 16 20 0.0221
496 395 35 36 0.0147
316 338 10 14 0.0131
0 360 7 28 0.0103
34 337 17 22 0.0101
