7_Cheering_Cheering_7_118
49
875 287 110 153 0.8929
28 281 100 128 0.8851
568 238 98 134 0.8790
413 218 107 146 0.8766
295 220 103 124 0.8731
779 211 98 143 0.8699
583 199 39 46 0.5777
10 221 40 44 0.5511
295 220 102 124 0.2276
818 182 21 25 0.1684
897 245 41 44 0.1177
108 209 19 22 0.0934
754 185 20 26 0.0599
1008 106 16 24 0.0591
104 209 19 22 0.0575
763 157 22 27 0.0558
851 117 22 29 0.0512
878 192 23 27 0.0464
819 180 17 18 0.0452
998 211 21 27 0.0449
540 198 30 40 0.0439
1008 171 16 26 0.0390
790 140 20 26 0.0285
0 238 9 50 0.0259
541 196 26 35 0.0254
925 93 22 28 0.0254
290 63 22 25 0.0232
154 209 15 21 0.0212
755 187 22 29 0.0206
1001 211 21 28 0.0201
381 157 24 34 0.0195
984 137 18 22 0.0192
48 189 17 20 0.0179
238 158 20 24 0.0176
877 200 23 30 0.0174
958 29 21 29 0.0174
426 156 23 31 0.0172
922 94 22 27 0.0170
554 184 26 30 0.0154
242 279 23 28 0.0146
241 279 22 25 0.0144
825 141 23 32 0.0140
382 112 19 24 0.0138
537 200 27 37 0.0125
999 209 24 33 0.0117
287 61 23 26 0.0115
876 189 22 26 0.0115
1000 214 20 26 0.0109
758 185 20 27 0.0109
