7_Cheering_Cheering_7_386
205
213 545 45 52 0.8207
764 290 31 41 0.8164
766 434 33 38 0.8126
787 486 35 54 0.8024
61 502 49 72 0.8021
805 520 36 60 0.6753
255 467 29 40 0.6431
306 405 17 20 0.6162
984 487 40 60 0.5367
354 427 21 25 0.4969
133 362 22 31 0.4610
331 451 23 29 0.4050
243 373 19 22 0.3764
285 398 16 20 0.3451
298 430 25 29 0.3424
220 425 17 21 0.3387
560 465 36 48 0.3043
408 401 18 23 0.2981
666 439 27 32 0.2835
392 400 18 21 0.2773
663 439 27 33 0.2710
288 399 17 19 0.2666
663 440 27 34 0.2556
288 398 16 19 0.2556
223 426 17 21 0.2510
327 392 18 21 0.2043
391 398 16 19 0.2026
336 452 21 27 0.1681
386 399 19 23 0.1510
256 426 17 22 0.1500
154 351 18 20 0.1410
295 430 21 26 0.1402
564 419 17 20 0.1358
583 367 16 20 0.1304
729 393 22 30 0.1293
430 420 19 24 0.1255
433 422 19 25 0.1180
728 393 20 28 0.1074
284 398 16 19 0.1053
473 386 16 20 0.1030
366 353 16 18 0.1015
579 367 16 20 0.1012
241 371 18 22 0.0983
300 430 27 30 0.0917
470 385 15 19 0.0879
159 351 17 18 0.0755
219 454 26 32 0.0735
393 372 14 18 0.0733
395 375 14 17 0.0723
215 454 24 30 0.0680
362 353 16 18 0.0638
253 467 28 40 0.0624
187 396 16 19 0.0594
559 365 18 24 0.0584
416 439 20 25 0.0555
526 422 15 17 0.0553
568 419 17 20 0.0546
816 394 23 28 0.0543
261 427 16 22 0.0536
296 431 23 29 0.0528
386 561 31 59 0.0488
221 456 28 33 0.0486
804 520 34 60 0.0482
0 410 12 27 0.0478
732 390 21 31 0.0467
307 430 24 27 0.0461
525 424 21 25 0.0445
324 392 16 20 0.0444
194 424 17 22 0.0437
410 381 14 16 0.0425
248 373 17 21 0.0400
248 371 16 20 0.0392
849 408 32 40 0.0387
43 539 32 48 0.0386
199 425 16 21 0.0369
216 455 27 32 0.0365
509 374 18 23 0.0361
676 321 22 29 0.0359
263 373 17 20 0.0359
591 474 24 31 0.0351
310 405 16 21 0.0350
211 364 19 21 0.0348
429 454 18 28 0.0346
734 393 20 30 0.0346
198 423 15 19 0.0334
812 389 26 32 0.0331
516 497 25 37 0.0321
200 349 15 18 0.0317
530 420 17 20 0.0317
129 361 23 31 0.0301
0 464 8 35 0.0300
414 402 17 22 0.0286
367 380 16 19 0.0286
196 350 15 18 0.0282
410 398 14 17 0.0277
53 247 24 30 0.0277
873 351 24 27 0.0275
387 398 16 19 0.0271
49 246 25 32 0.0267
0 406 9 27 0.0262
412 437 20 26 0.0261
667 440 26 33 0.0259
675 396 25 29 0.0254
969 346 25 29 0.0243
410 403 19 25 0.0240
533 404 20 24 0.0240
225 392 17 20 0.0235
444 388 17 19 0.0227
577 470 33 38 0.0223
561 359 14 17 0.0219
483 401 21 25 0.0214
416 435 18 21 0.0210
0 540 11 53 0.0209
553 364 19 25 0.0207
361 380 17 20 0.0204
954 326 21 26 0.0202
208 364 17 20 0.0200
713 538 25 42 0.0200
0 537 7 49 0.0196
415 398 14 17 0.0195
342 364 21 23 0.0194
715 541 28 45 0.0192
389 402 19 23 0.0189
507 496 30 41 0.0189
193 423 16 20 0.0188
153 353 21 25 0.0187
422 451 21 30 0.0186
208 387 17 20 0.0180
328 397 18 22 0.0178
0 472 11 33 0.0178
390 375 15 18 0.0178
359 427 24 27 0.0177
414 432 21 29 0.0176
242 427 19 22 0.0176
715 540 35 54 0.0174
0 377 10 24 0.0173
50 381 18 22 0.0173
7 377 21 24 0.0172
183 395 16 20 0.0170
389 372 15 17 0.0163
368 462 22 28 0.0160
554 443 23 27 0.0160
261 371 17 21 0.0160
253 424 16 21 0.0158
1015 395 9 30 0.0157
360 408 18 20 0.0156
528 425 22 25 0.0155
0 548 13 47 0.0155
205 379 19 23 0.0154
51 396 21 27 0.0151
536 352 16 19 0.0147
211 347 16 17 0.0147
467 384 18 23 0.0145
0 401 18 36 0.0142
872 355 29 36 0.0137
57 395 28 30 0.0136
858 409 29 36 0.0133
67 393 28 34 0.0132
506 365 21 27 0.0131
886 394 30 35 0.0130
69 450 20 29 0.0129
864 353 33 40 0.0128
357 428 24 28 0.0127
414 383 13 15 0.0127
437 387 17 20 0.0127
546 448 26 30 0.0127
213 352 18 21 0.0126
384 556 31 56 0.0126
958 332 18 21 0.0124
563 371 16 21 0.0123
62 448 24 32 0.0123
369 406 17 20 0.0122
210 378 20 24 0.0121
682 321 21 30 0.0120
72 426 21 26 0.0120
867 350 28 32 0.0120
359 387 18 20 0.0120
574 389 20 22 0.0119
510 357 16 18 0.0119
403 476 21 23 0.0118
576 462 32 42 0.0118
680 396 26 31 0.0118
209 383 18 22 0.0116
156 469 25 27 0.0115
240 461 23 32 0.0114
0 386 10 26 0.0112
842 410 29 36 0.0112
671 433 26 29 0.0112
412 384 17 20 0.0111
210 361 17 21 0.0111
677 395 19 22 0.0111
581 390 19 22 0.0110
256 428 21 27 0.0109
867 351 32 36 0.0109
538 388 18 22 0.0107
70 389 21 26 0.0107
515 494 24 33 0.0107
153 471 32 37 0.0106
362 356 18 20 0.0105
146 467 30 31 0.0105
565 423 19 21 0.0104
862 379 36 43 0.0103
1013 390 11 32 0.0101
564 412 21 24 0.0101
0 539 17 55 0.0100
