7_Cheering_Cheering_7_530
91
403 31 32 53 0.8086
12 105 20 22 0.7092
726 146 18 29 0.7073
140 140 15 17 0.6990
961 211 13 17 0.5697
624 107 20 50 0.5023
305 162 13 16 0.4997
819 174 14 23 0.4977
81 134 13 16 0.4321
260 174 9 13 0.3827
303 162 12 16 0.3210
550 194 8 11 0.2904
364 181 8 10 0.2903
262 174 10 13 0.2897
552 193 9 11 0.2893
913 231 9 11 0.2808
916 231 8 11 0.2722
925 242 9 11 0.2631
367 181 8 10 0.2618
527 189 9 11 0.2575
593 218 6 8 0.2477
685 187 10 14 0.2425
83 134 13 16 0.2331
589 218 7 8 0.2248
361 196 8 9 0.2235
359 196 8 9 0.2204
523 189 9 11 0.2056
247 190 6 8 0.1716
688 187 11 15 0.1706
79 133 13 16 0.1606
363 197 7 9 0.1541
221 185 7 9 0.1484
224 185 7 9 0.1379
817 175 11 21 0.1252
958 211 12 16 0.1157
927 242 10 12 0.1088
243 190 7 9 0.1064
912 232 8 10 0.1014
107 167 10 13 0.0969
244 188 6 10 0.0915
525 188 9 11 0.0866
590 217 7 8 0.0844
223 186 7 9 0.0819
110 167 10 13 0.0777
958 210 13 18 0.0743
359 198 8 9 0.0723
621 108 16 48 0.0707
258 174 9 13 0.0654
555 194 8 10 0.0634
554 196 8 10 0.0617
138 141 13 15 0.0554
517 202 9 10 0.0529
684 186 10 14 0.0477
550 197 8 10 0.0463
922 242 9 12 0.0453
522 188 9 11 0.0451
218 185 7 9 0.0443
243 189 7 10 0.0437
688 186 10 13 0.0426
523 189 10 12 0.0410
521 203 9 11 0.0387
218 188 7 8 0.0367
927 241 8 11 0.0358
588 217 6 8 0.0347
514 203 8 9 0.0347
220 186 8 9 0.0328
249 189 7 10 0.0320
10 105 20 22 0.0308
365 183 8 10 0.0295
821 173 15 25 0.0271
592 217 7 9 0.0244
549 193 8 10 0.0238
0 173 5 9 0.0221
912 232 9 10 0.0200
601 216 7 9 0.0198
364 197 8 10 0.0194
83 133 12 16 0.0184
365 186 8 10 0.0180
2 174 6 7 0.0175
529 220 8 9 0.0173
550 230 7 9 0.0152
723 147 17 27 0.0151
56 165 9 12 0.0142
547 230 7 9 0.0133
362 246 7 9 0.0117
109 165 9 11 0.0115
729 189 8 13 0.0112
519 206 9 11 0.0105
522 214 8 9 0.0105
155 165 11 13 0.0102
366 180 7 9 0.0100
