7_Cheering_Cheering_7_195
33
194 590 59 65 0.8561
457 469 54 56 0.8503
243 890 64 53 0.7763
675 616 54 62 0.5863
675 617 54 63 0.5572
578 864 49 61 0.5426
328 526 48 59 0.3005
429 974 66 64 0.2433
328 520 47 62 0.1815
721 750 50 46 0.1697
599 483 57 71 0.1497
185 778 51 52 0.1189
720 746 53 44 0.1157
601 483 57 71 0.1120
337 522 40 57 0.1101
700 747 65 54 0.1041
355 775 32 41 0.0917
189 781 47 51 0.0827
338 526 40 55 0.0663
327 515 44 59 0.0528
219 736 36 41 0.0487
316 517 47 60 0.0379
176 777 49 48 0.0365
338 515 38 57 0.0327
149 771 56 35 0.0274
706 742 60 50 0.0237
686 746 78 65 0.0169
317 528 50 59 0.0163
312 513 41 55 0.0143
153 774 57 45 0.0136
166 773 51 38 0.0128
678 749 74 60 0.0125
734 743 54 43 0.0107
