7_Cheering_Cheering_7_171
785
499 214 13 17 0.8262
421 148 13 19 0.8172
0 82 11 17 0.8139
524 208 15 19 0.8133
755 209 13 18 0.8115
295 269 15 21 0.8070
641 298 14 18 0.8060
692 248 14 20 0.8032
331 53 15 19 0.8001
501 158 15 19 0.7981
612 237 14 17 0.7948
652 246 14 19 0.7939
100 161 15 18 0.7807
977 297 13 19 0.7782
538 187 12 18 0.7766
964 262 11 13 0.7763
605 85 11 15 0.7758
553 124 14 19 0.7742
189 0 14 13 0.7732
438 282 16 22 0.7727
61 59 15 20 0.7715
203 34 12 16 0.7693
347 95 13 17 0.7691
501 236 13 19 0.7686
907 251 13 16 0.7678
1011 267 11 15 0.7675
177 9 12 17 0.7668
90 89 14 21 0.7662
617 185 13 17 0.7642
487 102 12 15 0.7627
24 389 18 22 0.7625
513 258 15 19 0.7623
730 285 14 17 0.7608
553 261 13 19 0.7566
448 58 10 13 0.7562
383 405 19 25 0.7555
54 18 14 18 0.7554
587 161 13 15 0.7526
717 232 12 17 0.7517
961 276 12 16 0.7473
654 163 14 16 0.7438
630 227 13 17 0.7405
447 76 12 16 0.7396
999 264 10 15 0.7380
956 327 14 18 0.7374
476 180 13 19 0.7349
473 26 12 15 0.7288
463 129 14 19 0.7273
297 17 13 16 0.7269
756 174 11 16 0.7259
604 262 16 18 0.7254
550 101 11 16 0.7249
341 317 15 21 0.7234
387 121 14 18 0.7209
894 367 15 16 0.7205
746 120 10 14 0.7176
293 75 11 16 0.7130
756 317 12 16 0.7082
162 29 14 19 0.7076
422 16 11 16 0.7075
73 417 18 25 0.7040
588 298 14 16 0.6994
323 240 15 22 0.6988
663 86 12 16 0.6972
725 306 14 18 0.6963
265 183 13 19 0.6942
625 68 11 15 0.6937
463 227 16 21 0.6935
637 204 14 17 0.6906
703 232 11 18 0.6894
142 0 12 11 0.6883
156 149 15 16 0.6869
637 107 12 15 0.6841
59 83 14 18 0.6828
557 294 15 18 0.6817
999 243 11 16 0.6798
392 250 14 20 0.6798
292 39 14 19 0.6785
306 0 11 13 0.6782
510 187 13 15 0.6771
856 210 11 15 0.6763
307 218 15 19 0.6756
22 78 16 19 0.6751
910 234 12 16 0.6747
157 6 14 17 0.6744
857 289 11 17 0.6716
425 108 14 18 0.6695
572 133 12 16 0.6683
727 192 13 16 0.6676
135 172 16 17 0.6673
759 162 10 13 0.6634
462 102 11 14 0.6595
119 4 13 19 0.6574
387 28 12 17 0.6569
843 425 19 22 0.6562
938 328 12 17 0.6557
599 136 11 14 0.6551
605 220 12 16 0.6529
944 273 13 17 0.6524
424 63 13 18 0.6500
756 257 13 18 0.6483
777 163 12 17 0.6467
763 119 11 15 0.6464
277 89 12 17 0.6464
444 143 12 17 0.6461
244 60 14 16 0.6414
683 79 12 17 0.6404
490 124 14 18 0.6384
242 78 14 18 0.6290
938 217 12 15 0.6273
574 47 10 13 0.6254
957 241 10 14 0.6250
637 331 14 18 0.6231
239 40 15 18 0.6229
651 75 11 15 0.6205
252 26 12 16 0.6204
880 169 11 17 0.6171
590 68 12 15 0.6155
745 137 11 15 0.6143
995 285 12 17 0.6137
701 277 12 16 0.6124
433 96 12 14 0.6116
352 270 15 20 0.6103
883 293 12 19 0.6081
692 91 12 16 0.6077
515 32 12 16 0.6059
730 157 12 15 0.6058
367 11 12 15 0.6053
106 68 13 16 0.6041
738 84 10 15 0.6008
803 146 10 15 0.6004
711 254 14 16 0.5981
993 306 13 18 0.5977
753 278 12 15 0.5969
105 93 14 16 0.5959
34 161 14 18 0.5949
725 213 12 15 0.5941
452 211 15 18 0.5938
720 135 11 14 0.5935
598 45 10 12 0.5921
106 117 12 17 0.5906
128 222 13 17 0.5888
513 129 11 16 0.5884
931 261 12 17 0.5874
814 162 12 16 0.5849
583 250 12 16 0.5846
225 60 13 18 0.5845
536 243 12 18 0.5808
481 81 12 16 0.5800
855 323 12 15 0.5797
903 325 12 16 0.5712
428 308 17 26 0.5685
456 47 10 13 0.5680
254 0 10 7 0.5657
332 2 11 16 0.5638
887 225 12 17 0.5620
928 234 12 16 0.5616
724 108 11 15 0.5595
660 211 12 16 0.5589
856 174 10 14 0.5574
476 204 13 18 0.5572
797 194 14 20 0.5568
622 295 13 18 0.5562
388 64 13 18 0.5477
349 236 16 22 0.5461
496 34 10 14 0.5423
351 236 15 22 0.5419
132 142 14 20 0.5411
795 169 12 15 0.5386
563 57 12 15 0.5376
329 79 12 17 0.5361
362 51 12 19 0.5277
493 67 11 16 0.5255
158 92 14 20 0.5250
789 126 10 13 0.5250
670 188 12 15 0.5213
621 153 14 18 0.5210
8 12 12 14 0.5167
750 237 11 14 0.5118
699 193 13 15 0.5083
124 415 16 23 0.5075
395 319 13 18 0.5069
420 97 13 16 0.5066
620 86 12 16 0.5064
158 205 14 22 0.5062
699 134 12 16 0.5016
535 243 13 18 0.4970
160 92 14 20 0.4953
557 245 13 18 0.4946
987 373 16 17 0.4924
810 133 10 13 0.4914
317 92 11 16 0.4898
862 225 11 16 0.4813
527 65 12 16 0.4780
478 47 12 14 0.4768
273 306 14 21 0.4751
647 49 10 13 0.4748
555 219 13 18 0.4741
422 40 12 14 0.4726
888 247 13 17 0.4708
517 104 12 17 0.4678
648 92 12 16 0.4663
151 115 15 18 0.4663
283 376 15 25 0.4661
363 29 13 18 0.4629
153 115 15 18 0.4607
862 196 11 14 0.4553
666 142 13 15 0.4505
480 46 11 15 0.4491
227 0 11 12 0.4488
333 27 12 14 0.4446
786 190 11 15 0.4437
702 117 10 13 0.4429
980 266 11 14 0.4429
365 29 13 17 0.4427
471 65 11 16 0.4381
541 167 13 15 0.4375
864 225 10 15 0.4320
387 331 13 18 0.4313
472 65 11 16 0.4300
418 188 13 15 0.4296
404 107 12 16 0.4211
346 218 14 19 0.4195
402 107 13 16 0.4179
873 193 11 15 0.4124
905 213 10 15 0.4109
940 217 11 14 0.4049
670 58 12 14 0.4038
889 225 12 17 0.4019
555 246 13 17 0.3993
822 147 10 14 0.3965
785 315 12 17 0.3923
812 180 12 17 0.3882
402 155 12 17 0.3843
880 216 11 14 0.3842
557 220 12 16 0.3820
160 205 14 22 0.3820
421 283 13 20 0.3818
222 8 15 19 0.3788
533 43 12 15 0.3786
406 204 13 17 0.3676
129 56 11 16 0.3623
416 57 11 15 0.3597
609 2 10 14 0.3587
491 67 12 16 0.3558
645 92 13 17 0.3538
1001 355 14 19 0.3517
672 58 12 14 0.3507
346 216 15 19 0.3482
672 187 12 15 0.3469
787 314 12 19 0.3374
478 204 13 19 0.3358
788 141 11 15 0.3350
222 60 14 18 0.3344
273 68 11 14 0.3322
350 270 15 20 0.3308
811 180 12 17 0.3306
387 64 12 18 0.3280
690 67 9 14 0.3261
68 141 16 20 0.3220
224 8 14 19 0.3202
786 141 11 15 0.3179
514 129 11 16 0.3173
580 249 13 17 0.3163
978 247 11 12 0.3161
517 32 11 15 0.3151
619 86 11 16 0.3142
454 28 10 14 0.3126
638 182 12 15 0.3107
403 155 12 16 0.3086
426 308 17 26 0.3076
543 167 12 15 0.3075
977 245 11 13 0.3047
747 137 10 13 0.3045
689 67 9 13 0.3044
5 12 13 14 0.3033
331 2 11 15 0.3025
667 143 12 15 0.3007
799 195 14 19 0.3007
573 101 11 15 0.3003
452 27 11 14 0.2960
926 234 13 16 0.2944
415 188 12 15 0.2902
722 108 12 15 0.2884
134 143 13 18 0.2883
794 168 12 15 0.2851
71 142 15 18 0.2850
1017 322 7 18 0.2818
657 211 13 17 0.2805
583 112 11 16 0.2768
360 51 13 19 0.2746
596 180 11 16 0.2716
479 81 12 15 0.2708
528 65 12 16 0.2706
722 120 11 15 0.2688
274 88 13 18 0.2677
581 112 12 16 0.2654
763 106 10 14 0.2630
620 295 14 18 0.2621
901 325 12 16 0.2615
763 105 10 14 0.2605
603 219 12 17 0.2604
812 133 9 13 0.2542
978 266 11 14 0.2541
637 180 12 16 0.2514
334 28 12 15 0.2508
305 217 15 20 0.2501
530 42 12 16 0.2479
395 22 12 15 0.2464
774 163 13 17 0.2439
709 253 14 17 0.2437
619 153 14 18 0.2430
300 64 10 13 0.2423
493 125 13 17 0.2391
722 135 10 14 0.2386
108 118 11 16 0.2381
327 80 12 16 0.2371
812 162 12 16 0.2335
454 211 15 18 0.2332
786 126 11 14 0.2328
454 47 10 13 0.2327
874 194 11 15 0.2319
516 104 12 16 0.2315
388 332 13 18 0.2298
954 241 11 14 0.2292
595 180 11 16 0.2283
645 49 11 13 0.2277
622 295 13 18 0.2248
324 240 15 22 0.2246
875 193 11 14 0.2243
584 213 10 12 0.2210
299 63 10 14 0.2177
443 180 12 14 0.2173
665 240 10 13 0.2165
877 216 11 14 0.2147
986 372 15 16 0.2050
692 177 12 15 0.2034
761 106 11 14 0.2033
395 321 12 18 0.2023
787 190 11 16 0.2011
902 213 11 15 0.2010
736 84 11 15 0.2006
722 213 13 15 0.1967
748 237 11 15 0.1948
291 75 12 16 0.1937
365 11 12 15 0.1935
697 133 13 17 0.1922
697 193 13 15 0.1920
660 86 13 17 0.1920
32 161 13 18 0.1904
607 1 11 15 0.1899
596 45 10 12 0.1899
240 77 15 18 0.1889
167 419 16 22 0.1881
423 41 12 14 0.1872
929 261 12 17 0.1863
427 108 13 18 0.1856
819 405 18 24 0.1841
597 181 10 16 0.1832
761 118 11 16 0.1826
132 172 17 17 0.1820
698 277 13 16 0.1812
0 58 5 15 0.1807
570 133 12 16 0.1802
723 305 13 19 0.1801
555 294 15 18 0.1796
801 147 10 14 0.1794
860 154 10 13 0.1778
891 247 12 16 0.1776
877 169 12 17 0.1771
493 34 10 14 0.1770
755 256 13 18 0.1718
735 196 10 14 0.1716
991 305 13 18 0.1700
108 68 12 16 0.1666
690 90 12 16 0.1656
383 199 11 14 0.1633
884 294 13 18 0.1615
855 289 11 17 0.1601
610 3 10 13 0.1598
571 47 11 14 0.1576
276 306 13 21 0.1574
262 183 14 19 0.1559
120 5 13 18 0.1558
170 421 15 21 0.1548
467 124 12 16 0.1542
466 227 15 20 0.1520
250 26 13 16 0.1519
1017 318 7 19 0.1424
291 38 14 20 0.1410
518 104 12 16 0.1384
314 92 12 16 0.1384
390 250 13 20 0.1382
993 286 12 17 0.1377
836 101 10 14 0.1372
16 135 14 20 0.1369
740 30 8 12 0.1358
703 117 10 14 0.1356
596 136 12 14 0.1351
401 155 12 16 0.1343
665 295 12 23 0.1333
824 147 9 13 0.1327
418 98 12 15 0.1314
853 377 14 18 0.1312
421 282 11 19 0.1309
460 102 10 14 0.1293
582 213 10 12 0.1279
314 89 11 15 0.1274
304 0 11 14 0.1259
426 63 13 18 0.1258
57 82 14 20 0.1249
853 174 11 15 0.1245
623 68 11 15 0.1231
126 222 11 17 0.1224
761 105 10 14 0.1197
754 175 11 14 0.1196
608 3 10 13 0.1190
700 233 12 18 0.1179
648 74 12 15 0.1179
474 180 13 18 0.1170
952 362 12 16 0.1159
251 0 11 7 0.1141
722 100 10 14 0.1130
88 89 14 21 0.1127
854 210 11 15 0.1123
594 179 11 17 0.1111
463 127 13 20 0.1104
239 39 13 17 0.1092
518 104 11 15 0.1080
287 377 13 24 0.1079
67 140 15 19 0.1069
749 278 13 15 0.1061
338 43 11 15 0.1058
954 362 12 16 0.1053
236 40 15 18 0.1046
570 101 11 15 0.1029
700 116 11 14 0.1025
654 130 10 13 0.1007
941 272 13 18 0.1004
600 115 11 15 0.1004
385 26 13 18 0.0973
224 0 12 11 0.0971
172 419 15 21 0.0968
427 64 11 16 0.0949
547 101 11 16 0.0941
389 29 12 15 0.0939
442 143 12 17 0.0939
471 26 11 15 0.0935
441 179 12 15 0.0934
852 323 13 15 0.0918
817 408 20 26 0.0891
141 397 16 22 0.0890
329 3 11 15 0.0889
781 429 13 24 0.0885
853 322 13 15 0.0869
160 29 14 20 0.0867
724 192 13 15 0.0858
772 329 10 12 0.0851
838 101 9 13 0.0848
407 206 13 16 0.0844
421 139 12 14 0.0840
639 205 13 17 0.0837
635 107 12 15 0.0821
954 327 13 18 0.0799
729 155 12 15 0.0793
253 26 12 17 0.0788
338 318 15 20 0.0787
954 360 12 14 0.0773
809 132 9 13 0.0772
389 121 13 18 0.0772
1001 243 11 15 0.0771
536 15 10 14 0.0768
756 163 10 14 0.0758
683 77 11 17 0.0756
817 2 8 10 0.0748
792 275 12 17 0.0741
689 91 11 16 0.0721
88 29 11 16 0.0716
778 286 11 15 0.0695
159 149 13 16 0.0689
606 261 15 19 0.0689
21 77 15 19 0.0687
644 7 10 13 0.0684
304 105 11 15 0.0678
543 169 12 15 0.0671
507 187 13 15 0.0659
676 24 9 11 0.0657
529 64 11 16 0.0653
271 67 12 14 0.0652
418 283 13 20 0.0647
587 68 11 15 0.0633
30 58 12 16 0.0622
1003 355 14 18 0.0621
634 182 12 16 0.0621
754 316 11 16 0.0619
69 140 16 19 0.0614
849 377 16 18 0.0602
697 195 13 14 0.0600
560 58 12 15 0.0593
363 67 11 16 0.0593
814 2 9 10 0.0588
739 29 8 12 0.0584
759 316 10 15 0.0582
419 17 11 15 0.0574
863 153 9 14 0.0571
91 404 14 19 0.0567
346 126 12 17 0.0563
621 154 13 18 0.0557
812 132 9 12 0.0552
678 115 10 13 0.0552
632 227 11 16 0.0552
18 135 15 20 0.0551
635 332 13 17 0.0551
644 91 12 15 0.0549
657 163 12 16 0.0545
153 401 16 21 0.0543
404 204 13 16 0.0542
536 14 10 14 0.0536
572 107 10 15 0.0533
823 146 10 13 0.0533
669 140 11 15 0.0532
104 116 13 18 0.0531
175 9 12 16 0.0522
381 199 10 14 0.0520
433 94 11 13 0.0518
788 142 11 15 0.0515
120 414 16 23 0.0511
129 54 10 14 0.0500
256 241 10 13 0.0497
634 204 14 16 0.0495
139 0 11 12 0.0486
247 60 12 15 0.0483
322 103 11 15 0.0478
441 183 12 13 0.0478
899 1 7 10 0.0476
663 293 11 22 0.0468
271 306 15 21 0.0460
581 117 12 15 0.0457
862 158 9 14 0.0447
673 23 9 12 0.0437
750 352 9 13 0.0432
727 158 12 14 0.0430
824 405 16 22 0.0424
469 64 11 15 0.0412
896 1 8 10 0.0411
775 286 11 15 0.0410
469 66 11 15 0.0409
139 396 14 21 0.0405
803 393 17 24 0.0401
634 180 12 16 0.0401
342 286 12 16 0.0397
951 359 13 16 0.0394
585 117 10 14 0.0387
108 93 12 16 0.0386
730 40 8 10 0.0380
393 20 12 15 0.0379
700 195 13 14 0.0377
533 41 11 15 0.0371
299 16 12 16 0.0366
737 30 9 12 0.0359
88 26 12 15 0.0354
803 396 19 25 0.0352
655 131 10 12 0.0351
646 8 9 12 0.0346
445 23 10 14 0.0343
392 319 13 18 0.0341
969 10 9 12 0.0337
934 328 11 16 0.0334
647 91 12 17 0.0331
606 219 11 15 0.0327
978 245 10 14 0.0327
32 58 11 16 0.0325
160 8 14 17 0.0324
585 161 12 16 0.0319
200 33 13 17 0.0318
445 183 11 12 0.0318
802 409 24 30 0.0317
88 424 15 20 0.0317
385 405 19 25 0.0315
716 232 12 17 0.0311
784 236 10 14 0.0310
330 51 15 19 0.0310
790 305 11 16 0.0309
837 104 10 16 0.0308
583 61 10 15 0.0307
85 30 11 15 0.0306
350 214 14 18 0.0304
489 101 11 15 0.0301
159 401 13 18 0.0301
727 37 10 13 0.0301
677 121 10 14 0.0301
345 130 12 17 0.0299
593 115 12 15 0.0297
797 167 12 15 0.0292
129 415 17 23 0.0292
748 353 10 13 0.0291
735 192 10 15 0.0290
860 194 11 14 0.0287
697 176 10 14 0.0286
810 179 12 17 0.0283
855 372 13 15 0.0282
991 307 13 18 0.0279
1004 358 13 19 0.0279
647 145 12 14 0.0277
253 241 10 13 0.0276
389 113 12 17 0.0275
444 76 12 15 0.0275
700 118 11 14 0.0272
438 167 11 15 0.0270
736 29 9 12 0.0269
837 195 11 18 0.0268
1001 244 11 15 0.0266
555 261 12 19 0.0265
315 91 13 16 0.0263
397 20 9 12 0.0259
212 416 15 23 0.0258
145 0 10 11 0.0258
309 292 12 16 0.0255
902 216 12 14 0.0251
555 125 13 17 0.0251
757 57 14 19 0.0249
589 65 12 16 0.0248
369 119 12 18 0.0248
393 306 13 17 0.0248
818 3 8 10 0.0247
966 224 10 12 0.0247
102 154 15 19 0.0245
534 15 10 14 0.0244
406 152 12 17 0.0242
271 248 11 15 0.0236
782 432 14 23 0.0236
294 351 13 18 0.0236
419 39 11 14 0.0236
1003 352 14 16 0.0235
30 353 13 18 0.0232
1019 333 5 19 0.0230
728 194 12 15 0.0229
815 4 8 10 0.0227
495 35 11 15 0.0220
421 15 11 16 0.0218
966 11 9 12 0.0216
26 92 13 17 0.0216
404 207 13 16 0.0215
781 9 8 9 0.0215
599 118 13 17 0.0215
760 376 12 16 0.0214
339 284 12 17 0.0213
389 64 12 17 0.0212
302 105 11 16 0.0208
435 95 11 14 0.0208
93 426 13 18 0.0207
173 421 14 21 0.0205
96 404 12 18 0.0204
78 417 17 24 0.0204
337 41 13 17 0.0203
468 120 12 16 0.0203
623 155 12 16 0.0200
419 97 12 14 0.0200
969 224 8 12 0.0197
56 18 13 18 0.0197
610 236 13 18 0.0196
676 116 11 14 0.0196
161 3 11 14 0.0195
785 251 12 17 0.0195
727 39 11 13 0.0195
286 379 14 23 0.0193
863 417 21 21 0.0192
819 412 19 26 0.0192
835 87 10 12 0.0192
479 205 12 16 0.0192
564 200 9 14 0.0191
855 172 12 15 0.0190
136 398 16 21 0.0189
338 26 10 13 0.0188
904 235 13 16 0.0188
275 66 11 14 0.0187
760 36 9 11 0.0186
979 266 12 15 0.0182
80 418 14 22 0.0181
34 353 13 18 0.0181
187 398 20 25 0.0181
740 121 10 14 0.0180
667 294 13 21 0.0177
157 400 15 19 0.0177
815 418 20 27 0.0175
802 146 11 14 0.0175
94 422 13 18 0.0175
721 94 10 13 0.0174
785 427 14 24 0.0173
434 44 9 13 0.0173
537 41 10 14 0.0173
760 259 10 15 0.0173
765 376 10 15 0.0172
416 190 12 16 0.0171
365 52 10 17 0.0170
118 409 15 19 0.0168
742 4 7 9 0.0166
649 52 10 11 0.0165
157 0 12 10 0.0162
0 39 6 16 0.0154
997 243 11 15 0.0154
694 90 10 15 0.0154
373 159 10 14 0.0151
860 195 11 14 0.0151
432 178 12 17 0.0148
186 0 14 15 0.0148
835 68 8 11 0.0147
289 39 14 19 0.0147
724 450 17 19 0.0146
638 332 14 18 0.0146
681 179 11 15 0.0144
534 244 11 17 0.0143
650 72 12 14 0.0141
817 36 8 11 0.0140
503 236 13 18 0.0140
788 191 11 15 0.0139
177 43 10 14 0.0139
108 0 10 7 0.0139
690 66 10 13 0.0135
308 296 14 17 0.0135
822 223 9 14 0.0134
637 134 10 13 0.0134
269 243 12 16 0.0134
801 396 18 23 0.0130
834 191 10 16 0.0130
393 321 13 18 0.0130
567 60 11 14 0.0129
0 105 5 18 0.0129
646 10 10 12 0.0129
124 408 15 20 0.0128
663 144 12 14 0.0128
474 27 12 15 0.0128
782 316 11 15 0.0128
538 15 10 13 0.0128
161 396 14 19 0.0128
515 127 11 16 0.0127
29 325 15 23 0.0127
573 98 10 14 0.0127
269 67 11 15 0.0126
824 144 9 13 0.0126
3 150 10 17 0.0124
910 232 11 16 0.0124
795 415 17 24 0.0121
1006 267 13 16 0.0120
207 415 16 24 0.0120
834 65 9 12 0.0120
762 37 9 11 0.0118
535 187 13 17 0.0118
727 40 9 11 0.0118
699 291 14 18 0.0117
106 92 13 17 0.0117
81 48 11 15 0.0117
876 194 10 15 0.0116
647 145 12 14 0.0115
674 21 10 12 0.0114
966 220 9 12 0.0114
330 29 12 14 0.0114
624 44 10 13 0.0113
851 374 15 19 0.0112
214 422 14 22 0.0112
683 240 9 14 0.0110
390 306 13 17 0.0109
777 282 11 16 0.0109
533 95 11 14 0.0109
11 139 13 16 0.0109
577 115 12 15 0.0108
187 390 22 28 0.0108
448 59 11 14 0.0108
769 345 10 13 0.0108
586 296 15 17 0.0105
209 423 14 20 0.0105
799 416 18 24 0.0105
729 283 13 18 0.0105
968 368 13 16 0.0105
364 51 11 17 0.0104
644 298 12 19 0.0104
784 143 10 13 0.0104
774 283 10 14 0.0102
967 359 10 14 0.0101
954 367 13 15 0.0101
342 219 14 18 0.0101
696 174 12 13 0.0101
241 59 13 18 0.0101
745 119 10 14 0.0101
367 118 12 16 0.0100
