7_Cheering_Cheering_7_536
75
998 240 26 39 0.8530
328 304 28 36 0.8173
521 261 33 42 0.8125
0 230 22 32 0.8110
934 295 39 37 0.8058
245 230 28 36 0.7897
0 343 18 34 0.7851
313 222 30 32 0.7849
253 312 25 32 0.7817
177 255 24 33 0.7808
731 274 66 91 0.7749
333 258 27 35 0.7726
460 271 28 33 0.7626
851 280 31 42 0.7461
216 263 32 32 0.7458
900 244 28 30 0.7449
518 337 38 59 0.7318
98 239 26 28 0.7074
649 260 36 43 0.7059
133 249 30 35 0.6363
877 263 26 32 0.6310
504 259 38 43 0.6123
727 228 40 38 0.5733
206 224 25 31 0.5223
22 295 23 33 0.4722
998 395 26 35 0.3425
122 310 28 30 0.2820
398 243 29 32 0.2524
599 241 27 34 0.2128
848 233 26 26 0.1832
46 224 25 27 0.1550
602 240 29 37 0.1491
394 243 29 32 0.1153
206 224 25 30 0.1045
1017 343 7 32 0.0927
27 295 22 33 0.0786
134 234 27 32 0.0737
127 309 28 31 0.0682
437 246 25 32 0.0625
264 255 27 30 0.0526
848 239 27 31 0.0515
126 318 25 27 0.0431
843 233 28 26 0.0431
271 253 21 23 0.0402
432 246 27 33 0.0380
64 237 27 29 0.0367
732 274 65 92 0.0366
45 228 29 30 0.0355
268 255 26 28 0.0344
1015 337 9 37 0.0337
65 241 27 29 0.0292
499 265 28 35 0.0252
842 239 30 32 0.0236
27 242 26 29 0.0230
394 239 24 28 0.0226
132 335 21 24 0.0223
258 262 32 38 0.0219
204 225 26 32 0.0210
440 252 23 31 0.0196
604 248 30 33 0.0189
608 307 24 27 0.0188
434 250 27 33 0.0186
128 333 22 25 0.0185
83 310 23 29 0.0164
82 316 27 32 0.0150
391 251 33 35 0.0143
113 306 30 33 0.0133
398 250 33 36 0.0132
594 293 25 30 0.0127
1018 345 6 39 0.0122
129 317 27 30 0.0119
266 251 22 24 0.0116
25 243 23 26 0.0110
634 276 46 56 0.0101
144 307 23 29 0.0100
