7_Cheering_Cheering_7_345
88
794 391 25 34 0.8323
452 156 26 39 0.8283
0 310 22 31 0.8172
264 393 24 29 0.8165
353 402 23 28 0.8101
253 369 25 29 0.8057
603 190 27 36 0.7953
581 393 27 28 0.7902
228 375 24 30 0.7893
554 354 23 26 0.7827
468 389 19 32 0.7056
877 375 21 30 0.7033
758 374 25 28 0.6937
23 375 21 31 0.5545
901 357 25 30 0.5428
857 357 26 33 0.5265
943 309 21 29 0.5175
331 417 18 33 0.4927
162 408 23 26 0.4743
860 405 16 28 0.4135
251 420 13 29 0.3978
89 380 22 26 0.3897
680 233 15 28 0.3818
334 419 16 32 0.3536
862 405 17 28 0.2365
247 420 16 28 0.2178
812 427 19 30 0.1589
753 418 12 26 0.1545
860 357 24 31 0.1523
687 428 16 21 0.1249
685 426 16 21 0.1196
340 379 15 30 0.0795
91 380 23 26 0.0653
750 417 11 27 0.0650
677 231 14 29 0.0631
612 328 23 30 0.0617
336 380 16 29 0.0610
808 426 19 31 0.0589
88 384 24 29 0.0562
241 433 14 31 0.0530
89 376 20 24 0.0530
52 396 17 21 0.0522
254 421 13 28 0.0490
683 234 16 27 0.0477
337 386 16 27 0.0468
682 429 18 22 0.0452
639 392 15 21 0.0438
94 374 21 24 0.0422
26 386 17 21 0.0408
338 418 14 30 0.0408
168 407 20 26 0.0387
339 420 13 30 0.0381
341 373 15 24 0.0351
29 373 16 27 0.0306
248 423 15 28 0.0279
30 376 17 28 0.0264
43 417 19 24 0.0263
57 397 14 20 0.0261
40 420 17 22 0.0244
522 367 19 21 0.0243
464 390 20 31 0.0226
52 401 17 22 0.0204
475 486 14 22 0.0191
336 375 18 28 0.0186
405 403 20 25 0.0178
691 426 16 22 0.0170
901 361 22 30 0.0154
432 184 27 36 0.0150
675 233 14 27 0.0150
442 385 16 23 0.0147
434 187 28 35 0.0142
751 410 11 29 0.0133
437 186 27 35 0.0131
335 418 17 32 0.0130
675 235 16 28 0.0127
861 359 24 31 0.0127
237 435 16 28 0.0126
336 372 18 26 0.0123
254 418 16 27 0.0119
750 418 14 28 0.0118
159 405 24 26 0.0116
437 385 17 22 0.0115
865 355 21 29 0.0115
437 389 20 25 0.0113
683 426 15 21 0.0112
811 420 19 31 0.0112
186 395 25 25 0.0111
186 402 25 23 0.0109
