7_Cheering_Cheering_7_57
31
432 336 45 55 0.8805
32 160 37 49 0.8708
555 347 44 47 0.8662
331 306 41 53 0.8653
746 337 42 50 0.8527
666 315 40 43 0.8504
134 301 42 46 0.8491
0 301 48 58 0.8444
1004 334 20 67 0.8194
104 319 38 52 0.7830
737 143 44 46 0.7372
247 352 38 45 0.5094
387 218 37 40 0.4783
794 282 50 56 0.4499
953 340 26 40 0.2283
961 386 33 41 0.1383
794 282 49 54 0.1205
947 340 25 39 0.1148
105 319 36 52 0.1085
0 301 48 58 0.0713
956 340 32 41 0.0637
966 392 30 36 0.0303
349 194 30 31 0.0281
954 340 30 42 0.0270
946 341 27 41 0.0233
957 342 34 43 0.0226
957 384 30 40 0.0203
956 379 30 41 0.0153
961 393 25 34 0.0126
245 335 38 47 0.0108
967 387 33 40 0.0102
