7_Cheering_Cheering_7_391
42
356 348 24 33 0.5698
90 383 29 37 0.5615
196 435 55 72 0.5212
198 434 55 72 0.5065
316 326 14 23 0.4722
59 405 35 60 0.4331
711 175 17 20 0.4114
708 175 16 20 0.4057
224 347 16 28 0.3905
345 624 67 140 0.3671
221 348 16 27 0.3510
477 336 14 24 0.3276
481 335 13 25 0.2562
361 348 21 32 0.2490
312 326 15 23 0.2165
304 361 19 28 0.2035
702 288 14 27 0.1631
424 314 11 18 0.1533
195 341 15 23 0.1346
948 430 30 80 0.1102
55 405 39 60 0.1016
949 431 28 74 0.0966
427 314 9 17 0.0615
538 331 16 28 0.0550
422 312 10 17 0.0541
198 340 17 25 0.0536
298 362 19 26 0.0447
420 314 12 19 0.0379
537 328 15 30 0.0325
480 333 13 24 0.0297
84 380 32 41 0.0290
420 313 12 20 0.0244
703 290 16 29 0.0240
707 290 12 23 0.0223
310 359 19 31 0.0187
698 289 15 26 0.0182
564 387 19 45 0.0146
309 359 18 29 0.0137
698 286 18 29 0.0134
195 344 17 23 0.0126
426 311 10 17 0.0123
571 387 13 45 0.0116
