7_Cheering_Cheering_7_29
944
909 125 14 18 0.7040
767 491 21 20 0.6974
727 164 15 17 0.6529
805 276 15 19 0.6424
679 176 14 17 0.6332
436 127 13 16 0.6278
357 244 14 16 0.6208
611 358 15 19 0.6201
898 349 14 21 0.6197
767 268 14 15 0.6182
713 292 15 17 0.6089
126 265 14 16 0.6048
572 216 15 20 0.5920
444 169 14 17 0.5864
254 230 14 16 0.5818
463 357 15 21 0.5681
204 92 13 16 0.5583
412 200 13 17 0.5446
936 115 13 17 0.5358
101 369 14 17 0.5325
111 126 14 17 0.5314
617 176 14 19 0.5304
614 417 14 19 0.5271
515 278 14 17 0.5157
704 316 15 17 0.5135
369 295 13 16 0.5078
164 144 13 15 0.5048
1 113 11 14 0.5002
475 332 17 19 0.4956
155 268 14 16 0.4955
680 140 12 17 0.4878
38 169 12 15 0.4869
21 152 15 18 0.4859
194 271 13 15 0.4853
630 366 15 17 0.4839
591 124 13 17 0.4827
777 104 14 17 0.4812
92 293 12 15 0.4800
878 246 15 18 0.4733
243 43 12 14 0.4692
65 331 15 16 0.4647
810 366 15 18 0.4602
221 140 13 14 0.4602
891 214 15 19 0.4524
346 432 16 18 0.4489
976 335 15 20 0.4478
604 237 16 18 0.4440
40 357 15 18 0.4434
547 353 15 17 0.4403
49 382 16 19 0.4390
336 168 13 16 0.4377
402 292 12 15 0.4369
171 108 13 18 0.4280
820 267 14 17 0.4266
534 137 13 15 0.4248
888 214 15 19 0.4205
71 277 14 18 0.4189
480 306 16 16 0.4110
216 119 12 14 0.4100
246 104 10 13 0.4089
323 274 14 17 0.4083
269 106 12 16 0.4076
839 339 16 18 0.4064
304 206 13 16 0.4038
152 111 13 15 0.4023
971 93 13 15 0.3989
1000 332 13 17 0.3937
999 187 13 15 0.3906
478 305 15 17 0.3902
678 115 13 15 0.3886
994 221 14 17 0.3869
937 293 14 17 0.3869
960 298 14 17 0.3863
382 115 13 17 0.3843
192 400 13 16 0.3840
950 252 13 17 0.3785
590 95 13 16 0.3771
371 329 17 18 0.3755
389 200 11 15 0.3728
977 192 13 15 0.3723
554 86 12 15 0.3700
813 366 15 19 0.3694
339 128 11 15 0.3638
69 278 13 17 0.3624
663 54 12 15 0.3615
630 139 13 17 0.3596
405 291 12 17 0.3576
860 99 14 16 0.3571
836 338 16 19 0.3571
174 108 13 18 0.3543
721 117 13 16 0.3502
920 94 11 14 0.3499
131 86 12 15 0.3467
759 125 12 15 0.3432
280 251 13 17 0.3394
724 117 13 17 0.3300
17 293 12 16 0.3289
309 263 13 16 0.3275
69 87 12 14 0.3238
477 168 13 16 0.3227
604 80 12 16 0.3213
248 288 13 16 0.3197
276 129 14 17 0.3179
193 121 11 15 0.3157
0 317 6 17 0.3120
342 128 11 15 0.3108
228 398 14 16 0.3102
349 338 14 17 0.3081
962 298 14 18 0.3072
310 109 12 15 0.3068
633 366 15 17 0.3055
620 176 14 19 0.3049
101 210 13 19 0.3048
791 212 13 15 0.3047
308 85 12 14 0.3012
594 123 13 18 0.3009
170 75 12 14 0.2982
431 442 15 16 0.2965
706 100 13 17 0.2959
176 435 13 17 0.2948
842 317 14 16 0.2943
626 116 12 15 0.2939
72 86 12 14 0.2895
531 137 13 15 0.2890
1006 86 14 20 0.2882
365 360 14 18 0.2881
804 100 11 15 0.2878
98 310 12 15 0.2867
362 360 14 17 0.2863
354 86 13 16 0.2836
825 294 12 16 0.2836
224 139 13 16 0.2795
737 105 10 14 0.2781
881 247 15 17 0.2753
250 288 14 17 0.2682
478 332 17 19 0.2669
352 87 12 15 0.2618
827 232 13 17 0.2583
271 107 12 16 0.2556
824 232 13 17 0.2545
299 327 14 16 0.2518
345 398 16 18 0.2509
340 168 12 16 0.2507
821 96 12 15 0.2498
168 374 12 16 0.2474
980 193 13 14 0.2468
608 238 15 17 0.2461
162 144 12 15 0.2424
518 278 14 17 0.2419
801 101 11 14 0.2393
149 111 12 15 0.2379
613 447 13 17 0.2374
210 239 13 16 0.2369
925 382 12 16 0.2323
302 326 15 18 0.2277
763 124 12 16 0.2263
557 86 12 15 0.2231
827 294 13 16 0.2215
996 222 14 17 0.2211
466 357 16 21 0.2210
844 95 12 15 0.2210
96 309 12 16 0.2187
392 200 11 15 0.2163
274 130 12 16 0.2162
674 130 13 16 0.2149
215 67 12 14 0.2144
633 140 13 16 0.2142
1003 86 14 19 0.2123
783 87 12 15 0.2099
198 271 12 15 0.2097
412 351 15 20 0.2093
883 112 13 15 0.2077
885 89 14 17 0.2047
651 463 16 19 0.2037
739 105 11 14 0.2023
214 239 12 16 0.2003
953 252 13 17 0.1999
1004 331 13 18 0.1994
348 336 14 18 0.1978
841 95 12 15 0.1969
0 200 6 17 0.1962
929 218 15 19 0.1931
977 118 13 17 0.1927
522 107 14 18 0.1925
623 115 11 15 0.1891
77 74 10 12 0.1884
244 44 13 14 0.1879
260 428 15 17 0.1842
511 173 11 17 0.1811
974 335 15 20 0.1785
980 118 13 16 0.1779
939 115 13 16 0.1778
159 268 13 16 0.1741
169 377 13 15 0.1729
249 104 10 13 0.1711
671 130 12 15 0.1692
44 358 14 18 0.1683
896 349 14 20 0.1674
18 153 15 17 0.1647
774 102 13 17 0.1634
204 445 17 17 0.1623
947 91 14 15 0.1617
278 86 12 15 0.1599
117 243 13 18 0.1593
446 331 15 18 0.1581
36 263 10 14 0.1578
977 121 14 17 0.1574
778 454 14 16 0.1573
404 325 17 19 0.1565
134 86 12 15 0.1560
821 168 13 16 0.1557
109 126 13 17 0.1556
20 293 12 16 0.1551
654 465 16 18 0.1535
816 95 12 16 0.1527
788 212 13 15 0.1526
95 293 12 16 0.1524
301 206 13 16 0.1512
580 119 11 14 0.1508
942 467 16 17 0.1503
481 168 12 16 0.1496
777 452 13 16 0.1495
979 336 15 19 0.1489
190 119 12 15 0.1485
173 435 13 17 0.1480
403 324 16 17 0.1479
683 139 12 18 0.1451
688 276 13 15 0.1446
629 87 12 15 0.1444
316 255 14 16 0.1431
926 217 15 19 0.1419
412 347 15 18 0.1409
327 274 14 17 0.1398
725 359 14 19 0.1388
864 99 13 15 0.1376
937 468 16 17 0.1352
262 425 15 18 0.1337
401 326 15 18 0.1334
606 210 12 16 0.1330
226 470 12 17 0.1329
461 397 16 18 0.1326
528 357 13 16 0.1320
545 354 13 17 0.1313
4 113 11 14 0.1304
309 107 12 15 0.1300
213 67 11 14 0.1299
857 212 14 16 0.1296
755 104 13 16 0.1288
415 200 13 17 0.1275
358 104 13 14 0.1272
661 53 11 16 0.1272
173 74 12 15 0.1257
429 442 13 16 0.1243
556 186 13 16 0.1232
605 81 13 17 0.1228
33 263 10 14 0.1223
941 293 13 17 0.1211
415 346 16 18 0.1193
460 98 13 16 0.1184
987 97 12 15 0.1183
840 95 12 16 0.1180
981 121 13 17 0.1178
588 94 13 16 0.1177
263 428 16 17 0.1163
815 471 13 17 0.1153
313 109 12 15 0.1145
190 121 11 15 0.1142
560 185 13 17 0.1140
909 174 16 19 0.1119
707 94 11 13 0.1112
824 267 14 17 0.1109
694 160 12 16 0.1106
560 158 13 15 0.1106
353 338 14 17 0.1098
277 251 13 16 0.1085
99 211 11 17 0.1084
583 118 11 15 0.1077
726 364 14 17 0.1075
630 422 14 16 0.1070
889 90 13 16 0.1067
606 209 11 16 0.1062
608 101 10 13 0.1060
609 209 11 16 0.1056
41 348 15 18 0.1056
55 81 12 14 0.1048
24 91 12 15 0.1045
844 442 14 20 0.1040
195 401 12 16 0.1035
726 449 13 17 0.1020
502 79 13 16 0.1016
42 168 11 16 0.1016
560 101 11 16 0.1014
352 336 14 18 0.1008
594 96 11 15 0.1007
773 308 12 16 0.1004
676 115 11 14 0.1000
263 92 11 14 0.0991
558 181 14 18 0.0990
607 80 12 16 0.0984
488 269 12 14 0.0977
905 82 12 13 0.0967
771 490 21 21 0.0966
619 130 11 17 0.0956
225 398 13 16 0.0945
497 104 13 17 0.0930
974 94 13 16 0.0924
812 471 13 17 0.0921
582 121 10 14 0.0917
570 216 13 20 0.0915
776 308 13 16 0.0915
642 117 12 16 0.0911
383 130 12 15 0.0908
218 120 12 15 0.0908
997 185 13 15 0.0902
65 434 16 17 0.0897
709 316 13 17 0.0897
439 127 12 16 0.0896
322 272 14 17 0.0895
171 374 12 16 0.0894
208 92 12 16 0.0890
11 98 12 16 0.0889
4 341 13 18 0.0887
562 159 13 15 0.0886
258 425 15 18 0.0885
902 81 12 14 0.0875
620 134 12 17 0.0864
212 469 11 14 0.0863
196 400 12 16 0.0862
834 116 12 17 0.0861
520 106 13 18 0.0859
370 106 12 14 0.0859
252 231 13 15 0.0850
272 104 13 17 0.0838
367 295 13 15 0.0836
609 210 12 17 0.0834
442 169 13 17 0.0828
709 101 12 17 0.0828
267 91 12 15 0.0827
758 256 12 14 0.0824
829 215 13 16 0.0822
306 83 12 15 0.0818
929 382 11 16 0.0817
98 208 14 20 0.0816
75 73 10 12 0.0811
209 469 11 13 0.0809
789 210 13 15 0.0807
69 331 14 15 0.0799
489 183 11 14 0.0795
685 276 12 16 0.0789
350 396 17 20 0.0789
307 260 14 17 0.0787
922 95 11 14 0.0783
840 316 13 17 0.0782
787 87 11 15 0.0777
609 358 13 18 0.0777
342 100 13 16 0.0757
490 185 13 16 0.0754
961 116 13 16 0.0738
214 119 11 14 0.0724
350 432 15 18 0.0724
246 285 13 17 0.0723
987 94 11 15 0.0720
926 223 14 18 0.0720
415 351 16 20 0.0715
108 73 12 16 0.0713
401 324 14 17 0.0712
81 151 12 17 0.0699
246 43 12 14 0.0693
411 407 15 18 0.0690
686 273 13 16 0.0682
407 93 14 16 0.0670
992 223 14 16 0.0667
56 84 13 16 0.0664
38 92 12 15 0.0664
326 273 13 17 0.0663
940 464 16 19 0.0657
84 150 14 17 0.0649
723 365 13 16 0.0645
964 297 14 17 0.0642
855 209 13 17 0.0638
775 454 13 16 0.0625
507 80 12 15 0.0621
901 350 15 20 0.0614
581 102 12 15 0.0612
802 449 14 18 0.0611
646 117 11 16 0.0611
509 170 11 18 0.0606
311 86 12 14 0.0603
992 221 13 17 0.0599
1002 188 13 15 0.0592
429 440 14 16 0.0592
726 165 12 16 0.0591
375 329 17 19 0.0590
711 292 14 17 0.0589
98 370 13 15 0.0586
881 112 11 15 0.0583
693 73 13 15 0.0583
74 125 13 18 0.0582
721 149 11 15 0.0581
836 122 12 15 0.0581
58 81 12 15 0.0575
709 94 11 13 0.0574
519 107 13 18 0.0574
930 223 15 17 0.0568
277 247 15 18 0.0568
499 107 12 16 0.0563
256 140 14 16 0.0563
306 85 10 14 0.0559
887 112 12 15 0.0552
633 422 15 16 0.0546
276 83 12 14 0.0544
363 363 13 16 0.0542
620 132 13 16 0.0538
723 449 13 17 0.0537
825 215 13 16 0.0535
908 91 13 17 0.0534
541 95 14 19 0.0532
488 203 13 16 0.0529
0 466 11 20 0.0525
121 243 11 17 0.0524
155 93 11 14 0.0522
903 83 12 16 0.0519
991 99 12 15 0.0507
1010 425 12 13 0.0506
46 305 14 19 0.0506
824 168 13 16 0.0501
43 305 13 18 0.0498
57 82 13 16 0.0491
555 183 12 16 0.0489
102 329 12 17 0.0484
111 73 12 17 0.0484
493 201 15 18 0.0481
45 347 14 17 0.0479
493 185 13 17 0.0479
738 320 13 19 0.0478
647 141 10 13 0.0477
997 257 14 18 0.0477
274 82 12 15 0.0476
672 134 12 15 0.0476
774 452 12 15 0.0474
840 310 15 17 0.0473
1002 186 14 16 0.0469
209 447 16 16 0.0463
683 176 13 17 0.0462
612 417 12 18 0.0461
74 399 14 17 0.0460
376 89 11 14 0.0459
203 91 11 16 0.0456
633 87 11 15 0.0456
622 131 12 17 0.0454
183 74 11 13 0.0448
379 114 12 17 0.0447
520 86 12 16 0.0446
692 295 13 16 0.0440
542 92 13 17 0.0439
479 89 12 14 0.0438
643 121 12 15 0.0436
0 462 11 20 0.0436
805 231 13 15 0.0433
909 96 12 16 0.0431
18 92 13 15 0.0430
951 331 13 16 0.0424
623 114 12 13 0.0422
587 504 12 7 0.0419
20 431 16 18 0.0418
368 106 12 15 0.0416
311 262 14 16 0.0415
556 100 13 17 0.0409
3 111 14 15 0.0407
400 102 13 17 0.0402
446 169 14 18 0.0402
405 98 15 19 0.0400
806 125 15 16 0.0399
906 98 11 14 0.0399
123 265 13 15 0.0396
442 332 13 16 0.0395
1009 94 12 17 0.0394
301 321 15 20 0.0391
482 89 12 15 0.0388
765 267 12 15 0.0388
548 125 14 18 0.0387
672 131 13 17 0.0385
72 506 16 5 0.0384
676 113 12 15 0.0384
723 359 12 18 0.0384
759 131 12 17 0.0383
369 326 14 16 0.0379
505 82 13 16 0.0379
827 213 13 16 0.0377
456 117 11 14 0.0376
35 262 10 13 0.0375
416 407 14 17 0.0375
392 141 15 17 0.0374
208 466 11 14 0.0366
582 96 11 13 0.0365
310 85 13 15 0.0365
807 342 12 16 0.0364
491 183 12 16 0.0362
371 269 13 18 0.0362
775 105 12 16 0.0361
491 267 14 16 0.0359
799 449 13 17 0.0358
70 433 15 18 0.0356
948 97 14 16 0.0356
207 92 12 17 0.0355
544 164 11 14 0.0354
545 349 15 19 0.0354
740 325 13 17 0.0351
673 73 12 15 0.0348
212 235 13 17 0.0348
53 384 16 18 0.0348
36 445 13 16 0.0342
771 268 12 16 0.0341
914 175 15 18 0.0339
422 430 12 14 0.0339
465 98 12 16 0.0338
662 76 13 16 0.0336
375 340 15 17 0.0335
723 362 15 19 0.0334
907 167 16 20 0.0333
130 263 14 17 0.0332
824 235 13 16 0.0330
367 419 17 19 0.0327
456 98 12 16 0.0327
695 159 13 16 0.0326
822 170 15 18 0.0322
584 449 16 17 0.0319
7 341 13 18 0.0319
361 243 13 17 0.0318
783 86 10 12 0.0317
745 345 12 18 0.0316
274 373 12 15 0.0311
382 392 17 21 0.0311
465 397 16 19 0.0311
776 312 14 21 0.0310
514 84 13 16 0.0307
965 89 14 18 0.0306
221 117 11 14 0.0303
17 125 10 13 0.0303
862 212 13 16 0.0303
839 94 11 15 0.0303
249 286 14 16 0.0301
823 265 14 16 0.0300
49 470 14 19 0.0300
277 372 13 17 0.0299
378 341 16 18 0.0294
500 213 12 15 0.0294
697 158 12 14 0.0293
881 110 12 15 0.0293
370 276 13 15 0.0293
444 334 13 17 0.0292
40 95 11 14 0.0292
313 106 12 16 0.0291
183 79 11 14 0.0291
507 175 11 16 0.0290
772 312 15 20 0.0288
1004 85 15 19 0.0287
801 102 12 15 0.0287
420 427 13 15 0.0287
665 55 13 16 0.0284
217 70 12 14 0.0283
156 110 11 14 0.0282
534 240 14 17 0.0282
839 122 13 15 0.0281
274 132 13 17 0.0280
851 113 14 17 0.0278
40 170 12 16 0.0278
771 96 13 15 0.0276
1017 290 7 19 0.0276
853 211 14 16 0.0275
610 447 12 16 0.0274
105 368 13 16 0.0274
813 423 16 17 0.0273
356 244 12 16 0.0270
618 416 14 18 0.0268
47 313 13 19 0.0267
1003 332 14 18 0.0267
420 302 13 16 0.0266
663 282 11 14 0.0266
773 310 15 19 0.0264
659 76 12 16 0.0264
837 116 14 17 0.0263
663 102 11 14 0.0262
298 323 13 17 0.0261
348 401 15 16 0.0261
493 104 12 17 0.0261
173 377 12 16 0.0261
314 231 13 17 0.0260
177 71 11 14 0.0258
60 334 14 16 0.0256
609 82 12 16 0.0254
202 445 13 16 0.0254
658 101 11 15 0.0253
859 443 15 21 0.0252
214 70 11 14 0.0252
446 89 14 18 0.0252
210 467 13 15 0.0249
440 106 12 15 0.0248
178 460 15 17 0.0247
656 462 16 20 0.0246
952 88 12 15 0.0246
978 335 15 20 0.0245
46 462 15 20 0.0245
56 279 13 16 0.0244
463 400 16 18 0.0243
906 103 12 15 0.0243
51 386 16 19 0.0243
342 103 12 15 0.0243
151 319 13 19 0.0242
768 326 15 19 0.0240
670 174 12 16 0.0240
801 230 13 16 0.0240
133 84 13 16 0.0239
495 107 12 16 0.0239
520 107 13 17 0.0238
537 257 12 15 0.0238
454 117 10 14 0.0237
648 464 16 19 0.0237
379 89 11 15 0.0237
723 150 13 15 0.0235
743 105 12 15 0.0234
442 107 12 16 0.0234
327 100 12 16 0.0233
565 183 12 16 0.0232
738 138 14 18 0.0231
475 239 13 15 0.0231
574 106 12 16 0.0229
252 414 12 14 0.0229
1008 199 14 18 0.0228
517 85 13 16 0.0227
405 93 11 14 0.0227
698 161 12 16 0.0227
117 403 15 18 0.0226
211 237 13 17 0.0225
305 209 14 16 0.0225
308 206 13 16 0.0224
854 102 13 17 0.0223
379 383 18 22 0.0222
381 181 12 16 0.0222
386 113 11 14 0.0222
1 499 11 12 0.0221
290 473 14 17 0.0221
385 131 11 15 0.0221
17 431 16 19 0.0219
310 230 14 18 0.0218
807 212 15 17 0.0216
660 282 10 14 0.0215
20 125 10 14 0.0213
666 54 12 15 0.0213
45 95 11 14 0.0211
935 90 14 16 0.0211
272 378 14 17 0.0210
231 93 12 16 0.0209
802 232 13 16 0.0209
169 72 11 14 0.0208
822 188 13 15 0.0207
660 466 15 18 0.0207
239 236 11 14 0.0206
738 353 15 21 0.0206
85 338 14 18 0.0205
495 106 13 17 0.0205
42 463 14 18 0.0202
802 451 16 20 0.0201
44 312 13 20 0.0201
544 356 14 18 0.0201
624 110 12 14 0.0201
281 86 11 13 0.0201
208 443 14 16 0.0200
1006 424 12 14 0.0200
700 314 14 18 0.0200
42 468 15 18 0.0199
71 126 12 17 0.0199
29 88 12 15 0.0197
854 212 11 15 0.0196
0 315 11 17 0.0196
684 273 12 16 0.0196
312 107 13 16 0.0196
76 85 11 14 0.0196
179 82 12 14 0.0195
385 132 11 14 0.0194
626 86 11 15 0.0194
248 412 13 15 0.0194
73 74 10 11 0.0194
238 237 11 15 0.0193
34 262 11 16 0.0193
117 247 13 17 0.0192
507 172 10 16 0.0192
85 335 13 15 0.0191
404 462 14 17 0.0191
955 331 12 16 0.0191
534 228 15 20 0.0190
170 106 12 16 0.0190
460 96 11 15 0.0190
0 383 6 19 0.0189
109 78 13 16 0.0189
719 292 12 17 0.0188
781 87 12 15 0.0188
244 104 10 13 0.0187
585 360 14 17 0.0187
534 182 12 15 0.0186
951 110 13 16 0.0186
528 363 13 17 0.0185
48 140 13 16 0.0184
118 98 11 15 0.0184
215 122 11 14 0.0183
211 466 12 14 0.0183
37 82 11 14 0.0182
645 138 12 15 0.0179
418 430 13 14 0.0178
64 336 15 17 0.0177
558 160 13 15 0.0175
237 235 11 14 0.0175
157 266 13 15 0.0175
650 467 13 16 0.0173
574 484 17 19 0.0173
758 120 12 16 0.0173
736 319 11 19 0.0172
453 329 15 18 0.0172
183 71 10 12 0.0171
130 83 11 15 0.0171
123 99 12 15 0.0171
864 444 14 19 0.0170
601 82 12 16 0.0170
413 355 16 20 0.0170
85 337 12 15 0.0170
912 125 13 18 0.0169
444 79 14 16 0.0169
67 504 16 7 0.0169
544 102 13 17 0.0168
810 423 15 16 0.0167
367 431 15 20 0.0166
105 369 14 17 0.0165
780 105 13 17 0.0165
696 73 12 15 0.0165
287 472 12 18 0.0165
373 294 12 16 0.0164
870 475 14 18 0.0164
783 492 17 17 0.0162
450 206 13 17 0.0162
794 211 12 15 0.0162
479 172 12 16 0.0161
841 443 12 19 0.0161
0 110 10 15 0.0161
178 404 12 16 0.0161
67 440 14 17 0.0161
565 158 12 15 0.0160
46 382 14 18 0.0159
267 106 13 16 0.0159
193 240 13 16 0.0159
258 229 13 16 0.0158
872 478 14 18 0.0158
762 132 13 15 0.0157
0 197 4 18 0.0156
737 325 11 18 0.0156
150 108 12 16 0.0155
77 129 13 16 0.0155
308 206 12 15 0.0154
661 56 12 16 0.0153
26 154 14 18 0.0153
491 205 14 17 0.0153
77 403 14 17 0.0152
54 382 15 18 0.0152
644 113 11 14 0.0151
368 332 14 16 0.0151
703 103 12 16 0.0150
825 232 14 18 0.0150
748 345 12 18 0.0149
20 413 15 17 0.0149
401 462 13 16 0.0149
231 386 14 17 0.0148
803 125 12 15 0.0148
387 367 14 17 0.0148
947 466 15 18 0.0147
737 121 12 15 0.0147
367 363 13 16 0.0146
754 500 15 11 0.0146
952 255 14 17 0.0146
759 96 12 14 0.0146
388 364 14 17 0.0146
522 239 14 19 0.0145
828 234 13 17 0.0145
313 234 13 16 0.0144
692 63 13 17 0.0144
802 446 12 15 0.0144
469 226 13 18 0.0144
414 410 15 17 0.0144
190 46 11 15 0.0144
34 504 20 7 0.0144
442 82 14 17 0.0144
276 376 14 18 0.0143
274 107 12 16 0.0143
720 146 12 15 0.0142
826 188 12 15 0.0142
883 90 12 15 0.0142
1017 138 7 16 0.0142
586 453 14 16 0.0142
688 103 12 15 0.0142
847 263 14 20 0.0142
732 164 14 18 0.0142
933 112 12 16 0.0141
786 85 10 13 0.0141
808 95 12 17 0.0141
761 120 12 16 0.0140
485 204 11 15 0.0140
124 377 15 18 0.0139
403 110 13 16 0.0138
823 100 11 16 0.0138
33 446 12 15 0.0138
670 77 12 15 0.0137
602 234 15 18 0.0137
84 449 15 17 0.0137
616 359 14 17 0.0137
363 360 16 18 0.0136
61 362 13 14 0.0136
462 101 14 17 0.0136
52 478 12 17 0.0136
740 107 11 14 0.0136
830 208 14 17 0.0135
846 277 15 18 0.0134
1017 301 7 19 0.0134
612 414 13 17 0.0134
699 316 14 18 0.0134
409 198 12 16 0.0133
681 114 12 16 0.0133
44 140 11 15 0.0133
533 220 14 17 0.0132
451 302 13 17 0.0132
558 158 12 15 0.0132
518 240 12 17 0.0131
748 350 13 21 0.0131
198 402 12 16 0.0131
140 110 12 15 0.0130
166 378 11 16 0.0130
1007 490 14 16 0.0130
667 54 11 14 0.0129
1000 198 16 18 0.0129
999 261 15 19 0.0129
498 81 12 16 0.0128
804 128 12 15 0.0128
130 265 13 16 0.0128
111 120 14 19 0.0128
284 252 11 15 0.0127
231 394 14 17 0.0126
340 129 12 15 0.0126
647 120 11 16 0.0126
82 153 13 17 0.0125
921 283 13 16 0.0125
5 139 11 15 0.0125
727 451 13 18 0.0125
945 198 14 17 0.0125
927 213 15 20 0.0125
299 209 14 17 0.0124
115 399 15 19 0.0124
547 111 14 16 0.0124
926 130 12 15 0.0124
136 112 11 16 0.0124
785 489 13 18 0.0123
461 470 14 17 0.0123
723 113 12 15 0.0123
931 113 11 16 0.0122
898 325 15 20 0.0122
1004 84 10 14 0.0122
375 267 12 17 0.0121
380 130 11 15 0.0121
858 95 14 17 0.0121
668 251 15 17 0.0121
188 47 10 14 0.0120
87 455 13 16 0.0120
32 261 10 14 0.0120
451 391 13 16 0.0119
105 333 12 16 0.0118
121 403 15 18 0.0118
1 462 15 22 0.0118
823 185 14 17 0.0118
899 172 15 19 0.0118
188 480 13 16 0.0118
178 255 12 17 0.0117
581 502 15 9 0.0117
845 315 14 16 0.0117
787 210 12 14 0.0116
897 166 13 17 0.0116
5 338 14 19 0.0116
1001 336 14 17 0.0116
820 449 15 17 0.0115
905 178 15 18 0.0115
257 230 14 16 0.0115
926 384 13 16 0.0114
289 444 16 19 0.0114
239 100 10 15 0.0113
103 209 14 18 0.0113
709 105 12 16 0.0113
82 340 14 17 0.0113
285 359 13 17 0.0113
1007 82 12 15 0.0112
101 411 14 16 0.0112
204 442 14 15 0.0112
627 85 11 13 0.0112
490 265 13 16 0.0111
550 86 13 16 0.0111
451 296 11 18 0.0111
952 333 14 17 0.0110
187 478 13 14 0.0110
620 211 14 18 0.0110
565 411 12 14 0.0110
802 276 14 18 0.0109
797 452 15 19 0.0108
1004 184 12 15 0.0108
283 443 15 17 0.0108
56 473 10 17 0.0108
364 416 15 18 0.0108
574 110 10 14 0.0107
979 189 14 16 0.0107
678 251 13 16 0.0107
53 147 12 15 0.0107
719 290 13 17 0.0106
964 120 12 16 0.0106
284 255 14 15 0.0106
529 227 15 20 0.0106
337 171 13 16 0.0106
492 213 13 16 0.0106
35 439 13 15 0.0105
970 96 13 15 0.0105
692 156 13 16 0.0105
1014 428 10 16 0.0105
251 141 12 15 0.0105
854 288 16 20 0.0104
518 105 11 17 0.0104
663 501 16 10 0.0104
0 311 5 19 0.0104
341 504 20 7 0.0104
605 391 14 18 0.0104
28 290 11 16 0.0104
168 78 11 14 0.0103
278 132 13 16 0.0103
526 185 12 14 0.0102
182 462 13 16 0.0102
593 101 12 15 0.0102
734 271 11 15 0.0101
358 87 12 14 0.0101
229 469 11 16 0.0101
330 174 11 15 0.0101
171 81 11 14 0.0101
544 162 12 15 0.0101
166 145 12 15 0.0100
