7_Cheering_Cheering_7_334
37
681 171 45 53 0.8903
708 289 42 56 0.8869
400 349 43 57 0.8865
614 254 43 59 0.8840
292 304 44 56 0.8819
301 200 44 55 0.8814
778 282 44 57 0.8786
569 176 41 54 0.8747
803 142 43 56 0.8739
461 122 42 56 0.8717
497 241 43 60 0.8549
510 338 46 58 0.8503
169 135 44 58 0.8436
644 373 45 60 0.8338
376 239 47 61 0.8096
196 280 48 59 0.5958
196 280 48 59 0.5817
1016 146 8 17 0.3811
843 5 9 12 0.2787
886 160 9 14 0.2336
840 5 9 12 0.2103
388 161 21 31 0.2046
386 163 20 29 0.1758
749 47 10 13 0.1636
884 160 9 14 0.1554
753 47 10 13 0.1538
888 161 9 13 0.1474
376 239 47 61 0.0833
721 56 7 10 0.0361
1015 143 9 17 0.0303
1018 149 6 19 0.0272
723 57 7 9 0.0238
718 56 8 9 0.0218
884 161 9 15 0.0140
754 75 9 12 0.0121
1014 143 10 19 0.0118
722 55 7 10 0.0112
