7_Cheering_Cheering_7_426
27
311 1009 66 83 0.8611
853 1183 38 45 0.8190
291 1312 49 68 0.7063
501 999 39 69 0.4312
708 1285 42 61 0.2329
493 999 41 69 0.1273
556 1326 44 66 0.0810
700 1287 43 60 0.0719
719 1288 35 56 0.0353
543 1324 60 67 0.0283
546 1316 54 75 0.0245
738 1213 26 35 0.0223
312 1008 63 81 0.0215
273 1369 69 23 0.0144
696 1309 33 59 0.0137
894 340 7 8 0.0136
913 1193 14 28 0.0133
678 1381 43 11 0.0132
899 342 7 8 0.0124
736 1219 28 40 0.0123
790 1033 9 10 0.0120
591 1361 76 31 0.0118
173 1278 25 42 0.0115
745 1214 22 33 0.0115
42 1023 8 10 0.0113
697 1291 40 62 0.0102
576 1364 74 28 0.0101
