7_Cheering_Cheering_7_462
57
549 131 65 96 0.8771
0 545 18 41 0.8160
824 366 31 41 0.7961
67 552 29 48 0.7952
362 594 33 63 0.7425
281 359 32 41 0.7265
58 419 27 35 0.5556
721 337 23 42 0.5486
200 366 27 38 0.4008
891 503 21 37 0.3689
719 337 21 41 0.3636
384 378 20 31 0.2098
362 593 33 66 0.1712
12 420 19 24 0.1242
389 378 18 31 0.1170
395 323 29 40 0.1012
92 417 27 35 0.0970
49 458 21 27 0.0913
10 418 19 24 0.0793
0 391 7 24 0.0675
0 468 6 26 0.0542
267 359 25 39 0.0492
98 414 19 21 0.0484
401 319 34 44 0.0472
268 363 27 38 0.0464
991 276 33 61 0.0460
402 318 30 42 0.0453
888 504 18 36 0.0441
185 397 22 29 0.0426
998 271 26 65 0.0425
408 315 33 45 0.0381
0 469 7 27 0.0364
1009 277 15 62 0.0351
0 393 10 24 0.0347
31 428 17 22 0.0311
27 427 18 23 0.0311
86 417 30 35 0.0253
62 419 28 36 0.0246
396 322 23 37 0.0210
1013 286 11 55 0.0209
999 279 25 62 0.0194
212 438 28 38 0.0194
437 594 25 49 0.0176
1009 272 15 58 0.0171
148 379 25 30 0.0168
437 595 28 52 0.0163
812 393 22 28 0.0158
54 458 19 27 0.0148
387 375 19 34 0.0145
990 268 34 64 0.0139
6 417 20 29 0.0138
991 285 33 57 0.0124
183 397 18 28 0.0119
808 399 20 23 0.0114
268 373 24 32 0.0114
435 597 23 48 0.0105
433 595 23 48 0.0104
