7_Cheering_Cheering_7_313
28
347 158 36 53 0.8651
164 116 47 69 0.8575
234 145 37 50 0.8563
29 110 33 47 0.8543
953 182 38 62 0.8520
652 149 35 52 0.8473
969 146 36 60 0.8252
747 132 40 64 0.8188
844 1 23 22 0.2611
747 131 40 65 0.2312
0 90 23 42 0.2217
195 0 13 8 0.1690
847 1 23 23 0.1588
199 0 12 8 0.1186
2 90 24 39 0.1141
842 0 22 18 0.1039
846 0 23 18 0.0531
3 90 26 43 0.0527
1 91 21 39 0.0256
845 3 24 24 0.0211
1016 0 7 10 0.0177
325 0 32 9 0.0172
332 0 28 10 0.0155
31 0 26 10 0.0128
844 5 24 26 0.0125
875 2 20 23 0.0121
862 0 27 23 0.0116
863 0 24 15 0.0111
