23_Shoppers_Shoppers_23_461
23
742 146 21 28 0.7311
689 139 20 26 0.7015
651 186 19 22 0.5071
602 172 14 20 0.4404
649 186 18 22 0.3923
607 172 12 19 0.1375
605 173 13 20 0.1071
919 142 15 19 0.0598
345 20 65 157 0.0580
769 83 11 14 0.0518
552 187 10 14 0.0443
555 186 11 15 0.0311
700 193 18 21 0.0289
800 81 8 11 0.0256
773 83 11 14 0.0227
916 143 14 18 0.0226
448 185 11 14 0.0218
796 81 10 11 0.0215
540 192 10 13 0.0187
623 203 16 18 0.0112
445 184 11 15 0.0109
536 191 11 13 0.0109
760 78 9 13 0.0109
