23_Shoppers_Shoppers_23_450
63
247 431 19 26 0.4675
662 353 19 22 0.3947
857 632 18 25 0.3686
658 353 19 22 0.2742
853 632 17 25 0.2530
245 431 17 25 0.2256
432 680 18 26 0.2200
435 682 17 25 0.1880
614 768 15 17 0.1701
785 589 19 27 0.1682
620 768 14 17 0.1485
584 776 15 18 0.1239
785 584 17 22 0.1087
578 776 16 18 0.1039
252 432 17 24 0.0999
429 684 18 24 0.0599
453 333 10 14 0.0581
782 585 14 19 0.0539
781 591 16 23 0.0537
251 431 16 23 0.0525
422 625 10 13 0.0415
686 296 10 15 0.0375
682 296 11 15 0.0373
429 680 17 25 0.0349
448 333 10 14 0.0349
665 355 18 21 0.0313
788 586 19 24 0.0295
788 582 18 24 0.0267
611 766 15 18 0.0263
725 264 8 11 0.0256
729 263 9 11 0.0253
427 625 10 13 0.0249
738 615 13 19 0.0220
445 257 10 14 0.0195
618 765 14 17 0.0186
727 262 9 11 0.0184
425 626 11 13 0.0184
450 258 11 13 0.0173
723 261 9 11 0.0165
606 289 10 14 0.0164
583 619 12 16 0.0162
731 614 14 21 0.0158
580 780 15 16 0.0146
668 274 10 12 0.0144
456 335 10 13 0.0143
610 289 10 13 0.0142
851 246 10 12 0.0141
587 779 13 15 0.0136
447 261 10 13 0.0134
855 244 10 12 0.0131
659 356 18 21 0.0130
578 619 13 16 0.0129
450 336 10 13 0.0129
453 261 10 12 0.0125
752 250 9 11 0.0125
850 244 9 12 0.0120
663 274 11 12 0.0114
857 245 10 14 0.0110
362 311 12 14 0.0109
756 345 9 12 0.0105
680 577 19 30 0.0105
280 644 25 31 0.0100
730 284 9 12 0.0100
