23_Shoppers_Shoppers_23_232
40
482 89 24 30 0.7711
768 193 7 8 0.1813
771 193 7 8 0.1735
630 180 5 6 0.1584
642 183 6 7 0.1568
644 183 6 7 0.1493
627 180 5 6 0.1469
832 197 6 8 0.1347
772 194 6 8 0.1123
829 198 5 7 0.1110
645 184 5 6 0.0924
830 197 6 8 0.0885
828 196 6 8 0.0762
843 189 5 7 0.0660
769 195 6 7 0.0611
642 184 5 7 0.0562
778 193 6 7 0.0502
646 184 5 7 0.0464
778 195 6 7 0.0336
841 189 5 6 0.0336
157 187 12 16 0.0332
697 187 5 6 0.0317
699 187 5 6 0.0274
696 186 5 6 0.0261
772 194 6 7 0.0256
629 179 5 6 0.0252
830 197 5 7 0.0247
839 189 5 6 0.0246
627 181 5 7 0.0233
628 178 5 7 0.0228
699 186 4 5 0.0219
644 182 5 6 0.0216
160 187 12 16 0.0192
154 202 13 17 0.0188
626 178 5 7 0.0182
166 210 7 9 0.0146
108 143 12 16 0.0131
111 143 12 16 0.0128
779 213 5 7 0.0126
163 208 8 10 0.0115
