23_Shoppers_Shoppers_23_60
60
150 506 21 36 0.7351
393 582 15 21 0.6204
216 551 14 19 0.4633
775 609 9 11 0.2857
779 609 8 11 0.2581
271 545 14 24 0.2182
276 545 11 24 0.1660
114 512 14 22 0.1272
274 546 13 24 0.1147
212 551 13 19 0.1036
693 606 8 11 0.0969
214 550 13 20 0.0916
389 582 17 21 0.0788
692 605 8 10 0.0773
636 580 12 16 0.0761
112 509 14 23 0.0751
711 606 6 9 0.0664
628 580 13 17 0.0641
713 605 6 8 0.0555
715 606 6 8 0.0547
399 584 11 17 0.0498
710 604 6 9 0.0469
674 601 8 10 0.0462
621 581 12 17 0.0422
802 630 6 8 0.0422
279 547 10 22 0.0377
663 611 7 10 0.0357
515 586 9 12 0.0352
659 612 7 10 0.0351
799 630 6 8 0.0348
803 631 6 8 0.0314
671 601 8 10 0.0314
477 588 12 22 0.0309
110 513 13 20 0.0291
231 550 13 21 0.0279
800 632 5 7 0.0274
675 616 7 8 0.0274
674 605 7 10 0.0271
732 611 6 8 0.0216
578 571 12 17 0.0207
582 571 11 16 0.0207
236 552 10 17 0.0190
694 608 8 9 0.0186
110 510 16 24 0.0185
229 547 14 21 0.0167
673 613 7 9 0.0161
651 596 9 11 0.0158
542 571 9 13 0.0153
518 586 10 12 0.0151
719 615 7 8 0.0147
777 611 7 9 0.0143
545 572 10 12 0.0141
725 612 6 8 0.0141
729 607 7 8 0.0138
623 583 13 18 0.0137
648 595 9 12 0.0135
665 614 6 8 0.0123
774 608 8 10 0.0109
660 615 7 8 0.0106
777 608 8 11 0.0105
