23_Shoppers_Shoppers_23_511
425
347 213 9 11 0.3560
506 318 10 13 0.3523
59 302 8 11 0.3350
55 302 9 11 0.3256
503 318 10 13 0.3243
328 212 9 12 0.3165
386 249 10 13 0.3141
389 249 9 13 0.3102
533 13 8 12 0.3057
486 22 8 11 0.2931
485 323 10 12 0.2922
365 240 9 12 0.2922
362 240 9 12 0.2909
291 135 9 12 0.2826
295 135 8 12 0.2766
651 307 10 12 0.2759
529 13 9 12 0.2702
451 300 9 12 0.2588
295 173 9 12 0.2550
325 212 10 12 0.2545
423 283 8 13 0.2522
249 163 10 12 0.2452
750 574 10 11 0.2439
246 163 10 12 0.2420
748 278 8 11 0.2405
244 122 11 13 0.2396
203 117 9 12 0.2386
746 573 11 12 0.2319
18 291 9 12 0.2302
15 291 10 13 0.2282
618 3 7 10 0.2252
453 300 9 12 0.2225
199 117 9 12 0.2221
482 323 9 12 0.2198
291 173 10 12 0.2173
751 278 9 11 0.2161
234 98 8 11 0.2149
49 589 11 13 0.2142
718 334 9 14 0.2140
422 283 8 12 0.2121
715 335 9 13 0.2026
832 239 9 10 0.1967
615 4 7 9 0.1954
829 239 8 10 0.1910
237 99 8 10 0.1893
419 284 9 12 0.1888
349 213 9 11 0.1851
918 332 10 13 0.1763
242 122 9 13 0.1757
468 20 7 9 0.1688
648 306 9 12 0.1604
14 327 8 10 0.1599
46 589 10 13 0.1590
64 281 9 11 0.1546
62 281 8 10 0.1496
615 3 8 10 0.1475
10 327 8 10 0.1449
172 626 8 10 0.1443
848 223 7 9 0.1427
272 401 11 14 0.1408
201 117 9 11 0.1404
484 321 10 13 0.1338
175 625 9 11 0.1333
418 282 9 13 0.1332
709 599 9 11 0.1320
713 599 9 10 0.1314
448 301 9 11 0.1310
716 334 9 13 0.1291
465 20 7 9 0.1259
477 8 7 9 0.1209
247 122 10 14 0.1207
774 256 9 12 0.1187
757 286 9 11 0.1165
219 583 13 14 0.1156
78 321 11 14 0.1135
916 332 9 13 0.1126
198 116 9 12 0.1102
97 36 8 9 0.1100
845 224 7 9 0.1099
778 257 8 11 0.1089
787 5 7 10 0.1079
654 307 9 12 0.1040
101 36 8 9 0.1025
51 590 10 13 0.1011
76 320 10 13 0.1001
865 640 8 10 0.0988
129 122 9 11 0.0978
861 640 9 10 0.0948
47 590 10 13 0.0941
75 322 10 13 0.0939
797 4 7 8 0.0925
66 283 8 11 0.0923
791 212 8 9 0.0880
125 123 10 10 0.0874
650 308 8 11 0.0858
638 304 8 11 0.0857
479 9 8 9 0.0823
795 212 7 9 0.0805
17 294 9 12 0.0803
900 320 8 11 0.0789
1 289 8 11 0.0783
795 3 7 9 0.0762
933 268 10 13 0.0756
276 402 11 12 0.0739
481 321 10 13 0.0736
896 343 8 12 0.0731
844 318 10 14 0.0729
903 320 9 12 0.0724
50 39 10 12 0.0723
384 250 9 12 0.0722
489 23 7 10 0.0714
852 560 8 9 0.0703
856 560 8 9 0.0700
760 286 9 12 0.0696
498 577 7 9 0.0682
564 323 10 12 0.0676
845 223 7 9 0.0671
916 334 9 12 0.0627
51 41 10 11 0.0626
930 268 9 12 0.0618
818 222 8 9 0.0613
475 7 6 9 0.0601
713 333 9 14 0.0599
495 579 7 9 0.0586
775 258 9 11 0.0585
564 319 10 13 0.0581
754 7 7 9 0.0579
494 576 7 10 0.0575
484 24 8 10 0.0574
450 298 8 12 0.0569
499 578 7 9 0.0552
46 40 10 11 0.0552
47 42 10 11 0.0551
757 7 7 9 0.0543
223 582 12 15 0.0540
345 212 8 11 0.0537
840 318 10 13 0.0532
737 323 10 13 0.0528
587 326 9 11 0.0526
16 598 8 10 0.0522
745 213 8 10 0.0518
920 334 9 12 0.0507
129 524 10 11 0.0503
137 48 7 8 0.0496
14 296 8 10 0.0493
748 213 7 10 0.0491
613 3 8 9 0.0490
168 583 11 14 0.0490
622 312 8 12 0.0485
719 1 7 9 0.0472
666 266 10 13 0.0469
530 14 9 11 0.0464
892 343 8 12 0.0463
133 523 9 12 0.0461
159 93 11 14 0.0458
604 340 10 13 0.0450
590 326 10 13 0.0449
814 222 7 9 0.0436
12 326 8 9 0.0431
608 341 10 12 0.0430
779 258 8 10 0.0430
344 212 9 12 0.0427
560 323 9 12 0.0425
329 24 7 8 0.0421
816 221 6 9 0.0418
826 265 10 13 0.0418
141 344 9 11 0.0413
163 93 10 14 0.0410
326 24 6 8 0.0402
140 48 7 8 0.0399
619 3 7 10 0.0396
293 133 8 11 0.0393
296 23 6 8 0.0388
269 403 9 12 0.0383
843 222 7 9 0.0376
720 336 9 12 0.0369
834 252 9 12 0.0368
741 322 9 13 0.0366
373 31 5 7 0.0356
785 4 7 10 0.0353
474 9 7 10 0.0353
73 320 10 12 0.0352
137 343 9 11 0.0347
453 298 8 11 0.0346
902 322 9 11 0.0346
171 583 10 13 0.0340
243 125 9 12 0.0339
364 242 9 11 0.0336
648 307 10 13 0.0334
751 282 9 11 0.0334
129 93 10 13 0.0325
488 22 7 9 0.0323
821 257 8 11 0.0322
61 283 9 11 0.0321
560 320 9 12 0.0320
330 215 8 10 0.0319
747 276 8 10 0.0316
719 333 9 13 0.0315
751 276 8 10 0.0314
822 265 10 13 0.0314
285 21 7 8 0.0312
371 30 5 7 0.0309
281 21 7 9 0.0306
589 323 9 11 0.0304
164 89 9 11 0.0304
13 598 8 10 0.0303
160 90 9 11 0.0300
838 252 9 10 0.0297
830 238 8 10 0.0295
618 313 9 12 0.0293
327 215 8 11 0.0293
369 32 6 6 0.0292
749 576 9 10 0.0291
560 32 7 9 0.0289
56 321 8 11 0.0287
20 294 8 12 0.0285
217 584 11 13 0.0284
534 14 8 11 0.0283
743 213 7 9 0.0281
931 273 9 11 0.0280
16 605 10 13 0.0278
856 621 10 12 0.0278
474 8 8 10 0.0277
722 2 7 8 0.0276
793 211 8 9 0.0269
808 214 7 9 0.0267
38 614 8 11 0.0265
763 0 7 7 0.0261
721 2 7 9 0.0260
232 97 8 11 0.0256
469 20 7 9 0.0255
852 621 10 13 0.0255
12 290 10 13 0.0253
783 629 8 10 0.0251
505 319 10 12 0.0250
847 335 10 12 0.0250
619 309 9 11 0.0249
749 279 9 11 0.0249
368 30 6 7 0.0244
733 197 8 10 0.0241
293 172 9 11 0.0237
290 133 8 10 0.0233
327 27 6 9 0.0233
845 331 10 13 0.0233
563 32 8 9 0.0232
132 525 9 11 0.0231
628 330 9 11 0.0230
290 172 8 10 0.0230
802 265 7 10 0.0229
620 311 11 13 0.0228
695 339 10 12 0.0226
330 27 7 9 0.0226
358 240 10 12 0.0224
102 61 11 16 0.0222
670 266 9 12 0.0222
169 27 7 10 0.0222
935 272 9 12 0.0221
807 265 7 9 0.0218
585 322 9 12 0.0217
9 326 7 9 0.0216
736 322 9 12 0.0215
128 524 9 11 0.0214
850 336 9 12 0.0210
481 50 7 9 0.0209
824 269 9 10 0.0205
225 26 8 9 0.0205
62 283 8 12 0.0204
102 36 8 10 0.0204
54 38 9 11 0.0203
484 50 7 9 0.0203
825 257 9 11 0.0202
479 7 6 8 0.0202
799 3 6 8 0.0199
784 5 7 9 0.0199
739 321 10 13 0.0198
10 328 9 11 0.0197
752 4 7 9 0.0196
624 330 9 11 0.0194
204 32 6 8 0.0193
235 100 9 12 0.0193
776 258 9 10 0.0192
593 328 10 12 0.0192
619 5 8 9 0.0192
753 575 9 10 0.0191
687 340 8 12 0.0191
717 1 7 9 0.0190
233 97 7 10 0.0190
292 175 10 12 0.0190
171 29 8 9 0.0189
451 558 11 13 0.0188
198 548 9 11 0.0188
500 317 9 12 0.0187
144 345 8 11 0.0186
714 600 9 11 0.0183
709 600 10 13 0.0182
846 225 7 10 0.0180
782 6 7 9 0.0180
103 65 11 15 0.0180
291 134 9 12 0.0180
27 597 9 11 0.0177
796 3 7 9 0.0177
337 643 8 9 0.0177
875 337 9 11 0.0177
294 25 7 8 0.0177
14 221 11 14 0.0176
699 336 9 13 0.0175
100 34 7 9 0.0175
841 323 9 13 0.0173
753 5 8 10 0.0172
200 33 7 8 0.0172
828 268 9 10 0.0171
816 259 8 10 0.0170
81 323 9 12 0.0170
285 194 10 16 0.0169
35 613 9 11 0.0168
294 20 7 9 0.0167
21 638 9 12 0.0167
746 212 7 9 0.0166
617 3 8 10 0.0165
849 333 10 12 0.0165
461 554 13 17 0.0164
301 24 6 8 0.0163
160 300 9 11 0.0162
323 212 10 12 0.0161
785 630 9 11 0.0160
823 14 8 10 0.0159
90 41 9 11 0.0159
757 1 8 9 0.0159
823 17 9 11 0.0158
67 281 8 11 0.0158
126 93 9 13 0.0156
14 597 8 9 0.0156
849 224 7 10 0.0153
173 628 9 10 0.0152
803 263 8 10 0.0152
166 26 7 10 0.0151
740 341 9 11 0.0150
873 336 8 10 0.0148
664 266 9 12 0.0148
293 23 7 8 0.0147
862 641 9 11 0.0147
473 7 7 8 0.0146
102 35 8 9 0.0144
717 4 7 9 0.0144
790 210 7 9 0.0143
13 598 9 9 0.0143
96 34 8 9 0.0143
230 27 7 8 0.0143
167 583 9 14 0.0142
876 336 8 11 0.0139
721 1 7 10 0.0139
283 19 7 9 0.0139
593 330 10 13 0.0139
336 646 10 10 0.0137
635 356 10 12 0.0136
201 548 9 11 0.0136
246 126 10 12 0.0135
827 13 8 11 0.0135
216 23 7 9 0.0134
17 326 9 11 0.0134
136 46 6 8 0.0132
827 16 8 11 0.0132
212 23 7 9 0.0131
0 289 6 11 0.0130
842 334 9 11 0.0128
14 289 10 11 0.0128
53 38 8 10 0.0127
168 28 8 9 0.0127
846 585 10 11 0.0126
25 639 9 11 0.0125
490 22 7 10 0.0125
222 586 10 12 0.0124
349 214 8 11 0.0124
0 485 5 11 0.0122
347 472 10 12 0.0121
288 195 11 14 0.0120
749 572 10 11 0.0119
270 399 11 15 0.0119
52 589 9 12 0.0119
737 198 7 9 0.0119
850 317 9 12 0.0118
236 97 7 10 0.0118
799 5 7 9 0.0118
86 44 8 10 0.0117
558 30 7 9 0.0116
797 212 7 8 0.0115
850 331 9 12 0.0115
898 345 8 10 0.0115
866 640 8 11 0.0115
40 616 7 10 0.0114
408 468 13 17 0.0114
780 628 8 10 0.0114
164 299 9 12 0.0113
788 629 8 10 0.0113
217 585 11 12 0.0112
625 331 10 12 0.0112
449 301 9 11 0.0112
187 28 7 9 0.0111
139 46 7 8 0.0111
98 66 11 15 0.0111
324 210 9 12 0.0111
181 357 9 12 0.0109
310 25 7 7 0.0109
635 9 7 10 0.0109
747 211 7 9 0.0108
13 604 9 13 0.0108
632 356 10 12 0.0108
369 31 6 7 0.0108
38 314 9 11 0.0107
759 284 8 11 0.0107
657 22 7 9 0.0107
701 333 9 13 0.0106
92 315 9 12 0.0106
280 19 7 9 0.0106
561 31 8 9 0.0106
816 572 9 11 0.0105
641 301 9 11 0.0105
894 346 7 11 0.0105
566 317 9 12 0.0104
297 135 9 12 0.0104
853 620 10 13 0.0103
191 114 8 11 0.0103
707 598 9 11 0.0102
632 328 9 11 0.0101
744 574 9 11 0.0100
