23_Shoppers_Shoppers_23_22
26
417 286 38 51 0.8497
347 291 31 44 0.8182
331 252 36 51 0.7895
794 290 39 57 0.7522
232 239 39 60 0.7340
620 253 43 61 0.6745
620 253 43 61 0.5948
998 263 26 81 0.0515
721 248 30 51 0.0456
24 111 27 56 0.0420
989 172 32 57 0.0414
725 251 35 53 0.0313
1010 266 14 78 0.0291
726 247 32 51 0.0252
721 250 33 53 0.0234
0 203 8 45 0.0227
988 264 36 78 0.0224
0 201 6 45 0.0215
387 258 9 15 0.0196
234 239 37 59 0.0176
988 258 36 76 0.0169
1008 257 16 80 0.0151
1006 251 18 77 0.0118
390 258 9 14 0.0114
709 248 32 50 0.0113
988 252 36 71 0.0106
