23_Shoppers_Shoppers_23_571
54
882 366 88 130 0.8674
354 486 19 22 0.6331
281 569 19 25 0.2889
76 612 10 12 0.2649
73 611 10 13 0.1761
55 620 9 11 0.1018
683 461 35 77 0.0960
639 463 24 63 0.0813
78 612 10 13 0.0784
504 504 11 19 0.0720
684 471 28 51 0.0661
508 503 11 20 0.0621
850 551 22 25 0.0480
691 444 17 28 0.0458
790 538 20 24 0.0446
420 518 13 19 0.0442
502 546 10 14 0.0431
286 568 15 21 0.0377
506 547 9 13 0.0349
641 460 26 78 0.0317
286 570 17 23 0.0317
642 464 27 62 0.0303
962 556 13 15 0.0301
422 521 14 19 0.0244
71 614 10 13 0.0216
54 640 10 17 0.0214
281 568 17 23 0.0208
56 641 10 16 0.0200
616 553 11 13 0.0193
79 612 10 12 0.0191
698 439 16 24 0.0189
694 440 27 38 0.0188
645 462 21 51 0.0188
641 462 19 53 0.0183
57 621 9 11 0.0156
504 548 9 13 0.0146
692 456 15 21 0.0144
423 538 14 21 0.0137
59 622 8 11 0.0137
505 506 12 21 0.0131
431 541 12 17 0.0124
562 568 9 15 0.0118
589 594 11 14 0.0116
691 438 23 37 0.0116
41 601 8 12 0.0116
565 568 9 16 0.0116
370 582 10 13 0.0115
696 448 30 44 0.0113
577 559 8 10 0.0110
684 472 20 37 0.0108
791 571 10 11 0.0107
973 526 16 16 0.0105
791 537 23 29 0.0104
501 571 11 13 0.0102
