23_Shoppers_Shoppers_23_243
95
103 404 15 17 0.6108
47 393 16 17 0.5902
572 418 25 33 0.3914
747 428 26 32 0.3784
570 418 26 34 0.3633
232 434 8 9 0.2743
343 462 10 14 0.1846
44 393 15 17 0.1680
340 463 9 13 0.1514
184 437 8 11 0.1350
230 434 7 9 0.1262
187 437 9 10 0.1224
212 439 7 10 0.1028
576 418 22 32 0.0987
357 457 9 11 0.0862
216 439 7 9 0.0852
473 487 17 20 0.0838
107 405 14 16 0.0758
475 491 16 20 0.0736
227 434 8 9 0.0602
306 453 10 13 0.0587
422 475 7 10 0.0570
307 456 10 12 0.0560
256 455 7 9 0.0539
419 475 7 10 0.0510
0 386 6 18 0.0473
303 453 10 12 0.0456
413 463 9 10 0.0451
221 450 9 12 0.0433
248 460 8 9 0.0408
444 476 10 12 0.0407
478 487 17 19 0.0400
224 450 9 11 0.0376
288 467 10 13 0.0352
288 465 10 13 0.0346
431 471 9 12 0.0331
257 456 7 9 0.0330
214 441 8 10 0.0327
355 456 9 11 0.0323
480 491 16 20 0.0321
798 481 12 14 0.0320
341 463 10 13 0.0316
214 440 8 9 0.0313
325 455 8 10 0.0313
291 467 10 13 0.0305
803 482 11 12 0.0302
327 457 9 10 0.0275
561 418 25 32 0.0273
329 455 8 11 0.0273
184 439 9 11 0.0262
399 459 10 12 0.0253
187 434 9 10 0.0251
187 437 9 11 0.0249
0 387 7 20 0.0237
579 419 22 32 0.0225
231 435 7 9 0.0216
563 419 28 33 0.0212
352 457 9 11 0.0208
428 468 10 11 0.0208
243 429 8 9 0.0203
693 435 12 16 0.0189
464 470 11 13 0.0188
341 465 9 13 0.0180
183 434 9 10 0.0179
802 480 11 12 0.0176
290 466 10 13 0.0176
303 458 10 13 0.0171
424 460 10 12 0.0170
188 438 9 10 0.0165
159 428 8 10 0.0160
262 437 9 11 0.0153
160 432 9 11 0.0153
155 427 9 10 0.0152
244 433 8 10 0.0151
222 453 9 12 0.0150
358 443 8 9 0.0150
156 431 10 11 0.0148
390 462 10 12 0.0146
345 465 10 12 0.0146
419 473 8 10 0.0142
692 459 14 21 0.0142
468 470 11 12 0.0142
422 459 10 10 0.0136
252 455 7 9 0.0135
797 478 12 15 0.0133
455 460 9 13 0.0132
302 470 9 11 0.0128
443 474 9 11 0.0127
0 446 8 14 0.0126
470 490 15 18 0.0120
451 488 9 12 0.0116
388 466 9 10 0.0111
392 463 10 12 0.0105
701 434 14 18 0.0103
305 438 9 11 0.0102
