23_Shoppers_Shoppers_23_43
61
356 235 61 72 0.8651
168 234 56 66 0.8642
159 397 60 80 0.8516
575 148 43 56 0.8445
67 148 36 43 0.8115
942 122 25 30 0.7634
606 123 30 44 0.7014
792 133 34 48 0.7013
929 201 46 63 0.6891
715 340 45 49 0.6316
23 146 23 32 0.5067
75 212 37 65 0.4898
929 202 46 62 0.3394
389 139 22 41 0.2563
864 148 33 44 0.1481
1015 124 9 18 0.1170
973 122 18 23 0.0905
385 139 22 41 0.0755
868 150 30 39 0.0692
743 184 12 18 0.0541
101 157 19 29 0.0435
85 214 28 57 0.0407
745 185 13 18 0.0318
235 145 21 30 0.0308
84 217 30 59 0.0302
971 119 18 23 0.0296
1015 122 9 16 0.0293
980 119 15 21 0.0289
984 122 14 21 0.0288
551 137 17 24 0.0282
231 146 19 29 0.0266
871 150 25 35 0.0263
99 154 18 29 0.0240
340 148 20 26 0.0238
746 183 12 18 0.0232
108 158 19 28 0.0200
27 146 23 33 0.0191
70 211 38 62 0.0185
211 157 20 35 0.0184
0 476 46 81 0.0176
785 139 23 38 0.0168
868 141 22 28 0.0165
550 133 15 19 0.0159
203 157 26 37 0.0153
804 136 27 42 0.0152
741 182 10 15 0.0149
533 132 14 19 0.0149
802 137 29 44 0.0137
107 156 15 25 0.0129
866 148 28 38 0.0129
0 227 14 47 0.0127
875 141 20 25 0.0126
234 139 21 32 0.0125
600 127 30 42 0.0125
554 136 19 28 0.0124
441 326 40 57 0.0121
746 181 15 22 0.0116
611 123 28 43 0.0108
230 138 19 32 0.0106
1010 125 11 17 0.0106
535 135 14 20 0.0101
