23_Shoppers_Shoppers_23_459
266
8 750 15 17 0.5793
784 126 8 10 0.3040
253 489 9 11 0.2891
781 126 7 10 0.2802
279 431 7 9 0.2657
256 489 9 12 0.2577
323 416 7 9 0.2428
275 431 7 9 0.2323
112 113 11 15 0.2246
326 416 7 9 0.2220
778 106 6 9 0.2209
774 106 7 8 0.2205
105 115 12 15 0.2197
304 416 7 9 0.2102
308 417 7 9 0.1885
5 749 15 19 0.1880
307 417 7 9 0.1873
378 652 7 8 0.1780
689 592 6 6 0.1762
376 652 6 8 0.1733
702 364 6 9 0.1718
134 123 8 13 0.1666
672 594 5 7 0.1645
259 430 6 9 0.1626
305 418 7 9 0.1594
698 364 7 9 0.1591
324 417 7 9 0.1527
675 593 5 7 0.1510
667 613 6 7 0.1349
798 122 7 9 0.1334
257 430 6 9 0.1313
664 613 5 7 0.1301
137 123 9 13 0.1288
677 549 6 7 0.1282
471 748 7 9 0.1272
255 431 6 8 0.1206
376 127 6 8 0.1195
278 431 7 8 0.1151
379 127 6 8 0.1135
275 431 6 8 0.1114
467 749 7 9 0.1113
799 123 7 9 0.1044
254 429 6 9 0.1040
802 122 7 9 0.0972
703 365 6 8 0.0918
339 136 6 8 0.0909
374 651 7 8 0.0894
662 551 6 6 0.0888
699 366 6 8 0.0869
341 136 6 8 0.0846
675 548 6 8 0.0826
675 594 6 7 0.0812
327 417 7 9 0.0785
102 117 10 13 0.0784
815 118 6 8 0.0772
52 124 10 17 0.0770
704 673 5 7 0.0747
129 542 9 11 0.0737
659 551 6 7 0.0726
657 519 6 7 0.0719
626 616 5 7 0.0715
132 121 8 13 0.0708
378 650 6 9 0.0693
48 124 10 15 0.0692
699 673 6 7 0.0679
759 122 7 8 0.0677
336 136 7 8 0.0671
702 673 6 7 0.0661
700 674 5 7 0.0640
885 480 8 10 0.0634
126 542 8 11 0.0620
257 491 9 11 0.0600
655 519 6 7 0.0595
51 120 9 13 0.0584
622 616 6 7 0.0583
136 121 8 13 0.0579
887 481 8 11 0.0563
254 492 8 11 0.0562
687 591 6 8 0.0532
374 127 7 7 0.0521
345 126 6 8 0.0508
672 595 6 7 0.0506
673 548 5 7 0.0502
760 123 8 9 0.0490
599 529 6 7 0.0484
889 480 8 10 0.0480
396 304 6 7 0.0478
814 135 7 8 0.0476
164 121 7 10 0.0461
468 310 5 6 0.0452
690 593 6 7 0.0442
126 546 9 11 0.0439
471 309 5 7 0.0439
447 528 7 8 0.0430
468 750 8 9 0.0427
134 543 8 10 0.0427
408 298 5 6 0.0426
553 560 5 6 0.0421
224 409 7 9 0.0418
602 529 6 7 0.0417
555 560 5 6 0.0412
221 409 7 9 0.0396
816 134 7 9 0.0389
131 546 9 11 0.0387
671 503 6 7 0.0386
726 651 6 7 0.0375
687 641 6 8 0.0372
471 750 8 8 0.0366
48 120 9 11 0.0363
701 119 6 7 0.0360
362 343 5 6 0.0360
167 122 7 9 0.0354
653 521 6 7 0.0344
730 651 5 7 0.0344
653 518 6 7 0.0342
674 502 6 8 0.0334
698 119 5 7 0.0334
699 556 6 7 0.0326
818 135 7 8 0.0322
624 615 6 7 0.0321
805 121 7 8 0.0320
691 641 6 7 0.0315
777 107 6 9 0.0313
361 138 7 9 0.0313
450 529 6 8 0.0312
685 591 6 7 0.0311
623 623 6 8 0.0305
365 342 5 6 0.0305
663 610 6 8 0.0302
366 343 5 7 0.0301
378 126 6 8 0.0294
164 123 7 10 0.0290
131 543 8 10 0.0289
781 124 7 10 0.0287
363 343 6 7 0.0286
673 594 6 7 0.0281
312 136 7 8 0.0275
725 650 5 7 0.0273
890 481 8 11 0.0273
152 495 6 7 0.0268
343 125 7 8 0.0262
168 122 7 10 0.0260
728 650 5 7 0.0260
156 494 6 8 0.0259
110 112 11 15 0.0258
553 561 4 6 0.0257
393 305 5 7 0.0255
136 546 8 10 0.0252
752 132 8 10 0.0238
800 360 6 7 0.0236
627 623 6 8 0.0234
781 126 7 9 0.0232
810 115 6 8 0.0232
884 482 8 10 0.0232
473 638 5 6 0.0229
154 493 6 9 0.0226
471 637 5 6 0.0225
469 638 6 6 0.0216
655 531 6 8 0.0212
702 557 6 6 0.0211
776 108 6 8 0.0209
884 479 7 10 0.0208
647 129 5 5 0.0204
621 615 6 7 0.0203
468 637 5 6 0.0198
374 652 6 8 0.0198
359 136 7 8 0.0197
321 416 7 9 0.0197
691 591 6 7 0.0194
341 136 6 8 0.0190
223 408 7 9 0.0184
257 489 8 10 0.0181
501 544 6 7 0.0180
674 549 5 7 0.0179
498 544 6 7 0.0179
645 128 5 6 0.0177
321 134 6 7 0.0177
340 125 7 8 0.0175
556 559 5 6 0.0173
689 638 6 8 0.0172
643 128 5 5 0.0171
552 559 4 6 0.0169
798 359 6 8 0.0169
562 478 5 5 0.0167
625 617 5 6 0.0167
409 299 5 7 0.0167
756 134 8 10 0.0166
461 487 5 6 0.0166
220 408 7 9 0.0165
603 546 6 7 0.0165
604 530 5 7 0.0163
659 523 6 7 0.0159
727 324 5 6 0.0158
275 139 8 9 0.0156
279 140 7 9 0.0154
648 580 6 7 0.0153
755 124 7 8 0.0152
754 133 8 10 0.0152
361 344 5 6 0.0152
701 365 6 8 0.0151
503 544 5 8 0.0151
651 580 5 7 0.0151
205 97 10 15 0.0150
813 115 6 8 0.0150
763 429 6 8 0.0149
646 127 5 6 0.0147
457 487 6 7 0.0145
35 105 9 12 0.0145
384 306 6 7 0.0145
565 477 5 6 0.0144
220 410 6 9 0.0144
701 674 5 7 0.0143
655 520 5 6 0.0142
397 294 5 6 0.0141
753 135 7 9 0.0140
451 530 7 7 0.0140
322 133 6 8 0.0140
393 294 5 7 0.0139
643 128 4 6 0.0139
443 764 8 4 0.0139
666 613 6 7 0.0137
273 136 7 9 0.0136
469 308 6 7 0.0136
699 558 6 7 0.0136
191 425 5 7 0.0136
61 128 12 16 0.0134
53 127 10 15 0.0134
375 652 6 8 0.0133
38 106 9 11 0.0133
194 425 6 7 0.0131
670 510 7 9 0.0131
310 135 6 8 0.0128
800 358 5 7 0.0128
703 558 6 6 0.0128
312 135 7 8 0.0126
439 764 8 4 0.0126
759 297 8 8 0.0126
600 532 5 7 0.0125
277 137 7 10 0.0125
686 638 6 8 0.0121
238 128 6 10 0.0120
598 578 6 6 0.0119
801 122 6 7 0.0119
460 486 4 6 0.0118
797 358 5 7 0.0117
7 748 13 17 0.0117
107 118 11 14 0.0117
659 550 6 7 0.0116
600 546 6 8 0.0114
491 480 4 5 0.0114
151 492 7 9 0.0114
396 293 4 6 0.0114
509 540 7 8 0.0112
467 308 5 6 0.0111
759 430 6 7 0.0110
839 453 6 9 0.0108
796 360 6 7 0.0107
201 98 10 15 0.0107
557 561 4 6 0.0107
457 486 4 6 0.0105
494 479 4 6 0.0105
448 530 6 7 0.0103
468 750 9 11 0.0103
820 369 5 7 0.0102
648 475 5 6 0.0101
241 128 7 10 0.0100
