59_peopledrivingcar_peopledrivingcar_59_532
88
66 90 25 31 0.7697
233 52 23 29 0.7578
134 50 22 29 0.7309
173 90 22 30 0.7251
100 51 20 26 0.5243
0 73 26 31 0.5203
382 95 16 20 0.5195
0 73 24 32 0.4996
301 72 20 24 0.4235
98 51 21 26 0.4198
501 87 15 19 0.4144
735 72 23 28 0.4113
205 104 21 25 0.3907
513 110 14 18 0.3820
400 82 15 17 0.2333
209 105 20 24 0.2210
505 87 14 18 0.2200
297 73 19 23 0.1688
591 83 15 16 0.1542
404 82 14 17 0.1502
461 77 14 16 0.1288
669 98 13 17 0.1165
560 87 12 16 0.0999
588 81 15 16 0.0857
536 84 15 18 0.0854
293 92 15 20 0.0842
556 87 12 16 0.0824
398 81 14 16 0.0671
674 99 12 15 0.0664
531 84 13 18 0.0661
650 99 16 20 0.0651
697 198 23 30 0.0581
403 81 14 16 0.0572
517 110 13 17 0.0545
595 83 15 17 0.0531
379 94 15 20 0.0483
485 86 13 18 0.0424
390 202 31 40 0.0409
644 332 10 13 0.0359
533 78 16 21 0.0350
643 99 14 19 0.0345
379 95 14 19 0.0335
541 83 14 19 0.0335
466 76 13 17 0.0307
844 105 8 9 0.0302
393 200 39 47 0.0297
306 211 41 50 0.0297
841 105 7 8 0.0294
511 111 12 16 0.0289
592 81 16 18 0.0288
737 74 23 29 0.0257
732 73 20 26 0.0249
378 175 21 24 0.0236
130 51 22 27 0.0233
305 73 19 23 0.0226
464 77 15 18 0.0223
288 93 16 19 0.0220
457 77 12 16 0.0219
0 55 10 21 0.0193
641 333 9 11 0.0188
816 79 13 17 0.0179
373 175 18 23 0.0170
286 87 17 22 0.0170
542 210 23 33 0.0168
666 94 14 18 0.0161
945 131 10 12 0.0156
594 80 14 16 0.0154
170 90 21 30 0.0153
208 104 19 23 0.0152
942 131 10 12 0.0146
669 100 15 19 0.0142
291 80 18 26 0.0139
0 64 17 29 0.0136
440 179 31 40 0.0133
564 86 11 15 0.0131
546 216 20 28 0.0129
525 79 14 19 0.0127
463 80 15 17 0.0126
647 100 16 20 0.0115
447 180 32 40 0.0115
388 98 13 18 0.0113
394 84 14 16 0.0109
817 83 12 15 0.0107
515 107 14 19 0.0104
701 204 20 25 0.0103
813 80 12 15 0.0101
257 123 16 19 0.0101
308 72 18 22 0.0100
