10_People_Marching_People_Marching_2_591
597
893 158 47 52 0.8725
755 190 26 36 0.7756
513 1179 21 27 0.7220
458 182 19 27 0.7008
528 1272 21 27 0.6951
850 179 32 39 0.6339
213 185 19 24 0.6238
672 188 24 31 0.6062
84 177 19 23 0.5982
276 187 17 24 0.5977
416 184 17 23 0.5385
37 173 22 28 0.5266
599 182 21 28 0.5162
159 1378 19 28 0.5126
334 188 16 21 0.5117
844 1241 19 26 0.4985
622 1224 18 22 0.4751
153 185 17 22 0.4535
368 199 16 22 0.4454
579 1251 18 25 0.4401
774 1266 17 23 0.4379
49 1104 16 20 0.4265
615 1278 20 25 0.4103
156 185 18 22 0.4040
848 179 30 38 0.4032
537 1222 19 24 0.4020
426 1218 18 23 0.3996
510 1119 16 21 0.3982
611 1277 20 26 0.3914
542 1223 19 24 0.3796
391 188 14 19 0.3759
575 1251 18 26 0.3749
696 1268 16 22 0.3585
570 1300 19 25 0.3540
458 1197 18 23 0.3500
416 1130 16 20 0.3498
595 182 20 28 0.3448
45 1104 15 20 0.3431
363 1138 15 21 0.3389
430 1218 18 22 0.3334
879 1339 16 26 0.3282
358 1138 16 21 0.3273
700 1325 16 27 0.3264
286 1252 18 22 0.3256
280 1167 15 20 0.3112
41 173 22 28 0.3074
897 1305 16 23 0.3054
567 1299 19 25 0.3004
809 1298 17 24 0.2999
412 1130 16 20 0.2957
510 205 18 22 0.2934
45 1185 16 20 0.2832
359 1256 17 22 0.2826
395 188 14 19 0.2822
293 1172 16 21 0.2821
570 1189 15 21 0.2807
497 1226 17 21 0.2789
106 1168 16 20 0.2783
938 1164 14 19 0.2759
505 1120 17 20 0.2751
75 1125 13 17 0.2730
739 1267 16 23 0.2690
287 1169 17 23 0.2676
307 1150 15 20 0.2667
447 1142 15 20 0.2560
934 1165 13 18 0.2559
50 1212 14 20 0.2527
456 1273 14 20 0.2521
79 1125 14 17 0.2495
323 1136 16 18 0.2494
40 1185 16 20 0.2442
491 1266 17 24 0.2409
281 1252 18 21 0.2291
874 1340 16 25 0.2280
204 1148 17 22 0.2260
338 187 16 21 0.2228
892 1304 17 24 0.2223
692 1268 15 22 0.2221
385 1169 14 18 0.2178
45 1213 15 19 0.2096
489 1264 18 23 0.2073
354 1256 18 22 0.2055
451 1274 14 20 0.2048
647 1282 16 21 0.2038
452 1141 15 21 0.2010
561 1354 19 22 0.1991
583 1189 16 21 0.1973
280 187 17 24 0.1963
320 1135 15 19 0.1933
241 1163 15 18 0.1891
848 1242 18 26 0.1850
211 185 17 24 0.1837
303 1150 15 21 0.1796
252 1207 16 21 0.1796
499 1229 17 22 0.1787
652 1282 14 21 0.1779
403 1220 12 18 0.1735
262 1464 35 15 0.1735
367 1221 14 19 0.1729
245 1163 15 17 0.1727
555 1355 19 21 0.1722
812 1300 16 24 0.1714
155 1378 17 27 0.1696
75 1156 15 19 0.1687
149 1195 15 20 0.1631
209 1149 16 22 0.1624
643 1347 17 21 0.1601
650 1284 15 21 0.1560
128 1152 15 19 0.1547
502 1225 16 21 0.1546
486 1266 17 23 0.1529
418 1289 16 21 0.1508
910 701 8 9 0.1505
618 1224 18 22 0.1500
10 1111 12 17 0.1486
463 1196 15 23 0.1466
164 1162 15 19 0.1451
942 1088 12 15 0.1423
372 200 16 21 0.1406
103 1088 14 18 0.1401
154 1195 14 20 0.1391
737 1264 15 21 0.1357
425 1268 16 21 0.1316
335 1176 15 18 0.1314
163 1059 15 17 0.1312
73 1154 15 19 0.1305
325 1289 17 22 0.1284
325 1137 15 18 0.1264
667 1238 15 21 0.1258
696 1326 16 25 0.1240
218 1244 16 22 0.1234
400 1289 14 21 0.1228
506 205 16 21 0.1223
424 1262 15 22 0.1215
5 1111 12 18 0.1191
221 1248 16 21 0.1180
983 1198 13 19 0.1178
215 1135 15 17 0.1164
382 1168 14 19 0.1153
81 177 18 23 0.1153
988 1198 13 19 0.1149
80 1154 14 18 0.1144
339 1173 15 19 0.1133
557 1359 19 18 0.1116
587 1190 16 21 0.1111
533 1329 15 21 0.1099
778 1267 16 21 0.1097
90 1086 14 19 0.1096
515 1346 15 22 0.1094
133 1152 14 18 0.1093
817 1297 16 23 0.1084
748 1187 16 21 0.1082
503 1231 16 22 0.1076
878 1337 15 26 0.1065
671 1238 15 21 0.1062
771 1263 17 24 0.1044
340 1176 15 18 0.1043
334 1173 15 19 0.1029
654 1285 14 22 0.1025
906 1103 13 17 0.1024
906 701 8 10 0.1002
181 1233 14 18 0.0990
658 1212 14 20 0.0988
566 1189 16 20 0.0977
806 1302 15 21 0.0957
80 1156 14 18 0.0950
256 1462 29 17 0.0949
573 1190 15 20 0.0944
320 1289 18 22 0.0939
296 1174 15 20 0.0920
387 1219 13 19 0.0914
130 1156 14 18 0.0891
669 188 24 31 0.0888
880 1180 13 18 0.0881
511 212 20 22 0.0840
210 1137 15 17 0.0833
86 1087 14 18 0.0832
248 1128 13 17 0.0793
255 1210 15 20 0.0791
206 1152 16 22 0.0778
462 183 19 26 0.0777
653 1212 15 20 0.0776
454 1198 17 23 0.0753
750 1193 15 20 0.0751
160 1059 15 17 0.0743
166 1216 14 18 0.0739
938 1087 11 14 0.0736
485 1263 17 23 0.0730
918 1132 13 18 0.0705
177 1233 14 19 0.0701
226 1251 15 19 0.0693
881 707 10 12 0.0692
909 1102 13 17 0.0689
508 1117 17 21 0.0686
328 1235 15 22 0.0672
394 1289 17 22 0.0663
743 1187 17 22 0.0662
734 1268 16 23 0.0660
281 1169 14 20 0.0653
254 1128 13 17 0.0636
287 1089 16 21 0.0635
927 700 7 10 0.0633
744 1193 17 20 0.0630
902 1104 12 16 0.0619
393 1168 14 20 0.0617
873 1183 13 18 0.0611
56 1159 15 19 0.0610
167 1058 14 18 0.0606
240 1178 15 18 0.0600
352 1205 16 21 0.0597
224 1239 16 21 0.0597
182 1136 14 16 0.0596
112 1128 15 17 0.0595
250 1212 14 19 0.0591
414 187 16 20 0.0588
429 1259 14 21 0.0579
218 1185 16 19 0.0572
913 1132 13 17 0.0571
323 1237 16 22 0.0554
210 1153 16 21 0.0552
741 1122 13 17 0.0546
358 1208 16 21 0.0543
876 708 10 12 0.0540
511 1347 14 22 0.0534
452 1271 15 20 0.0530
528 1330 14 20 0.0530
360 1216 16 22 0.0527
913 1084 13 18 0.0525
304 1152 15 20 0.0523
80 1154 16 19 0.0521
168 1160 14 18 0.0518
932 698 8 11 0.0512
563 1358 19 19 0.0507
417 179 15 19 0.0506
655 1208 14 22 0.0503
121 1132 15 18 0.0502
109 1170 15 19 0.0501
731 1316 15 20 0.0496
403 1275 15 20 0.0496
926 698 8 10 0.0496
189 1137 13 16 0.0493
147 1127 14 17 0.0486
330 1226 15 20 0.0484
204 1238 15 19 0.0482
611 1138 16 20 0.0482
638 1347 16 22 0.0481
858 1204 13 18 0.0481
651 1207 15 22 0.0475
840 1240 18 26 0.0475
567 1190 15 21 0.0470
249 1207 16 20 0.0467
907 1350 15 22 0.0455
282 1090 16 20 0.0454
970 1166 13 21 0.0453
389 1171 13 17 0.0446
262 1129 12 15 0.0444
764 1126 12 17 0.0434
160 1161 14 18 0.0434
778 1312 13 20 0.0434
814 1298 16 23 0.0427
152 1128 13 16 0.0427
862 1205 13 17 0.0419
516 204 17 22 0.0416
932 1139 13 19 0.0413
171 1216 14 18 0.0408
742 1263 14 20 0.0394
464 1239 16 19 0.0392
520 1342 13 21 0.0390
727 1315 15 21 0.0390
742 1265 16 22 0.0389
548 501 18 22 0.0388
328 1245 14 19 0.0384
506 212 19 21 0.0383
308 1153 14 19 0.0382
908 1080 13 16 0.0380
120 1389 17 23 0.0378
134 1156 14 19 0.0377
533 1319 15 20 0.0377
369 1222 15 20 0.0373
321 1247 16 21 0.0371
128 181 17 22 0.0370
421 1267 15 20 0.0366
684 1106 12 15 0.0364
936 1126 13 16 0.0359
882 709 10 12 0.0358
404 1177 14 20 0.0356
931 696 8 11 0.0356
395 1276 16 21 0.0356
0 1151 5 19 0.0356
904 1161 12 14 0.0352
674 986 15 17 0.0352
876 710 10 11 0.0350
804 1298 16 23 0.0350
126 1155 15 17 0.0348
154 1217 14 19 0.0341
6 1113 14 19 0.0340
100 1116 14 18 0.0337
975 1166 14 21 0.0336
230 1204 14 19 0.0332
648 1347 16 21 0.0326
669 188 23 31 0.0324
225 1233 16 20 0.0321
670 986 14 17 0.0320
332 1230 15 20 0.0320
116 1389 16 23 0.0317
764 1241 14 21 0.0317
51 1158 15 18 0.0317
260 1196 14 20 0.0316
608 1364 16 22 0.0316
519 1342 17 22 0.0315
78 1124 14 17 0.0315
718 1115 13 17 0.0312
370 1224 13 17 0.0312
101 1171 15 18 0.0308
2 1121 14 19 0.0307
770 1125 12 17 0.0305
54 1155 14 19 0.0301
87 1088 14 17 0.0300
789 684 11 13 0.0300
525 1272 20 26 0.0299
582 1125 12 18 0.0298
537 1120 13 18 0.0298
919 1138 13 19 0.0296
923 1271 16 23 0.0294
74 1202 15 18 0.0292
588 1189 15 20 0.0291
514 1247 17 22 0.0290
324 1227 15 19 0.0288
453 1196 18 23 0.0287
751 1217 14 19 0.0286
758 1240 16 21 0.0285
175 1204 16 21 0.0284
862 1183 13 18 0.0283
206 1180 15 19 0.0279
618 1138 16 20 0.0278
10 1180 14 22 0.0275
149 1094 14 18 0.0275
481 1187 15 20 0.0273
371 197 16 20 0.0271
179 1087 16 20 0.0269
609 1352 16 22 0.0268
183 1231 14 18 0.0267
487 1264 17 23 0.0267
249 1182 15 18 0.0266
162 1158 15 19 0.0264
204 1220 15 20 0.0264
217 1248 14 20 0.0261
938 1088 12 15 0.0260
873 1337 16 25 0.0260
914 1137 13 18 0.0259
912 1350 15 22 0.0259
921 1259 17 23 0.0259
739 1162 14 18 0.0258
747 1217 15 20 0.0258
777 1265 17 22 0.0258
166 1061 15 18 0.0255
577 1126 12 17 0.0255
258 1455 33 24 0.0254
933 1122 13 16 0.0254
663 1317 14 19 0.0253
705 1327 16 25 0.0252
814 1161 14 19 0.0251
275 1467 30 12 0.0249
496 1227 16 22 0.0248
3 1178 14 23 0.0248
679 1101 15 18 0.0247
173 1088 15 20 0.0246
100 1087 13 16 0.0245
793 1236 14 20 0.0243
47 1208 16 21 0.0243
300 1134 15 17 0.0242
0 1151 12 20 0.0240
11 1213 14 20 0.0240
783 684 11 14 0.0239
863 1185 14 19 0.0239
535 1113 15 21 0.0239
469 1187 16 22 0.0238
515 200 18 22 0.0236
636 1345 18 22 0.0236
819 1162 14 18 0.0234
372 176 13 18 0.0234
904 1099 13 18 0.0233
881 1213 14 17 0.0232
745 1191 17 21 0.0232
42 1188 16 19 0.0229
153 1195 15 19 0.0229
964 1104 11 15 0.0228
987 1191 14 20 0.0224
669 1234 15 20 0.0222
720 1118 12 17 0.0222
106 1089 12 16 0.0222
491 1224 16 21 0.0221
234 1268 14 19 0.0219
625 1097 12 14 0.0217
998 1288 15 20 0.0217
894 1304 17 25 0.0217
119 1128 13 16 0.0215
175 180 16 21 0.0212
566 1192 15 19 0.0212
154 1191 13 19 0.0212
153 1125 13 17 0.0212
825 1073 14 18 0.0212
10 1115 13 16 0.0209
700 1267 15 22 0.0209
692 1296 15 21 0.0209
737 1120 14 18 0.0208
702 1328 16 24 0.0205
414 180 14 17 0.0202
933 1122 13 16 0.0202
123 1102 13 17 0.0199
12 1101 14 18 0.0199
631 1316 15 21 0.0197
409 1186 15 20 0.0196
906 1380 16 23 0.0195
714 1120 12 18 0.0194
113 1173 13 17 0.0193
224 1188 15 19 0.0192
0 1154 8 17 0.0191
383 1172 13 17 0.0190
238 624 13 17 0.0189
966 698 8 10 0.0189
420 188 16 22 0.0187
148 1192 14 19 0.0187
261 1127 12 15 0.0186
161 1220 14 18 0.0186
87 1085 14 17 0.0185
201 1205 15 21 0.0185
637 1206 16 22 0.0185
740 1289 15 20 0.0184
573 1297 17 23 0.0184
276 1164 14 18 0.0183
440 173 16 22 0.0182
201 1152 14 19 0.0182
882 1084 14 17 0.0181
458 1190 18 23 0.0181
254 1153 15 19 0.0179
414 1292 16 22 0.0178
542 1121 12 18 0.0177
545 1196 15 20 0.0177
883 701 9 11 0.0176
232 1088 13 17 0.0176
915 1081 13 16 0.0176
370 188 15 20 0.0176
953 1312 16 23 0.0175
82 1202 14 17 0.0174
7 571 14 17 0.0174
960 697 9 11 0.0174
161 1063 14 17 0.0173
676 989 13 15 0.0173
8 1188 14 19 0.0172
813 1141 13 18 0.0171
741 1122 14 17 0.0171
947 1309 16 25 0.0169
756 1267 16 22 0.0169
505 1117 15 20 0.0169
82 1470 18 9 0.0169
889 1299 17 24 0.0168
768 1114 12 17 0.0168
409 1187 16 19 0.0167
682 959 23 31 0.0166
864 1208 13 16 0.0166
759 191 25 35 0.0165
7 1213 14 20 0.0165
733 1263 14 20 0.0164
529 1321 15 19 0.0163
883 1183 12 18 0.0163
628 1223 17 21 0.0163
237 1161 15 19 0.0162
724 1230 13 17 0.0162
239 1160 15 17 0.0162
775 1165 14 18 0.0160
777 1263 15 23 0.0160
454 1267 15 21 0.0159
253 1226 15 18 0.0159
766 1084 13 16 0.0158
946 1089 11 15 0.0158
756 1133 12 15 0.0157
902 1084 14 15 0.0156
613 1364 14 21 0.0155
925 1282 15 21 0.0155
881 1080 12 14 0.0155
683 1143 13 20 0.0154
965 1214 14 20 0.0154
475 1154 14 17 0.0153
900 1159 13 17 0.0152
817 1140 13 18 0.0152
366 1258 14 20 0.0152
20 177 17 25 0.0151
981 1192 13 19 0.0151
283 1161 14 18 0.0151
1012 1207 12 16 0.0150
632 1097 11 15 0.0149
231 1218 15 20 0.0149
309 1233 16 20 0.0148
837 1197 14 20 0.0146
906 1241 17 23 0.0145
569 1240 18 24 0.0145
227 1088 12 17 0.0144
230 1269 14 18 0.0144
449 1146 16 20 0.0143
666 1320 14 18 0.0142
684 1296 17 22 0.0142
606 1138 13 18 0.0141
235 625 13 16 0.0141
263 614 12 15 0.0141
518 1179 19 26 0.0141
625 1227 17 20 0.0140
591 1209 17 20 0.0139
822 707 10 12 0.0139
230 1263 16 21 0.0139
926 1264 15 21 0.0139
669 1245 16 21 0.0138
324 1282 17 23 0.0137
478 1158 14 19 0.0137
933 1163 14 18 0.0136
876 1085 13 15 0.0136
928 1051 12 16 0.0136
804 1335 13 22 0.0136
564 1229 17 22 0.0135
736 1363 16 23 0.0135
607 1135 15 20 0.0134
787 681 10 13 0.0134
773 1113 12 17 0.0134
604 1363 15 20 0.0133
972 1106 11 14 0.0133
259 1199 14 18 0.0132
565 1301 18 24 0.0131
670 990 14 16 0.0131
690 961 18 25 0.0130
912 1381 15 25 0.0130
753 1291 15 20 0.0129
807 1342 13 21 0.0129
971 1213 14 19 0.0127
944 1085 11 14 0.0127
674 1099 14 17 0.0126
973 1163 13 17 0.0125
858 1209 14 17 0.0125
819 1072 15 17 0.0125
771 1083 14 18 0.0124
860 1063 11 14 0.0124
558 1347 19 22 0.0124
539 1326 15 22 0.0123
356 1245 16 21 0.0123
714 1117 13 17 0.0123
123 1152 15 18 0.0123
376 177 13 17 0.0122
75 1469 20 10 0.0122
630 1098 12 17 0.0121
242 625 12 16 0.0121
493 1228 16 20 0.0121
12 571 14 17 0.0120
656 1115 14 17 0.0119
905 701 8 11 0.0119
687 967 21 29 0.0117
928 1253 15 20 0.0116
927 701 8 10 0.0115
801 1341 14 20 0.0115
996 694 8 10 0.0115
91 178 16 23 0.0114
186 1086 14 20 0.0114
473 1310 15 22 0.0113
437 191 15 20 0.0112
748 1226 16 22 0.0112
418 1265 14 19 0.0112
8 1134 14 18 0.0112
585 1157 16 21 0.0111
305 1105 15 19 0.0111
337 1181 15 18 0.0109
360 1137 15 20 0.0109
877 700 10 12 0.0108
859 1112 12 16 0.0108
79 1197 14 18 0.0108
719 1227 14 19 0.0108
689 1145 13 19 0.0107
992 1333 16 23 0.0107
450 181 16 24 0.0106
904 1107 14 15 0.0106
413 1136 15 19 0.0105
637 1319 14 18 0.0105
730 1363 15 23 0.0105
774 1120 13 18 0.0105
993 693 8 10 0.0105
293 1255 16 21 0.0105
372 1227 13 18 0.0105
724 965 10 13 0.0105
798 1334 15 22 0.0104
789 1234 15 20 0.0104
733 1319 16 20 0.0103
703 1177 14 18 0.0103
850 1243 16 23 0.0103
840 718 10 12 0.0103
760 1064 11 14 0.0102
564 1299 19 25 0.0102
879 1282 17 21 0.0101
396 1322 13 17 0.0101
165 1380 18 25 0.0101
328 1290 16 23 0.0100
