10_People_Marching_People_Marching_2_678
120
305 291 23 27 0.8387
724 271 25 33 0.8383
254 291 27 30 0.8375
351 278 26 30 0.8328
844 304 23 27 0.8267
787 305 21 24 0.7250
887 294 20 23 0.7203
217 296 25 27 0.7156
515 303 22 24 0.6633
449 297 23 27 0.6619
624 296 20 23 0.5864
623 296 19 23 0.5739
206 296 11 13 0.5146
24 317 12 18 0.4956
116 335 12 17 0.4941
946 209 12 14 0.4898
900 207 12 16 0.4527
66 254 11 14 0.3968
903 207 12 16 0.3723
69 253 10 14 0.3199
380 304 16 18 0.3100
514 304 21 24 0.2714
567 328 12 14 0.2457
204 296 10 13 0.2454
1015 227 9 15 0.2405
114 300 11 12 0.2361
451 296 22 27 0.2338
38 317 14 19 0.2234
87 336 9 15 0.2199
21 316 12 19 0.2124
945 209 11 14 0.1944
169 311 9 12 0.1792
119 336 11 15 0.1679
84 335 9 15 0.1405
172 311 9 12 0.1365
167 317 11 15 0.1339
116 301 10 12 0.1273
112 300 10 12 0.1209
64 255 10 13 0.1124
575 333 11 13 0.1121
105 347 10 16 0.1106
565 326 11 14 0.1082
68 366 10 14 0.0939
886 294 19 23 0.0924
592 318 10 11 0.0885
72 366 9 14 0.0844
112 301 10 12 0.0811
193 318 8 12 0.0809
761 314 17 22 0.0770
163 318 11 15 0.0769
568 326 11 13 0.0747
190 318 8 12 0.0732
74 359 10 14 0.0698
119 301 9 11 0.0687
218 295 25 28 0.0636
785 305 18 22 0.0614
949 209 11 13 0.0593
595 318 10 11 0.0509
803 307 14 21 0.0502
69 362 10 15 0.0494
758 314 17 22 0.0444
84 351 9 13 0.0420
121 302 8 11 0.0414
423 326 10 12 0.0349
28 319 11 16 0.0345
377 304 15 18 0.0337
569 327 11 14 0.0326
807 311 14 19 0.0302
383 300 17 18 0.0271
163 321 11 14 0.0268
89 338 8 15 0.0268
592 321 10 12 0.0260
83 351 9 13 0.0259
85 338 9 15 0.0257
590 316 10 12 0.0250
106 350 9 14 0.0249
381 301 14 16 0.0249
58 323 10 14 0.0243
113 336 12 15 0.0239
578 336 10 11 0.0232
61 323 10 14 0.0231
119 336 11 17 0.0231
425 326 10 13 0.0225
166 312 10 13 0.0218
819 317 16 17 0.0217
59 326 10 13 0.0217
563 329 11 12 0.0214
106 348 10 14 0.0209
476 292 9 11 0.0201
209 296 14 17 0.0198
1002 251 10 12 0.0184
580 333 10 12 0.0180
114 323 11 14 0.0178
675 335 9 11 0.0175
476 291 8 9 0.0174
1001 248 11 13 0.0172
58 328 9 12 0.0172
1013 228 11 14 0.0169
756 268 8 9 0.0165
984 236 9 11 0.0165
61 328 9 13 0.0165
672 335 9 11 0.0155
390 304 11 14 0.0153
1 333 12 15 0.0153
208 297 11 13 0.0146
113 301 9 12 0.0145
381 309 17 19 0.0142
549 313 13 15 0.0141
85 332 10 14 0.0138
189 320 8 12 0.0133
40 323 13 16 0.0132
70 349 10 14 0.0124
556 320 14 16 0.0122
480 292 6 9 0.0122
949 210 11 13 0.0119
168 310 9 11 0.0116
421 326 8 11 0.0114
421 326 10 13 0.0113
766 309 15 21 0.0107
574 336 9 11 0.0103
