10_People_Marching_People_Marching_10_People_Marching_People_Marching_10_499
32
375 250 27 23 0.7595
492 273 25 28 0.7344
738 82 25 26 0.7181
639 71 23 26 0.6623
557 287 25 26 0.5385
541 25 24 26 0.4725
366 160 22 27 0.3271
595 67 27 28 0.2798
594 65 27 29 0.2664
537 27 23 24 0.2229
443 272 25 28 0.1950
441 268 27 31 0.1626
447 266 27 31 0.0713
563 288 24 24 0.0698
601 63 25 28 0.0633
366 158 20 24 0.0607
553 288 24 25 0.0506
538 29 23 24 0.0393
640 71 25 27 0.0273
589 69 27 27 0.0272
602 68 24 25 0.0244
450 272 23 27 0.0242
563 285 23 26 0.0240
816 122 26 25 0.0214
587 65 24 27 0.0174
593 66 26 28 0.0170
376 204 19 20 0.0165
452 260 24 30 0.0154
610 56 22 26 0.0134
371 204 21 20 0.0115
555 285 25 27 0.0104
438 275 24 25 0.0102
