10_People_Marching_People_Marching_2_259
426
226 461 16 16 0.5665
166 459 17 20 0.5633
396 464 15 18 0.5602
421 408 15 18 0.5544
282 471 16 18 0.5383
370 406 14 17 0.5291
474 407 14 17 0.5255
562 461 15 19 0.4964
52 364 14 17 0.4920
207 408 14 17 0.4763
397 367 13 15 0.4727
232 366 13 15 0.4689
150 404 15 17 0.4607
450 470 15 18 0.4588
855 404 14 17 0.4532
260 404 15 17 0.4480
834 467 15 19 0.4465
336 471 15 19 0.4429
91 465 15 17 0.4415
283 314 12 15 0.4304
638 423 14 15 0.4304
803 405 14 17 0.4263
680 463 15 18 0.4119
746 415 13 16 0.4028
499 365 12 15 0.3988
313 407 13 16 0.3941
447 356 12 16 0.3929
178 367 12 15 0.3928
613 366 13 16 0.3916
555 353 12 14 0.3871
325 249 13 16 0.3835
619 465 14 17 0.3833
329 249 13 16 0.3829
744 354 13 16 0.3825
346 360 13 16 0.3814
507 465 15 17 0.3805
535 414 13 17 0.3784
706 320 13 16 0.3724
919 359 14 18 0.3717
623 465 14 17 0.3710
316 407 14 16 0.3707
682 356 13 16 0.3699
750 415 13 16 0.3650
640 320 12 15 0.3632
686 356 13 16 0.3624
665 281 13 17 0.3584
588 422 13 16 0.3531
503 465 15 17 0.3516
623 204 10 14 0.3479
363 204 9 13 0.3467
733 463 15 18 0.3436
784 461 15 17 0.3404
472 327 12 15 0.3398
677 462 15 19 0.3382
367 204 9 13 0.3370
469 327 11 15 0.3349
264 404 14 17 0.3347
559 353 12 14 0.3343
885 464 15 16 0.3320
295 360 13 17 0.3314
688 412 13 16 0.3311
501 289 11 14 0.3293
788 462 15 17 0.3263
125 282 11 14 0.3244
714 278 13 16 0.3231
800 405 13 17 0.3180
591 320 12 15 0.3172
626 204 11 14 0.3121
447 172 10 14 0.3095
339 471 16 20 0.3062
765 195 9 12 0.3057
882 463 15 16 0.3043
611 367 12 15 0.3033
565 461 15 19 0.3022
859 315 13 15 0.3008
322 282 11 14 0.3001
121 282 11 14 0.2992
343 310 12 15 0.2989
761 195 9 12 0.2966
706 217 10 13 0.2957
532 414 12 17 0.2956
557 284 11 13 0.2955
838 468 15 17 0.2928
710 278 12 16 0.2860
943 411 13 18 0.2851
526 322 12 14 0.2837
560 284 12 13 0.2828
590 198 11 14 0.2821
454 470 14 18 0.2795
443 173 10 13 0.2769
405 173 9 12 0.2759
280 204 9 12 0.2710
533 256 10 13 0.2700
449 289 13 15 0.2682
709 217 10 13 0.2667
401 173 10 12 0.2593
472 190 10 12 0.2580
444 356 12 16 0.2579
168 227 10 13 0.2564
283 204 9 12 0.2562
297 361 13 16 0.2560
469 191 9 11 0.2546
666 205 10 14 0.2530
395 307 12 14 0.2486
487 155 10 14 0.2481
628 258 11 14 0.2480
211 408 14 17 0.2475
536 257 11 12 0.2468
175 367 12 15 0.2440
804 357 14 17 0.2388
748 354 12 16 0.2375
945 412 13 17 0.2363
434 263 11 13 0.2356
503 289 11 14 0.2309
691 413 13 16 0.2292
430 264 11 12 0.2270
346 311 13 15 0.2270
710 321 12 15 0.2260
731 462 15 18 0.2253
165 227 10 12 0.2250
393 307 11 14 0.2245
525 173 10 13 0.2225
252 379 14 16 0.2223
606 285 12 15 0.2206
147 403 14 18 0.2194
595 321 11 14 0.2171
605 283 12 16 0.2168
687 256 13 15 0.2163
236 367 12 14 0.2158
567 173 10 13 0.2140
521 173 10 13 0.2097
588 198 10 14 0.2078
363 280 11 15 0.2062
664 205 10 13 0.2053
349 361 13 16 0.2014
326 282 10 13 0.1995
570 173 10 12 0.1992
736 463 16 18 0.1983
55 363 14 18 0.1955
410 288 11 14 0.1952
427 195 10 12 0.1949
683 256 13 15 0.1939
431 195 10 12 0.1933
286 314 12 15 0.1931
331 209 10 12 0.1927
392 462 16 20 0.1916
485 155 10 13 0.1911
894 396 14 18 0.1878
851 404 14 17 0.1874
366 280 12 15 0.1836
95 466 15 16 0.1826
609 284 12 15 0.1826
736 462 15 18 0.1823
644 320 11 14 0.1821
171 459 15 19 0.1740
407 288 11 14 0.1728
478 407 13 17 0.1725
286 471 15 18 0.1720
421 281 12 15 0.1719
327 208 10 12 0.1711
350 360 13 16 0.1664
401 367 12 15 0.1663
499 289 11 14 0.1627
610 285 12 15 0.1594
922 360 15 18 0.1593
592 199 11 13 0.1590
114 319 14 16 0.1585
530 322 11 14 0.1584
941 412 13 17 0.1573
632 258 11 14 0.1549
496 365 12 15 0.1525
207 204 10 11 0.1515
669 205 10 14 0.1503
636 422 13 16 0.1452
1013 474 11 15 0.1399
332 210 10 12 0.1376
795 219 10 13 0.1373
285 204 9 12 0.1365
299 360 13 16 0.1360
210 203 10 12 0.1325
639 320 11 15 0.1310
368 407 13 15 0.1305
90 463 15 17 0.1298
270 275 12 15 0.1287
328 210 10 12 0.1285
663 281 12 17 0.1273
862 314 13 16 0.1262
669 282 11 15 0.1235
453 289 12 15 0.1209
489 155 10 13 0.1200
528 324 12 14 0.1106
249 380 13 15 0.1104
553 200 10 14 0.1081
858 295 11 14 0.1055
733 415 12 14 0.1039
799 219 10 13 0.1024
424 302 10 12 0.0979
428 197 10 12 0.0975
270 272 11 13 0.0965
687 414 13 15 0.0878
940 411 13 17 0.0876
796 222 11 14 0.0876
556 200 11 14 0.0842
565 171 11 13 0.0836
432 196 10 13 0.0800
342 312 12 14 0.0789
257 295 11 14 0.0765
801 357 13 17 0.0738
273 275 11 14 0.0723
491 335 10 13 0.0720
592 420 13 17 0.0719
170 227 10 12 0.0714
502 364 12 15 0.0713
897 399 13 16 0.0694
399 172 10 12 0.0683
351 287 10 12 0.0679
730 412 12 15 0.0658
423 285 11 14 0.0649
557 286 11 13 0.0646
447 289 11 14 0.0644
704 217 9 13 0.0639
110 471 14 15 0.0639
445 171 10 13 0.0623
523 171 10 13 0.0610
569 171 10 13 0.0595
494 336 10 12 0.0593
631 259 10 14 0.0590
413 318 12 14 0.0567
375 369 13 15 0.0550
533 413 13 16 0.0549
404 171 9 13 0.0545
417 318 11 14 0.0542
354 287 10 12 0.0540
205 203 9 12 0.0539
300 362 13 15 0.0535
491 338 11 12 0.0530
803 264 13 15 0.0530
642 422 12 15 0.0520
341 310 12 14 0.0520
794 241 12 16 0.0516
489 157 10 13 0.0500
768 315 13 19 0.0495
561 286 11 13 0.0494
426 409 13 16 0.0487
627 440 11 13 0.0487
917 359 13 16 0.0485
686 412 13 16 0.0484
224 461 15 16 0.0483
531 324 12 14 0.0478
806 361 13 15 0.0474
785 463 15 18 0.0460
887 462 14 17 0.0459
421 302 10 13 0.0457
170 249 10 14 0.0451
463 381 13 15 0.0446
495 338 10 12 0.0429
617 366 11 15 0.0416
800 264 12 15 0.0406
442 171 10 13 0.0405
268 276 11 13 0.0403
588 197 10 14 0.0395
485 158 10 13 0.0391
351 286 10 12 0.0390
855 294 11 14 0.0385
958 431 14 17 0.0385
174 249 10 13 0.0366
849 379 12 15 0.0366
314 371 10 12 0.0362
468 305 10 12 0.0359
95 463 14 16 0.0358
683 462 13 17 0.0356
790 463 14 17 0.0350
495 361 13 17 0.0348
432 261 11 14 0.0348
684 260 13 16 0.0345
465 305 9 11 0.0341
592 421 14 18 0.0331
567 415 14 17 0.0329
669 283 12 16 0.0328
373 406 14 17 0.0327
520 171 10 13 0.0321
798 220 11 14 0.0318
857 315 12 15 0.0316
112 318 13 17 0.0310
424 411 14 16 0.0305
799 222 11 14 0.0303
852 378 13 16 0.0300
713 416 13 15 0.0297
421 301 10 13 0.0286
190 386 12 13 0.0284
668 207 11 14 0.0282
591 424 13 16 0.0278
861 296 11 13 0.0277
891 396 12 17 0.0273
294 410 12 14 0.0268
364 277 13 15 0.0265
422 278 10 12 0.0263
436 331 11 14 0.0263
447 284 13 15 0.0262
229 463 15 17 0.0260
788 378 14 17 0.0257
898 396 15 18 0.0256
761 196 10 13 0.0255
791 241 11 15 0.0255
258 297 11 15 0.0254
390 367 13 16 0.0254
623 440 12 14 0.0254
854 296 12 15 0.0253
268 272 10 12 0.0248
453 283 12 14 0.0245
281 315 11 14 0.0243
168 460 17 21 0.0243
520 172 11 14 0.0242
182 367 11 14 0.0241
117 323 14 17 0.0238
205 396 13 16 0.0238
811 257 11 13 0.0237
592 197 10 13 0.0237
165 226 10 13 0.0235
443 352 13 17 0.0235
688 259 13 16 0.0228
268 274 11 14 0.0227
440 332 10 13 0.0226
210 202 10 12 0.0225
467 381 11 15 0.0225
642 421 14 16 0.0223
742 355 11 15 0.0221
425 302 11 12 0.0221
774 213 9 11 0.0216
793 223 10 12 0.0214
785 378 14 17 0.0213
429 262 11 12 0.0204
893 400 11 15 0.0204
845 282 12 14 0.0203
918 363 13 16 0.0200
802 362 12 15 0.0197
230 405 13 15 0.0193
832 347 12 14 0.0192
260 295 12 14 0.0189
771 211 9 12 0.0189
284 203 10 12 0.0187
466 302 10 13 0.0187
571 416 13 17 0.0186
112 321 13 16 0.0186
443 172 11 14 0.0182
352 362 12 15 0.0182
638 411 14 16 0.0181
592 197 11 14 0.0177
644 320 13 15 0.0173
362 271 11 14 0.0173
447 293 11 12 0.0172
365 272 12 15 0.0172
277 267 13 15 0.0171
626 258 11 14 0.0170
815 257 10 13 0.0170
281 258 15 17 0.0168
889 464 14 16 0.0167
765 196 9 12 0.0166
787 263 11 13 0.0165
286 262 13 15 0.0164
49 365 13 17 0.0164
588 413 14 16 0.0161
703 398 13 14 0.0160
538 379 14 16 0.0160
633 260 11 13 0.0160
569 171 12 15 0.0158
261 295 10 13 0.0155
704 218 11 13 0.0154
566 461 14 18 0.0154
469 326 12 15 0.0153
854 371 14 17 0.0151
108 472 14 16 0.0151
946 399 13 14 0.0151
317 373 10 12 0.0149
851 402 15 18 0.0149
469 324 12 15 0.0149
802 352 14 18 0.0148
505 462 15 19 0.0142
664 208 10 14 0.0142
286 300 13 14 0.0142
418 404 15 18 0.0141
351 312 11 14 0.0138
208 207 9 11 0.0136
480 308 11 13 0.0135
469 192 11 13 0.0135
954 432 12 16 0.0135
475 257 14 16 0.0133
524 323 12 14 0.0132
513 198 9 12 0.0132
313 371 11 14 0.0131
394 304 11 13 0.0131
796 242 12 15 0.0129
924 360 13 16 0.0128
594 321 12 15 0.0128
907 359 11 14 0.0128
1015 477 9 15 0.0128
156 465 15 16 0.0127
118 318 14 17 0.0126
593 323 11 13 0.0126
285 299 11 12 0.0125
852 399 15 19 0.0125
288 299 12 13 0.0124
393 310 11 14 0.0123
765 317 11 17 0.0120
348 310 11 14 0.0120
324 284 11 14 0.0119
476 261 13 17 0.0119
566 413 13 15 0.0117
166 225 9 12 0.0117
747 351 14 18 0.0116
409 285 11 14 0.0116
480 257 13 15 0.0113
837 288 12 16 0.0112
367 404 14 17 0.0111
394 423 14 15 0.0111
509 198 10 13 0.0109
884 421 12 14 0.0109
717 276 11 16 0.0108
622 437 12 15 0.0106
642 424 12 15 0.0106
711 413 13 15 0.0104
284 206 9 12 0.0104
445 361 11 14 0.0104
627 340 12 15 0.0103
434 267 11 12 0.0103
627 260 10 13 0.0101
