10_People_Marching_People_Marching_10_People_Marching_People_Marching_10_240
249
411 325 108 130 0.8956
912 434 112 116 0.8938
419 235 40 53 0.8803
240 306 65 81 0.8757
1 236 33 38 0.8475
130 209 26 36 0.8433
221 268 34 43 0.8423
291 267 36 52 0.8421
611 233 49 60 0.8400
380 252 25 34 0.8210
939 269 36 46 0.8202
839 261 28 37 0.8154
798 306 38 48 0.8067
329 229 26 38 0.8047
691 259 23 33 0.7173
219 225 24 27 0.7171
1013 222 11 25 0.6806
455 240 27 40 0.6298
263 212 17 22 0.6113
743 216 14 17 0.5931
891 215 17 19 0.5917
554 225 20 26 0.5768
826 275 23 29 0.5459
493 212 17 24 0.5357
715 243 24 32 0.5308
1000 212 15 18 0.4925
167 199 20 28 0.4869
980 339 44 76 0.4661
195 197 17 21 0.4655
890 232 18 20 0.4405
715 243 24 31 0.4300
538 209 16 19 0.4233
341 216 14 16 0.4180
198 197 17 21 0.4076
139 188 13 15 0.3911
223 205 17 20 0.3877
685 225 16 18 0.3665
853 212 14 17 0.3555
171 200 18 26 0.3527
551 225 22 26 0.3414
682 225 16 18 0.3370
106 194 14 17 0.3312
490 212 18 25 0.3273
221 204 17 20 0.3194
797 217 12 14 0.3083
740 238 16 21 0.3023
541 210 16 20 0.3007
387 189 11 13 0.2788
835 208 13 17 0.2714
800 217 11 14 0.2591
339 216 13 16 0.2425
233 189 11 12 0.2410
849 212 14 17 0.2401
497 199 11 12 0.2386
793 205 11 12 0.2298
905 247 19 26 0.2291
260 211 17 23 0.2198
110 194 13 17 0.2174
518 243 26 33 0.2009
163 189 15 19 0.1805
979 339 45 69 0.1793
478 188 11 13 0.1770
839 209 13 16 0.1762
725 202 11 15 0.1707
390 188 11 14 0.1648
481 189 10 13 0.1647
224 183 8 10 0.1623
722 202 11 15 0.1610
374 214 14 17 0.1559
236 189 10 11 0.1483
203 181 9 11 0.1475
790 205 10 12 0.1391
768 203 10 13 0.1368
303 197 13 14 0.1303
459 241 25 37 0.1217
888 216 17 18 0.1213
739 236 15 18 0.1147
296 210 13 13 0.1105
137 188 13 15 0.1037
348 201 11 13 0.1033
693 207 10 12 0.1019
200 181 10 11 0.1015
297 184 9 12 0.0970
477 188 10 12 0.0956
300 197 12 14 0.0944
767 201 9 11 0.0942
998 212 15 16 0.0939
138 187 11 14 0.0938
160 189 12 16 0.0918
765 204 10 12 0.0910
378 215 14 17 0.0908
240 179 9 10 0.0902
904 247 16 20 0.0895
714 223 11 13 0.0877
542 209 15 19 0.0877
838 210 13 17 0.0851
231 188 10 11 0.0829
481 188 9 11 0.0820
12 188 20 26 0.0802
624 203 14 18 0.0795
716 193 8 11 0.0760
259 187 10 11 0.0760
711 222 11 14 0.0750
599 230 15 19 0.0740
887 232 17 20 0.0705
799 203 12 13 0.0686
873 177 13 15 0.0612
163 187 12 14 0.0610
1003 212 13 15 0.0584
764 201 10 11 0.0563
369 193 8 10 0.0556
713 194 8 10 0.0549
234 188 11 13 0.0544
294 184 9 12 0.0542
679 238 17 19 0.0537
385 189 10 12 0.0537
345 187 8 10 0.0529
393 187 10 12 0.0527
891 235 18 19 0.0512
241 178 7 9 0.0507
738 194 8 10 0.0505
850 212 13 17 0.0497
779 231 14 16 0.0496
746 217 12 15 0.0476
315 195 9 12 0.0470
801 198 10 11 0.0470
238 179 7 9 0.0465
304 200 13 15 0.0457
798 199 10 12 0.0454
0 205 7 20 0.0453
372 212 12 14 0.0448
621 203 13 15 0.0440
735 194 8 10 0.0438
799 215 12 14 0.0435
342 189 9 10 0.0435
352 201 10 13 0.0431
1003 212 14 19 0.0429
636 219 16 18 0.0427
346 188 8 10 0.0425
342 187 8 10 0.0415
777 202 8 11 0.0415
259 183 9 12 0.0414
666 189 9 11 0.0404
282 191 12 15 0.0399
324 167 9 11 0.0395
662 189 9 11 0.0392
161 188 13 17 0.0389
260 186 10 13 0.0388
298 212 12 13 0.0385
851 210 14 18 0.0383
462 201 9 11 0.0379
609 220 14 17 0.0373
743 236 16 20 0.0366
328 167 8 11 0.0361
294 186 10 11 0.0357
690 208 9 11 0.0352
464 202 9 11 0.0352
665 187 9 11 0.0351
260 178 8 8 0.0350
595 231 13 17 0.0344
625 200 10 10 0.0339
888 236 16 18 0.0331
512 201 10 12 0.0324
160 187 11 13 0.0320
203 181 7 8 0.0316
696 206 10 12 0.0300
822 276 25 29 0.0300
263 179 8 10 0.0298
277 192 11 13 0.0296
714 225 13 14 0.0293
106 196 16 21 0.0284
352 199 8 11 0.0283
693 260 22 32 0.0276
228 188 12 14 0.0274
263 177 8 9 0.0267
829 243 15 18 0.0264
718 177 8 10 0.0262
342 189 9 10 0.0259
367 193 9 10 0.0259
295 210 11 14 0.0255
370 213 11 15 0.0250
301 211 13 15 0.0245
313 194 9 11 0.0245
900 247 19 23 0.0239
833 209 11 15 0.0232
662 187 8 11 0.0230
769 206 11 12 0.0230
622 200 9 11 0.0223
605 220 14 17 0.0221
741 217 12 14 0.0218
694 209 11 13 0.0217
714 177 9 11 0.0215
377 212 11 13 0.0215
401 192 10 13 0.0214
1010 221 14 22 0.0212
829 270 20 25 0.0210
0 210 10 27 0.0210
876 177 12 14 0.0207
467 202 9 12 0.0206
711 226 12 14 0.0200
389 189 10 13 0.0195
135 188 15 16 0.0195
835 203 9 11 0.0194
370 189 8 10 0.0190
17 187 19 26 0.0182
224 182 7 9 0.0182
595 230 21 27 0.0181
716 177 8 9 0.0179
511 201 9 10 0.0179
136 188 10 12 0.0177
861 207 10 14 0.0177
826 277 26 34 0.0174
200 181 7 8 0.0173
619 207 20 21 0.0159
495 198 9 11 0.0149
206 183 11 14 0.0147
306 211 12 14 0.0147
591 192 9 13 0.0143
822 215 12 14 0.0143
13 191 22 28 0.0142
470 211 11 14 0.0141
631 215 17 20 0.0139
280 203 12 14 0.0135
339 215 14 17 0.0135
718 193 8 11 0.0133
723 206 11 14 0.0132
309 178 8 9 0.0130
776 234 14 17 0.0128
719 243 22 30 0.0127
313 192 8 10 0.0126
800 197 9 9 0.0122
713 177 8 9 0.0121
685 238 16 20 0.0120
36 234 22 29 0.0119
777 230 12 16 0.0118
1008 224 15 25 0.0118
361 180 8 10 0.0117
667 188 8 10 0.0116
792 216 11 13 0.0114
110 189 11 13 0.0114
108 191 13 17 0.0113
8 188 17 22 0.0112
909 211 10 13 0.0110
610 233 49 59 0.0110
746 239 14 18 0.0109
465 207 12 16 0.0106
843 246 20 24 0.0102
107 191 10 12 0.0102
398 196 10 13 0.0100
