10_People_Marching_People_Marching_2_40
314
265 116 28 34 0.8511
715 273 54 60 0.8489
47 134 37 43 0.8472
669 207 39 54 0.8468
944 251 44 50 0.8445
354 126 28 35 0.8358
952 305 50 57 0.8357
164 217 39 51 0.8345
401 155 29 37 0.8315
97 135 26 35 0.8270
990 336 34 70 0.8226
686 252 43 51 0.8211
585 271 43 51 0.8210
525 522 92 99 0.8163
93 89 24 29 0.8048
228 92 21 25 0.8022
315 147 30 35 0.8010
90 453 78 112 0.7956
52 343 50 67 0.7902
418 100 23 28 0.7782
817 145 22 34 0.7683
712 354 47 66 0.7674
769 211 36 29 0.7661
136 78 25 31 0.7621
750 109 23 26 0.7601
220 195 34 42 0.7592
471 108 22 26 0.7538
496 146 31 33 0.7363
837 245 49 63 0.7262
789 121 21 27 0.6936
945 199 39 46 0.6884
380 88 21 27 0.6857
252 85 21 24 0.6843
713 84 16 19 0.6812
511 48 13 17 0.6325
410 45 13 15 0.6133
119 389 73 78 0.5998
573 44 13 16 0.5802
743 64 12 15 0.5796
678 98 20 23 0.5765
904 114 20 26 0.5141
767 86 20 23 0.4791
589 128 25 33 0.4749
587 127 26 35 0.4718
563 65 17 18 0.4690
797 66 13 17 0.4513
90 453 78 111 0.4495
758 47 13 16 0.4488
700 42 15 16 0.4396
521 43 12 15 0.4382
803 114 21 27 0.4342
515 86 19 24 0.4110
853 52 14 17 0.4043
822 53 14 17 0.4010
718 52 14 17 0.3962
154 44 11 13 0.3949
715 52 14 17 0.3823
665 100 16 23 0.3799
562 64 15 18 0.3507
667 47 11 14 0.3469
682 98 19 22 0.3369
0 339 37 136 0.3314
854 102 24 29 0.3265
761 47 12 15 0.3187
489 58 13 18 0.3105
188 81 21 26 0.3088
464 45 13 16 0.3009
854 52 15 18 0.2971
435 85 18 23 0.2931
186 39 10 12 0.2906
838 245 48 64 0.2842
933 158 21 30 0.2811
936 161 19 27 0.2796
579 69 11 14 0.2729
111 26 8 9 0.2713
164 56 16 17 0.2706
885 101 17 25 0.2681
513 86 20 24 0.2588
311 191 27 37 0.2582
881 79 17 19 0.2572
697 42 14 16 0.2437
937 156 22 31 0.2418
802 110 21 29 0.2362
883 99 16 23 0.2332
99 9 6 9 0.2299
57 41 10 13 0.2295
680 39 11 12 0.2251
189 39 10 12 0.2227
114 26 8 9 0.2163
15 2 9 11 0.2146
102 9 7 8 0.2078
95 42 9 12 0.2070
796 66 12 16 0.2041
654 57 13 17 0.1946
93 41 10 12 0.1874
556 51 10 11 0.1837
819 53 14 16 0.1776
55 30 10 11 0.1772
413 44 12 16 0.1766
141 40 10 12 0.1743
951 305 52 59 0.1677
60 41 10 12 0.1642
825 241 42 61 0.1577
56 37 11 15 0.1526
18 2 10 12 0.1503
559 50 10 12 0.1501
468 45 12 15 0.1498
666 101 16 24 0.1431
151 26 9 10 0.1425
441 85 14 22 0.1412
0 81 7 28 0.1380
139 40 9 11 0.1380
59 30 9 10 0.1349
154 26 9 11 0.1300
825 54 13 15 0.1295
824 53 13 15 0.1284
811 54 13 15 0.1260
59 40 10 13 0.1259
601 214 25 37 0.1257
108 40 12 15 0.1244
669 162 23 38 0.1243
8 56 15 18 0.1222
0 18 9 11 0.1173
520 42 12 15 0.1137
481 47 12 14 0.1115
143 41 10 13 0.1083
772 87 18 20 0.1064
17 3 9 12 0.1061
12 31 12 15 0.1052
4 55 15 20 0.1040
664 162 25 40 0.1012
510 48 12 16 0.0985
63 63 12 13 0.0970
0 17 6 11 0.0963
603 214 30 40 0.0929
582 70 11 13 0.0929
139 41 10 13 0.0923
880 78 15 18 0.0915
185 83 27 35 0.0869
670 48 11 13 0.0861
107 39 12 14 0.0852
513 86 19 24 0.0836
152 43 10 13 0.0826
103 40 12 15 0.0817
492 57 13 18 0.0809
699 40 14 16 0.0780
851 52 14 18 0.0773
11 28 11 12 0.0763
291 432 42 80 0.0762
365 56 19 22 0.0755
902 114 19 24 0.0753
853 73 15 18 0.0727
799 65 12 15 0.0723
710 84 15 19 0.0710
9 31 12 14 0.0704
517 86 18 24 0.0694
96 39 12 14 0.0691
658 58 12 14 0.0665
744 64 13 16 0.0639
754 81 17 21 0.0626
851 52 13 16 0.0597
100 8 7 8 0.0582
990 340 34 66 0.0553
578 46 10 14 0.0534
20 4 9 10 0.0527
756 214 25 29 0.0525
195 82 18 24 0.0507
0 323 31 106 0.0500
887 100 16 22 0.0496
156 45 12 13 0.0494
157 43 11 13 0.0484
824 235 40 59 0.0480
140 40 10 13 0.0460
668 40 10 12 0.0451
810 32 12 13 0.0451
720 52 12 15 0.0440
461 52 14 17 0.0437
114 26 9 10 0.0432
800 66 13 16 0.0430
868 54 13 17 0.0422
176 85 28 33 0.0402
876 137 24 36 0.0400
362 56 15 21 0.0394
670 46 11 13 0.0375
190 76 18 22 0.0374
913 457 41 80 0.0366
496 146 30 33 0.0366
814 32 11 13 0.0355
293 436 39 73 0.0342
2 17 10 12 0.0337
466 43 13 16 0.0337
303 190 31 37 0.0336
489 64 15 20 0.0336
58 41 11 13 0.0329
98 7 7 9 0.0329
13 2 8 10 0.0324
468 42 12 15 0.0319
616 47 13 17 0.0309
617 54 14 17 0.0307
668 157 21 38 0.0302
828 224 36 52 0.0296
111 25 8 10 0.0294
282 60 15 17 0.0293
464 42 13 16 0.0293
490 59 15 19 0.0287
157 44 9 11 0.0283
458 48 12 15 0.0282
283 51 11 12 0.0280
92 41 10 13 0.0276
481 45 11 13 0.0274
183 82 24 31 0.0274
436 87 18 26 0.0270
765 136 20 23 0.0268
762 139 23 27 0.0266
463 4 8 10 0.0264
170 56 12 16 0.0263
0 74 7 24 0.0260
877 80 15 19 0.0252
678 87 19 23 0.0249
810 30 9 11 0.0249
8 35 13 16 0.0248
686 68 16 18 0.0245
442 87 15 23 0.0244
186 40 11 13 0.0241
601 213 19 33 0.0241
315 194 24 35 0.0241
688 86 17 20 0.0237
939 160 22 28 0.0237
519 42 12 16 0.0236
122 34 9 9 0.0233
733 42 11 12 0.0233
63 64 15 17 0.0227
179 82 23 28 0.0224
832 220 34 41 0.0224
740 64 12 15 0.0222
320 193 22 34 0.0218
187 40 10 12 0.0210
461 4 9 10 0.0209
813 30 10 11 0.0206
696 41 13 14 0.0206
804 100 19 24 0.0204
98 33 8 9 0.0204
60 64 12 14 0.0200
0 326 18 79 0.0200
304 195 31 36 0.0198
831 201 36 49 0.0195
60 63 12 13 0.0191
0 82 7 33 0.0189
460 3 8 10 0.0186
913 462 34 74 0.0184
155 26 8 10 0.0183
768 88 21 23 0.0181
5 58 15 24 0.0180
570 44 10 13 0.0179
622 40 11 13 0.0176
0 79 12 30 0.0176
570 44 12 16 0.0174
829 219 30 41 0.0171
878 85 17 25 0.0164
320 36 11 13 0.0164
877 136 21 30 0.0164
755 211 22 31 0.0163
818 66 15 16 0.0163
850 73 14 18 0.0162
67 62 11 13 0.0159
7 52 14 16 0.0158
460 5 8 9 0.0158
754 71 16 18 0.0158
929 155 22 33 0.0158
742 81 13 17 0.0153
568 65 13 15 0.0152
253 39 10 12 0.0152
190 93 24 31 0.0151
603 212 26 35 0.0149
664 110 18 25 0.0148
899 113 20 27 0.0146
755 140 24 28 0.0146
3 50 13 20 0.0145
615 90 19 24 0.0145
621 48 13 18 0.0141
191 40 10 12 0.0141
486 46 12 15 0.0141
14 83 14 19 0.0140
282 68 15 19 0.0138
99 52 12 13 0.0138
0 327 34 79 0.0138
806 79 16 18 0.0136
624 54 14 16 0.0135
666 105 19 23 0.0133
519 43 11 14 0.0132
199 97 19 27 0.0130
620 39 10 14 0.0129
0 330 20 83 0.0126
900 112 21 28 0.0126
620 42 12 15 0.0125
197 86 22 33 0.0122
612 49 11 14 0.0122
648 114 21 25 0.0119
737 40 10 13 0.0118
317 36 10 13 0.0117
0 351 37 153 0.0117
835 197 27 35 0.0117
867 52 12 16 0.0114
434 78 17 21 0.0113
12 0 11 11 0.0113
670 168 26 39 0.0111
795 114 23 29 0.0109
712 355 48 64 0.0109
637 116 25 28 0.0109
649 58 15 18 0.0106
494 66 14 19 0.0106
710 155 28 32 0.0105
196 75 15 20 0.0104
698 43 14 15 0.0102
