10_People_Marching_People_Marching_2_2
178
762 422 31 40 0.8276
666 477 30 54 0.8262
1001 419 23 36 0.8078
951 466 37 61 0.7786
661 433 19 34 0.7133
489 481 25 42 0.6235
961 391 14 26 0.5907
629 382 12 16 0.5260
488 482 22 40 0.4870
792 386 12 17 0.4772
659 394 18 29 0.4047
904 404 14 26 0.3927
816 396 11 19 0.3431
826 347 8 15 0.3052
657 396 17 27 0.2953
829 347 9 15 0.2673
658 395 18 27 0.2618
297 394 9 15 0.2603
997 354 11 14 0.2476
790 385 10 17 0.2254
813 396 11 18 0.2241
994 354 10 14 0.2134
901 404 13 26 0.2038
541 373 7 9 0.1980
909 350 9 15 0.1938
544 373 7 10 0.1887
877 344 7 12 0.1565
618 358 8 10 0.1403
254 382 9 12 0.1352
880 344 7 12 0.1349
38 385 10 20 0.1321
911 351 10 15 0.1316
251 383 8 11 0.1285
632 381 12 17 0.1225
701 369 8 11 0.1222
312 392 8 12 0.1215
621 357 8 10 0.1211
295 394 9 14 0.1147
519 413 10 19 0.1144
522 412 11 20 0.1130
704 368 9 12 0.1086
639 375 10 12 0.1039
976 345 8 13 0.1028
164 425 12 22 0.1021
161 425 11 22 0.0938
521 411 11 20 0.0900
592 355 6 9 0.0806
907 350 8 14 0.0759
514 526 18 55 0.0749
694 353 7 10 0.0733
973 345 8 13 0.0696
339 388 7 9 0.0689
589 355 6 8 0.0649
908 352 8 14 0.0646
697 353 7 9 0.0637
315 392 8 12 0.0632
540 372 7 10 0.0622
525 356 7 8 0.0619
238 406 9 16 0.0607
342 388 7 9 0.0601
964 392 14 25 0.0586
235 406 9 15 0.0580
453 461 13 28 0.0578
312 389 8 12 0.0571
457 457 12 30 0.0546
568 359 6 8 0.0524
436 402 9 15 0.0523
695 354 8 10 0.0522
457 461 13 28 0.0521
163 423 11 23 0.0516
636 374 9 12 0.0484
995 353 9 13 0.0482
433 403 8 14 0.0467
434 401 9 15 0.0459
303 407 10 14 0.0453
36 386 10 17 0.0448
41 386 10 20 0.0440
341 458 21 38 0.0440
522 356 7 9 0.0435
637 361 9 11 0.0432
362 376 7 9 0.0396
681 364 7 10 0.0396
515 381 8 12 0.0394
627 382 11 15 0.0390
658 434 16 32 0.0389
301 407 9 14 0.0383
518 410 10 20 0.0353
617 356 8 9 0.0342
571 419 9 22 0.0342
719 386 10 17 0.0341
619 363 8 10 0.0341
587 355 6 8 0.0331
295 393 10 14 0.0331
316 389 7 11 0.0329
366 376 7 9 0.0324
682 365 8 10 0.0323
699 354 7 10 0.0323
574 419 10 23 0.0322
620 356 8 9 0.0291
203 386 7 9 0.0288
565 359 7 8 0.0286
234 404 6 10 0.0278
523 355 7 9 0.0277
656 395 16 26 0.0272
555 390 9 14 0.0267
419 360 5 7 0.0259
554 388 9 13 0.0258
513 523 16 54 0.0250
90 403 8 16 0.0249
422 360 6 7 0.0248
103 395 9 12 0.0236
521 355 6 8 0.0234
680 365 7 10 0.0223
454 457 11 29 0.0223
199 386 7 9 0.0222
272 385 8 11 0.0219
678 364 7 9 0.0216
977 344 9 13 0.0214
658 390 10 14 0.0214
587 357 6 8 0.0205
557 387 10 15 0.0200
540 371 7 9 0.0200
720 389 12 20 0.0196
558 390 10 15 0.0194
359 390 7 10 0.0194
252 381 8 10 0.0192
518 380 7 12 0.0187
621 360 8 9 0.0185
513 380 7 11 0.0184
912 350 10 14 0.0183
877 342 9 13 0.0182
237 403 6 11 0.0181
544 373 7 10 0.0180
250 381 7 11 0.0178
219 395 7 10 0.0176
318 438 11 25 0.0175
313 391 9 11 0.0174
723 387 10 17 0.0171
544 372 7 9 0.0171
679 366 7 10 0.0170
276 386 8 11 0.0162
36 386 11 20 0.0161
340 389 8 10 0.0160
477 369 5 7 0.0157
568 360 7 8 0.0156
979 347 10 13 0.0153
796 385 12 18 0.0152
700 368 9 12 0.0151
643 419 13 16 0.0146
482 369 5 7 0.0145
642 373 8 10 0.0144
86 403 10 17 0.0142
813 399 11 18 0.0142
493 365 6 8 0.0142
724 389 12 18 0.0139
479 369 5 7 0.0139
340 388 8 9 0.0138
977 347 9 13 0.0137
42 387 10 16 0.0133
216 395 7 9 0.0133
217 395 6 8 0.0131
940 358 11 14 0.0129
943 359 12 13 0.0126
212 382 7 8 0.0126
335 374 7 7 0.0122
344 389 7 9 0.0121
591 357 7 8 0.0117
52 396 9 15 0.0115
377 363 6 7 0.0114
420 359 6 6 0.0112
36 388 11 18 0.0111
859 373 10 14 0.0109
366 384 8 12 0.0107
878 342 6 12 0.0106
973 342 8 13 0.0105
875 343 7 11 0.0103
397 363 6 6 0.0101
365 376 6 7 0.0100
