10_People_Marching_People_Marching_2_430
24
633 201 44 52 0.8521
417 170 31 37 0.8464
163 160 36 40 0.8304
914 249 35 43 0.8261
770 202 39 43 0.8241
288 127 31 38 0.7913
214 155 24 30 0.7842
89 144 21 26 0.5034
92 144 20 26 0.2261
68 123 21 25 0.0839
63 123 22 26 0.0708
57 141 26 29 0.0512
365 172 22 29 0.0504
72 162 20 23 0.0371
60 129 26 31 0.0232
417 170 31 37 0.0223
365 173 29 34 0.0218
52 141 24 28 0.0200
69 129 21 24 0.0145
377 175 21 25 0.0137
239 180 24 29 0.0131
58 126 24 29 0.0106
376 176 26 30 0.0105
388 177 18 23 0.0103
