10_People_Marching_People_Marching_10_People_Marching_People_Marching_10_69
1957
0 658 21 26 0.8442
958 629 22 29 0.8426
163 557 20 25 0.8390
875 647 22 30 0.8378
879 575 21 28 0.8370
715 537 22 30 0.8306
839 612 21 28 0.8256
98 565 19 25 0.8251
930 575 21 27 0.8227
689 658 22 25 0.8205
87 510 19 24 0.8190
536 465 17 23 0.8158
177 651 21 26 0.8132
302 603 19 25 0.8107
4 611 23 26 0.8099
652 457 18 23 0.8073
728 500 17 22 0.8057
754 615 21 26 0.8056
561 532 18 24 0.8053
469 501 17 20 0.8050
841 477 17 22 0.8023
357 627 22 27 0.7997
778 502 17 19 0.7995
869 541 19 23 0.7994
511 564 19 24 0.7993
600 658 21 25 0.7990
422 489 18 22 0.7989
358 534 17 24 0.7982
161 513 17 21 0.7979
395 503 18 20 0.7949
583 625 18 24 0.7942
295 456 17 23 0.7921
49 593 21 27 0.7903
367 496 17 22 0.7875
815 526 18 21 0.7863
134 661 25 23 0.7848
561 371 14 19 0.7837
607 552 19 26 0.7791
216 659 19 24 0.7734
231 550 18 20 0.7732
321 548 15 22 0.7728
887 631 21 24 0.7725
538 376 15 19 0.7690
627 371 15 18 0.7687
761 649 20 22 0.7684
226 484 17 22 0.7666
995 526 21 23 0.7624
534 609 17 26 0.7601
402 574 19 24 0.7541
933 446 16 21 0.7524
978 602 21 24 0.7478
550 577 16 21 0.7475
429 661 22 22 0.7466
307 500 18 22 0.7452
119 617 20 25 0.7375
690 327 13 16 0.7372
717 356 15 22 0.7371
587 446 15 22 0.7332
628 328 14 17 0.7305
794 542 17 23 0.7258
576 494 16 18 0.7227
807 398 13 18 0.7222
506 669 22 16 0.7219
381 410 15 17 0.7208
455 467 15 19 0.7145
449 372 15 17 0.7121
651 344 14 19 0.7094
475 561 17 21 0.7092
792 377 14 18 0.7088
462 275 12 15 0.7082
731 414 16 22 0.7069
382 351 14 18 0.7017
884 444 17 21 0.7002
155 413 16 20 0.6958
209 606 19 25 0.6869
294 174 11 13 0.6836
314 670 22 15 0.6799
952 664 23 23 0.6763
282 184 11 14 0.6750
93 641 22 27 0.6735
597 509 19 20 0.6705
301 481 17 20 0.6643
473 158 10 14 0.6619
744 390 12 18 0.6608
257 636 19 22 0.6587
268 414 14 20 0.6581
218 196 11 13 0.6567
181 446 17 22 0.6527
644 583 19 20 0.6469
138 195 12 14 0.6464
995 594 18 24 0.6462
629 494 18 23 0.6454
691 272 13 17 0.6451
424 450 17 19 0.6432
484 310 13 17 0.6422
920 549 19 19 0.6419
640 311 12 16 0.6417
295 158 10 13 0.6392
705 338 13 17 0.6384
391 595 19 24 0.6378
129 477 17 19 0.6335
92 243 13 16 0.6287
65 311 13 17 0.6271
399 525 18 22 0.6237
612 211 12 13 0.6218
679 249 12 16 0.6215
190 130 10 14 0.6165
405 411 15 21 0.6154
103 463 16 18 0.6139
450 323 13 19 0.6128
194 425 15 17 0.6050
168 487 18 24 0.6041
330 611 21 26 0.6037
501 434 17 21 0.6027
307 168 11 14 0.6001
286 659 21 24 0.5991
566 265 12 15 0.5984
13 571 20 26 0.5976
565 298 12 15 0.5962
549 630 16 21 0.5951
523 147 10 12 0.5903
406 96 9 13 0.5868
116 331 15 18 0.5862
819 671 22 16 0.5855
251 405 14 20 0.5853
695 300 10 14 0.5844
696 481 18 25 0.5843
563 459 15 18 0.5806
879 531 19 23 0.5770
192 32 8 10 0.5768
580 348 13 15 0.5754
767 443 16 21 0.5746
513 144 9 12 0.5730
741 328 11 15 0.5698
681 189 10 15 0.5663
1011 184 12 14 0.5650
745 574 19 24 0.5556
520 285 10 14 0.5555
907 469 13 19 0.5538
1012 303 11 16 0.5534
360 440 14 18 0.5529
720 385 13 16 0.5489
720 444 14 21 0.5454
458 181 11 15 0.5453
357 455 17 22 0.5452
500 121 9 11 0.5411
370 95 8 10 0.5401
704 163 10 12 0.5379
298 422 14 19 0.5368
819 572 22 27 0.5347
758 506 17 19 0.5340
682 418 14 18 0.5339
724 473 18 20 0.5338
528 205 10 14 0.5323
601 309 12 15 0.5293
501 386 14 17 0.5289
460 214 12 14 0.5264
502 496 17 20 0.5257
622 280 13 15 0.5255
466 189 10 14 0.5241
686 389 14 19 0.5232
490 544 18 24 0.5207
579 254 10 14 0.5183
466 298 12 17 0.5161
630 419 13 20 0.5154
320 193 11 14 0.5146
204 132 10 13 0.5114
162 40 8 10 0.5061
375 17 7 10 0.5054
106 250 13 17 0.5051
371 417 13 16 0.5039
949 476 18 21 0.5027
219 112 10 14 0.5011
885 324 13 15 0.4993
157 82 9 12 0.4984
639 53 8 10 0.4980
225 106 10 15 0.4967
784 404 15 20 0.4960
223 518 18 19 0.4940
312 92 9 11 0.4928
437 618 19 20 0.4912
386 195 10 13 0.4909
475 116 8 10 0.4899
552 348 11 16 0.4883
616 266 10 13 0.4869
595 133 9 11 0.4842
484 267 11 16 0.4838
346 125 9 12 0.4817
449 269 11 15 0.4816
379 116 8 11 0.4799
213 17 8 10 0.4799
694 637 18 20 0.4784
462 115 9 12 0.4759
437 96 9 11 0.4725
541 540 17 20 0.4706
822 369 13 17 0.4698
885 481 18 22 0.4690
221 518 18 20 0.4681
443 115 9 12 0.4667
182 9 7 9 0.4656
111 218 13 17 0.4654
491 187 10 14 0.4651
502 634 17 19 0.4635
536 194 10 12 0.4624
292 61 8 11 0.4618
273 566 19 22 0.4598
346 170 9 12 0.4592
143 229 12 15 0.4584
592 207 10 13 0.4583
403 16 8 10 0.4580
440 474 15 21 0.4578
475 143 9 11 0.4559
268 111 9 11 0.4556
981 336 13 17 0.4543
716 214 10 13 0.4541
602 241 11 15 0.4539
781 105 9 12 0.4539
484 126 9 11 0.4531
328 184 10 13 0.4528
613 139 10 12 0.4524
442 474 16 21 0.4512
662 306 12 16 0.4507
180 163 11 14 0.4504
639 193 10 14 0.4491
763 575 14 19 0.4489
1001 202 12 15 0.4484
96 195 11 15 0.4481
498 157 10 13 0.4478
318 32 7 9 0.4472
399 116 9 11 0.4471
691 178 10 12 0.4441
820 342 12 14 0.4441
427 314 13 16 0.4429
152 57 9 11 0.4425
662 262 12 14 0.4420
271 196 10 13 0.4418
626 174 10 14 0.4412
169 32 8 9 0.4400
397 48 7 9 0.4398
714 181 10 13 0.4377
423 342 12 17 0.4376
512 239 11 14 0.4375
142 66 8 11 0.4351
434 30 8 9 0.4351
733 310 12 14 0.4350
384 382 14 18 0.4344
522 112 9 12 0.4329
75 228 11 13 0.4327
244 155 9 13 0.4327
649 106 9 13 0.4318
752 94 9 12 0.4318
431 534 15 16 0.4317
132 181 10 13 0.4306
297 199 11 14 0.4294
156 27 7 9 0.4288
262 53 7 10 0.4287
437 293 12 16 0.4267
294 108 9 12 0.4255
271 566 18 22 0.4250
99 195 11 15 0.4248
104 317 13 17 0.4244
978 335 13 18 0.4231
632 246 10 14 0.4224
284 659 20 24 0.4217
680 215 10 13 0.4214
369 55 8 11 0.4196
715 233 10 13 0.4193
501 206 10 13 0.4190
267 181 10 13 0.4190
263 87 9 11 0.4181
769 443 15 22 0.4180
440 250 11 14 0.4177
238 355 15 20 0.4176
282 27 8 10 0.4158
245 67 8 10 0.4157
130 155 10 13 0.4156
269 131 10 11 0.4148
593 169 9 13 0.4145
777 358 12 15 0.4131
1017 326 7 19 0.4131
300 199 10 14 0.4127
113 106 10 13 0.4127
692 152 9 12 0.4122
413 82 9 10 0.4105
647 330 14 17 0.4101
772 150 10 12 0.4098
435 293 12 15 0.4092
661 290 12 14 0.4090
195 215 12 14 0.4090
423 120 9 12 0.4089
148 146 10 13 0.4089
468 410 15 17 0.4087
229 187 10 14 0.4086
391 94 8 10 0.4084
345 159 10 12 0.4083
615 163 9 12 0.4081
499 220 10 13 0.4081
294 135 9 11 0.4077
612 359 13 16 0.4075
151 146 10 13 0.4073
109 219 12 16 0.4070
243 118 9 12 0.4064
75 269 12 16 0.4062
474 133 9 11 0.4059
272 170 9 12 0.4056
637 144 9 11 0.4050
129 82 9 12 0.4045
320 61 8 11 0.4044
165 178 12 16 0.4043
640 143 9 12 0.4037
429 169 9 13 0.4023
588 94 9 12 0.4022
879 395 13 18 0.4019
545 110 9 13 0.4011
508 281 12 15 0.4009
153 39 8 10 0.4008
362 6 7 9 0.3994
583 138 9 13 0.3991
201 189 10 13 0.3990
276 90 9 12 0.3990
694 481 19 25 0.3988
513 81 9 11 0.3981
359 455 16 22 0.3981
219 5 8 9 0.3980
264 146 10 12 0.3978
167 208 10 15 0.3967
198 188 11 14 0.3967
494 143 10 12 0.3959
337 375 14 17 0.3954
426 169 10 13 0.3954
658 290 12 13 0.3953
174 135 10 13 0.3940
455 248 12 13 0.3936
529 158 9 12 0.3935
380 146 10 12 0.3933
473 265 11 14 0.3933
585 233 10 13 0.3932
311 147 9 12 0.3929
187 22 8 9 0.3928
625 225 11 13 0.3923
820 163 10 12 0.3918
531 157 9 13 0.3917
208 18 8 9 0.3911
317 80 8 10 0.3910
649 183 9 13 0.3905
556 80 9 12 0.3901
289 80 8 11 0.3898
653 67 8 10 0.3897
340 373 14 17 0.3888
723 69 8 11 0.3883
162 227 10 13 0.3879
949 304 12 16 0.3877
461 159 9 12 0.3873
75 190 10 14 0.3873
515 128 8 10 0.3872
637 193 10 14 0.3867
177 135 10 14 0.3862
394 93 8 11 0.3862
465 410 15 18 0.3860
506 190 9 12 0.3847
506 281 12 15 0.3844
451 193 10 12 0.3843
334 128 9 12 0.3840
660 262 11 15 0.3839
284 43 8 10 0.3836
286 81 8 10 0.3833
596 155 9 12 0.3831
701 121 10 13 0.3828
408 162 10 12 0.3825
330 16 8 10 0.3811
180 37 7 9 0.3810
603 400 13 16 0.3808
496 157 9 13 0.3805
406 674 20 11 0.3796
133 131 10 13 0.3791
241 155 10 13 0.3786
914 172 11 15 0.3784
245 611 17 19 0.3783
469 298 12 17 0.3783
543 540 17 20 0.3782
168 18 7 9 0.3781
183 163 10 14 0.3781
742 75 9 11 0.3771
618 125 8 12 0.3766
367 123 9 12 0.3766
109 250 13 17 0.3766
439 617 19 21 0.3764
685 228 11 14 0.3761
385 86 7 10 0.3753
504 634 17 19 0.3750
310 59 8 11 0.3748
542 137 9 10 0.3746
726 49 9 11 0.3740
346 102 9 11 0.3736
431 79 8 11 0.3733
952 476 17 21 0.3729
548 111 9 12 0.3724
168 85 9 11 0.3720
705 108 9 11 0.3716
711 304 12 16 0.3703
182 71 8 12 0.3702
225 44 8 10 0.3702
585 185 9 12 0.3702
402 71 8 10 0.3702
708 304 13 16 0.3702
554 423 11 17 0.3701
274 59 7 10 0.3699
622 225 11 13 0.3699
588 233 10 14 0.3696
435 127 10 13 0.3696
713 233 10 13 0.3691
595 169 9 12 0.3683
822 572 20 28 0.3681
216 31 8 9 0.3679
646 106 9 13 0.3676
420 120 9 12 0.3675
603 193 10 13 0.3671
654 549 15 21 0.3670
747 574 19 24 0.3669
581 185 10 12 0.3666
594 330 12 16 0.3666
292 108 9 12 0.3664
228 44 8 11 0.3659
348 67 8 10 0.3652
749 93 9 12 0.3648
491 143 10 12 0.3645
241 53 7 10 0.3644
370 123 9 12 0.3643
586 95 8 11 0.3643
712 182 9 12 0.3641
52 559 16 18 0.3639
163 177 12 16 0.3634
273 90 9 12 0.3634
917 172 11 15 0.3632
375 180 10 13 0.3632
579 112 8 12 0.3631
596 285 10 12 0.3628
470 101 9 12 0.3626
430 314 12 16 0.3622
580 288 11 14 0.3612
312 125 8 11 0.3606
394 16 7 9 0.3606
120 142 9 13 0.3605
787 142 10 13 0.3603
126 82 10 12 0.3593
82 442 14 17 0.3593
888 481 17 21 0.3593
265 181 10 13 0.3589
364 169 9 12 0.3586
242 10 7 10 0.3581
758 118 9 11 0.3579
187 99 9 13 0.3577
323 50 8 10 0.3572
146 130 10 12 0.3570
341 30 7 10 0.3566
585 138 9 13 0.3564
437 224 10 13 0.3563
142 50 8 10 0.3563
145 94 9 12 0.3562
111 106 10 13 0.3561
510 221 10 12 0.3560
122 143 10 12 0.3558
672 155 9 12 0.3554
471 133 10 12 0.3553
232 87 9 12 0.3547
620 126 8 12 0.3540
674 155 9 12 0.3540
312 16 7 9 0.3537
550 135 9 10 0.3522
229 75 8 10 0.3519
406 161 9 13 0.3514
313 147 9 13 0.3509
276 59 8 10 0.3507
868 135 9 12 0.3506
292 134 8 12 0.3506
240 118 9 12 0.3502
201 74 8 11 0.3501
805 569 15 21 0.3500
136 131 9 13 0.3497
698 122 10 12 0.3488
443 250 10 14 0.3487
263 40 7 9 0.3479
593 155 9 12 0.3474
410 57 7 10 0.3471
581 112 9 12 0.3470
624 174 9 14 0.3470
144 229 13 15 0.3470
669 145 8 11 0.3467
456 200 11 14 0.3465
285 403 13 16 0.3462
99 146 11 14 0.3454
116 191 9 11 0.3454
604 81 9 12 0.3448
456 101 8 11 0.3447
234 27 8 10 0.3431
314 80 8 10 0.3423
379 102 7 11 0.3421
437 43 8 10 0.3421
366 55 8 11 0.3420
554 80 8 11 0.3408
387 50 8 10 0.3395
292 21 8 8 0.3393
453 101 8 11 0.3388
428 79 8 11 0.3384
720 70 9 10 0.3383
405 71 8 10 0.3375
239 10 7 10 0.3365
414 3 7 9 0.3362
408 191 10 14 0.3358
577 329 12 14 0.3353
848 422 18 17 0.3350
537 447 13 16 0.3346
785 142 9 13 0.3344
397 126 8 11 0.3340
392 595 19 24 0.3335
178 48 8 11 0.3335
184 99 9 13 0.3334
761 506 17 19 0.3334
348 52 8 11 0.3333
761 117 9 12 0.3333
165 209 10 13 0.3332
153 184 9 13 0.3331
596 331 13 16 0.3329
635 246 10 14 0.3328
134 180 11 14 0.3328
253 21 7 9 0.3322
218 64 8 10 0.3319
739 140 9 11 0.3313
477 87 8 10 0.3311
336 128 8 12 0.3310
391 16 7 9 0.3309
510 239 10 14 0.3308
162 126 10 12 0.3303
684 389 14 18 0.3303
648 37 8 10 0.3301
333 101 9 11 0.3300
370 41 7 10 0.3289
650 66 8 11 0.3287
497 220 10 13 0.3286
470 265 12 13 0.3279
72 190 10 14 0.3270
561 319 12 16 0.3268
85 443 13 16 0.3263
503 205 10 14 0.3260
250 21 8 9 0.3255
210 163 10 13 0.3253
384 72 8 10 0.3251
235 355 15 20 0.3239
624 280 12 16 0.3226
205 89 9 13 0.3219
204 89 9 13 0.3217
327 468 15 17 0.3216
410 191 10 14 0.3209
685 418 13 18 0.3203
101 128 9 13 0.3201
703 108 8 11 0.3199
377 146 10 12 0.3198
338 31 7 10 0.3197
634 44 8 10 0.3195
301 422 14 19 0.3193
651 86 8 10 0.3185
107 282 11 15 0.3181
434 96 9 12 0.3173
602 82 8 11 0.3149
666 19 7 10 0.3145
659 306 12 16 0.3144
435 43 7 10 0.3144
818 162 10 13 0.3141
499 77 8 10 0.3138
646 132 9 11 0.3135
446 81 7 9 0.3134
381 71 9 11 0.3134
595 208 10 12 0.3133
423 28 7 10 0.3131
544 216 9 13 0.3130
481 74 8 9 0.3125
644 132 8 11 0.3124
200 112 8 12 0.3116
282 153 9 12 0.3115
520 166 10 13 0.3110
897 131 9 12 0.3107
559 318 12 16 0.3104
600 94 9 12 0.3103
149 56 9 12 0.3098
309 32 7 9 0.3097
518 166 9 13 0.3095
184 71 8 11 0.3091
646 183 9 13 0.3083
820 369 14 17 0.3081
708 82 8 11 0.3068
447 269 11 14 0.3054
270 77 9 11 0.3052
632 44 8 10 0.3049
407 56 8 11 0.3048
274 170 9 12 0.3040
238 53 7 10 0.3038
325 50 9 10 0.3032
762 105 8 11 0.3031
270 30 7 9 0.3031
396 106 9 12 0.3029
646 37 8 10 0.3028
711 82 8 11 0.3028
404 31 8 10 0.3027
140 66 8 11 0.3021
367 40 7 10 0.3017
1004 202 11 14 0.3017
484 74 8 9 0.3015
148 94 9 12 0.3012
329 98 8 11 0.3012
459 159 9 13 0.3010
593 298 11 13 0.3003
253 405 15 21 0.2997
598 285 10 12 0.2993
644 329 14 17 0.2992
628 61 8 12 0.2992
765 80 9 11 0.2991
261 146 10 13 0.2980
600 309 11 15 0.2978
306 32 8 9 0.2973
690 50 8 10 0.2972
442 115 10 12 0.2968
504 266 12 14 0.2965
235 87 9 12 0.2963
356 92 8 10 0.2963
466 46 7 10 0.2962
652 275 11 13 0.2958
119 201 10 13 0.2957
346 66 8 11 0.2956
246 113 9 11 0.2952
486 267 11 16 0.2943
632 494 17 22 0.2938
504 434 16 21 0.2937
401 525 18 22 0.2936
384 195 10 13 0.2932
213 32 8 9 0.2932
736 139 9 12 0.2930
501 77 8 11 0.2924
139 112 9 11 0.2917
346 52 8 11 0.2914
401 32 8 10 0.2892
261 40 7 9 0.2890
714 214 10 13 0.2886
376 102 8 11 0.2881
199 47 8 10 0.2876
330 158 9 12 0.2875
649 85 7 11 0.2872
171 487 17 25 0.2871
688 50 8 10 0.2870
348 102 9 12 0.2865
273 196 11 13 0.2861
774 358 12 15 0.2855
385 49 8 11 0.2854
865 135 9 12 0.2848
435 62 8 10 0.2842
643 14 8 10 0.2842
242 610 18 20 0.2833
234 140 9 12 0.2830
482 96 9 11 0.2819
352 24 8 10 0.2818
342 16 7 8 0.2815
132 155 10 13 0.2814
337 85 9 11 0.2809
209 44 8 10 0.2806
195 1 7 10 0.2806
438 127 9 14 0.2806
260 636 19 22 0.2806
874 106 9 12 0.2805
267 131 9 12 0.2798
416 143 9 13 0.2793
237 140 9 12 0.2793
494 188 9 13 0.2789
759 105 8 10 0.2789
449 4 6 8 0.2789
179 50 8 10 0.2786
350 206 8 13 0.2771
856 148 10 13 0.2771
573 177 9 12 0.2771
184 446 16 22 0.2768
472 143 10 12 0.2765
96 147 11 13 0.2746
90 87 9 12 0.2744
689 152 9 12 0.2738
217 5 7 9 0.2736
583 348 12 15 0.2736
853 148 10 13 0.2727
236 27 7 10 0.2726
395 126 8 11 0.2724
663 53 7 9 0.2722
321 127 8 12 0.2719
472 101 9 12 0.2715
377 381 11 16 0.2708
608 117 10 12 0.2706
427 450 16 20 0.2704
762 80 9 12 0.2704
582 253 10 14 0.2703
126 35 8 11 0.2689
100 33 8 11 0.2685
715 51 8 10 0.2682
594 375 11 18 0.2676
324 165 9 12 0.2675
618 266 11 13 0.2666
379 4 6 8 0.2662
663 19 7 10 0.2660
287 43 8 11 0.2656
326 167 10 12 0.2655
570 594 18 22 0.2654
349 125 8 12 0.2647
480 87 8 10 0.2644
151 16 6 8 0.2637
412 2 7 10 0.2634
377 180 10 13 0.2633
468 46 8 10 0.2632
200 59 8 10 0.2625
569 21 7 10 0.2614
876 395 13 17 0.2607
787 404 15 19 0.2606
123 35 8 11 0.2603
737 310 10 15 0.2602
558 319 12 16 0.2597
458 30 7 9 0.2597
570 177 9 11 0.2593
324 166 9 12 0.2590
447 186 9 13 0.2587
324 359 14 17 0.2577
132 477 17 20 0.2576
237 355 15 20 0.2571
153 113 9 12 0.2559
382 85 7 10 0.2551
269 14 7 9 0.2550
517 165 10 13 0.2548
176 50 8 10 0.2541
658 231 10 13 0.2539
136 112 9 11 0.2538
100 118 10 12 0.2531
562 157 9 12 0.2522
376 4 7 8 0.2522
197 59 8 10 0.2513
353 207 8 13 0.2509
661 85 8 10 0.2509
894 131 9 12 0.2498
501 53 8 10 0.2496
160 111 10 13 0.2496
424 141 9 14 0.2492
144 8 7 9 0.2487
1004 564 19 23 0.2486
696 224 9 12 0.2486
876 106 10 12 0.2484
738 327 12 16 0.2473
223 175 9 12 0.2472
568 298 11 14 0.2460
566 125 9 11 0.2444
661 231 10 13 0.2441
625 61 9 11 0.2433
212 164 10 12 0.2430
562 458 15 18 0.2430
168 9 6 8 0.2429
198 215 11 14 0.2429
148 16 7 9 0.2412
442 21 7 9 0.2410
660 52 7 10 0.2398
221 64 8 10 0.2393
461 30 7 9 0.2392
280 27 8 10 0.2383
908 144 11 13 0.2383
605 115 9 12 0.2378
507 266 11 14 0.2377
702 27 8 10 0.2373
380 382 13 17 0.2362
424 137 9 13 0.2359
712 50 8 11 0.2354
226 176 9 12 0.2347
547 602 14 18 0.2347
463 214 11 15 0.2347
284 153 9 12 0.2344
998 565 22 23 0.2339
765 334 11 14 0.2338
650 275 10 12 0.2332
327 359 14 18 0.2320
566 136 8 12 0.2313
1009 184 11 14 0.2308
731 53 8 11 0.2292
548 152 9 12 0.2290
301 533 16 19 0.2288
395 3 7 8 0.2286
398 4 7 8 0.2279
487 126 8 11 0.2271
851 423 17 16 0.2267
267 13 7 9 0.2266
492 544 18 24 0.2261
97 34 8 11 0.2257
439 15 7 9 0.2256
72 270 12 15 0.2255
426 10 7 8 0.2244
288 403 13 16 0.2244
227 186 10 13 0.2240
201 138 9 13 0.2233
325 468 13 16 0.2224
670 64 8 10 0.2211
661 52 7 10 0.2209
689 178 10 12 0.2203
697 637 17 20 0.2203
499 52 8 10 0.2203
881 532 17 25 0.2198
426 63 8 10 0.2191
673 64 7 10 0.2190
444 186 9 13 0.2189
510 9 7 10 0.2185
594 331 13 17 0.2184
325 186 10 13 0.2182
301 3 7 8 0.2177
621 280 12 16 0.2176
96 67 7 11 0.2171
459 76 7 10 0.2167
285 115 9 10 0.2161
998 594 16 24 0.2161
435 224 10 13 0.2149
629 418 12 20 0.2126
507 9 7 10 0.2126
174 625 17 19 0.2124
461 76 7 9 0.2124
110 282 12 16 0.2107
439 128 10 13 0.2105
661 229 10 14 0.2100
699 28 8 9 0.2097
571 21 8 9 0.2097
264 88 8 11 0.2096
197 2 7 9 0.2083
425 64 8 10 0.2081
233 27 7 10 0.2073
692 179 10 12 0.2064
184 9 7 9 0.2054
560 157 8 12 0.2053
888 324 12 15 0.2046
392 213 11 14 0.2035
762 334 11 14 0.2033
378 382 12 17 0.2023
106 318 14 17 0.2022
640 15 8 9 0.2009
542 217 10 13 0.2008
641 14 8 10 0.2006
306 6 7 8 0.2005
615 139 9 12 0.2002
596 375 13 18 0.2002
554 176 9 11 0.1999
197 425 15 17 0.1989
682 214 10 13 0.1986
93 67 8 10 0.1977
425 24 7 10 0.1973
744 75 8 11 0.1972
481 310 13 17 0.1969
450 52 8 9 0.1962
285 202 9 12 0.1953
121 400 11 14 0.1948
609 118 8 11 0.1947
165 8 7 9 0.1946
354 25 8 9 0.1944
763 386 13 16 0.1942
98 129 10 12 0.1936
260 39 7 9 0.1923
569 144 9 12 0.1921
260 1 7 9 0.1919
659 184 9 12 0.1918
352 91 8 10 0.1918
723 386 13 16 0.1918
355 91 7 10 0.1917
266 2 8 9 0.1912
508 92 8 10 0.1910
120 236 12 16 0.1899
323 0 8 9 0.1890
508 191 9 11 0.1889
353 0 7 9 0.1878
98 485 16 19 0.1874
683 229 11 14 0.1863
114 330 15 18 0.1862
407 192 10 14 0.1861
340 3 7 8 0.1847
151 114 8 11 0.1834
845 366 11 14 0.1829
511 92 8 11 0.1821
535 193 9 13 0.1818
339 1 7 9 0.1816
17 571 18 26 0.1812
418 0 7 8 0.1812
935 158 11 13 0.1811
779 105 9 11 0.1811
198 138 9 13 0.1809
669 527 11 17 0.1799
512 60 8 9 0.1790
356 0 7 10 0.1789
529 194 10 12 0.1788
440 443 12 18 0.1776
605 240 11 15 0.1768
734 414 16 22 0.1764
198 1 7 10 0.1759
445 4 7 9 0.1755
123 235 12 17 0.1749
185 232 11 14 0.1738
608 359 14 16 0.1734
747 391 11 17 0.1731
231 226 12 14 0.1729
520 112 9 12 0.1726
623 7 7 9 0.1721
910 470 12 18 0.1719
127 96 9 12 0.1717
629 63 8 11 0.1715
319 15 7 10 0.1715
604 242 11 15 0.1714
678 215 10 13 0.1713
73 227 11 14 0.1707
447 3 7 9 0.1705
605 81 9 12 0.1704
299 2 6 9 0.1704
109 171 9 12 0.1703
97 119 10 12 0.1702
106 171 9 12 0.1693
152 34 9 12 0.1688
171 86 8 10 0.1685
61 247 11 13 0.1675
478 561 17 21 0.1667
442 444 12 16 0.1657
847 420 16 17 0.1654
647 331 14 19 0.1630
555 348 10 15 0.1623
322 62 8 11 0.1617
658 229 10 14 0.1606
801 317 11 15 0.1603
128 155 10 14 0.1602
600 194 10 12 0.1594
362 168 9 11 0.1590
703 285 11 13 0.1580
666 144 8 11 0.1576
398 33 7 11 0.1571
666 143 9 12 0.1558
444 79 7 10 0.1549
602 191 9 14 0.1546
87 87 9 12 0.1538
173 622 16 20 0.1537
953 304 12 16 0.1532
486 237 8 12 0.1525
958 201 14 15 0.1523
511 81 8 10 0.1523
407 98 9 12 0.1517
319 125 8 13 0.1508
707 162 9 13 0.1501
620 7 7 9 0.1484
207 606 19 25 0.1482
67 373 13 15 0.1472
797 317 12 16 0.1466
638 311 11 16 0.1463
762 574 13 18 0.1461
905 144 11 13 0.1461
696 244 10 13 0.1460
164 156 10 13 0.1450
59 247 10 13 0.1439
47 348 18 19 0.1438
202 113 8 11 0.1428
716 51 8 11 0.1426
375 3 6 9 0.1423
642 583 19 20 0.1422
494 247 9 12 0.1419
435 365 12 18 0.1410
124 400 10 14 0.1410
368 40 8 10 0.1409
335 101 9 11 0.1408
439 223 9 13 0.1404
707 64 8 10 0.1396
201 89 10 13 0.1385
858 359 12 17 0.1384
449 192 9 13 0.1378
693 153 9 11 0.1372
690 272 12 16 0.1368
597 331 12 16 0.1357
377 178 9 13 0.1357
701 27 8 10 0.1356
180 71 8 11 0.1350
723 445 13 20 0.1349
390 213 10 14 0.1345
713 286 10 13 0.1338
469 22 7 8 0.1334
871 161 10 14 0.1333
537 60 7 11 0.1331
439 62 7 10 0.1331
243 1 8 9 0.1322
581 7 8 10 0.1319
449 51 7 10 0.1318
545 151 9 12 0.1311
854 182 10 12 0.1303
957 203 14 16 0.1302
357 107 9 11 0.1300
459 214 11 15 0.1296
398 150 10 12 0.1294
456 243 11 14 0.1294
317 127 9 11 0.1292
723 444 13 19 0.1291
469 101 8 11 0.1288
159 227 11 14 0.1287
497 52 8 10 0.1280
324 5 8 9 0.1280
355 3 6 8 0.1279
500 206 9 13 0.1277
114 190 9 12 0.1273
261 52 7 10 0.1272
285 0 7 8 0.1272
208 232 12 14 0.1266
878 395 13 17 0.1260
822 163 10 13 0.1259
682 190 10 14 0.1258
696 637 16 18 0.1244
850 421 15 15 0.1242
316 32 7 9 0.1242
108 317 13 16 0.1241
519 93 8 11 0.1240
558 422 9 17 0.1232
126 199 10 14 0.1231
818 437 16 23 0.1230
236 141 9 12 0.1225
302 535 15 20 0.1224
884 124 9 12 0.1221
268 85 9 11 0.1213
504 496 17 19 0.1212
584 7 8 10 0.1199
98 116 9 11 0.1184
153 3 7 8 0.1183
230 411 10 16 0.1183
374 177 10 14 0.1182
421 27 7 9 0.1168
681 249 12 15 0.1165
692 50 7 11 0.1165
624 358 11 13 0.1164
234 551 17 20 0.1164
162 127 10 13 0.1163
240 184 9 12 0.1159
118 617 19 25 0.1158
169 208 10 14 0.1158
365 169 9 11 0.1157
303 4 7 9 0.1155
444 81 7 10 0.1152
299 535 15 19 0.1152
684 191 10 13 0.1151
739 123 9 11 0.1149
378 3 6 9 0.1149
188 232 11 15 0.1138
427 342 11 16 0.1135
311 500 17 22 0.1133
920 154 10 15 0.1130
394 3 7 9 0.1123
92 88 8 11 0.1122
1018 413 6 18 0.1116
162 158 10 14 0.1113
298 533 15 18 0.1112
483 237 9 12 0.1101
1019 330 5 18 0.1100
740 75 9 11 0.1095
505 385 13 16 0.1093
514 31 7 10 0.1092
756 378 11 16 0.1091
478 55 8 10 0.1080
572 145 9 12 0.1078
851 182 10 12 0.1070
162 178 11 15 0.1049
794 514 14 19 0.1049
698 27 8 10 0.1049
199 2 7 9 0.1033
317 62 8 11 0.1030
453 323 12 18 0.1028
92 66 8 10 0.1026
547 153 9 11 0.1021
166 29 8 10 0.1019
166 7 6 9 0.1017
627 82 9 12 0.1017
520 52 7 9 0.1016
655 14 7 9 0.1013
516 127 9 11 0.1010
545 217 10 13 0.1005
775 151 9 11 0.1005
569 126 9 11 0.1002
332 101 8 11 0.0994
466 22 7 9 0.0994
723 470 16 21 0.0985
340 30 8 9 0.0978
585 446 14 20 0.0976
1009 304 11 15 0.0974
494 58 8 11 0.0965
498 77 8 11 0.0962
734 125 9 11 0.0959
389 384 12 16 0.0957
414 141 10 12 0.0955
708 339 12 16 0.0955
294 61 8 11 0.0952
686 229 10 14 0.0948
713 51 8 11 0.0948
250 112 9 11 0.0946
454 243 10 14 0.0943
238 52 8 11 0.0942
235 26 8 10 0.0939
57 352 14 17 0.0935
339 2 7 9 0.0935
719 444 13 20 0.0934
674 79 7 10 0.0923
502 496 16 19 0.0921
445 2 7 9 0.0914
688 51 8 11 0.0913
143 6 7 9 0.0913
505 496 16 20 0.0911
917 547 19 20 0.0906
965 200 11 13 0.0902
288 1 7 7 0.0901
535 446 12 15 0.0900
916 155 11 14 0.0900
678 29 8 9 0.0899
495 104 8 10 0.0892
487 7 6 9 0.0891
821 671 22 16 0.0890
556 177 9 11 0.0888
265 13 8 10 0.0885
164 8 7 8 0.0879
329 157 8 10 0.0879
395 49 8 9 0.0878
524 253 10 13 0.0874
530 193 10 12 0.0871
539 212 10 14 0.0868
615 26 7 10 0.0867
483 6 7 9 0.0866
525 50 7 10 0.0863
808 570 16 22 0.0861
938 158 10 12 0.0859
919 151 10 14 0.0854
626 64 8 11 0.0851
572 596 19 23 0.0847
755 210 11 13 0.0841
953 201 13 15 0.0839
91 484 18 21 0.0839
436 207 9 12 0.0832
269 78 8 10 0.0828
650 38 7 10 0.0824
328 355 12 16 0.0818
364 350 11 15 0.0818
510 116 8 12 0.0817
776 357 12 16 0.0815
394 127 8 11 0.0815
530 218 10 13 0.0815
1019 501 5 22 0.0810
722 271 10 13 0.0809
952 305 12 17 0.0803
319 128 9 11 0.0803
895 131 8 11 0.0798
766 66 7 11 0.0796
141 50 8 10 0.0794
607 400 11 16 0.0793
571 179 9 11 0.0783
75 416 17 20 0.0781
185 228 11 14 0.0781
265 3 7 9 0.0780
54 560 15 19 0.0776
160 226 11 15 0.0776
216 4 8 10 0.0776
221 461 13 18 0.0775
496 119 9 10 0.0773
658 160 9 12 0.0772
426 343 12 17 0.0771
653 546 15 21 0.0770
549 132 9 11 0.0769
798 542 17 22 0.0768
457 102 8 11 0.0764
349 68 8 11 0.0760
773 65 7 9 0.0760
91 242 12 16 0.0757
534 59 8 11 0.0754
524 113 8 12 0.0754
825 144 10 14 0.0747
518 258 10 15 0.0745
521 146 9 11 0.0741
703 128 9 15 0.0737
208 131 9 12 0.0736
108 463 14 17 0.0730
117 350 13 15 0.0721
506 31 8 9 0.0717
672 527 12 18 0.0717
521 52 7 9 0.0716
799 318 11 16 0.0715
346 101 9 11 0.0715
701 603 20 23 0.0713
544 298 9 12 0.0713
773 151 9 12 0.0713
408 55 7 10 0.0710
161 107 9 11 0.0709
883 443 16 22 0.0707
503 190 9 12 0.0707
471 131 9 12 0.0704
156 82 8 10 0.0704
345 53 8 10 0.0699
596 132 9 11 0.0698
663 19 7 9 0.0698
283 28 8 9 0.0696
188 130 9 13 0.0695
343 159 10 11 0.0694
784 106 8 12 0.0693
56 559 15 18 0.0691
324 355 12 16 0.0690
578 4 8 10 0.0690
592 25 8 10 0.0690
314 80 8 11 0.0685
349 206 8 12 0.0681
519 432 13 15 0.0681
95 66 8 10 0.0681
611 26 7 9 0.0680
227 462 14 17 0.0674
88 90 9 10 0.0667
116 595 16 19 0.0663
601 30 9 10 0.0663
119 203 10 13 0.0659
207 130 9 13 0.0659
595 509 19 20 0.0656
444 184 10 13 0.0654
846 370 11 13 0.0653
343 157 10 13 0.0648
399 574 20 25 0.0645
661 89 8 10 0.0644
691 72 8 11 0.0643
953 203 14 17 0.0641
775 64 7 9 0.0637
239 53 8 10 0.0634
547 298 9 12 0.0632
435 28 8 9 0.0632
304 121 8 12 0.0629
726 271 9 12 0.0628
218 348 11 15 0.0627
610 357 13 16 0.0625
601 26 7 9 0.0624
138 46 8 11 0.0621
78 420 16 19 0.0620
480 1 7 9 0.0620
394 18 7 9 0.0617
881 123 9 12 0.0616
72 215 11 13 0.0615
489 545 18 24 0.0615
620 127 9 11 0.0614
906 352 14 18 0.0613
619 161 9 13 0.0609
124 37 8 11 0.0608
124 67 8 10 0.0606
870 164 11 15 0.0606
506 380 13 17 0.0604
140 113 9 10 0.0601
310 4 7 9 0.0599
100 36 8 10 0.0599
553 419 12 19 0.0596
230 189 9 13 0.0595
780 311 11 14 0.0591
305 167 11 13 0.0590
905 355 15 18 0.0587
74 268 11 14 0.0587
551 176 9 12 0.0582
833 330 11 14 0.0581
406 677 20 13 0.0581
776 65 8 9 0.0580
681 218 10 13 0.0574
828 144 11 13 0.0574
659 549 13 20 0.0570
70 374 12 14 0.0567
736 141 10 12 0.0567
487 22 8 9 0.0565
67 311 13 16 0.0561
505 119 8 11 0.0559
564 155 9 12 0.0558
589 24 8 10 0.0557
80 71 8 10 0.0555
688 327 12 16 0.0550
214 220 10 14 0.0547
862 315 11 15 0.0547
259 23 8 10 0.0547
818 92 9 12 0.0545
706 164 9 12 0.0543
487 349 12 15 0.0543
270 196 10 13 0.0542
468 48 7 9 0.0541
297 2 7 8 0.0540
230 4 8 10 0.0539
697 198 9 12 0.0537
773 149 10 12 0.0537
661 306 12 15 0.0535
97 36 8 10 0.0534
457 180 10 13 0.0534
722 266 10 15 0.0534
955 202 13 16 0.0531
317 52 9 11 0.0527
321 50 9 10 0.0527
976 601 20 25 0.0526
262 74 8 11 0.0522
895 520 14 18 0.0521
96 482 16 19 0.0519
882 410 11 14 0.0519
60 200 10 13 0.0519
465 62 8 10 0.0518
604 309 10 15 0.0516
447 268 11 15 0.0515
884 144 10 13 0.0513
821 92 8 12 0.0512
643 131 8 10 0.0507
196 216 12 15 0.0506
499 53 8 10 0.0506
930 193 10 13 0.0506
725 50 8 11 0.0505
725 266 9 14 0.0503
497 157 9 12 0.0502
368 96 9 10 0.0500
352 205 8 12 0.0498
438 45 7 10 0.0498
883 324 11 14 0.0496
379 409 15 17 0.0496
498 123 9 11 0.0496
464 275 12 16 0.0495
130 4 7 9 0.0495
461 31 7 8 0.0494
704 140 10 11 0.0494
290 62 8 10 0.0493
212 20 8 10 0.0493
186 229 12 15 0.0492
195 2 7 9 0.0492
211 232 11 13 0.0491
211 167 10 14 0.0491
769 150 9 12 0.0488
226 411 11 16 0.0488
433 208 8 12 0.0487
675 18 7 10 0.0483
618 126 10 12 0.0483
211 45 8 10 0.0481
50 669 20 14 0.0479
476 86 8 9 0.0478
535 447 12 16 0.0478
272 168 9 12 0.0477
143 7 7 9 0.0477
24 510 16 20 0.0475
390 216 11 14 0.0474
667 21 7 9 0.0473
641 52 8 10 0.0472
122 203 9 12 0.0471
345 171 9 12 0.0470
121 596 16 19 0.0467
235 226 11 13 0.0467
434 534 14 17 0.0466
727 99 8 11 0.0463
210 229 11 15 0.0462
667 29 7 10 0.0460
125 78 9 12 0.0460
96 79 9 12 0.0459
89 137 9 12 0.0458
414 3 7 9 0.0455
495 177 10 12 0.0455
582 5 8 10 0.0453
326 597 19 25 0.0451
933 193 10 14 0.0450
146 229 12 15 0.0450
764 331 10 15 0.0448
1002 203 13 15 0.0448
179 49 8 9 0.0447
77 229 11 13 0.0447
651 3 7 8 0.0446
115 293 12 15 0.0445
984 299 9 11 0.0445
466 407 16 19 0.0445
534 48 8 10 0.0444
961 147 10 15 0.0442
314 95 7 10 0.0442
291 59 7 10 0.0438
131 33 7 11 0.0438
325 337 11 14 0.0437
190 32 8 9 0.0437
369 417 12 16 0.0433
796 377 11 15 0.0433
70 214 10 15 0.0433
135 114 10 11 0.0432
686 126 8 12 0.0432
907 141 11 13 0.0432
61 223 10 14 0.0430
373 18 8 9 0.0430
865 315 11 14 0.0430
483 1 7 9 0.0427
367 54 8 11 0.0426
741 192 12 15 0.0426
406 191 10 14 0.0425
294 174 10 13 0.0424
451 99 8 11 0.0424
885 156 10 13 0.0423
571 177 10 12 0.0420
373 420 12 17 0.0420
393 94 8 10 0.0419
230 106 9 11 0.0419
126 4 8 10 0.0419
633 420 13 18 0.0417
1001 561 21 24 0.0415
618 208 10 13 0.0413
643 406 13 17 0.0409
120 255 10 14 0.0408
411 56 8 10 0.0408
667 50 8 11 0.0408
129 3 7 8 0.0407
873 105 8 11 0.0406
393 215 11 15 0.0406
159 81 8 11 0.0405
709 305 13 16 0.0404
752 210 10 13 0.0403
648 3 7 9 0.0400
824 369 13 16 0.0397
327 604 21 29 0.0395
518 432 13 18 0.0394
819 134 11 14 0.0391
932 157 11 13 0.0390
465 422 14 17 0.0389
374 3 8 10 0.0389
557 419 10 18 0.0388
97 418 13 17 0.0388
872 106 8 13 0.0384
816 134 10 13 0.0383
596 227 10 13 0.0382
136 66 9 11 0.0378
507 279 12 16 0.0377
645 132 9 12 0.0375
825 370 12 15 0.0375
671 144 8 11 0.0374
1009 559 14 22 0.0373
369 79 8 11 0.0373
544 172 9 11 0.0372
54 353 17 18 0.0371
1014 305 10 17 0.0369
172 625 16 19 0.0367
542 314 11 15 0.0364
158 413 15 20 0.0362
455 181 10 13 0.0362
267 130 10 12 0.0361
716 355 14 21 0.0359
521 435 12 17 0.0359
268 109 8 11 0.0359
346 126 9 11 0.0358
540 62 8 10 0.0358
287 80 9 11 0.0356
101 128 10 12 0.0356
622 5 7 9 0.0355
514 82 8 10 0.0353
744 75 8 11 0.0350
380 351 13 17 0.0349
230 86 9 12 0.0349
622 6 7 10 0.0348
185 101 9 12 0.0348
133 321 12 17 0.0347
701 208 10 13 0.0346
393 72 9 11 0.0346
454 102 8 11 0.0345
424 78 9 11 0.0344
521 148 10 12 0.0343
632 225 9 13 0.0343
187 130 10 13 0.0343
598 26 8 10 0.0343
693 637 17 19 0.0341
46 343 17 17 0.0341
821 345 12 13 0.0341
578 6 7 10 0.0341
596 154 9 12 0.0339
640 210 10 13 0.0338
492 172 9 12 0.0338
363 439 13 18 0.0337
605 194 11 14 0.0337
445 4 7 10 0.0335
575 677 14 10 0.0334
740 140 9 12 0.0333
784 142 9 12 0.0332
704 82 9 11 0.0331
133 153 10 14 0.0330
316 192 10 13 0.0328
514 239 10 13 0.0327
876 104 8 11 0.0326
700 128 10 14 0.0326
90 641 23 27 0.0325
240 8 7 9 0.0322
50 355 17 21 0.0321
56 265 10 14 0.0321
907 147 10 14 0.0320
95 242 12 15 0.0320
208 76 9 11 0.0319
187 101 9 11 0.0319
820 90 8 12 0.0318
323 193 10 14 0.0318
115 509 16 21 0.0317
573 22 7 10 0.0317
569 267 11 13 0.0317
153 55 8 11 0.0316
624 79 9 12 0.0315
816 342 12 13 0.0312
568 595 15 20 0.0312
632 417 12 20 0.0311
1016 486 8 19 0.0309
329 337 10 14 0.0309
570 21 8 10 0.0308
937 334 14 16 0.0308
239 141 8 12 0.0308
188 100 9 12 0.0307
164 228 10 13 0.0307
619 27 7 9 0.0306
649 6 7 10 0.0305
580 255 11 14 0.0305
292 107 8 11 0.0304
810 398 13 19 0.0304
509 349 12 15 0.0303
740 191 11 14 0.0302
630 42 8 10 0.0301
515 29 7 9 0.0301
854 150 10 12 0.0300
231 182 10 13 0.0298
22 508 15 19 0.0298
674 153 9 12 0.0298
493 189 9 13 0.0297
677 249 11 15 0.0297
105 280 11 16 0.0295
72 326 13 15 0.0294
569 23 8 9 0.0293
679 2 7 9 0.0293
584 208 10 13 0.0293
568 266 11 15 0.0293
762 78 8 12 0.0292
87 152 9 12 0.0292
0 423 6 21 0.0292
138 24 8 10 0.0291
897 132 9 12 0.0291
309 171 10 12 0.0289
119 141 10 12 0.0289
607 242 10 15 0.0289
191 4 7 9 0.0287
778 310 11 14 0.0287
109 280 10 16 0.0286
468 190 10 14 0.0286
136 391 11 15 0.0285
178 89 10 11 0.0285
285 349 13 16 0.0285
692 300 10 13 0.0284
367 124 9 11 0.0284
297 174 10 14 0.0283
134 131 10 13 0.0283
154 550 17 22 0.0283
367 126 9 12 0.0283
934 154 11 15 0.0281
967 203 11 13 0.0279
547 599 14 16 0.0279
467 44 8 9 0.0278
693 272 12 17 0.0278
440 294 11 15 0.0278
649 441 15 18 0.0278
902 356 14 17 0.0277
964 148 9 13 0.0276
823 341 12 15 0.0276
678 467 12 14 0.0273
220 455 13 18 0.0273
702 592 19 24 0.0272
807 194 10 13 0.0272
517 284 12 14 0.0271
89 149 11 13 0.0271
73 159 10 13 0.0271
195 383 15 18 0.0269
773 356 12 16 0.0269
84 150 10 12 0.0267
542 294 10 14 0.0267
75 288 12 16 0.0266
818 90 7 11 0.0265
90 482 15 19 0.0265
615 357 13 16 0.0264
439 292 11 15 0.0263
74 230 10 12 0.0263
631 44 8 11 0.0262
796 513 12 15 0.0262
911 468 11 18 0.0261
976 453 15 18 0.0261
651 277 10 12 0.0260
707 81 8 10 0.0260
438 126 9 13 0.0260
79 33 8 10 0.0258
387 381 13 18 0.0257
234 87 9 12 0.0256
508 12 7 10 0.0256
702 610 19 24 0.0254
567 579 17 21 0.0254
955 306 13 16 0.0253
221 113 10 13 0.0253
618 159 9 11 0.0249
606 187 9 13 0.0249
577 112 9 12 0.0249
554 577 16 21 0.0249
646 181 10 14 0.0248
543 52 7 10 0.0248
138 109 9 11 0.0247
291 133 9 12 0.0245
111 185 10 13 0.0245
595 207 10 13 0.0245
402 411 15 20 0.0244
957 152 10 13 0.0243
178 385 15 17 0.0243
674 3 7 9 0.0243
611 0 8 7 0.0243
940 138 10 13 0.0242
645 182 9 12 0.0242
787 142 9 12 0.0241
873 134 9 12 0.0241
1013 481 11 19 0.0240
477 362 13 16 0.0240
469 19 6 8 0.0240
335 611 19 26 0.0239
304 331 13 15 0.0239
980 453 15 18 0.0238
575 330 12 14 0.0237
215 348 11 15 0.0236
512 322 14 18 0.0236
460 181 10 13 0.0235
60 201 11 14 0.0235
511 10 7 9 0.0235
495 283 10 13 0.0235
194 377 14 20 0.0235
286 405 14 17 0.0234
534 234 9 13 0.0234
539 59 8 10 0.0231
234 226 12 15 0.0231
674 2 8 9 0.0231
227 407 11 16 0.0229
544 63 8 11 0.0229
693 177 9 13 0.0228
798 514 15 19 0.0228
623 328 12 15 0.0228
69 168 11 14 0.0227
242 155 10 13 0.0227
777 311 11 14 0.0226
761 330 10 15 0.0225
981 299 9 11 0.0223
134 179 11 13 0.0223
722 71 9 10 0.0223
63 227 11 13 0.0223
958 148 10 14 0.0222
341 591 19 25 0.0222
852 181 10 12 0.0222
547 301 11 13 0.0222
541 193 9 12 0.0222
103 32 8 10 0.0221
575 679 16 12 0.0220
215 344 13 17 0.0220
767 80 8 11 0.0219
100 30 8 10 0.0219
512 381 11 16 0.0219
470 262 11 13 0.0218
132 391 12 15 0.0218
410 97 9 11 0.0218
263 148 9 12 0.0218
873 156 10 13 0.0216
794 200 10 14 0.0216
887 481 17 22 0.0215
413 190 9 13 0.0214
432 365 11 16 0.0213
726 101 8 11 0.0213
366 352 12 16 0.0213
685 466 13 16 0.0213
248 612 18 20 0.0213
289 348 12 16 0.0212
135 82 9 11 0.0211
857 663 14 15 0.0211
189 130 10 13 0.0210
738 193 11 14 0.0210
552 80 8 11 0.0209
831 314 11 14 0.0209
487 27 8 9 0.0209
266 474 16 20 0.0209
247 555 12 17 0.0208
184 72 9 11 0.0208
876 105 10 12 0.0208
658 545 13 20 0.0208
71 161 9 12 0.0208
1000 343 11 14 0.0208
856 358 11 16 0.0207
961 153 9 13 0.0207
631 371 13 18 0.0205
273 607 14 16 0.0204
131 82 8 11 0.0204
62 450 14 18 0.0204
952 304 13 16 0.0203
490 6 8 9 0.0203
669 530 13 20 0.0203
693 48 8 10 0.0203
557 318 12 15 0.0202
780 307 11 13 0.0202
614 266 10 13 0.0200
546 295 9 13 0.0200
119 80 8 11 0.0199
68 326 13 16 0.0199
819 129 10 12 0.0198
509 315 13 17 0.0198
294 157 10 13 0.0198
517 255 10 13 0.0198
854 179 9 12 0.0197
733 49 8 11 0.0197
659 183 8 12 0.0196
1019 342 5 15 0.0195
618 266 11 13 0.0195
762 382 13 17 0.0194
214 216 10 13 0.0194
692 150 10 13 0.0194
648 35 7 10 0.0194
941 334 14 15 0.0193
730 306 12 16 0.0193
471 157 9 13 0.0193
427 142 9 12 0.0191
707 107 9 11 0.0190
387 382 14 17 0.0190
542 102 9 12 0.0190
393 344 12 15 0.0190
500 27 8 9 0.0189
938 327 13 16 0.0189
492 263 10 12 0.0188
865 409 11 15 0.0186
517 88 8 12 0.0186
501 245 11 13 0.0185
506 349 12 15 0.0184
803 318 11 16 0.0184
644 330 14 18 0.0184
669 78 8 11 0.0184
596 154 10 12 0.0182
855 360 12 15 0.0181
596 283 11 14 0.0181
348 206 9 12 0.0181
273 213 10 13 0.0181
108 280 13 16 0.0181
123 27 8 11 0.0180
292 338 11 15 0.0180
616 209 10 13 0.0179
131 180 10 13 0.0179
306 335 13 16 0.0179
826 139 11 15 0.0179
724 275 10 12 0.0177
500 206 10 12 0.0176
233 229 11 11 0.0175
451 157 9 13 0.0175
216 399 12 16 0.0175
337 52 8 11 0.0173
154 147 10 13 0.0173
931 189 11 14 0.0172
677 2 7 8 0.0170
100 421 13 17 0.0170
578 495 17 21 0.0169
345 206 8 13 0.0169
313 118 9 11 0.0169
719 214 9 13 0.0168
138 214 11 13 0.0168
439 225 10 13 0.0168
102 320 11 14 0.0167
619 4 7 9 0.0166
414 192 9 13 0.0166
73 45 8 10 0.0166
477 3 7 9 0.0165
648 555 18 20 0.0165
699 28 8 9 0.0164
490 352 12 15 0.0164
764 77 9 12 0.0164
566 457 15 18 0.0163
631 244 10 14 0.0163
268 129 9 12 0.0163
48 592 21 28 0.0163
644 407 13 18 0.0162
726 102 8 11 0.0162
241 176 10 14 0.0162
103 483 15 18 0.0161
821 132 10 12 0.0161
903 355 14 18 0.0161
452 372 14 17 0.0161
482 348 11 15 0.0161
77 70 8 11 0.0160
1009 303 13 19 0.0160
392 92 8 11 0.0160
1009 185 12 13 0.0159
647 406 11 16 0.0159
523 30 8 10 0.0159
885 631 21 24 0.0159
537 257 11 15 0.0158
590 97 8 11 0.0158
573 253 11 14 0.0158
767 334 11 14 0.0158
78 227 11 15 0.0157
74 169 12 14 0.0157
113 550 12 15 0.0157
642 145 9 11 0.0156
691 227 11 14 0.0156
857 150 9 12 0.0156
602 81 8 11 0.0156
364 144 9 12 0.0155
1008 306 11 15 0.0155
595 377 13 18 0.0155
680 101 8 12 0.0155
646 330 14 18 0.0155
362 437 13 17 0.0155
725 291 11 15 0.0154
1017 220 7 16 0.0154
128 282 11 16 0.0154
583 113 8 11 0.0154
834 45 9 11 0.0153
272 216 10 13 0.0153
511 8 8 9 0.0153
704 106 8 11 0.0152
54 668 20 15 0.0152
308 347 12 15 0.0152
454 468 14 19 0.0152
45 347 14 17 0.0152
819 433 13 17 0.0151
602 35 9 10 0.0150
542 12 8 11 0.0150
497 4 8 9 0.0149
76 653 21 25 0.0147
695 251 11 13 0.0146
467 422 13 17 0.0146
994 326 11 16 0.0145
500 381 14 19 0.0145
79 412 15 18 0.0145
695 302 12 15 0.0144
496 385 14 17 0.0144
1002 345 10 14 0.0144
229 89 9 12 0.0144
374 148 9 12 0.0143
407 436 12 16 0.0143
361 329 10 13 0.0143
112 114 9 12 0.0142
687 380 13 15 0.0142
515 564 17 24 0.0142
759 176 8 10 0.0142
84 124 10 13 0.0142
347 68 7 10 0.0141
276 607 14 16 0.0141
836 330 10 13 0.0141
543 14 8 10 0.0141
752 208 11 14 0.0140
116 598 18 21 0.0140
385 148 9 12 0.0140
337 376 15 19 0.0139
565 189 10 12 0.0139
565 372 12 18 0.0138
862 407 13 16 0.0138
120 350 12 15 0.0138
853 151 10 11 0.0138
983 298 8 10 0.0138
568 457 12 18 0.0137
606 58 9 11 0.0137
588 7 8 9 0.0136
823 337 13 15 0.0136
481 362 12 17 0.0136
671 521 13 20 0.0136
735 55 8 11 0.0136
438 369 13 17 0.0134
708 593 17 23 0.0134
708 601 17 23 0.0134
577 111 9 10 0.0133
772 334 11 13 0.0133
92 127 10 12 0.0133
619 104 9 12 0.0132
527 205 9 13 0.0132
153 548 14 19 0.0132
236 84 9 11 0.0132
490 546 18 22 0.0131
388 196 10 13 0.0131
804 192 10 13 0.0131
335 381 14 15 0.0131
261 118 10 12 0.0130
769 153 8 11 0.0130
521 110 8 11 0.0130
760 104 9 11 0.0130
65 369 13 16 0.0129
361 333 12 15 0.0129
86 65 9 11 0.0129
548 622 17 23 0.0129
863 136 8 11 0.0128
421 119 9 11 0.0128
941 326 12 15 0.0128
962 196 11 13 0.0127
947 136 10 14 0.0127
265 179 10 13 0.0126
213 160 9 11 0.0126
546 10 8 12 0.0125
573 3 9 10 0.0125
601 82 9 11 0.0125
292 103 9 12 0.0125
837 45 8 11 0.0124
111 550 12 14 0.0123
354 376 11 14 0.0123
417 425 14 17 0.0123
329 471 16 18 0.0122
504 276 12 16 0.0122
165 207 10 14 0.0121
724 257 11 13 0.0121
897 332 10 13 0.0121
503 322 12 16 0.0121
199 217 11 14 0.0121
98 30 8 10 0.0120
521 322 13 17 0.0119
966 194 11 13 0.0118
78 186 10 14 0.0118
861 361 12 16 0.0118
288 341 12 15 0.0117
647 181 9 13 0.0117
59 204 10 13 0.0117
594 171 9 12 0.0117
304 483 16 21 0.0117
247 610 17 19 0.0117
704 3 7 8 0.0117
842 182 9 11 0.0117
869 137 9 11 0.0116
493 185 9 12 0.0116
519 283 9 13 0.0116
91 70 10 12 0.0116
616 100 9 12 0.0116
459 156 8 12 0.0115
823 438 14 21 0.0115
232 408 11 17 0.0115
171 621 15 20 0.0114
250 405 14 20 0.0113
1002 593 15 22 0.0113
266 181 11 14 0.0113
126 278 12 16 0.0112
886 533 14 21 0.0112
114 352 13 16 0.0112
619 334 11 15 0.0112
132 325 12 16 0.0112
939 409 14 19 0.0112
895 523 13 20 0.0112
380 155 10 12 0.0111
941 182 9 12 0.0111
295 156 8 12 0.0110
567 598 17 21 0.0110
679 191 9 13 0.0110
74 294 12 13 0.0110
421 406 12 16 0.0109
421 121 9 13 0.0109
932 118 9 12 0.0108
717 232 10 12 0.0108
237 88 8 11 0.0107
681 229 10 14 0.0107
581 189 10 13 0.0107
866 131 9 12 0.0107
532 609 16 25 0.0107
703 107 9 11 0.0106
930 446 16 20 0.0105
791 201 9 14 0.0105
498 223 10 12 0.0105
897 329 11 14 0.0104
981 301 11 13 0.0104
75 350 13 15 0.0104
1000 558 18 24 0.0104
819 440 17 24 0.0104
312 149 10 12 0.0103
793 204 11 15 0.0102
607 357 13 15 0.0102
265 466 17 21 0.0102
333 464 14 17 0.0101
603 396 12 15 0.0101
363 330 12 15 0.0100
371 180 10 13 0.0100
974 201 10 13 0.0100
199 384 14 17 0.0100
549 428 13 17 0.0100
