10_People_Marching_People_Marching_10_People_Marching_People_Marching_10_People_Marching_People_Marching_10_674
435
575 363 13 14 0.5170
258 301 12 14 0.4785
511 356 13 14 0.4733
639 342 12 14 0.4641
274 456 18 27 0.4459
461 344 12 13 0.4446
844 285 11 14 0.4400
678 382 13 16 0.4192
982 316 11 13 0.4129
727 356 13 15 0.4043
833 398 15 17 0.3977
278 457 16 26 0.3966
830 397 15 18 0.3820
964 313 10 13 0.3720
979 316 10 14 0.3710
16 368 10 14 0.3476
841 285 11 14 0.3449
317 267 7 10 0.3354
870 287 9 13 0.3320
822 274 10 12 0.3302
391 341 11 13 0.3302
319 267 8 10 0.3257
41 441 14 20 0.3239
594 337 12 14 0.3215
897 307 9 12 0.3183
105 333 10 11 0.2902
796 315 9 12 0.2894
208 312 10 13 0.2862
517 253 8 11 0.2861
866 287 10 13 0.2858
515 254 8 10 0.2825
526 339 12 12 0.2798
789 293 10 13 0.2698
894 307 9 12 0.2697
395 341 10 13 0.2636
298 262 9 10 0.2630
752 365 13 15 0.2630
449 329 10 12 0.2581
20 368 9 14 0.2515
824 274 10 12 0.2503
796 332 10 13 0.2497
798 315 9 12 0.2493
694 268 9 11 0.2476
795 315 8 12 0.2419
921 311 10 13 0.2369
598 337 12 14 0.2322
211 312 10 12 0.2288
870 311 9 11 0.2287
633 270 8 9 0.2282
1001 329 9 12 0.2238
506 288 8 10 0.2223
637 270 8 10 0.2213
920 308 9 12 0.2195
109 333 9 12 0.2151
884 341 10 13 0.2139
233 273 9 11 0.2112
262 301 11 14 0.2082
868 311 10 11 0.2074
775 289 9 11 0.2066
918 311 9 13 0.2025
510 288 8 10 0.2005
7 280 10 11 0.1952
697 268 9 11 0.1942
231 272 9 12 0.1927
786 294 9 12 0.1917
465 344 12 14 0.1914
800 332 10 12 0.1901
866 312 9 11 0.1889
881 341 10 12 0.1881
724 356 13 15 0.1874
749 365 13 15 0.1866
11 280 9 11 0.1857
398 258 8 10 0.1853
169 228 7 8 0.1841
99 294 9 11 0.1838
373 268 8 10 0.1797
166 228 7 8 0.1763
561 282 7 10 0.1754
758 317 8 10 0.1736
917 308 9 11 0.1720
672 274 8 10 0.1640
332 332 10 12 0.1626
194 347 12 14 0.1610
671 273 7 10 0.1603
683 383 10 14 0.1600
384 259 8 10 0.1600
760 316 9 11 0.1593
401 258 8 9 0.1579
69 286 9 10 0.1577
386 259 8 10 0.1562
370 268 8 10 0.1557
613 263 8 10 0.1553
675 273 8 10 0.1550
427 331 9 11 0.1541
68 285 9 10 0.1540
196 349 12 14 0.1537
674 273 8 10 0.1527
143 291 10 11 0.1525
328 332 10 11 0.1504
734 286 10 12 0.1495
296 262 8 10 0.1491
46 440 12 21 0.1484
170 398 13 17 0.1482
509 356 12 14 0.1471
144 411 12 17 0.1467
564 283 7 9 0.1466
102 294 9 12 0.1461
654 327 9 12 0.1444
168 397 13 17 0.1426
780 338 7 9 0.1424
776 338 7 9 0.1407
614 379 12 14 0.1394
430 331 9 11 0.1365
147 291 9 11 0.1359
72 285 9 11 0.1349
416 256 8 10 0.1344
1015 326 8 11 0.1316
777 288 8 10 0.1300
778 336 8 10 0.1291
408 377 13 16 0.1290
73 286 9 10 0.1285
866 310 9 11 0.1239
419 256 8 10 0.1230
295 262 9 10 0.1212
142 409 12 17 0.1182
434 261 8 10 0.1162
775 336 7 10 0.1157
300 262 8 9 0.1155
595 271 7 9 0.1154
737 284 10 12 0.1148
600 267 8 9 0.1139
777 297 8 10 0.1125
733 285 9 11 0.1116
738 285 9 12 0.1110
430 262 8 9 0.1102
773 288 9 10 0.1086
525 337 11 12 0.1074
820 274 9 13 0.1065
780 297 8 11 0.1062
961 314 9 12 0.1052
595 272 7 9 0.1051
529 339 11 12 0.1050
235 273 9 11 0.1045
643 342 11 14 0.1042
598 271 8 10 0.1035
611 263 8 10 0.1013
173 397 11 16 0.0991
1016 322 7 12 0.0982
972 299 9 10 0.0956
235 272 9 11 0.0951
382 259 8 10 0.0950
514 254 7 11 0.0947
199 347 11 14 0.0936
100 276 8 10 0.0930
756 317 8 10 0.0911
199 350 12 13 0.0894
273 458 18 25 0.0892
998 329 9 11 0.0882
487 306 10 12 0.0870
637 341 12 15 0.0835
231 273 9 11 0.0831
514 356 12 14 0.0814
431 261 8 9 0.0794
156 301 11 12 0.0786
118 287 8 10 0.0785
579 363 11 14 0.0781
161 302 10 12 0.0714
634 272 9 9 0.0710
452 329 10 12 0.0702
651 328 9 13 0.0699
338 341 10 13 0.0699
970 298 9 10 0.0694
114 286 9 10 0.0672
87 403 12 17 0.0663
821 274 9 11 0.0650
797 288 8 11 0.0638
967 297 9 11 0.0607
508 288 8 9 0.0601
719 345 10 12 0.0597
609 264 7 9 0.0588
117 398 13 19 0.0587
103 276 8 10 0.0585
104 296 9 10 0.0582
639 271 8 9 0.0580
573 364 12 13 0.0575
566 284 7 9 0.0573
375 268 7 11 0.0573
348 294 9 10 0.0568
146 409 12 17 0.0563
344 327 10 12 0.0557
341 341 10 13 0.0556
563 341 11 14 0.0554
529 337 10 11 0.0551
653 325 8 12 0.0549
80 378 11 14 0.0544
207 311 10 12 0.0541
791 296 9 10 0.0539
231 254 6 8 0.0539
799 335 9 11 0.0536
623 369 12 15 0.0524
505 288 8 9 0.0511
593 334 11 14 0.0505
962 312 10 12 0.0504
316 269 7 9 0.0498
53 279 8 10 0.0495
491 305 9 12 0.0474
82 404 12 15 0.0472
345 479 12 18 0.0470
938 377 10 13 0.0465
573 361 13 15 0.0462
630 383 12 15 0.0461
100 297 8 10 0.0458
596 335 12 14 0.0457
206 256 8 9 0.0455
612 379 11 14 0.0446
562 285 7 8 0.0444
418 258 8 9 0.0440
50 279 8 10 0.0440
227 254 7 8 0.0438
405 378 13 15 0.0436
793 287 9 12 0.0434
368 257 8 10 0.0428
167 227 7 8 0.0428
0 417 10 15 0.0426
338 316 9 10 0.0422
148 411 10 16 0.0422
1002 328 10 12 0.0420
824 273 9 12 0.0419
210 311 10 12 0.0419
696 270 8 10 0.0413
83 423 11 19 0.0411
174 399 11 16 0.0408
371 270 7 9 0.0401
779 296 8 11 0.0400
129 419 10 13 0.0399
656 327 9 12 0.0385
25 242 9 12 0.0384
370 268 8 10 0.0381
894 310 9 11 0.0377
445 329 10 12 0.0377
485 306 10 12 0.0377
441 342 9 11 0.0375
447 326 10 12 0.0372
560 341 10 13 0.0372
342 315 8 10 0.0361
159 299 11 13 0.0355
114 396 13 18 0.0355
22 242 9 13 0.0353
351 294 9 10 0.0350
868 286 9 12 0.0348
590 304 9 11 0.0342
13 282 9 10 0.0342
886 341 10 12 0.0341
525 339 10 13 0.0340
941 377 11 13 0.0340
998 326 9 12 0.0331
271 313 10 13 0.0331
899 308 9 12 0.0331
411 315 10 11 0.0329
722 345 11 14 0.0321
408 329 11 12 0.0320
596 271 9 10 0.0314
275 312 10 13 0.0314
802 334 10 11 0.0311
275 309 10 11 0.0310
465 344 11 13 0.0302
9 283 9 9 0.0302
555 367 11 12 0.0299
599 265 8 9 0.0293
709 380 11 14 0.0293
181 291 10 12 0.0293
681 385 12 14 0.0292
87 423 10 20 0.0284
674 273 8 10 0.0282
208 257 7 9 0.0278
731 287 8 11 0.0274
618 377 12 15 0.0270
105 294 8 11 0.0270
101 275 8 10 0.0266
443 342 10 12 0.0265
649 328 10 13 0.0265
280 497 13 19 0.0263
634 384 11 14 0.0262
341 479 12 17 0.0260
966 372 10 12 0.0260
970 372 10 12 0.0260
578 268 7 9 0.0258
88 383 13 16 0.0255
315 267 7 9 0.0253
417 256 7 9 0.0250
740 354 13 15 0.0247
202 256 8 10 0.0246
107 335 10 11 0.0243
834 332 8 10 0.0241
228 253 7 8 0.0240
412 375 13 15 0.0240
141 290 9 12 0.0237
196 259 9 9 0.0236
494 341 9 11 0.0235
175 279 8 10 0.0235
320 269 7 9 0.0234
281 499 14 20 0.0233
98 274 8 10 0.0232
644 284 8 9 0.0225
227 312 9 10 0.0224
391 344 12 13 0.0223
619 368 13 15 0.0222
171 278 9 11 0.0220
1003 332 8 10 0.0219
189 204 8 9 0.0216
497 341 9 11 0.0215
85 420 11 20 0.0212
696 269 8 10 0.0212
587 302 8 12 0.0211
640 269 7 10 0.0211
489 309 10 11 0.0209
82 420 11 19 0.0209
131 403 12 16 0.0207
700 270 8 9 0.0207
146 288 9 11 0.0206
310 492 13 21 0.0205
830 331 8 11 0.0204
656 324 9 11 0.0203
348 297 10 12 0.0202
236 273 8 11 0.0200
712 379 12 15 0.0199
142 292 9 11 0.0199
650 326 8 11 0.0197
649 285 7 9 0.0197
142 288 9 12 0.0197
442 343 11 12 0.0193
951 296 9 11 0.0192
355 260 7 9 0.0191
261 301 12 13 0.0190
126 419 10 13 0.0188
408 316 10 11 0.0185
186 290 9 11 0.0185
750 368 12 14 0.0184
643 343 11 14 0.0184
0 299 6 11 0.0184
113 398 12 17 0.0181
335 329 9 12 0.0180
159 398 11 15 0.0177
492 303 9 11 0.0176
165 227 6 8 0.0175
346 293 9 10 0.0173
8 278 10 12 0.0172
565 282 7 9 0.0172
163 399 14 16 0.0169
899 306 9 11 0.0169
102 276 9 9 0.0167
756 318 9 10 0.0163
398 258 7 9 0.0161
84 402 12 16 0.0160
192 204 8 9 0.0160
159 299 10 12 0.0158
369 257 8 9 0.0157
955 299 10 12 0.0153
209 256 8 9 0.0152
21 406 11 17 0.0151
562 337 10 12 0.0150
631 387 11 14 0.0150
882 335 11 13 0.0149
82 376 11 14 0.0148
224 311 9 11 0.0147
972 299 9 11 0.0145
921 307 9 11 0.0145
793 294 9 11 0.0145
962 316 9 11 0.0144
646 284 8 9 0.0144
757 315 8 11 0.0143
412 377 12 15 0.0143
865 286 9 12 0.0143
677 380 12 14 0.0143
91 388 13 17 0.0140
880 343 10 12 0.0140
55 287 8 10 0.0139
210 353 10 12 0.0139
835 397 13 17 0.0138
407 373 13 16 0.0138
966 375 11 12 0.0137
77 378 9 13 0.0136
55 280 7 9 0.0134
256 302 10 12 0.0132
0 363 8 15 0.0131
798 313 9 11 0.0131
315 493 10 20 0.0131
938 373 10 12 0.0131
51 286 8 10 0.0128
565 345 11 12 0.0127
183 294 10 11 0.0127
166 227 7 9 0.0127
445 324 9 12 0.0126
111 335 9 10 0.0125
136 403 12 16 0.0124
485 310 9 11 0.0124
61 421 11 16 0.0123
193 348 11 14 0.0123
628 303 8 10 0.0123
298 286 9 11 0.0122
323 324 9 11 0.0122
134 298 9 11 0.0122
339 314 9 10 0.0122
339 343 10 12 0.0121
330 335 9 11 0.0120
18 288 9 10 0.0119
2 419 11 16 0.0119
113 399 11 18 0.0119
347 294 9 11 0.0118
18 407 11 16 0.0118
796 318 9 10 0.0117
83 421 12 19 0.0117
0 345 9 13 0.0114
249 254 9 12 0.0114
226 253 6 8 0.0113
624 303 9 10 0.0112
575 268 7 10 0.0111
0 425 10 18 0.0111
316 266 8 9 0.0110
349 327 9 11 0.0110
837 400 12 15 0.0109
676 381 11 15 0.0109
726 353 12 15 0.0109
351 296 9 10 0.0107
130 274 10 12 0.0107
3 417 9 14 0.0106
289 333 8 11 0.0105
349 480 11 18 0.0105
463 381 12 15 0.0105
426 329 9 12 0.0104
831 329 8 11 0.0104
630 270 8 10 0.0104
231 255 7 9 0.0101
298 283 8 10 0.0101
496 343 9 11 0.0101
