10_People_Marching_People_Marching_2_1046
73
512 200 49 62 0.8370
1007 225 17 32 0.8347
48 202 22 28 0.7765
280 258 17 21 0.7549
165 245 28 33 0.7443
740 237 22 25 0.6800
874 232 22 24 0.5925
789 212 19 24 0.5663
201 190 15 17 0.5547
216 214 20 25 0.5484
98 206 16 19 0.5156
423 198 19 23 0.4788
580 240 19 25 0.4040
365 236 16 20 0.4010
362 236 15 20 0.3666
217 214 21 26 0.3622
426 197 19 24 0.3316
587 194 12 12 0.2323
136 235 20 24 0.2247
680 195 16 20 0.2149
0 275 7 17 0.1869
327 199 9 10 0.1847
331 198 8 11 0.1833
871 231 23 25 0.1671
584 194 11 12 0.1479
95 206 16 19 0.1293
95 205 16 19 0.1235
199 190 13 17 0.1167
681 193 14 15 0.1008
390 186 18 25 0.0902
685 195 15 19 0.0851
686 193 12 15 0.0780
391 190 19 25 0.0763
388 192 16 22 0.0692
745 237 20 25 0.0675
589 196 11 11 0.0639
577 239 21 28 0.0604
585 196 11 12 0.0601
326 197 8 10 0.0573
329 197 9 10 0.0572
220 214 19 25 0.0520
576 239 21 27 0.0498
131 235 19 23 0.0481
581 239 20 27 0.0453
386 187 16 22 0.0428
133 237 21 25 0.0340
589 193 11 13 0.0333
591 193 10 12 0.0332
389 187 19 25 0.0315
137 239 22 26 0.0314
603 212 11 14 0.0313
623 216 9 12 0.0291
76 208 11 16 0.0254
627 216 9 12 0.0245
1 225 9 17 0.0229
0 214 6 14 0.0223
0 266 7 19 0.0208
675 195 15 18 0.0205
395 233 12 16 0.0198
346 215 11 15 0.0197
652 205 16 20 0.0194
653 201 12 16 0.0193
391 234 12 15 0.0188
13 210 10 12 0.0181
1011 291 13 34 0.0164
221 215 19 25 0.0150
649 202 9 13 0.0139
332 198 9 11 0.0125
0 271 10 19 0.0124
129 240 23 26 0.0118
9 206 10 13 0.0113
650 198 12 14 0.0112
146 235 16 25 0.0109
