10_People_Marching_People_Marching_2_34
1126
994 718 30 45 0.8508
623 714 35 47 0.8420
525 708 30 41 0.8189
714 700 25 31 0.7919
760 744 30 23 0.7799
863 720 29 35 0.7683
85 732 22 30 0.7640
176 747 27 20 0.7562
669 707 24 31 0.7372
305 714 20 24 0.7050
370 639 14 17 0.6143
838 668 19 25 0.5818
590 685 24 32 0.5762
405 717 18 25 0.5703
343 640 13 18 0.5103
243 639 13 18 0.5100
174 687 17 21 0.4979
457 635 13 16 0.4607
217 668 13 17 0.4382
513 687 18 30 0.4329
449 684 15 18 0.4285
999 650 12 19 0.4242
103 681 15 20 0.3693
809 637 14 16 0.3686
664 666 14 17 0.3680
400 656 14 19 0.3566
100 680 15 21 0.3463
810 585 9 12 0.3417
40 682 14 18 0.3228
366 564 7 9 0.3216
344 574 8 10 0.3050
308 625 11 13 0.3048
454 635 13 16 0.3045
763 589 9 11 0.2974
821 586 10 12 0.2908
752 575 10 12 0.2841
167 633 12 15 0.2840
604 621 10 13 0.2828
623 625 12 14 0.2825
30 619 9 11 0.2809
696 567 7 10 0.2774
340 641 13 16 0.2767
363 564 7 10 0.2765
298 587 8 11 0.2724
733 579 9 13 0.2715
37 681 14 19 0.2706
230 676 13 18 0.2656
703 680 15 18 0.2640
425 548 8 9 0.2634
301 587 9 11 0.2574
736 579 10 13 0.2548
383 668 14 18 0.2546
382 559 8 10 0.2541
767 589 9 11 0.2528
614 662 11 16 0.2503
813 637 13 16 0.2475
340 574 8 10 0.2468
590 585 8 11 0.2458
556 589 8 11 0.2442
281 540 7 8 0.2399
607 622 10 13 0.2392
452 546 7 10 0.2389
278 540 6 8 0.2371
188 577 7 9 0.2346
699 567 7 10 0.2332
799 567 9 11 0.2321
913 522 7 9 0.2314
428 548 7 9 0.2303
249 581 8 11 0.2285
916 522 7 9 0.2274
803 567 8 11 0.2270
34 619 8 11 0.2266
246 563 8 9 0.2261
226 725 14 22 0.2250
252 581 9 11 0.2241
125 603 8 11 0.2198
305 625 11 13 0.2185
455 546 7 10 0.2178
278 585 8 11 0.2175
462 591 8 11 0.2173
349 622 9 13 0.2138
566 565 8 10 0.2136
439 529 6 8 0.2135
513 578 7 9 0.2133
386 589 9 10 0.2127
403 656 14 19 0.2095
191 577 8 10 0.2095
198 562 7 10 0.2093
411 547 7 9 0.2091
195 534 7 8 0.2078
526 582 9 11 0.2065
925 565 8 10 0.2050
194 562 8 10 0.2043
258 590 8 11 0.2033
516 687 18 30 0.2025
443 529 6 8 0.2022
569 565 8 10 0.2020
523 582 9 11 0.2013
666 531 8 10 0.1984
693 580 8 10 0.1981
248 563 8 9 0.1977
343 605 9 12 0.1968
912 547 8 11 0.1960
420 688 13 20 0.1953
783 583 8 11 0.1938
207 548 8 9 0.1908
129 604 7 10 0.1906
721 577 8 11 0.1899
817 573 7 9 0.1893
566 586 8 11 0.1890
669 531 7 10 0.1875
375 580 8 11 0.1841
398 655 14 19 0.1823
745 550 8 10 0.1787
914 547 8 11 0.1783
781 582 8 12 0.1781
731 602 11 14 0.1772
668 610 10 12 0.1760
509 577 8 10 0.1754
676 567 7 9 0.1746
664 502 6 8 0.1745
955 663 14 22 0.1741
788 549 8 10 0.1734
928 565 8 10 0.1733
408 548 6 9 0.1729
747 550 8 10 0.1701
492 524 6 8 0.1695
522 583 9 10 0.1693
656 573 8 10 0.1670
805 516 6 7 0.1668
460 579 8 11 0.1667
381 559 7 9 0.1664
750 511 6 8 0.1655
835 668 19 25 0.1654
172 687 16 21 0.1648
629 585 7 10 0.1635
785 548 8 11 0.1633
659 573 8 10 0.1625
223 725 14 23 0.1615
102 554 9 12 0.1614
446 590 9 11 0.1602
294 570 8 10 0.1601
873 517 7 9 0.1599
554 573 8 10 0.1592
611 662 10 15 0.1588
339 604 10 12 0.1585
677 522 7 8 0.1578
747 511 6 8 0.1571
673 567 7 10 0.1570
227 548 6 8 0.1558
99 555 9 11 0.1551
495 524 6 8 0.1534
515 688 18 31 0.1528
660 503 6 7 0.1525
569 587 8 11 0.1522
192 534 7 8 0.1518
385 668 16 20 0.1477
442 590 9 11 0.1472
329 646 11 14 0.1466
901 626 10 16 0.1463
759 524 7 8 0.1443
655 520 6 8 0.1425
951 663 14 21 0.1419
297 570 8 10 0.1416
244 563 8 9 0.1406
231 547 6 8 0.1396
147 593 7 9 0.1380
220 537 6 7 0.1378
205 582 7 9 0.1338
461 525 8 10 0.1337
457 579 7 10 0.1337
904 626 10 15 0.1332
465 591 8 12 0.1330
430 577 6 8 0.1328
12 618 9 12 0.1321
692 580 7 9 0.1319
326 646 11 14 0.1319
329 558 7 10 0.1311
320 662 12 17 0.1310
833 564 9 11 0.1308
533 597 9 11 0.1305
825 586 9 12 0.1302
666 491 6 7 0.1296
481 625 9 14 0.1295
220 668 13 18 0.1294
165 632 11 16 0.1293
72 604 8 10 0.1289
176 711 12 22 0.1287
808 515 6 8 0.1286
587 686 25 32 0.1278
421 530 7 10 0.1256
422 531 7 9 0.1254
625 586 8 10 0.1249
378 559 7 10 0.1234
586 540 6 8 0.1228
159 556 7 9 0.1228
388 534 7 9 0.1227
875 517 7 9 0.1225
68 561 8 11 0.1221
91 618 9 11 0.1219
941 542 7 10 0.1219
757 608 10 14 0.1219
120 571 8 10 0.1207
144 609 7 9 0.1187
735 602 9 13 0.1178
582 540 6 8 0.1176
442 529 6 8 0.1172
763 524 6 8 0.1171
909 532 7 9 0.1171
944 543 8 9 0.1168
695 580 8 10 0.1168
261 668 11 16 0.1158
683 486 6 7 0.1158
379 581 8 12 0.1153
986 652 11 17 0.1152
384 637 11 15 0.1144
631 519 7 8 0.1130
537 597 9 11 0.1129
854 509 5 8 0.1128
418 530 7 9 0.1123
651 520 7 8 0.1118
642 582 8 9 0.1112
150 545 7 9 0.1107
500 589 8 11 0.1101
119 570 8 10 0.1096
754 532 7 9 0.1095
743 550 8 10 0.1094
558 625 8 12 0.1091
445 683 15 18 0.1084
665 532 7 9 0.1065
671 610 9 12 0.1060
123 571 8 10 0.1059
281 561 8 9 0.1059
284 561 8 9 0.1056
773 518 6 8 0.1053
449 563 7 9 0.1051
228 546 6 9 0.1049
850 509 6 7 0.1047
667 609 9 12 0.1041
603 621 10 12 0.1035
172 712 12 20 0.1023
630 610 10 13 0.1023
140 608 8 10 0.1020
360 540 7 9 0.1015
451 546 7 9 0.1012
779 583 8 11 0.1008
1019 536 5 10 0.1005
589 685 24 32 0.1002
578 612 10 15 0.0994
160 555 8 10 0.0993
151 593 7 9 0.0987
910 547 8 11 0.0986
319 541 7 8 0.0986
427 577 7 8 0.0981
59 576 8 10 0.0978
448 607 8 11 0.0975
316 541 6 8 0.0966
56 576 8 10 0.0964
814 571 8 10 0.0963
618 594 8 10 0.0961
485 625 8 14 0.0960
639 581 8 10 0.0957
230 594 8 11 0.0949
820 609 11 14 0.0947
657 558 8 11 0.0942
674 521 7 9 0.0942
165 633 11 15 0.0936
716 658 13 18 0.0934
218 537 6 7 0.0934
462 568 9 11 0.0928
264 669 12 15 0.0922
78 569 7 9 0.0918
503 601 8 11 0.0917
934 518 7 8 0.0910
937 518 6 7 0.0910
273 586 8 11 0.0899
351 529 6 8 0.0896
777 518 6 8 0.0891
346 622 9 13 0.0886
1001 649 13 20 0.0885
509 637 10 13 0.0884
74 568 8 10 0.0882
282 626 9 12 0.0881
628 600 10 12 0.0880
753 609 9 13 0.0875
409 546 7 9 0.0871
506 602 8 10 0.0861
326 559 8 9 0.0860
956 566 7 10 0.0858
790 521 6 7 0.0857
659 558 8 9 0.0850
407 594 9 11 0.0848
787 521 6 8 0.0840
80 596 8 10 0.0825
653 519 6 8 0.0823
196 520 6 7 0.0823
100 604 7 10 0.0823
552 571 8 11 0.0821
666 610 9 12 0.0819
556 573 8 11 0.0812
66 618 9 10 0.0807
354 529 7 8 0.0806
123 569 8 11 0.0806
325 557 7 10 0.0805
231 596 8 10 0.0803
754 607 10 14 0.0801
227 594 8 11 0.0800
555 625 8 12 0.0797
877 517 7 8 0.0789
496 589 9 11 0.0788
514 504 6 8 0.0787
149 623 10 12 0.0784
594 641 9 12 0.0782
626 584 7 10 0.0775
404 593 8 11 0.0772
351 622 11 14 0.0772
942 544 7 9 0.0766
247 639 12 18 0.0764
15 620 9 11 0.0764
705 681 18 21 0.0763
551 573 8 11 0.0762
379 582 9 12 0.0759
246 597 8 10 0.0752
162 609 7 10 0.0750
402 655 14 19 0.0750
208 583 7 8 0.0746
591 640 9 12 0.0746
325 569 8 10 0.0739
849 509 6 7 0.0739
138 544 6 9 0.0739
889 506 6 8 0.0736
655 557 8 10 0.0734
153 545 7 9 0.0732
516 505 6 7 0.0729
569 536 8 10 0.0728
277 584 8 10 0.0727
11 620 9 11 0.0723
134 545 7 8 0.0719
680 486 6 7 0.0717
551 696 18 24 0.0716
368 639 13 17 0.0716
103 604 8 11 0.0713
901 565 9 11 0.0712
260 592 8 11 0.0710
385 534 7 9 0.0709
505 637 11 13 0.0705
416 686 13 22 0.0703
621 624 11 13 0.0702
581 611 10 13 0.0697
73 606 9 10 0.0689
634 610 9 12 0.0688
568 698 23 30 0.0684
221 668 12 18 0.0684
415 594 9 11 0.0681
227 596 8 11 0.0680
932 518 6 9 0.0678
417 596 9 11 0.0677
332 590 8 10 0.0677
95 683 12 18 0.0677
808 517 6 7 0.0676
402 718 16 23 0.0676
245 561 7 9 0.0670
258 493 5 7 0.0670
852 509 6 7 0.0666
534 595 9 11 0.0661
332 543 8 10 0.0653
403 717 18 24 0.0653
194 532 7 9 0.0649
193 562 7 11 0.0646
897 565 10 11 0.0646
405 596 8 10 0.0646
279 627 9 11 0.0645
694 492 6 6 0.0639
826 494 6 7 0.0637
823 493 6 7 0.0636
607 621 9 12 0.0635
1007 636 12 15 0.0635
166 610 7 8 0.0632
409 595 8 11 0.0630
590 580 8 12 0.0628
0 611 7 10 0.0624
1013 585 10 15 0.0622
632 601 9 12 0.0622
445 573 7 9 0.0618
628 519 7 9 0.0616
275 584 8 11 0.0613
396 634 10 11 0.0611
340 591 9 12 0.0611
324 644 12 15 0.0604
441 577 8 9 0.0600
170 633 11 15 0.0599
894 507 6 8 0.0598
268 487 6 7 0.0597
488 600 9 11 0.0597
623 510 7 8 0.0597
1017 561 6 9 0.0596
650 492 6 7 0.0591
540 524 6 8 0.0589
171 569 8 9 0.0587
461 523 6 9 0.0587
708 680 16 19 0.0582
251 582 9 11 0.0582
515 523 7 8 0.0582
846 481 5 7 0.0581
844 480 6 8 0.0577
825 516 6 7 0.0574
994 523 7 8 0.0574
627 510 6 8 0.0572
43 681 12 17 0.0571
750 574 9 11 0.0568
424 548 6 9 0.0567
938 496 6 8 0.0566
439 627 9 12 0.0561
536 524 6 8 0.0559
997 523 8 9 0.0559
818 609 10 13 0.0556
568 526 6 7 0.0552
146 624 9 12 0.0551
556 591 8 11 0.0550
558 590 8 11 0.0548
217 570 7 9 0.0546
388 520 6 7 0.0546
466 568 7 11 0.0540
594 575 8 11 0.0539
638 503 6 7 0.0538
818 606 10 14 0.0534
82 596 9 10 0.0534
193 602 8 9 0.0533
860 563 7 9 0.0532
464 592 8 11 0.0530
139 545 6 8 0.0528
669 666 12 16 0.0526
248 561 8 9 0.0525
616 588 7 11 0.0525
890 508 6 8 0.0524
471 550 7 9 0.0524
692 581 7 10 0.0523
77 601 9 12 0.0523
983 588 8 12 0.0518
426 576 7 8 0.0518
835 550 7 8 0.0516
893 506 6 8 0.0515
416 595 8 10 0.0513
842 481 5 8 0.0509
262 592 8 11 0.0506
641 472 5 7 0.0506
261 591 8 11 0.0504
444 591 9 10 0.0501
912 521 7 9 0.0497
841 480 6 8 0.0496
622 574 8 9 0.0492
835 583 9 11 0.0490
491 523 6 8 0.0489
895 652 14 15 0.0489
451 546 7 9 0.0488
906 533 7 9 0.0484
292 571 9 10 0.0481
946 543 7 10 0.0481
380 622 9 13 0.0479
393 633 10 11 0.0478
317 663 11 15 0.0477
913 491 6 7 0.0474
427 472 5 6 0.0472
198 519 6 8 0.0471
945 595 9 11 0.0468
754 532 6 8 0.0463
671 531 6 9 0.0463
383 622 9 13 0.0459
310 624 10 14 0.0458
986 588 9 12 0.0458
360 612 9 12 0.0455
642 486 5 7 0.0454
256 493 5 6 0.0453
714 656 13 17 0.0452
560 697 23 28 0.0452
568 588 8 10 0.0450
304 475 6 7 0.0449
426 576 7 9 0.0448
746 493 6 7 0.0447
568 701 24 33 0.0441
180 602 8 9 0.0440
872 501 7 7 0.0439
667 460 5 7 0.0438
191 533 7 9 0.0438
55 629 9 12 0.0437
744 549 7 9 0.0437
629 474 6 6 0.0436
960 567 7 9 0.0435
686 603 9 11 0.0435
833 551 7 9 0.0434
839 584 9 11 0.0433
329 589 8 10 0.0433
208 548 6 8 0.0432
570 525 7 9 0.0431
541 565 7 10 0.0431
833 550 7 7 0.0430
553 572 8 11 0.0430
390 520 7 8 0.0429
674 567 8 10 0.0428
464 733 15 25 0.0428
94 618 8 11 0.0428
1004 636 10 14 0.0427
10 619 10 12 0.0427
511 664 14 19 0.0427
748 549 7 10 0.0424
620 574 8 10 0.0424
983 653 11 15 0.0424
215 668 12 16 0.0424
733 467 5 8 0.0423
254 494 5 7 0.0423
391 520 7 7 0.0420
751 573 9 11 0.0419
801 569 8 10 0.0418
64 618 8 10 0.0417
618 573 8 9 0.0417
735 468 5 8 0.0417
162 609 7 9 0.0416
308 475 5 7 0.0416
299 570 8 10 0.0415
442 528 6 7 0.0414
65 635 11 15 0.0413
721 576 9 11 0.0412
465 590 8 11 0.0412
401 528 6 8 0.0412
282 540 7 9 0.0411
130 605 7 9 0.0409
871 518 7 9 0.0409
100 610 8 11 0.0409
591 574 8 10 0.0408
463 524 7 8 0.0406
653 457 6 7 0.0405
429 616 8 10 0.0401
637 456 6 7 0.0401
635 502 6 8 0.0400
297 677 11 17 0.0399
876 517 7 8 0.0398
695 492 6 7 0.0398
228 609 8 11 0.0395
99 558 9 11 0.0392
82 597 8 10 0.0391
494 523 6 7 0.0391
685 548 7 9 0.0390
661 666 13 17 0.0390
754 498 6 7 0.0389
0 610 5 11 0.0388
916 491 7 7 0.0388
583 608 9 11 0.0388
278 542 7 8 0.0387
529 504 6 7 0.0386
464 571 9 10 0.0385
177 620 9 11 0.0384
415 473 5 7 0.0383
236 676 12 17 0.0383
346 621 10 13 0.0383
735 580 9 13 0.0383
260 466 5 6 0.0382
653 543 7 10 0.0382
674 521 7 9 0.0379
389 590 8 10 0.0379
342 573 7 10 0.0379
607 497 7 8 0.0378
824 669 13 21 0.0378
337 543 7 9 0.0376
593 573 8 10 0.0375
253 492 5 7 0.0374
567 566 8 10 0.0374
942 595 9 11 0.0374
388 666 16 19 0.0372
828 515 7 8 0.0371
339 544 7 9 0.0371
509 620 9 11 0.0371
274 469 5 6 0.0371
985 636 11 14 0.0370
638 486 5 7 0.0370
447 591 8 11 0.0369
935 497 6 7 0.0365
586 584 8 11 0.0364
914 545 7 10 0.0364
856 487 7 8 0.0363
151 594 8 9 0.0363
801 569 9 11 0.0362
206 548 6 8 0.0360
469 734 13 24 0.0360
830 566 9 11 0.0359
935 496 6 7 0.0358
341 607 9 11 0.0358
31 620 9 11 0.0356
564 555 7 10 0.0356
836 562 9 11 0.0355
424 472 5 6 0.0355
931 518 7 8 0.0354
389 607 9 11 0.0354
135 546 6 8 0.0353
443 594 8 11 0.0353
654 573 7 10 0.0353
621 574 8 10 0.0351
553 589 9 11 0.0349
946 597 10 13 0.0347
224 608 8 11 0.0347
858 606 9 13 0.0346
698 491 5 8 0.0346
66 561 8 10 0.0344
824 589 9 11 0.0341
927 566 7 10 0.0341
560 552 8 11 0.0340
521 475 6 8 0.0340
329 556 8 10 0.0340
698 568 7 10 0.0339
420 528 6 8 0.0338
787 546 8 10 0.0338
910 547 8 10 0.0336
900 632 13 18 0.0335
421 525 7 8 0.0334
1008 586 11 14 0.0334
272 468 5 6 0.0334
505 620 9 11 0.0333
536 566 8 11 0.0333
590 587 9 10 0.0331
653 520 6 8 0.0330
426 617 7 9 0.0328
653 479 6 8 0.0327
730 512 7 8 0.0327
362 543 7 9 0.0326
730 466 6 8 0.0326
456 545 7 10 0.0326
858 561 7 9 0.0326
0 665 5 17 0.0326
263 466 4 6 0.0325
199 520 6 8 0.0325
602 621 9 12 0.0323
640 504 5 8 0.0321
595 494 7 8 0.0321
980 569 7 8 0.0320
40 649 10 12 0.0320
784 546 7 11 0.0319
345 606 9 12 0.0318
763 561 8 10 0.0317
318 543 7 8 0.0317
391 608 9 10 0.0316
783 549 8 9 0.0315
70 561 7 10 0.0313
232 674 13 17 0.0312
727 624 10 14 0.0312
750 495 6 7 0.0311
342 721 15 25 0.0309
1017 534 6 10 0.0309
556 508 7 8 0.0309
365 565 7 9 0.0308
576 617 9 12 0.0308
231 548 7 8 0.0305
729 603 10 13 0.0305
942 597 10 14 0.0303
993 626 10 13 0.0303
468 549 8 9 0.0303
774 518 6 7 0.0302
739 575 8 9 0.0302
318 612 9 11 0.0301
407 546 6 9 0.0301
96 619 8 10 0.0300
318 542 7 9 0.0300
321 569 7 10 0.0299
67 619 9 10 0.0299
837 549 7 9 0.0298
617 495 7 9 0.0297
913 522 6 9 0.0296
189 575 8 10 0.0295
534 504 6 8 0.0295
749 494 6 7 0.0295
33 620 8 11 0.0293
838 582 10 12 0.0291
668 666 14 17 0.0290
363 611 9 12 0.0290
698 569 8 10 0.0288
591 465 6 7 0.0285
614 475 5 7 0.0285
666 667 15 19 0.0285
465 570 8 10 0.0282
845 643 13 16 0.0282
650 456 5 7 0.0282
495 524 6 8 0.0282
836 457 5 6 0.0281
285 486 6 7 0.0281
779 579 9 10 0.0279
215 570 7 9 0.0278
683 457 6 6 0.0278
781 548 8 10 0.0277
94 681 12 18 0.0276
419 579 8 10 0.0275
902 567 8 10 0.0274
518 475 6 7 0.0274
498 501 6 7 0.0273
231 492 6 7 0.0273
624 461 5 6 0.0271
986 632 11 12 0.0271
610 475 5 7 0.0268
65 619 8 10 0.0267
417 690 14 20 0.0267
696 680 15 18 0.0266
126 606 8 9 0.0266
960 601 11 13 0.0265
836 497 7 8 0.0265
91 618 8 10 0.0265
352 583 8 11 0.0264
976 569 7 8 0.0263
786 612 9 11 0.0261
579 608 9 12 0.0261
617 663 10 15 0.0259
232 594 8 10 0.0259
982 636 11 14 0.0258
809 587 9 11 0.0258
727 512 7 9 0.0258
467 594 9 11 0.0257
828 468 6 8 0.0256
245 565 7 8 0.0256
805 516 6 8 0.0255
156 545 7 9 0.0254
617 543 7 10 0.0253
652 492 6 7 0.0253
566 525 7 8 0.0251
399 471 5 6 0.0251
626 587 8 11 0.0251
236 637 13 16 0.0249
137 545 7 9 0.0248
222 683 12 17 0.0247
738 581 9 11 0.0246
790 612 8 11 0.0246
188 579 7 10 0.0246
200 553 8 10 0.0246
603 622 10 13 0.0245
78 568 8 9 0.0245
670 508 6 9 0.0245
592 641 10 13 0.0245
460 458 6 8 0.0244
221 635 8 11 0.0244
861 608 8 12 0.0243
736 468 5 7 0.0243
652 544 7 9 0.0242
270 612 9 12 0.0241
569 525 6 8 0.0241
628 520 7 8 0.0241
469 547 7 10 0.0241
529 459 6 7 0.0240
723 624 10 14 0.0240
531 504 6 8 0.0239
678 486 6 7 0.0239
537 524 6 8 0.0239
204 601 7 10 0.0238
697 581 8 10 0.0237
574 497 6 9 0.0237
390 521 7 7 0.0237
680 488 6 6 0.0237
814 507 6 8 0.0236
834 550 7 8 0.0234
731 469 6 7 0.0234
297 490 6 7 0.0233
644 443 5 6 0.0232
300 584 8 11 0.0232
317 685 13 20 0.0232
688 548 8 9 0.0232
992 521 7 8 0.0232
453 684 14 18 0.0231
362 563 8 9 0.0230
996 521 7 8 0.0230
104 604 9 10 0.0229
191 600 8 10 0.0229
277 538 6 8 0.0229
729 600 10 12 0.0228
419 525 6 7 0.0226
711 659 14 17 0.0225
575 539 8 9 0.0225
233 493 6 7 0.0225
759 522 7 9 0.0224
905 478 6 8 0.0223
806 569 8 10 0.0223
219 504 7 8 0.0223
570 523 6 8 0.0223
910 584 10 14 0.0223
1012 492 5 6 0.0221
454 502 6 7 0.0220
309 624 10 13 0.0220
217 636 8 10 0.0219
511 576 7 10 0.0219
425 690 13 18 0.0219
687 456 5 7 0.0219
765 504 6 8 0.0219
196 619 8 10 0.0218
228 492 6 7 0.0217
13 583 8 10 0.0217
132 602 7 10 0.0216
773 471 5 8 0.0216
125 465 4 6 0.0215
282 540 7 8 0.0215
121 465 5 6 0.0214
825 517 6 7 0.0214
956 568 8 10 0.0213
694 683 17 20 0.0212
619 629 11 12 0.0212
539 477 6 8 0.0211
885 460 6 7 0.0211
556 495 6 9 0.0210
913 491 6 7 0.0210
389 587 8 10 0.0209
930 566 8 10 0.0209
619 545 7 10 0.0209
822 609 11 15 0.0208
914 492 7 7 0.0208
412 472 5 7 0.0207
36 620 7 10 0.0207
615 490 6 8 0.0207
0 558 7 12 0.0207
655 560 8 11 0.0206
827 516 6 7 0.0206
514 576 8 11 0.0206
312 684 13 20 0.0206
682 455 5 7 0.0205
595 572 7 10 0.0204
575 465 6 6 0.0204
1001 647 14 20 0.0204
901 478 6 7 0.0202
860 477 6 8 0.0202
447 475 6 7 0.0201
824 667 12 20 0.0201
927 566 8 9 0.0201
898 568 10 11 0.0200
837 548 6 8 0.0200
559 495 6 9 0.0200
301 678 12 17 0.0198
285 625 9 12 0.0198
882 460 5 7 0.0198
852 510 6 8 0.0195
642 443 5 6 0.0195
934 497 6 7 0.0195
613 460 5 7 0.0195
166 558 8 10 0.0195
770 470 6 7 0.0194
956 568 8 9 0.0194
846 644 15 20 0.0194
269 683 12 18 0.0194
299 494 6 6 0.0193
194 536 6 8 0.0193
516 522 6 8 0.0193
677 606 8 12 0.0193
762 608 9 12 0.0192
103 557 8 11 0.0192
262 670 12 16 0.0192
457 502 6 7 0.0191
778 629 11 15 0.0191
217 504 6 8 0.0191
457 459 5 7 0.0191
262 670 12 18 0.0190
565 536 7 9 0.0190
618 495 6 7 0.0189
733 498 6 8 0.0188
702 460 6 6 0.0188
441 624 9 13 0.0188
487 659 12 19 0.0187
560 699 27 35 0.0187
380 668 13 16 0.0186
215 670 13 17 0.0186
316 666 13 17 0.0185
621 543 7 9 0.0185
221 505 6 7 0.0185
696 492 6 7 0.0184
769 589 9 12 0.0182
61 632 9 12 0.0182
14 543 6 9 0.0181
59 575 7 9 0.0181
615 664 12 18 0.0180
873 589 8 12 0.0180
584 478 6 7 0.0180
747 573 10 11 0.0180
319 466 6 7 0.0180
712 585 8 11 0.0180
397 470 5 7 0.0180
579 617 9 11 0.0179
785 609 9 10 0.0179
539 523 7 8 0.0179
500 597 9 12 0.0179
740 437 6 8 0.0178
258 466 5 6 0.0178
722 535 7 10 0.0178
865 557 7 9 0.0177
388 537 7 9 0.0176
277 468 4 6 0.0176
583 538 6 9 0.0176
568 484 6 7 0.0176
10 583 8 11 0.0175
744 437 6 8 0.0175
280 538 6 9 0.0175
169 569 7 9 0.0175
908 531 7 9 0.0174
565 525 7 9 0.0174
124 554 8 9 0.0174
498 488 5 7 0.0173
805 513 6 7 0.0173
451 475 5 6 0.0173
814 605 10 14 0.0172
267 612 9 11 0.0172
355 533 7 9 0.0172
359 610 10 11 0.0171
857 564 8 10 0.0171
188 558 8 10 0.0171
197 622 8 10 0.0171
453 609 8 11 0.0170
503 644 11 14 0.0169
218 635 8 10 0.0169
401 447 5 6 0.0168
615 595 8 11 0.0168
443 522 6 8 0.0168
313 611 9 11 0.0167
961 568 8 9 0.0165
946 521 7 8 0.0164
342 572 8 9 0.0164
904 632 11 18 0.0164
473 458 6 7 0.0164
317 466 5 7 0.0164
146 468 5 6 0.0163
200 621 9 10 0.0163
516 504 6 7 0.0163
196 520 6 7 0.0163
553 624 8 12 0.0163
789 609 8 10 0.0163
825 493 6 7 0.0162
834 457 5 6 0.0162
990 502 6 7 0.0162
387 610 10 12 0.0161
829 466 5 7 0.0161
1015 492 5 6 0.0160
710 594 8 11 0.0160
226 682 13 18 0.0160
982 649 14 18 0.0160
1017 558 6 11 0.0159
553 624 8 11 0.0159
590 477 7 8 0.0159
952 663 16 24 0.0158
590 640 8 12 0.0157
790 470 6 7 0.0157
857 609 9 14 0.0156
640 442 5 6 0.0155
542 478 5 8 0.0155
749 494 6 7 0.0155
697 690 19 25 0.0155
804 531 8 8 0.0155
609 461 5 6 0.0154
22 574 7 10 0.0153
459 523 6 8 0.0153
202 612 8 10 0.0153
390 671 14 18 0.0152
297 586 8 11 0.0152
711 684 19 22 0.0151
571 465 6 7 0.0151
494 502 6 7 0.0150
265 671 12 17 0.0150
999 537 8 10 0.0150
684 486 6 7 0.0149
789 469 6 7 0.0149
730 500 6 8 0.0149
785 469 6 7 0.0149
516 621 10 12 0.0149
620 544 8 9 0.0148
627 474 5 6 0.0148
698 493 6 7 0.0148
965 588 9 12 0.0148
671 449 6 7 0.0148
787 470 6 7 0.0147
340 602 9 11 0.0146
856 520 6 9 0.0146
11 542 7 9 0.0145
150 537 6 7 0.0144
15 492 5 7 0.0144
86 630 8 12 0.0144
626 628 10 12 0.0144
829 516 6 8 0.0144
214 570 7 9 0.0143
118 570 8 10 0.0143
610 494 6 8 0.0143
828 669 15 22 0.0143
494 488 6 7 0.0142
22 521 6 8 0.0142
143 468 5 6 0.0142
154 509 7 8 0.0142
93 529 6 8 0.0142
295 494 6 7 0.0142
32 536 7 9 0.0142
327 486 5 7 0.0141
386 622 9 12 0.0140
104 554 7 9 0.0139
902 624 11 14 0.0139
612 658 10 17 0.0138
85 631 8 13 0.0138
663 610 9 11 0.0138
321 467 6 7 0.0138
638 456 4 7 0.0137
349 529 7 8 0.0137
343 715 13 26 0.0137
743 470 5 7 0.0137
642 471 5 7 0.0137
383 563 8 9 0.0137
267 488 6 7 0.0137
351 452 5 6 0.0137
15 544 7 9 0.0136
868 558 7 8 0.0136
234 491 5 7 0.0136
26 557 7 9 0.0133
481 548 7 11 0.0133
36 649 10 12 0.0133
530 623 8 11 0.0133
161 474 5 6 0.0132
914 584 9 12 0.0132
137 489 6 7 0.0131
604 497 6 7 0.0131
362 616 10 12 0.0131
28 558 8 10 0.0131
9 688 10 15 0.0131
938 543 7 10 0.0130
504 627 12 14 0.0130
472 691 15 19 0.0130
151 510 6 8 0.0129
982 633 10 12 0.0129
240 641 13 17 0.0129
94 530 7 7 0.0129
539 562 8 9 0.0129
584 478 6 8 0.0129
1011 563 8 10 0.0129
17 520 7 8 0.0128
29 537 7 9 0.0128
167 570 7 10 0.0128
650 549 8 10 0.0128
1013 508 7 9 0.0127
44 682 12 18 0.0127
494 639 10 13 0.0127
803 583 8 12 0.0127
192 579 6 10 0.0127
729 514 6 9 0.0127
575 451 6 8 0.0127
18 521 7 8 0.0126
349 451 5 8 0.0126
103 518 7 7 0.0126
311 713 17 25 0.0126
106 519 6 7 0.0126
564 445 5 6 0.0125
725 620 11 14 0.0125
775 628 10 14 0.0125
134 489 5 6 0.0124
330 486 6 7 0.0124
12 492 6 6 0.0124
874 502 6 7 0.0124
698 458 6 7 0.0124
805 486 5 8 0.0124
855 605 10 13 0.0123
538 479 5 8 0.0123
321 645 11 14 0.0123
464 661 12 16 0.0122
883 459 5 7 0.0120
554 478 6 8 0.0120
587 540 7 9 0.0119
800 627 11 14 0.0119
802 485 5 7 0.0118
693 508 7 9 0.0118
686 456 6 6 0.0117
730 520 7 8 0.0117
720 433 6 7 0.0117
21 520 6 8 0.0117
17 493 5 6 0.0117
561 444 5 7 0.0116
830 470 5 6 0.0116
832 435 5 6 0.0116
280 625 9 12 0.0116
81 467 5 7 0.0115
802 622 11 13 0.0115
315 643 10 13 0.0115
319 536 7 9 0.0115
686 546 7 8 0.0114
507 665 13 18 0.0114
318 609 8 12 0.0114
717 433 5 7 0.0114
731 468 6 7 0.0114
333 452 5 6 0.0113
30 552 8 11 0.0113
522 449 6 6 0.0113
11 544 8 9 0.0113
593 478 6 8 0.0112
768 539 8 11 0.0112
242 613 9 11 0.0112
615 546 7 10 0.0111
667 707 23 31 0.0110
223 536 6 8 0.0110
778 633 12 16 0.0110
940 495 6 8 0.0110
621 545 8 10 0.0110
425 616 8 11 0.0109
385 520 7 8 0.0109
380 447 4 6 0.0109
957 478 6 7 0.0109
849 643 14 18 0.0109
329 452 5 7 0.0109
947 542 7 10 0.0108
75 597 8 9 0.0108
904 479 6 8 0.0108
689 520 7 8 0.0107
556 483 6 8 0.0107
500 620 10 13 0.0107
612 459 5 7 0.0107
835 435 5 6 0.0107
478 623 9 12 0.0107
164 473 6 7 0.0107
978 569 7 9 0.0106
548 696 17 20 0.0106
559 445 6 7 0.0106
389 474 5 7 0.0106
528 622 7 11 0.0105
592 465 5 7 0.0105
558 620 9 13 0.0105
153 593 8 11 0.0105
474 623 10 13 0.0104
754 611 10 13 0.0103
498 502 6 7 0.0103
366 701 13 18 0.0103
294 600 9 12 0.0103
725 483 6 8 0.0103
24 560 7 11 0.0102
306 622 11 13 0.0102
296 492 5 7 0.0102
362 701 13 17 0.0102
508 633 11 14 0.0100
979 569 7 9 0.0100
