10_People_Marching_People_Marching_2_236
73
466 163 25 32 0.6634
0 123 10 15 0.5431
807 135 14 17 0.3829
918 124 13 17 0.3768
553 127 12 14 0.3614
37 123 11 14 0.3600
713 126 14 17 0.3421
914 124 13 16 0.3361
138 116 13 15 0.3058
474 117 15 18 0.3001
973 123 13 15 0.2853
33 123 12 14 0.2818
603 113 15 17 0.2677
873 129 12 15 0.2472
874 131 12 14 0.2120
557 127 12 14 0.2042
608 112 14 18 0.1840
877 129 12 14 0.1834
832 120 12 14 0.1821
141 117 13 15 0.1820
464 164 22 31 0.1796
471 115 15 19 0.1792
701 116 13 16 0.1772
977 123 12 15 0.1426
824 123 12 14 0.1367
812 135 13 16 0.1092
971 123 11 14 0.0989
708 124 14 18 0.0957
834 99 10 12 0.0916
831 117 11 15 0.0884
136 116 11 14 0.0842
837 120 11 14 0.0810
585 122 14 16 0.0734
878 131 12 13 0.0666
699 116 11 15 0.0664
580 123 14 15 0.0548
137 118 11 14 0.0543
831 99 10 12 0.0530
700 118 12 16 0.0471
716 128 14 16 0.0440
710 128 13 16 0.0436
995 308 18 24 0.0430
836 117 11 14 0.0413
605 116 14 17 0.0412
700 118 13 16 0.0408
977 121 12 15 0.0407
720 125 13 16 0.0389
828 120 12 15 0.0330
41 124 10 13 0.0328
836 98 9 13 0.0320
479 118 14 17 0.0305
598 114 14 17 0.0278
802 136 15 19 0.0262
2 124 11 14 0.0246
33 122 12 14 0.0237
798 134 13 18 0.0215
470 115 15 20 0.0210
1 122 12 15 0.0206
867 132 12 14 0.0191
718 123 13 16 0.0186
137 117 13 15 0.0186
588 118 13 15 0.0154
806 141 14 19 0.0154
477 115 14 17 0.0152
921 123 11 15 0.0149
555 129 12 15 0.0148
831 98 10 13 0.0146
625 121 13 16 0.0128
144 116 13 15 0.0123
470 113 11 18 0.0119
832 97 9 11 0.0119
471 117 13 18 0.0115
610 116 14 16 0.0112
