10_People_Marching_People_Marching_2_401
167
192 350 53 67 0.8843
330 403 68 85 0.8841
21 412 58 62 0.8777
642 532 73 97 0.8704
628 248 27 37 0.8659
496 266 30 41 0.8646
543 239 24 33 0.8582
798 277 48 54 0.8577
672 421 40 48 0.8577
282 292 24 30 0.8561
99 279 32 39 0.8560
727 384 36 44 0.8547
663 265 34 42 0.8543
568 262 29 38 0.8506
45 288 25 29 0.8464
730 300 36 46 0.8431
65 317 29 37 0.8427
851 244 36 53 0.8405
781 349 50 81 0.8400
854 505 91 120 0.8368
253 270 22 30 0.8358
350 333 31 38 0.8350
552 502 56 57 0.8319
314 268 19 23 0.8313
102 390 38 42 0.8303
307 326 26 32 0.8294
92 516 65 72 0.8247
922 265 28 33 0.8236
189 266 26 29 0.8203
758 261 25 36 0.8177
422 238 25 30 0.8143
352 275 20 26 0.8140
205 302 28 31 0.8043
509 239 21 25 0.7886
743 251 20 27 0.7809
0 349 22 56 0.7683
382 311 27 33 0.7650
385 248 20 24 0.7650
783 260 30 46 0.7621
479 263 22 35 0.7401
703 240 14 18 0.6823
545 304 33 36 0.6692
815 243 29 34 0.6359
615 236 18 24 0.6133
358 251 12 17 0.6122
327 290 20 23 0.5629
326 290 18 22 0.4706
997 271 20 32 0.4705
746 229 17 20 0.4387
587 249 24 31 0.3544
33 266 18 27 0.3444
985 232 16 22 0.2695
944 246 13 18 0.2656
92 516 65 73 0.2209
298 272 15 19 0.2183
745 228 16 19 0.2072
487 239 15 17 0.1967
497 345 36 60 0.1895
241 288 13 16 0.1882
317 256 13 15 0.1850
168 259 16 24 0.1703
1 285 10 21 0.1684
31 267 15 25 0.1585
495 344 35 60 0.1580
748 228 15 19 0.1543
173 260 14 22 0.1278
356 252 12 15 0.1261
590 249 23 29 0.1178
975 249 11 16 0.1159
610 471 38 61 0.1085
940 246 15 18 0.1081
478 264 20 33 0.0916
607 476 35 57 0.0890
340 265 15 19 0.0859
899 234 17 19 0.0814
633 232 19 23 0.0784
605 471 37 61 0.0779
945 244 11 12 0.0764
742 251 20 26 0.0726
588 250 27 32 0.0719
34 265 14 19 0.0704
910 247 16 22 0.0689
337 265 14 17 0.0641
662 242 24 28 0.0613
352 275 21 26 0.0598
902 235 16 18 0.0583
4 285 11 20 0.0573
625 216 19 24 0.0572
665 241 17 17 0.0562
916 249 13 18 0.0537
624 213 17 21 0.0469
985 230 12 15 0.0443
238 288 14 16 0.0441
170 267 14 19 0.0438
175 326 28 33 0.0429
972 249 10 15 0.0406
990 233 16 22 0.0397
781 262 28 42 0.0391
339 268 15 19 0.0389
380 310 29 35 0.0382
2 285 15 24 0.0343
138 194 17 18 0.0342
176 324 21 28 0.0342
1001 270 21 33 0.0336
32 265 12 20 0.0329
942 244 11 12 0.0319
410 326 19 22 0.0309
758 181 12 17 0.0299
488 242 18 23 0.0274
410 328 22 27 0.0268
898 237 22 28 0.0264
316 255 11 14 0.0258
76 283 9 10 0.0254
605 473 43 62 0.0250
975 250 15 23 0.0247
992 270 16 31 0.0247
989 241 14 20 0.0238
489 239 17 22 0.0236
240 290 16 23 0.0234
588 233 21 25 0.0225
809 244 23 29 0.0220
239 287 15 22 0.0219
981 237 15 20 0.0217
73 282 9 13 0.0216
903 231 14 15 0.0211
667 241 20 23 0.0210
619 236 17 24 0.0208
181 321 28 32 0.0201
610 474 40 59 0.0201
711 214 12 13 0.0200
708 216 10 11 0.0195
0 327 10 28 0.0195
582 252 27 34 0.0192
992 240 16 22 0.0191
1 286 12 26 0.0189
589 227 17 21 0.0187
412 327 22 22 0.0184
669 241 14 15 0.0183
456 250 13 17 0.0183
748 229 17 20 0.0180
947 244 13 16 0.0173
75 284 11 13 0.0172
178 325 33 39 0.0171
636 220 18 23 0.0171
982 234 13 19 0.0169
899 231 14 15 0.0169
636 214 17 19 0.0163
908 249 23 31 0.0149
21 412 58 61 0.0148
606 487 36 48 0.0147
409 255 17 19 0.0144
591 246 20 24 0.0143
808 242 17 19 0.0140
448 216 9 9 0.0138
174 333 31 40 0.0134
794 212 9 11 0.0130
898 238 26 30 0.0129
410 327 28 31 0.0126
707 219 13 15 0.0122
623 217 15 20 0.0120
360 251 12 16 0.0117
299 270 12 16 0.0113
984 231 9 13 0.0112
618 237 19 27 0.0109
914 247 11 12 0.0108
493 238 15 19 0.0107
387 247 20 25 0.0102
