10_People_Marching_People_Marching_2_173
225
795 511 23 31 0.8209
858 515 14 18 0.4741
520 501 12 15 0.4660
507 501 10 13 0.4478
364 496 12 15 0.4448
494 503 11 15 0.4223
759 498 9 12 0.3894
317 488 10 12 0.3810
367 496 13 15 0.3758
453 495 10 13 0.3757
762 498 9 12 0.3462
860 515 14 18 0.3364
456 495 10 13 0.3257
248 493 9 11 0.3254
676 532 12 16 0.3169
675 503 11 14 0.3118
212 484 8 10 0.3108
252 493 8 11 0.3078
209 484 8 10 0.3076
283 497 9 11 0.3045
320 488 9 12 0.3012
672 503 11 14 0.2973
171 490 7 10 0.2957
188 488 8 10 0.2914
379 494 9 12 0.2531
340 498 8 10 0.2506
481 502 9 11 0.2361
238 488 7 9 0.2297
658 500 7 8 0.2295
343 498 8 10 0.2187
264 492 8 10 0.2184
673 532 12 16 0.2180
241 488 7 9 0.2153
174 491 8 9 0.2068
279 496 8 10 0.1944
413 499 8 12 0.1930
484 502 10 12 0.1875
700 515 11 15 0.1869
189 490 8 9 0.1850
117 488 7 9 0.1823
143 490 8 9 0.1787
978 491 6 8 0.1749
697 515 11 14 0.1715
493 504 10 14 0.1642
285 497 8 11 0.1603
114 488 7 9 0.1585
253 484 8 10 0.1559
156 489 7 8 0.1559
730 503 12 13 0.1528
581 507 11 14 0.1518
856 499 8 10 0.1502
981 491 6 8 0.1498
352 488 9 11 0.1471
135 485 6 8 0.1464
752 542 14 24 0.1458
447 496 8 11 0.1448
191 486 7 9 0.1413
421 496 9 12 0.1387
585 507 10 14 0.1319
182 486 8 8 0.1264
468 503 8 11 0.1251
250 485 8 9 0.1248
172 491 8 9 0.1227
859 499 8 9 0.1213
636 520 8 13 0.1181
465 503 9 10 0.1178
251 492 9 12 0.1166
178 489 7 10 0.1128
811 497 10 13 0.1116
380 493 9 11 0.1110
541 496 8 9 0.1099
264 491 8 11 0.1063
132 485 6 8 0.1054
633 520 8 13 0.1035
567 507 13 16 0.1032
614 504 10 12 0.1006
281 495 8 11 0.0994
956 506 14 19 0.0972
814 497 9 13 0.0950
951 505 16 21 0.0949
977 514 13 16 0.0934
389 494 8 10 0.0932
186 489 8 10 0.0907
423 493 7 10 0.0902
567 502 11 14 0.0872
539 495 7 9 0.0872
644 498 8 9 0.0858
612 504 8 12 0.0824
863 515 12 16 0.0820
346 482 6 7 0.0793
144 492 9 10 0.0791
344 482 6 8 0.0787
976 518 15 17 0.0750
692 496 9 10 0.0732
612 506 10 13 0.0708
654 500 7 9 0.0699
136 485 7 8 0.0694
115 487 7 8 0.0676
749 543 14 23 0.0616
377 492 9 13 0.0602
981 515 12 14 0.0599
389 493 9 11 0.0594
666 507 8 11 0.0587
347 482 7 9 0.0538
616 505 9 14 0.0522
154 488 7 8 0.0518
734 502 11 12 0.0508
583 505 11 13 0.0505
419 496 9 12 0.0492
420 494 7 10 0.0491
228 497 8 9 0.0479
642 497 7 9 0.0476
225 497 7 10 0.0474
149 490 7 9 0.0462
285 494 8 10 0.0460
141 493 8 9 0.0456
691 495 8 10 0.0446
143 491 6 9 0.0445
341 496 8 10 0.0440
635 518 7 12 0.0432
672 504 11 14 0.0432
238 485 6 9 0.0421
285 496 8 11 0.0420
208 483 7 10 0.0404
673 529 13 18 0.0398
516 493 9 11 0.0396
639 497 7 10 0.0386
978 492 7 8 0.0382
660 500 7 9 0.0379
569 516 12 14 0.0377
117 489 8 9 0.0359
445 495 7 10 0.0359
508 499 8 10 0.0357
980 519 14 16 0.0351
541 495 9 11 0.0349
115 488 7 9 0.0342
103 487 8 9 0.0339
449 495 9 12 0.0328
487 500 8 10 0.0326
211 483 8 9 0.0325
780 516 12 15 0.0323
655 499 7 10 0.0322
631 517 9 14 0.0317
480 499 9 10 0.0317
688 497 7 9 0.0317
982 492 7 8 0.0305
699 518 10 13 0.0299
111 486 7 9 0.0291
780 517 13 16 0.0291
954 510 14 19 0.0283
956 503 13 18 0.0281
694 496 8 10 0.0281
496 503 11 15 0.0280
169 490 7 9 0.0276
565 519 13 14 0.0275
579 504 12 14 0.0272
702 518 11 14 0.0271
570 499 9 12 0.0270
979 516 12 16 0.0270
995 523 11 12 0.0268
460 495 9 12 0.0267
246 494 8 10 0.0264
519 499 11 13 0.0261
857 498 7 9 0.0256
112 489 8 10 0.0247
170 488 7 8 0.0245
562 509 11 14 0.0245
544 496 8 11 0.0245
405 497 8 11 0.0243
547 493 7 8 0.0241
1014 507 9 17 0.0240
939 499 9 12 0.0234
571 520 11 13 0.0223
749 539 14 25 0.0208
414 501 7 11 0.0202
980 491 7 8 0.0200
637 495 7 10 0.0186
699 516 11 14 0.0182
926 487 6 7 0.0182
374 485 7 9 0.0181
282 488 7 8 0.0179
855 497 7 10 0.0179
80 485 7 8 0.0176
732 504 14 15 0.0175
422 523 11 13 0.0172
352 485 7 8 0.0167
1016 524 7 13 0.0167
940 506 12 15 0.0166
777 518 11 14 0.0165
455 495 9 12 0.0163
855 498 9 11 0.0162
630 519 9 13 0.0161
676 504 11 14 0.0160
618 504 8 10 0.0158
273 486 7 9 0.0157
494 501 9 11 0.0151
827 474 11 14 0.0149
948 502 14 19 0.0148
731 502 9 10 0.0143
211 486 8 9 0.0140
812 495 7 11 0.0138
673 502 9 11 0.0137
698 486 9 10 0.0136
923 487 6 7 0.0132
777 517 13 17 0.0130
873 516 9 12 0.0129
815 495 7 10 0.0128
342 491 8 10 0.0126
924 486 6 7 0.0126
814 468 7 9 0.0125
331 556 14 20 0.0124
526 497 8 10 0.0124
860 240 5 6 0.0122
728 503 10 13 0.0118
67 480 5 6 0.0118
817 468 7 9 0.0118
317 490 9 11 0.0113
519 503 11 15 0.0113
928 486 6 8 0.0111
814 470 8 10 0.0111
973 489 6 9 0.0109
749 542 16 24 0.0107
993 519 10 13 0.0105
697 504 9 12 0.0104
647 558 9 12 0.0100
