10_People_Marching_People_Marching_2_898
28
507 705 50 62 0.8600
259 804 47 55 0.8462
673 587 58 64 0.8444
791 645 36 46 0.7666
444 785 32 37 0.6661
243 682 15 20 0.1106
325 725 15 17 0.0611
942 674 15 21 0.0523
177 655 15 21 0.0418
328 726 15 17 0.0315
386 689 16 20 0.0299
175 653 16 20 0.0262
558 614 17 19 0.0259
427 757 23 27 0.0244
173 656 15 19 0.0237
946 673 17 21 0.0217
247 682 15 18 0.0191
246 685 15 19 0.0184
280 663 15 19 0.0172
446 700 13 16 0.0167
241 683 14 18 0.0155
296 827 26 33 0.0151
906 651 24 34 0.0148
450 788 31 36 0.0129
936 740 16 21 0.0119
442 700 13 15 0.0114
284 663 15 19 0.0107
323 726 12 15 0.0104
