10_People_Marching_People_Marching_10_People_Marching_People_Marching_10_447
1209
489 785 48 49 0.7947
410 452 25 31 0.7786
260 435 23 30 0.7770
967 472 26 35 0.7718
488 324 23 28 0.7652
685 265 23 28 0.7568
67 442 25 30 0.7552
871 625 23 29 0.7449
107 534 22 29 0.7396
685 765 44 48 0.7351
681 362 23 29 0.7269
301 395 23 29 0.7259
408 798 30 37 0.7175
661 438 24 29 0.7139
609 689 25 29 0.7102
850 652 25 30 0.6986
336 249 23 27 0.6976
83 192 24 28 0.6869
13 289 22 28 0.6847
185 574 22 28 0.6834
414 347 24 28 0.6814
993 364 23 29 0.6794
702 17 23 29 0.6764
873 108 22 26 0.6737
281 366 22 28 0.6700
567 274 21 25 0.6665
663 149 22 26 0.6625
699 650 23 28 0.6463
639 670 25 30 0.6442
144 343 21 27 0.6416
566 750 28 33 0.6342
33 685 25 30 0.6318
646 270 21 26 0.6308
462 479 28 35 0.6291
148 172 21 26 0.6276
276 545 22 28 0.6259
878 2 21 25 0.6252
411 164 24 28 0.6237
669 508 23 29 0.6207
854 291 21 26 0.6203
167 538 22 26 0.6152
493 154 21 26 0.6107
927 615 24 30 0.6073
257 569 22 28 0.6052
531 0 23 17 0.6002
215 880 25 33 0.5975
84 617 22 24 0.5889
169 467 25 29 0.5882
774 497 23 29 0.5873
934 326 20 26 0.5849
13 454 21 26 0.5806
28 498 25 30 0.5767
838 194 24 28 0.5761
72 647 21 27 0.5752
832 241 23 28 0.5744
204 58 21 24 0.5743
860 470 25 28 0.5720
124 449 23 27 0.5691
622 2 20 24 0.5664
605 265 21 27 0.5602
529 177 21 22 0.5524
994 105 22 27 0.5520
737 331 20 26 0.5503
295 231 22 25 0.5458
255 72 23 27 0.5443
628 93 21 25 0.5436
565 330 21 26 0.5432
760 103 21 29 0.5415
740 135 21 26 0.5364
357 508 20 30 0.5307
552 379 23 28 0.5300
223 336 21 24 0.5288
881 405 24 27 0.5260
759 407 23 29 0.5249
601 157 22 28 0.5236
129 791 23 29 0.5227
247 481 23 31 0.5206
510 75 24 28 0.5197
49 73 20 26 0.5171
792 703 25 28 0.5129
992 341 20 27 0.5069
965 391 25 30 0.5059
124 592 20 27 0.5038
80 895 27 31 0.5030
504 34 22 28 0.5030
254 806 24 30 0.5016
720 45 22 27 0.5011
176 827 24 31 0.4977
381 642 24 28 0.4974
147 667 22 30 0.4865
952 23 20 25 0.4771
909 69 20 25 0.4761
459 302 23 27 0.4759
571 226 22 24 0.4758
325 423 23 29 0.4753
555 632 23 27 0.4721
872 324 21 27 0.4714
960 776 50 52 0.4679
35 780 24 33 0.4649
811 305 23 30 0.4609
831 524 25 28 0.4595
546 132 21 26 0.4546
334 156 19 24 0.4539
109 58 21 24 0.4534
991 523 21 25 0.4531
206 533 20 26 0.4483
544 34 22 24 0.4475
211 94 20 25 0.4464
268 279 21 25 0.4462
612 362 24 30 0.4451
230 635 22 29 0.4427
783 19 23 28 0.4417
766 359 22 24 0.4399
461 37 18 23 0.4393
52 2 21 25 0.4380
805 635 22 29 0.4363
978 267 23 27 0.4358
152 386 22 27 0.4339
517 349 23 28 0.4313
667 48 20 25 0.4305
478 110 23 26 0.4262
775 203 23 27 0.4256
499 288 22 26 0.4228
659 475 25 28 0.4213
679 310 20 24 0.4168
698 88 21 24 0.4162
897 727 25 32 0.4160
766 742 26 32 0.4136
706 233 21 25 0.4122
611 130 24 29 0.4105
971 166 20 23 0.4087
591 55 22 27 0.4056
503 288 22 26 0.4051
770 742 26 32 0.4036
109 124 22 26 0.4015
532 266 20 25 0.3989
563 107 22 26 0.3982
312 641 24 28 0.3976
172 827 24 31 0.3963
234 635 22 29 0.3950
273 278 20 26 0.3937
807 306 22 30 0.3931
319 4 21 25 0.3918
679 133 20 24 0.3914
250 807 24 29 0.3892
893 236 22 27 0.3878
412 387 22 26 0.3868
224 293 20 23 0.3846
294 331 22 28 0.3844
521 349 22 28 0.3841
15 225 19 25 0.3839
340 366 18 24 0.3833
894 196 23 28 0.3829
847 12 18 24 0.3786
974 355 21 25 0.3752
297 332 22 27 0.3726
896 237 21 26 0.3724
851 12 18 23 0.3706
835 46 21 26 0.3679
532 703 23 30 0.3662
329 424 23 28 0.3650
307 641 24 28 0.3620
190 123 21 26 0.3593
874 380 21 26 0.3548
690 0 20 14 0.3540
55 579 21 27 0.3518
982 267 23 27 0.3512
483 110 22 27 0.3511
720 453 22 28 0.3495
465 36 19 25 0.3484
972 348 22 29 0.3480
193 426 26 29 0.3463
559 632 23 27 0.3439
961 391 24 30 0.3434
617 362 23 30 0.3420
385 642 24 29 0.3417
68 833 24 29 0.3387
188 119 21 27 0.3360
458 185 23 26 0.3348
755 534 24 29 0.3342
16 153 23 25 0.3339
500 33 21 29 0.3310
251 481 23 31 0.3298
809 635 22 29 0.3266
216 94 19 25 0.3262
885 405 24 28 0.3236
4 245 21 28 0.3220
899 197 21 27 0.3165
144 52 22 27 0.3138
716 44 22 28 0.3119
190 2 20 23 0.3094
741 423 20 26 0.3076
40 781 23 32 0.3067
959 704 24 27 0.3052
858 585 24 30 0.3027
42 893 25 30 0.3024
62 101 21 25 0.3023
907 436 23 29 0.2985
178 599 24 28 0.2972
905 69 19 25 0.2959
363 536 19 31 0.2955
927 385 22 27 0.2950
788 703 24 28 0.2930
569 751 28 33 0.2900
149 876 22 35 0.2897
826 366 19 26 0.2837
618 3 20 23 0.2808
702 114 19 24 0.2778
285 586 21 25 0.2772
903 438 22 28 0.2770
655 53 18 22 0.2750
617 131 22 27 0.2732
1006 455 18 29 0.2723
955 100 21 26 0.2719
512 260 20 23 0.2711
318 745 24 30 0.2679
344 386 21 27 0.2655
830 366 20 26 0.2643
457 283 22 25 0.2610
22 153 22 26 0.2594
762 409 23 27 0.2533
314 307 20 29 0.2528
7 182 20 27 0.2518
330 157 19 23 0.2481
629 268 18 23 0.2474
0 246 20 27 0.2472
1007 181 17 26 0.2464
348 387 21 27 0.2464
156 386 23 27 0.2462
405 286 20 25 0.2459
459 101 18 24 0.2450
60 579 20 27 0.2446
212 881 23 31 0.2404
626 334 22 27 0.2379
42 837 25 30 0.2378
902 161 22 26 0.2359
367 537 21 30 0.2355
74 895 28 31 0.2339
459 480 28 34 0.2334
167 712 22 29 0.2321
402 85 22 27 0.2314
181 604 23 28 0.2292
828 241 23 28 0.2287
252 73 21 25 0.2279
417 282 22 28 0.2270
901 157 21 27 0.2246
832 44 21 26 0.2231
424 281 20 26 0.2213
38 892 23 30 0.2209
147 414 20 25 0.2205
827 524 24 28 0.2176
963 705 25 27 0.2169
472 152 18 23 0.2164
980 0 20 10 0.2154
558 107 22 26 0.2144
463 301 22 29 0.2139
1012 234 12 26 0.2135
995 524 21 25 0.2112
540 34 20 24 0.2101
674 133 21 23 0.2079
924 616 23 30 0.2069
195 1 20 25 0.2068
930 735 24 33 0.2068
38 685 24 31 0.2060
906 157 21 27 0.2057
650 113 22 25 0.2017
890 351 20 25 0.2016
428 25 20 23 0.2000
398 0 24 14 0.1995
522 428 23 27 0.1966
867 324 21 26 0.1960
154 729 20 28 0.1950
233 389 21 27 0.1947
763 709 26 29 0.1921
910 0 20 13 0.1918
596 156 22 29 0.1913
549 148 20 25 0.1911
953 311 21 27 0.1910
836 344 24 27 0.1901
918 266 24 28 0.1896
406 85 22 27 0.1884
635 239 19 25 0.1874
985 0 19 10 0.1867
968 205 20 24 0.1859
320 577 21 27 0.1856
624 330 23 27 0.1851
414 423 24 28 0.1850
415 393 22 25 0.1832
694 88 20 24 0.1829
804 420 23 29 0.1828
694 0 22 15 0.1811
159 730 21 28 0.1810
120 447 24 28 0.1799
168 605 22 27 0.1798
757 102 21 29 0.1783
841 196 23 29 0.1783
316 78 21 27 0.1780
747 170 22 28 0.1766
191 429 25 29 0.1764
948 228 21 28 0.1749
969 100 21 27 0.1729
566 1 21 19 0.1728
109 509 22 25 0.1727
783 267 22 26 0.1727
783 124 17 23 0.1726
166 466 25 29 0.1725
8 72 20 26 0.1724
322 6 21 26 0.1722
779 243 20 25 0.1705
244 288 21 26 0.1694
675 310 19 24 0.1691
764 0 17 11 0.1687
0 116 12 27 0.1687
813 119 18 25 0.1687
738 463 23 29 0.1686
132 792 23 29 0.1683
639 236 19 25 0.1677
955 285 24 27 0.1671
809 420 24 29 0.1668
190 426 25 29 0.1660
104 121 23 27 0.1658
424 29 20 22 0.1656
673 508 23 29 0.1653
927 732 23 31 0.1647
530 250 20 25 0.1627
58 3 20 24 0.1626
321 480 23 31 0.1622
664 1 18 19 0.1614
37 589 19 24 0.1610
734 331 20 26 0.1608
855 425 23 26 0.1595
770 358 21 25 0.1577
719 366 21 27 0.1577
351 416 18 24 0.1573
639 239 20 25 0.1572
793 277 22 26 0.1566
954 26 20 25 0.1561
747 77 19 22 0.1557
719 0 19 16 0.1553
228 389 22 27 0.1553
456 249 19 21 0.1551
0 730 12 31 0.1546
854 46 19 26 0.1545
524 430 25 30 0.1532
635 670 24 30 0.1520
429 29 21 23 0.1502
135 791 22 29 0.1499
807 119 19 25 0.1491
752 170 22 29 0.1477
220 333 21 27 0.1473
543 61 19 24 0.1467
770 497 22 29 0.1457
108 503 22 26 0.1455
744 632 24 31 0.1452
965 197 20 26 0.1444
62 493 20 27 0.1438
955 313 21 28 0.1433
57 493 21 28 0.1432
3 182 19 27 0.1427
235 392 21 26 0.1424
63 830 24 31 0.1422
195 428 26 30 0.1421
230 392 21 25 0.1418
177 907 22 27 0.1417
46 73 18 26 0.1415
757 797 39 44 0.1410
673 48 18 23 0.1408
459 223 22 27 0.1388
919 224 20 25 0.1375
905 728 22 30 0.1367
331 471 25 30 0.1362
384 258 17 24 0.1358
56 585 21 23 0.1348
510 254 21 24 0.1340
640 395 23 26 0.1335
651 203 21 29 0.1323
65 103 21 26 0.1320
635 236 18 25 0.1315
960 197 20 25 0.1309
254 758 24 30 0.1301
570 274 21 26 0.1286
46 663 19 25 0.1272
463 184 21 26 0.1268
193 118 21 27 0.1239
517 430 25 30 0.1235
963 202 19 25 0.1229
203 385 24 28 0.1214
966 166 20 23 0.1211
462 104 19 24 0.1202
787 276 23 28 0.1176
292 231 20 25 0.1162
861 364 21 26 0.1160
402 81 20 26 0.1155
0 550 14 31 0.1146
20 226 18 23 0.1145
977 102 19 26 0.1134
780 120 17 24 0.1133
1002 455 18 28 0.1132
398 110 20 26 0.1120
711 230 21 26 0.1117
465 224 20 26 0.1113
587 406 23 27 0.1080
406 81 21 26 0.1078
656 354 19 26 0.1074
828 524 24 28 0.1071
461 455 22 25 0.1071
923 385 21 27 0.1067
249 758 23 29 0.1060
952 584 25 29 0.1060
1002 181 18 26 0.1059
388 259 17 23 0.1056
857 468 23 28 0.1053
773 198 23 28 0.1051
181 375 22 26 0.1041
272 545 22 28 0.1038
121 592 18 26 0.1037
959 101 21 27 0.1030
666 44 20 26 0.1029
568 155 21 26 0.1028
383 254 17 25 0.1017
808 123 19 26 0.1015
322 489 21 26 0.1014
884 290 19 25 0.1003
656 112 21 25 0.1001
603 595 26 29 0.0995
61 481 23 32 0.0988
888 290 20 25 0.0985
783 419 20 25 0.0981
628 420 22 25 0.0978
423 25 21 23 0.0962
660 1 16 18 0.0961
602 520 24 30 0.0957
658 352 19 27 0.0957
620 55 19 21 0.0956
851 43 18 26 0.0953
790 19 21 27 0.0947
189 36 20 26 0.0944
318 260 17 23 0.0943
601 56 21 25 0.0939
134 574 20 26 0.0935
238 297 23 27 0.0930
357 436 18 25 0.0927
766 798 33 40 0.0919
435 510 23 29 0.0918
253 569 22 28 0.0917
715 452 21 27 0.0915
33 184 20 28 0.0911
37 836 26 31 0.0903
717 291 21 26 0.0903
724 173 23 29 0.0900
459 377 21 27 0.0899
892 354 21 26 0.0895
134 555 20 24 0.0893
46 655 19 25 0.0892
1 114 17 28 0.0889
846 652 25 30 0.0881
751 535 22 28 0.0878
552 441 22 28 0.0876
877 41 20 25 0.0870
334 465 22 27 0.0867
907 162 21 25 0.0865
228 295 20 25 0.0862
465 456 22 24 0.0857
309 307 19 29 0.0855
751 77 19 22 0.0854
831 48 19 24 0.0839
347 856 32 38 0.0836
538 60 19 25 0.0831
638 390 21 24 0.0824
153 173 20 25 0.0822
156 877 20 33 0.0822
344 367 18 24 0.0822
593 452 21 26 0.0821
497 417 20 26 0.0818
759 647 27 32 0.0795
388 254 18 25 0.0795
1015 237 9 26 0.0789
160 734 21 28 0.0785
211 533 19 26 0.0784
107 675 20 25 0.0781
1001 413 19 26 0.0780
76 646 21 27 0.0771
781 305 20 24 0.0770
209 57 19 24 0.0770
4 71 18 26 0.0764
322 582 21 26 0.0759
561 100 23 27 0.0758
640 651 24 28 0.0749
179 909 22 26 0.0748
417 604 23 29 0.0737
195 36 21 25 0.0730
789 271 24 29 0.0726
309 640 24 28 0.0725
707 377 22 28 0.0724
725 180 24 28 0.0722
465 378 21 29 0.0716
377 858 24 32 0.0716
59 104 21 26 0.0715
19 454 21 28 0.0705
381 229 17 28 0.0705
408 266 21 26 0.0703
106 58 17 23 0.0696
996 701 20 28 0.0693
315 202 20 26 0.0692
0 733 14 31 0.0675
252 753 23 28 0.0674
1 0 13 17 0.0672
404 632 21 30 0.0667
644 741 29 35 0.0666
374 33 18 28 0.0664
596 0 18 12 0.0662
1005 413 18 26 0.0659
741 466 25 30 0.0655
2 730 15 28 0.0647
758 0 17 11 0.0644
683 701 20 28 0.0644
257 367 20 25 0.0643
138 575 20 27 0.0641
999 523 17 24 0.0638
154 667 20 30 0.0636
775 456 27 34 0.0636
819 144 21 26 0.0635
404 0 25 14 0.0633
943 227 20 27 0.0631
837 135 20 24 0.0628
933 245 20 25 0.0625
191 8 19 24 0.0624
273 547 21 27 0.0623
114 57 20 25 0.0622
543 131 20 25 0.0620
138 555 20 24 0.0620
339 557 22 29 0.0620
634 395 23 26 0.0617
737 135 19 25 0.0616
582 436 21 26 0.0615
26 635 21 27 0.0611
463 100 19 26 0.0609
543 463 23 31 0.0606
786 22 22 29 0.0601
655 475 23 27 0.0598
127 307 21 29 0.0598
529 494 24 30 0.0594
532 507 22 27 0.0590
58 99 21 26 0.0589
319 83 21 27 0.0587
461 249 18 21 0.0584
358 329 16 25 0.0581
869 108 20 25 0.0580
287 367 20 26 0.0578
854 582 24 29 0.0578
655 204 21 28 0.0577
5 179 20 26 0.0577
910 351 19 24 0.0576
284 583 20 25 0.0575
886 349 19 26 0.0571
706 237 21 26 0.0570
532 180 22 24 0.0567
605 523 24 29 0.0565
344 391 22 27 0.0563
141 343 19 26 0.0561
626 74 23 27 0.0560
882 3 21 22 0.0558
929 490 21 29 0.0553
585 491 25 30 0.0551
170 600 23 28 0.0549
736 423 20 26 0.0546
693 586 29 30 0.0546
974 219 21 28 0.0545
39 663 20 26 0.0543
769 0 17 12 0.0542
434 0 21 13 0.0539
688 588 25 29 0.0539
666 357 21 28 0.0538
561 330 20 25 0.0537
194 124 20 25 0.0530
539 704 20 28 0.0528
182 648 24 28 0.0528
327 748 24 29 0.0524
650 275 22 28 0.0521
192 288 19 25 0.0516
339 725 24 29 0.0515
171 627 17 22 0.0508
129 318 19 24 0.0505
32 503 24 30 0.0504
949 23 17 24 0.0502
7 0 15 13 0.0501
290 583 20 24 0.0496
139 51 21 26 0.0496
392 90 15 22 0.0495
945 232 20 25 0.0493
190 671 20 25 0.0491
0 115 7 26 0.0490
173 467 25 28 0.0488
196 649 21 25 0.0486
687 31 19 24 0.0486
248 752 22 28 0.0485
602 158 22 27 0.0484
950 67 22 26 0.0482
774 243 19 25 0.0481
337 836 24 30 0.0476
47 3 18 21 0.0475
393 137 20 26 0.0475
537 0 21 17 0.0474
1 550 17 29 0.0473
815 818 25 35 0.0466
110 680 20 25 0.0466
991 102 21 28 0.0465
947 581 25 29 0.0464
557 3 22 22 0.0463
517 426 22 26 0.0460
569 218 22 26 0.0459
323 577 24 28 0.0457
154 886 20 32 0.0456
676 127 20 25 0.0456
660 149 20 25 0.0455
746 638 27 34 0.0454
316 754 26 30 0.0451
865 470 24 30 0.0450
174 627 18 22 0.0449
462 283 22 25 0.0446
173 537 21 26 0.0446
836 454 20 25 0.0443
569 333 20 25 0.0439
325 561 21 27 0.0438
595 50 21 26 0.0436
591 409 23 28 0.0431
407 160 24 29 0.0431
850 291 20 25 0.0430
1008 289 15 28 0.0428
155 735 20 27 0.0428
171 37 18 25 0.0424
544 466 24 31 0.0421
815 125 19 26 0.0421
145 45 21 25 0.0420
352 506 20 30 0.0420
173 713 20 26 0.0420
378 135 18 29 0.0419
813 175 20 25 0.0416
750 632 27 33 0.0416
289 585 22 25 0.0415
828 166 20 25 0.0415
147 870 21 32 0.0412
502 247 20 24 0.0412
652 349 19 26 0.0411
658 188 21 25 0.0410
771 204 22 27 0.0409
698 113 17 24 0.0408
886 355 20 25 0.0406
306 859 33 47 0.0406
557 377 24 28 0.0404
419 59 21 25 0.0404
147 631 21 27 0.0404
911 354 21 25 0.0404
409 764 20 28 0.0404
174 621 21 25 0.0404
464 372 18 24 0.0403
350 392 21 26 0.0402
569 160 21 28 0.0402
190 95 21 25 0.0402
467 151 19 24 0.0401
526 245 20 24 0.0401
197 289 18 23 0.0399
783 122 19 25 0.0398
841 702 24 31 0.0397
870 380 19 26 0.0392
393 367 20 27 0.0387
658 550 21 25 0.0385
652 550 22 26 0.0384
846 424 21 25 0.0382
324 4 20 25 0.0381
750 164 22 27 0.0381
362 510 18 28 0.0381
73 523 19 22 0.0380
409 389 22 27 0.0378
322 310 21 27 0.0378
499 78 23 27 0.0372
661 89 21 25 0.0372
930 326 19 26 0.0370
696 83 21 25 0.0368
173 909 22 27 0.0365
45 855 25 29 0.0363
314 260 18 23 0.0363
923 265 23 29 0.0362
569 57 21 26 0.0362
28 731 25 27 0.0361
721 296 20 23 0.0361
1005 179 16 26 0.0361
137 549 19 24 0.0359
636 393 21 25 0.0359
376 239 17 24 0.0357
355 681 22 27 0.0355
205 396 24 29 0.0354
525 0 18 14 0.0353
879 513 21 30 0.0353
217 583 19 25 0.0352
805 175 20 24 0.0351
147 64 22 27 0.0350
593 605 23 29 0.0348
886 37 21 27 0.0348
847 700 26 33 0.0347
411 427 21 26 0.0347
951 164 19 23 0.0347
323 741 24 28 0.0346
512 80 24 30 0.0342
56 7 20 24 0.0339
330 204 20 27 0.0338
598 453 21 26 0.0336
505 462 22 28 0.0334
273 69 18 25 0.0332
323 530 20 25 0.0332
135 310 20 26 0.0332
158 433 22 27 0.0332
311 202 19 26 0.0331
208 52 19 24 0.0331
370 33 16 27 0.0331
209 388 24 27 0.0331
582 322 21 27 0.0330
928 0 18 13 0.0329
746 463 23 28 0.0328
770 350 22 28 0.0327
315 313 20 29 0.0326
213 413 20 26 0.0324
603 604 26 30 0.0324
286 767 22 28 0.0323
789 397 19 25 0.0322
907 0 19 18 0.0322
964 586 22 28 0.0318
976 164 19 24 0.0316
219 581 19 24 0.0315
930 683 23 29 0.0311
404 763 21 28 0.0310
533 474 26 33 0.0310
342 857 31 39 0.0308
921 276 21 27 0.0308
57 2 21 25 0.0307
693 580 30 30 0.0307
328 470 23 29 0.0307
593 597 23 27 0.0304
323 3 22 28 0.0302
335 569 27 32 0.0302
521 428 23 30 0.0301
660 82 19 25 0.0301
244 358 20 25 0.0301
668 382 20 24 0.0301
152 52 19 25 0.0301
907 200 20 25 0.0300
392 85 14 22 0.0298
410 255 20 25 0.0296
568 451 20 24 0.0296
967 159 21 27 0.0295
989 138 18 25 0.0295
71 535 21 27 0.0294
769 273 19 24 0.0294
881 44 19 25 0.0293
635 419 19 24 0.0292
860 424 24 27 0.0291
138 413 22 28 0.0291
561 158 21 26 0.0290
134 313 21 27 0.0290
416 600 23 29 0.0290
8 58 20 27 0.0288
417 349 24 28 0.0288
35 585 19 23 0.0288
588 476 25 30 0.0286
681 317 19 23 0.0286
0 543 14 26 0.0285
588 63 22 27 0.0285
496 410 20 26 0.0284
788 274 23 30 0.0284
219 336 19 24 0.0284
335 365 18 24 0.0283
672 4 20 22 0.0283
672 45 20 25 0.0281
704 704 25 30 0.0280
899 350 23 27 0.0280
787 423 22 26 0.0280
17 156 23 27 0.0280
182 304 19 25 0.0279
457 370 20 27 0.0279
10 450 20 27 0.0277
498 154 20 26 0.0277
660 239 19 25 0.0276
405 281 20 26 0.0275
470 391 23 27 0.0274
142 665 20 27 0.0274
153 0 23 15 0.0274
177 653 21 27 0.0273
633 650 25 31 0.0271
598 473 24 30 0.0271
386 364 19 27 0.0270
90 892 24 30 0.0270
323 79 20 26 0.0270
500 463 21 27 0.0269
1010 294 14 28 0.0268
486 156 20 26 0.0268
318 781 22 27 0.0265
283 495 22 27 0.0264
996 141 18 26 0.0264
388 539 21 27 0.0264
923 489 21 30 0.0264
929 484 19 27 0.0263
769 649 23 29 0.0262
961 307 20 29 0.0262
858 430 25 30 0.0262
993 696 20 28 0.0261
706 492 25 30 0.0260
21 634 20 27 0.0260
292 767 23 30 0.0259
150 590 18 23 0.0259
402 435 19 29 0.0259
400 116 20 25 0.0258
602 268 20 26 0.0258
434 415 22 28 0.0256
1005 232 17 27 0.0256
709 233 22 27 0.0256
902 728 24 31 0.0255
130 0 19 15 0.0254
655 279 23 28 0.0254
870 386 23 27 0.0254
899 375 21 26 0.0253
901 197 22 27 0.0252
813 180 19 24 0.0252
642 326 20 25 0.0250
676 701 18 27 0.0249
483 270 20 24 0.0249
453 244 18 23 0.0248
950 280 21 25 0.0247
14 76 18 24 0.0246
81 617 20 24 0.0246
633 94 19 24 0.0245
477 388 21 25 0.0245
161 0 20 11 0.0244
401 623 25 31 0.0243
700 342 20 24 0.0242
779 123 16 24 0.0241
131 586 21 27 0.0240
180 41 19 24 0.0240
398 613 26 30 0.0239
38 125 20 26 0.0239
364 537 22 31 0.0239
714 373 22 27 0.0238
676 317 19 23 0.0238
382 13 16 22 0.0238
89 743 22 29 0.0237
772 279 17 23 0.0237
246 313 20 24 0.0237
44 124 20 25 0.0237
409 427 18 26 0.0235
525 2 21 22 0.0235
881 6 20 25 0.0234
404 111 18 23 0.0234
88 514 21 25 0.0233
299 689 27 32 0.0233
1002 701 18 29 0.0232
915 680 26 31 0.0231
139 315 20 25 0.0230
750 80 21 26 0.0228
756 105 20 27 0.0228
404 83 21 28 0.0227
71 443 24 30 0.0227
41 654 19 26 0.0227
820 712 22 29 0.0226
826 162 21 25 0.0226
352 508 20 29 0.0226
221 585 19 23 0.0226
956 661 26 31 0.0225
873 267 20 24 0.0224
116 124 20 26 0.0224
516 76 22 28 0.0223
783 461 22 28 0.0222
544 146 20 26 0.0222
697 18 21 28 0.0222
561 87 21 25 0.0222
381 142 21 31 0.0221
444 0 17 12 0.0221
57 482 22 30 0.0220
615 689 23 29 0.0220
103 124 20 25 0.0220
45 146 18 24 0.0220
1009 78 15 23 0.0219
40 888 24 31 0.0219
38 118 19 24 0.0218
288 581 23 29 0.0216
905 196 22 27 0.0216
786 13 20 25 0.0216
556 382 23 28 0.0216
477 0 20 10 0.0216
453 281 18 24 0.0216
435 164 19 24 0.0215
564 443 22 27 0.0215
719 359 20 26 0.0215
89 169 24 28 0.0215
359 335 16 26 0.0215
872 43 21 24 0.0215
387 12 16 21 0.0214
950 134 20 25 0.0212
313 746 21 28 0.0212
418 704 21 28 0.0212
1000 106 19 27 0.0211
429 140 19 24 0.0210
490 431 20 26 0.0210
311 76 21 27 0.0209
638 784 25 30 0.0209
602 2 19 21 0.0209
706 117 20 24 0.0208
614 420 22 28 0.0208
64 750 22 28 0.0208
819 121 17 23 0.0207
343 128 17 25 0.0207
332 232 23 27 0.0207
2 37 16 27 0.0206
970 135 21 26 0.0206
360 430 20 26 0.0205
16 290 22 29 0.0205
16 231 20 25 0.0205
103 124 21 25 0.0205
441 164 18 23 0.0204
974 67 22 27 0.0204
652 189 21 27 0.0204
170 903 21 28 0.0203
242 314 21 25 0.0203
384 858 25 34 0.0203
754 652 24 29 0.0202
177 648 19 26 0.0202
633 88 21 25 0.0202
544 63 19 23 0.0202
592 9 19 22 0.0201
777 304 17 23 0.0200
759 0 20 18 0.0200
634 423 22 26 0.0199
710 384 20 26 0.0199
517 76 20 27 0.0199
977 353 24 28 0.0199
925 253 22 27 0.0198
883 295 20 25 0.0197
446 224 17 24 0.0194
102 882 22 31 0.0194
179 370 21 28 0.0194
2 178 17 25 0.0194
2 119 14 26 0.0193
782 242 19 24 0.0193
948 165 19 24 0.0192
717 459 22 27 0.0192
388 373 19 27 0.0192
546 382 19 24 0.0191
402 1 24 19 0.0190
495 158 20 26 0.0189
353 678 21 26 0.0189
746 424 22 26 0.0188
179 577 23 27 0.0188
748 627 25 30 0.0188
768 793 29 31 0.0188
747 180 23 27 0.0187
786 397 20 25 0.0187
53 75 20 26 0.0187
434 505 23 26 0.0187
409 227 22 27 0.0186
459 216 21 26 0.0185
348 727 22 26 0.0185
575 226 21 25 0.0185
802 56 18 22 0.0184
1009 238 14 25 0.0184
641 270 21 26 0.0184
566 231 20 24 0.0184
408 163 22 27 0.0183
314 195 19 27 0.0183
15 90 20 26 0.0183
871 2 21 25 0.0183
299 856 35 49 0.0182
944 586 22 27 0.0182
6 39 18 28 0.0181
411 746 22 29 0.0180
452 246 17 22 0.0180
0 118 9 25 0.0180
144 656 23 30 0.0180
527 269 21 27 0.0179
140 624 20 24 0.0178
890 296 21 25 0.0177
831 344 21 26 0.0177
939 318 24 29 0.0177
649 122 22 26 0.0176
482 382 22 27 0.0175
525 176 19 22 0.0175
974 201 20 24 0.0174
490 82 20 25 0.0173
24 501 23 29 0.0173
156 416 22 27 0.0173
109 892 19 27 0.0173
104 506 21 26 0.0173
709 367 22 27 0.0173
11 151 16 23 0.0173
60 497 21 26 0.0173
384 230 18 25 0.0172
407 383 20 27 0.0172
364 543 20 30 0.0172
464 450 20 23 0.0171
964 661 24 29 0.0171
523 399 19 22 0.0171
744 141 22 26 0.0170
650 47 18 23 0.0170
661 545 18 20 0.0170
172 720 21 25 0.0169
663 651 22 26 0.0169
133 123 19 23 0.0168
426 70 21 26 0.0168
2 737 15 27 0.0167
105 54 19 23 0.0166
806 820 25 33 0.0165
362 507 20 29 0.0165
421 347 21 27 0.0164
677 699 22 27 0.0164
717 449 21 28 0.0163
831 284 19 24 0.0162
629 307 23 28 0.0162
831 452 19 25 0.0162
410 393 19 24 0.0162
71 710 23 27 0.0162
712 265 20 27 0.0160
708 17 20 26 0.0160
981 0 20 18 0.0159
1004 143 17 27 0.0158
550 297 18 21 0.0158
647 24 18 22 0.0158
556 437 22 26 0.0157
441 377 20 26 0.0157
114 503 20 25 0.0157
484 8 20 23 0.0156
114 120 20 26 0.0156
0 548 9 28 0.0156
950 27 17 24 0.0155
396 723 20 27 0.0155
327 545 23 28 0.0155
945 584 24 29 0.0154
695 650 22 28 0.0154
819 716 25 30 0.0154
953 236 21 26 0.0153
444 416 21 28 0.0152
251 765 26 30 0.0152
713 275 20 26 0.0152
31 588 18 23 0.0151
307 863 34 46 0.0151
521 396 20 22 0.0151
212 89 20 26 0.0151
196 9 18 24 0.0150
406 769 25 30 0.0150
40 185 20 28 0.0149
156 868 19 30 0.0148
552 124 23 28 0.0147
1013 233 11 27 0.0147
916 532 24 28 0.0146
354 328 15 25 0.0146
568 227 18 23 0.0146
335 831 23 30 0.0146
761 58 19 24 0.0145
898 448 23 28 0.0144
317 737 25 29 0.0144
918 653 22 27 0.0143
62 7 19 24 0.0142
1008 466 15 29 0.0142
525 505 24 29 0.0141
445 356 19 24 0.0141
167 730 22 29 0.0141
915 668 27 34 0.0141
957 517 21 28 0.0140
944 135 19 24 0.0140
348 131 17 26 0.0140
336 361 18 23 0.0140
141 882 23 31 0.0140
712 288 19 26 0.0139
903 432 23 28 0.0139
355 852 33 39 0.0139
692 82 20 25 0.0138
764 352 22 27 0.0138
290 768 23 30 0.0138
338 584 22 27 0.0138
829 43 20 25 0.0138
24 88 19 24 0.0138
410 638 22 30 0.0138
248 356 19 24 0.0137
959 159 22 26 0.0137
346 844 31 39 0.0136
865 198 19 24 0.0135
935 732 25 30 0.0135
71 543 20 25 0.0134
861 584 24 30 0.0134
425 59 20 25 0.0133
518 399 20 25 0.0133
751 124 22 27 0.0132
0 588 16 27 0.0132
422 139 20 26 0.0131
133 1 21 22 0.0131
141 422 21 26 0.0131
48 639 21 27 0.0130
252 317 22 26 0.0129
338 389 20 25 0.0129
0 567 18 31 0.0129
864 586 22 28 0.0129
101 431 19 25 0.0129
220 297 18 23 0.0128
328 203 20 24 0.0128
425 604 20 27 0.0128
455 278 20 24 0.0128
498 469 23 27 0.0128
3 57 18 28 0.0127
900 734 24 30 0.0127
999 363 20 30 0.0127
833 460 21 26 0.0127
673 591 19 25 0.0126
369 436 19 27 0.0126
605 126 22 27 0.0126
248 118 18 23 0.0125
449 384 21 25 0.0125
807 179 22 26 0.0125
402 239 19 24 0.0125
5 571 20 27 0.0125
124 308 17 25 0.0124
488 423 21 28 0.0123
1 254 19 30 0.0123
389 349 16 25 0.0123
5 255 22 29 0.0123
426 701 24 30 0.0122
900 235 23 27 0.0122
10 453 18 25 0.0122
867 357 22 26 0.0121
856 294 21 25 0.0121
831 45 21 25 0.0121
927 668 25 32 0.0120
506 508 25 28 0.0120
487 422 19 27 0.0120
613 597 21 27 0.0120
60 115 21 25 0.0120
460 448 21 24 0.0120
595 468 25 30 0.0119
343 250 19 25 0.0118
684 685 20 32 0.0118
997 341 18 26 0.0118
296 393 21 27 0.0118
180 310 18 23 0.0118
440 2 20 19 0.0117
384 280 16 23 0.0117
921 482 20 27 0.0117
408 350 24 27 0.0117
910 427 22 29 0.0117
460 130 20 24 0.0116
717 395 22 27 0.0116
445 336 17 23 0.0116
88 764 22 28 0.0116
226 83 18 23 0.0115
814 145 17 23 0.0115
884 513 22 29 0.0114
376 233 15 25 0.0114
432 690 22 30 0.0114
685 581 26 31 0.0114
142 669 19 26 0.0113
363 424 17 25 0.0113
770 221 18 23 0.0113
266 592 20 26 0.0113
721 679 24 30 0.0113
464 215 21 26 0.0113
756 802 42 48 0.0113
910 271 22 27 0.0113
939 59 21 27 0.0113
641 118 21 25 0.0112
492 284 19 25 0.0112
986 217 20 26 0.0112
715 45 21 27 0.0111
827 359 22 27 0.0111
678 481 22 27 0.0111
133 406 22 27 0.0110
195 671 19 25 0.0110
19 189 21 26 0.0110
78 711 25 29 0.0110
55 75 20 24 0.0109
85 623 22 25 0.0109
529 240 19 24 0.0109
315 5 19 22 0.0109
437 331 19 24 0.0109
771 165 20 25 0.0109
758 791 34 38 0.0109
655 543 20 23 0.0109
505 466 24 28 0.0108
171 704 22 27 0.0108
0 730 7 31 0.0108
944 66 21 26 0.0107
424 600 19 26 0.0107
163 606 19 25 0.0106
874 446 23 27 0.0106
599 590 24 29 0.0105
867 319 23 27 0.0105
440 504 24 28 0.0105
589 430 22 26 0.0104
371 38 19 26 0.0104
418 293 21 26 0.0104
940 578 23 27 0.0104
196 608 18 24 0.0104
157 713 21 28 0.0104
324 308 18 26 0.0103
91 617 20 24 0.0103
536 462 23 31 0.0103
550 38 20 25 0.0103
636 237 21 26 0.0102
125 318 16 24 0.0102
805 365 19 24 0.0102
18 288 21 29 0.0101
282 604 23 30 0.0101
903 159 23 28 0.0101
390 872 27 37 0.0101
455 306 19 25 0.0101
316 796 25 32 0.0100
