10_People_Marching_People_Marching_2_395
78
958 179 31 36 0.8505
581 181 32 40 0.8492
221 159 31 43 0.8406
468 180 29 37 0.8300
745 215 24 30 0.8162
833 213 24 30 0.7917
8 226 23 32 0.7722
391 207 22 29 0.6953
323 227 18 25 0.6463
94 167 22 26 0.6055
668 217 18 24 0.5123
301 340 17 22 0.4620
340 236 19 23 0.4370
154 169 27 38 0.4244
63 224 23 27 0.4082
299 340 16 22 0.2820
526 287 10 13 0.2501
669 216 21 27 0.2420
152 168 26 38 0.2225
528 288 10 12 0.1569
525 287 8 12 0.1498
0 229 12 26 0.1453
769 224 26 30 0.1415
336 234 19 24 0.1378
325 227 19 26 0.1066
67 224 21 27 0.1059
93 168 19 24 0.0989
123 190 20 29 0.0789
153 168 22 34 0.0701
520 198 15 21 0.0695
519 200 18 25 0.0647
1 229 20 36 0.0642
417 215 23 27 0.0612
766 224 24 30 0.0603
336 235 17 23 0.0588
428 217 18 21 0.0581
152 177 26 33 0.0541
516 202 15 22 0.0500
0 226 10 23 0.0467
518 218 10 13 0.0361
528 289 10 13 0.0345
516 220 9 12 0.0329
518 198 12 20 0.0291
282 262 14 18 0.0286
156 176 27 34 0.0284
118 190 19 29 0.0230
94 183 25 36 0.0218
518 197 17 25 0.0212
768 222 23 29 0.0211
0 238 17 37 0.0209
394 215 23 30 0.0196
389 209 18 23 0.0181
396 0 7 9 0.0167
399 0 8 8 0.0159
524 290 9 12 0.0159
336 229 18 25 0.0157
1006 348 9 11 0.0156
397 0 8 8 0.0153
284 263 15 18 0.0152
60 224 20 25 0.0151
297 241 6 8 0.0151
772 222 21 26 0.0149
40 191 11 15 0.0145
323 235 18 22 0.0138
134 204 24 32 0.0133
958 179 30 36 0.0128
668 220 18 27 0.0127
1009 348 9 11 0.0126
296 241 6 7 0.0124
271 347 8 13 0.0119
135 201 21 27 0.0115
525 286 9 12 0.0115
125 191 23 33 0.0113
169 184 25 27 0.0110
294 241 6 8 0.0109
402 207 22 30 0.0107
395 0 8 7 0.0106
356 220 13 18 0.0103
