10_People_Marching_People_Marching_2_27
63
574 193 36 41 0.8586
913 269 35 43 0.8468
363 183 28 36 0.8430
832 226 30 37 0.8399
859 204 27 34 0.8389
36 204 30 36 0.8308
304 183 35 37 0.8288
265 194 26 31 0.8284
130 196 31 33 0.8256
537 199 31 36 0.8170
705 204 33 37 0.8169
17 189 26 31 0.8094
914 213 28 36 0.8070
212 205 23 27 0.8069
646 183 26 32 0.7971
484 196 23 25 0.7957
790 228 26 34 0.7929
520 196 23 30 0.7895
610 212 32 33 0.7868
160 181 27 33 0.7549
655 222 26 31 0.7189
0 187 11 31 0.6747
987 207 15 35 0.5352
434 186 27 35 0.5015
434 186 26 34 0.5000
206 188 20 22 0.4401
208 187 20 23 0.2931
705 204 33 37 0.2925
991 206 15 36 0.2178
891 221 25 32 0.1882
420 220 18 21 0.1794
890 220 23 32 0.1704
906 205 26 34 0.1575
536 185 23 29 0.1116
987 206 14 36 0.0880
207 188 21 25 0.0861
339 189 21 28 0.0842
76 214 18 24 0.0784
710 186 26 33 0.0765
341 184 19 25 0.0686
476 205 16 22 0.0683
906 200 22 28 0.0616
74 210 16 25 0.0413
719 191 27 37 0.0331
538 185 27 31 0.0321
775 207 22 29 0.0258
884 222 24 30 0.0246
762 234 19 25 0.0244
895 217 25 35 0.0211
2 187 15 31 0.0204
300 184 30 35 0.0203
717 187 26 32 0.0188
0 187 9 29 0.0179
80 214 20 24 0.0175
299 185 19 26 0.0159
298 188 23 29 0.0154
901 203 22 29 0.0143
774 214 27 34 0.0143
881 197 19 27 0.0140
80 211 19 23 0.0126
755 236 23 29 0.0120
757 234 20 24 0.0119
974 206 17 26 0.0106
