10_People_Marching_People_Marching_2_668
69
411 307 44 51 0.8664
659 309 33 37 0.8583
541 290 31 38 0.8506
298 348 36 43 0.8504
769 314 27 30 0.8452
194 300 35 43 0.8395
101 264 33 39 0.8334
372 330 20 24 0.8076
606 304 22 29 0.7953
857 315 22 25 0.7896
461 319 26 30 0.7844
922 335 17 18 0.7767
957 329 15 16 0.6920
514 314 19 23 0.6450
985 332 13 14 0.4898
900 346 14 16 0.3883
830 339 12 14 0.2079
516 314 19 22 0.2044
903 347 14 15 0.1917
1007 340 11 13 0.1751
1004 340 11 13 0.1507
828 339 9 13 0.1382
899 344 14 16 0.1209
837 338 13 16 0.1070
1007 334 9 11 0.0866
987 333 13 14 0.0863
989 331 12 13 0.0843
47 300 6 8 0.0789
43 300 7 9 0.0716
647 330 15 21 0.0640
1018 312 6 16 0.0631
903 344 14 15 0.0481
643 331 16 20 0.0479
46 299 6 8 0.0459
1005 254 4 6 0.0416
42 299 7 8 0.0405
644 330 14 18 0.0399
1002 253 5 7 0.0364
3 284 6 7 0.0361
0 283 6 8 0.0310
839 329 13 16 0.0307
1006 341 10 12 0.0293
835 332 13 15 0.0255
880 327 13 16 0.0249
828 340 11 13 0.0245
1001 253 5 6 0.0192
954 329 14 16 0.0182
1018 348 6 14 0.0175
992 255 6 7 0.0172
902 344 15 16 0.0166
883 334 14 17 0.0141
978 248 6 7 0.0134
1013 94 6 7 0.0133
984 334 11 13 0.0132
173 290 7 9 0.0130
799 327 18 19 0.0127
727 330 13 15 0.0125
305 320 20 26 0.0118
625 325 14 17 0.0118
827 336 9 13 0.0118
997 256 6 7 0.0116
1006 330 9 12 0.0116
176 290 7 9 0.0115
1016 95 6 7 0.0114
1018 309 6 15 0.0112
475 312 19 25 0.0110
983 332 12 14 0.0106
976 248 5 7 0.0106
1005 251 5 7 0.0101
