10_People_Marching_People_Marching_10_People_Marching_People_Marching_10_People_Marching_People_Marching_10_619
159
431 460 15 17 0.6889
668 443 13 15 0.5189
522 447 14 18 0.3762
555 445 14 16 0.3624
558 445 14 17 0.3158
590 438 13 15 0.3096
501 441 10 11 0.2945
415 445 7 10 0.2720
353 456 9 10 0.2252
51 484 14 16 0.2122
357 456 8 10 0.2058
418 445 7 10 0.2015
258 460 9 12 0.1999
232 471 10 12 0.1958
353 455 8 11 0.1945
194 464 10 16 0.1831
462 447 8 10 0.1769
356 455 8 11 0.1718
400 467 8 10 0.1700
519 448 13 16 0.1622
505 441 9 11 0.1574
438 434 9 10 0.1501
459 447 8 10 0.1443
307 460 8 10 0.1412
231 466 10 13 0.1406
612 445 10 12 0.1397
193 468 11 15 0.1336
784 418 9 10 0.1168
393 447 7 10 0.1155
212 462 10 13 0.1137
403 467 8 10 0.1132
235 470 8 12 0.1110
262 460 9 12 0.1092
159 482 11 13 0.1073
412 428 7 8 0.1063
328 460 7 9 0.1033
93 476 13 16 0.1018
215 462 10 13 0.0973
609 445 10 12 0.0958
395 447 8 10 0.0951
540 447 11 16 0.0918
402 468 7 10 0.0917
266 474 7 10 0.0895
785 418 9 11 0.0894
98 476 11 15 0.0894
190 470 10 14 0.0874
162 482 12 14 0.0866
414 444 7 9 0.0840
230 471 9 12 0.0760
331 460 7 9 0.0743
743 422 10 12 0.0736
671 443 14 15 0.0723
595 438 11 14 0.0718
359 442 7 9 0.0713
703 430 11 15 0.0703
592 440 12 16 0.0688
158 479 11 14 0.0669
504 442 8 11 0.0659
197 467 10 14 0.0632
291 458 10 11 0.0629
788 417 8 11 0.0619
666 441 13 16 0.0615
304 458 8 11 0.0614
417 444 7 9 0.0605
268 475 8 9 0.0588
436 433 8 10 0.0586
357 443 7 8 0.0582
594 439 12 14 0.0559
162 478 12 15 0.0533
614 441 10 12 0.0515
296 455 9 13 0.0507
788 418 9 11 0.0505
404 468 8 10 0.0498
459 433 7 9 0.0495
406 429 7 9 0.0494
302 458 9 12 0.0486
463 446 8 10 0.0471
702 428 10 13 0.0462
235 468 9 12 0.0453
579 442 13 17 0.0452
221 453 11 13 0.0434
700 431 10 13 0.0434
227 453 11 12 0.0431
429 460 14 16 0.0416
404 431 7 8 0.0406
459 446 8 10 0.0404
213 463 11 13 0.0397
394 446 8 10 0.0396
190 467 11 15 0.0393
443 437 8 10 0.0370
440 439 9 10 0.0368
456 432 7 9 0.0365
56 482 12 17 0.0364
417 444 7 10 0.0362
414 426 7 9 0.0354
464 455 9 12 0.0340
93 480 13 15 0.0337
622 441 8 10 0.0337
670 442 13 15 0.0336
237 465 9 12 0.0335
500 441 8 10 0.0333
257 457 9 12 0.0332
292 460 8 10 0.0308
326 458 7 9 0.0307
501 443 9 11 0.0305
723 422 10 11 0.0303
309 460 7 9 0.0278
329 458 7 9 0.0277
466 452 8 11 0.0276
371 444 7 9 0.0275
740 423 9 11 0.0272
290 457 9 11 0.0270
262 457 9 12 0.0260
373 445 8 9 0.0257
263 464 9 12 0.0255
401 467 7 9 0.0249
783 427 11 14 0.0249
499 444 9 9 0.0244
617 443 10 12 0.0243
499 458 8 10 0.0239
520 446 12 16 0.0232
190 465 10 15 0.0223
414 427 6 9 0.0218
497 458 7 9 0.0215
637 449 8 10 0.0214
393 445 7 9 0.0212
55 486 12 15 0.0207
746 422 9 10 0.0202
541 453 12 16 0.0200
468 455 8 11 0.0195
699 428 10 13 0.0194
61 475 11 17 0.0188
784 418 9 11 0.0186
565 445 11 15 0.0181
552 446 10 14 0.0177
53 477 13 18 0.0175
746 423 9 11 0.0168
359 448 9 10 0.0167
394 387 7 8 0.0165
168 460 11 14 0.0154
47 484 13 16 0.0153
724 422 9 11 0.0151
639 427 9 11 0.0149
624 443 8 11 0.0149
398 387 7 8 0.0144
636 427 9 11 0.0142
99 480 12 16 0.0138
681 421 10 14 0.0130
585 439 11 15 0.0121
651 445 8 10 0.0119
741 421 10 11 0.0116
666 444 10 14 0.0116
634 360 5 7 0.0115
390 428 8 9 0.0110
162 474 11 13 0.0108
170 485 9 12 0.0106
632 361 5 6 0.0106
701 436 11 14 0.0103
250 455 10 12 0.0103
