10_People_Marching_People_Marching_2_171
89
263 489 23 32 0.8450
306 356 23 29 0.8448
32 430 23 30 0.8399
213 433 24 29 0.8374
305 436 23 30 0.8361
62 359 24 30 0.8353
454 77 23 27 0.8331
11 630 23 30 0.8306
199 362 21 28 0.8289
440 425 22 28 0.8243
467 353 21 25 0.8227
670 90 23 28 0.8215
389 355 22 29 0.8197
976 265 24 28 0.8184
838 99 20 27 0.8184
571 72 20 25 0.8156
747 274 22 29 0.8105
560 578 20 30 0.8097
114 125 23 29 0.8031
6 141 20 26 0.7957
607 385 20 29 0.7956
96 657 20 23 0.7904
661 372 21 28 0.7821
905 336 22 29 0.7758
100 543 21 29 0.7721
345 113 20 24 0.7691
721 347 22 26 0.7608
453 532 20 29 0.7525
418 491 21 32 0.7504
343 618 18 29 0.7229
127 437 21 28 0.7113
563 425 22 28 0.6770
191 301 21 29 0.6568
552 350 22 31 0.6276
768 74 20 26 0.6272
441 292 17 22 0.5252
324 296 19 26 0.5078
245 104 20 24 0.4754
220 583 19 30 0.4739
247 104 20 24 0.4592
322 296 20 26 0.4368
569 273 18 25 0.3844
222 583 19 29 0.3725
589 250 19 25 0.3548
551 350 22 31 0.2802
439 292 16 21 0.2724
637 309 19 26 0.1857
593 250 18 26 0.1726
0 459 9 25 0.1644
567 272 17 25 0.1398
564 424 24 30 0.1241
0 458 7 24 0.1238
184 478 18 27 0.1116
415 325 18 23 0.1092
47 453 17 21 0.1077
1008 325 15 25 0.0962
181 478 17 26 0.0887
434 650 20 28 0.0853
413 326 16 22 0.0795
441 648 15 27 0.0772
441 649 19 28 0.0772
130 437 21 28 0.0737
0 307 6 25 0.0585
591 252 19 26 0.0463
583 360 21 27 0.0402
0 168 8 19 0.0396
636 316 20 28 0.0363
436 648 15 27 0.0337
771 73 20 26 0.0328
240 440 18 23 0.0316
635 307 17 23 0.0290
183 482 16 25 0.0288
191 301 20 28 0.0282
248 430 18 23 0.0280
662 345 23 28 0.0254
571 277 20 26 0.0253
191 455 18 25 0.0236
594 252 19 27 0.0235
720 347 20 26 0.0227
191 457 19 27 0.0176
185 482 18 25 0.0175
451 532 20 30 0.0163
442 292 19 24 0.0151
418 153 18 22 0.0141
455 296 16 21 0.0140
417 152 17 19 0.0137
416 330 19 25 0.0135
222 582 18 30 0.0123
161 325 19 24 0.0111
