10_People_Marching_People_Marching_2_498
48
783 541 25 29 0.8610
702 0 21 23 0.8601
344 419 27 31 0.8506
68 145 23 29 0.8489
410 584 26 30 0.8478
895 417 23 31 0.8468
607 129 23 26 0.8373
772 135 23 25 0.8340
1001 275 22 27 0.8336
542 4 24 27 0.8262
34 614 26 28 0.8260
117 271 23 26 0.8207
362 30 22 26 0.8192
721 420 23 26 0.8188
189 27 24 25 0.8179
288 287 24 25 0.8093
663 282 22 25 0.8079
942 127 24 25 0.8053
577 600 27 31 0.8051
952 545 22 30 0.7975
238 138 22 24 0.7911
162 425 22 26 0.7778
27 14 22 29 0.7347
467 296 23 25 0.7210
875 11 21 22 0.6696
833 274 22 32 0.4591
536 438 24 32 0.3838
212 600 26 29 0.3333
0 460 12 26 0.2881
834 275 23 33 0.2804
423 153 21 25 0.2158
833 276 21 30 0.1957
212 596 26 29 0.1877
536 438 25 32 0.1521
0 457 11 24 0.1512
423 145 21 27 0.1387
425 145 21 26 0.1370
874 9 21 23 0.0938
424 153 23 27 0.0796
832 275 21 30 0.0538
213 610 24 28 0.0334
0 431 9 27 0.0325
0 434 10 30 0.0278
540 445 23 29 0.0271
26 14 22 29 0.0259
543 462 22 23 0.0220
1 447 16 30 0.0129
0 458 16 33 0.0113
