10_People_Marching_People_Marching_2_269
254
769 237 26 34 0.8378
246 206 11 15 0.3979
725 197 12 14 0.3660
67 219 11 14 0.3476
751 193 9 12 0.3322
748 193 9 12 0.3312
723 197 11 14 0.3069
688 191 6 8 0.2901
70 219 11 14 0.2771
945 181 9 11 0.2764
675 193 7 9 0.2745
942 181 8 10 0.2710
524 199 8 9 0.2653
521 199 8 10 0.2652
657 191 7 10 0.2598
202 219 11 14 0.2413
535 199 6 8 0.2261
605 193 6 8 0.2184
497 202 8 11 0.2167
199 219 10 14 0.2144
655 191 7 9 0.2138
669 184 6 8 0.2059
890 174 8 10 0.2034
482 204 7 10 0.2012
695 184 6 8 0.1985
603 194 6 7 0.1794
591 192 6 7 0.1783
887 174 7 10 0.1774
393 205 6 7 0.1751
574 195 5 8 0.1744
513 208 7 9 0.1651
589 192 5 7 0.1647
333 205 5 7 0.1622
249 206 10 15 0.1602
698 190 7 8 0.1580
479 204 7 10 0.1576
724 183 9 11 0.1535
500 203 7 10 0.1531
482 204 8 11 0.1498
667 184 5 8 0.1433
345 195 5 7 0.1316
774 186 6 7 0.1301
571 195 5 8 0.1282
711 185 7 9 0.1275
777 186 6 6 0.1254
610 200 7 11 0.1238
331 205 5 7 0.1222
693 184 6 8 0.1190
714 185 7 9 0.1179
382 207 5 6 0.1154
401 198 6 8 0.1142
558 196 6 7 0.1124
388 206 6 6 0.1083
685 192 6 8 0.1071
479 205 8 10 0.1070
659 191 7 9 0.1065
628 193 6 8 0.1063
439 197 5 7 0.1017
614 202 7 10 0.1015
808 187 7 8 0.0962
572 194 5 8 0.0907
968 180 8 9 0.0892
762 182 7 8 0.0890
329 206 4 6 0.0889
473 213 8 9 0.0888
342 195 6 7 0.0839
608 202 7 10 0.0837
461 202 6 7 0.0836
436 197 5 7 0.0835
496 203 8 9 0.0822
625 193 6 7 0.0815
437 211 5 6 0.0813
972 180 7 9 0.0813
379 206 6 6 0.0793
393 205 6 6 0.0746
615 191 6 8 0.0743
970 179 7 9 0.0733
569 194 5 8 0.0721
475 216 8 9 0.0705
810 188 6 8 0.0694
765 346 19 24 0.0689
437 197 5 6 0.0688
794 182 6 7 0.0685
535 197 6 8 0.0682
654 192 7 9 0.0643
968 178 7 10 0.0638
526 199 7 9 0.0616
61 213 8 10 0.0607
418 206 5 7 0.0594
792 182 5 6 0.0578
668 185 6 8 0.0573
319 212 5 6 0.0558
694 184 7 8 0.0550
743 223 15 25 0.0543
845 176 5 7 0.0542
309 205 4 5 0.0542
522 200 7 9 0.0521
472 216 7 9 0.0514
556 195 6 7 0.0514
341 195 5 7 0.0503
665 185 6 7 0.0492
877 172 6 8 0.0484
889 176 7 8 0.0480
809 182 6 7 0.0477
232 209 8 11 0.0470
532 197 6 9 0.0468
538 199 6 8 0.0466
496 195 7 9 0.0464
58 212 7 9 0.0464
399 198 6 7 0.0456
306 204 4 5 0.0446
640 189 6 8 0.0443
811 182 6 8 0.0432
743 222 11 20 0.0431
723 183 8 10 0.0431
847 176 5 7 0.0417
674 194 7 9 0.0411
724 181 8 10 0.0406
964 191 7 9 0.0404
493 195 7 8 0.0403
918 173 8 10 0.0402
831 176 6 7 0.0402
421 207 5 7 0.0400
520 198 7 8 0.0399
776 185 6 7 0.0396
392 205 6 7 0.0390
722 182 7 9 0.0380
776 184 6 7 0.0367
834 176 6 6 0.0354
691 184 6 7 0.0348
406 197 6 7 0.0347
950 196 8 10 0.0344
836 176 5 6 0.0341
433 196 5 7 0.0333
572 195 6 7 0.0330
539 199 6 7 0.0329
921 173 7 10 0.0326
228 217 9 12 0.0317
478 206 7 9 0.0317
405 197 6 7 0.0310
773 184 6 7 0.0305
0 248 6 15 0.0302
711 185 6 7 0.0297
867 181 6 8 0.0293
959 204 7 7 0.0292
418 206 6 6 0.0280
228 212 8 12 0.0278
438 198 6 6 0.0276
806 186 5 7 0.0276
387 195 6 7 0.0273
316 212 5 6 0.0270
242 208 9 12 0.0269
947 167 7 8 0.0269
6 220 7 7 0.0268
767 349 19 22 0.0267
456 203 6 7 0.0265
41 217 7 8 0.0262
990 177 6 8 0.0254
602 195 6 8 0.0253
654 190 7 8 0.0251
10 220 7 8 0.0248
64 219 9 12 0.0247
44 217 7 9 0.0247
616 201 6 9 0.0247
862 174 6 7 0.0244
962 169 6 8 0.0242
968 191 7 9 0.0238
4 219 6 7 0.0235
225 217 9 12 0.0234
9 219 6 7 0.0230
244 205 10 13 0.0228
441 196 5 6 0.0227
253 249 12 15 0.0227
760 181 7 9 0.0227
747 192 8 11 0.0225
874 172 6 7 0.0225
892 175 7 9 0.0223
222 205 7 8 0.0220
617 190 6 7 0.0215
102 234 7 8 0.0213
993 177 7 8 0.0211
88 222 8 10 0.0211
104 216 7 8 0.0200
546 236 7 9 0.0199
357 206 5 7 0.0199
756 347 21 23 0.0198
833 177 5 6 0.0195
847 191 6 8 0.0188
791 194 6 7 0.0187
944 180 8 10 0.0186
234 207 7 9 0.0185
887 175 6 8 0.0185
848 176 6 7 0.0185
984 193 6 7 0.0181
745 224 13 22 0.0181
200 216 10 15 0.0175
957 204 6 7 0.0175
443 198 5 7 0.0173
933 169 7 9 0.0173
810 219 10 12 0.0172
306 205 5 6 0.0170
100 234 6 9 0.0168
757 351 23 21 0.0167
550 236 6 9 0.0166
197 219 8 12 0.0165
699 194 7 9 0.0163
973 178 7 10 0.0162
107 216 7 8 0.0162
184 223 8 10 0.0162
241 291 14 23 0.0157
60 213 6 8 0.0157
864 182 7 8 0.0156
318 212 5 6 0.0154
562 201 6 8 0.0152
504 216 7 9 0.0151
750 195 8 12 0.0150
334 205 6 6 0.0150
948 181 8 9 0.0147
592 192 5 7 0.0147
31 219 7 8 0.0147
991 178 6 8 0.0143
28 217 7 8 0.0139
478 198 6 7 0.0139
142 220 5 6 0.0139
144 221 5 6 0.0133
781 200 9 9 0.0132
688 203 7 9 0.0129
0 234 7 14 0.0127
860 172 6 8 0.0125
921 191 7 8 0.0125
529 215 7 9 0.0125
741 221 9 15 0.0123
941 180 8 10 0.0119
919 179 7 9 0.0118
320 214 5 7 0.0117
724 198 11 13 0.0116
774 190 8 10 0.0116
378 207 5 7 0.0115
587 203 6 8 0.0115
843 191 6 8 0.0114
141 222 5 6 0.0114
939 181 7 10 0.0111
753 190 8 12 0.0109
995 179 6 7 0.0108
814 220 9 10 0.0108
930 170 6 7 0.0106
66 222 8 10 0.0105
793 226 10 12 0.0104
40 236 8 12 0.0102
746 222 13 21 0.0102
384 196 5 6 0.0102
685 202 7 9 0.0102
248 204 9 13 0.0101
194 222 9 11 0.0101
