10_People_Marching_People_Marching_2_404
95
199 231 26 32 0.7304
608 231 25 31 0.6481
39 263 22 27 0.6403
1010 261 14 34 0.6360
272 263 23 25 0.4705
927 241 26 28 0.4469
157 296 15 17 0.3791
341 278 14 19 0.3370
160 296 15 18 0.3262
270 263 22 26 0.2708
337 278 15 19 0.2464
388 296 13 16 0.2343
392 296 13 16 0.2205
781 295 12 14 0.1957
410 301 10 12 0.1584
607 231 25 31 0.1388
778 295 11 13 0.1280
320 270 14 19 0.1257
921 240 23 27 0.1007
414 302 10 11 0.0982
936 241 20 27 0.0928
413 304 9 11 0.0747
786 296 11 13 0.0741
731 287 10 12 0.0729
368 296 12 14 0.0663
869 255 15 20 0.0630
842 283 15 18 0.0614
416 304 9 11 0.0566
942 204 15 16 0.0505
363 296 12 15 0.0469
745 296 10 11 0.0428
938 203 15 17 0.0411
734 287 10 13 0.0387
819 265 15 19 0.0386
820 258 15 19 0.0323
880 207 13 18 0.0301
777 294 12 14 0.0299
753 294 11 13 0.0298
390 294 13 15 0.0271
758 284 12 15 0.0248
784 278 11 12 0.0246
366 293 12 15 0.0240
252 252 17 22 0.0226
729 289 10 11 0.0221
452 294 10 13 0.0217
839 283 14 18 0.0210
747 293 10 13 0.0208
763 282 10 13 0.0199
147 295 12 15 0.0190
468 313 9 11 0.0190
414 299 10 12 0.0188
442 310 8 11 0.0188
393 291 12 13 0.0183
471 313 9 11 0.0182
316 271 13 17 0.0169
826 244 17 22 0.0167
614 186 16 20 0.0166
438 310 9 11 0.0164
735 289 9 11 0.0163
717 294 7 10 0.0161
490 302 9 11 0.0158
339 276 15 18 0.0156
789 277 11 13 0.0154
820 279 13 15 0.0152
388 290 13 15 0.0148
826 256 13 18 0.0142
35 263 19 25 0.0141
828 265 15 17 0.0139
823 260 16 21 0.0134
698 293 6 8 0.0131
694 292 7 9 0.0131
727 288 9 12 0.0130
905 218 15 19 0.0126
713 297 8 9 0.0125
335 275 14 18 0.0124
904 236 19 23 0.0124
846 284 15 17 0.0123
316 268 14 18 0.0123
339 282 15 19 0.0123
822 245 16 20 0.0121
611 185 17 19 0.0121
277 262 21 25 0.0119
925 238 24 27 0.0119
248 251 17 23 0.0118
456 294 10 13 0.0116
451 290 10 13 0.0115
266 232 13 16 0.0112
1015 264 9 32 0.0112
73 272 10 12 0.0110
1001 262 20 33 0.0107
321 276 14 18 0.0107
842 277 14 16 0.0106
921 247 23 24 0.0105
437 296 10 11 0.0104
918 235 19 25 0.0104
