10_People_Marching_People_Marching_2_36
142
814 332 30 33 0.8551
223 318 25 32 0.8529
428 304 26 29 0.8527
753 319 26 30 0.8505
650 307 23 28 0.8503
950 337 32 37 0.8486
700 307 25 32 0.8476
258 322 27 33 0.8462
502 320 26 34 0.8434
305 336 30 34 0.8429
467 308 27 32 0.8426
558 326 29 31 0.8416
189 312 24 30 0.8413
154 305 22 33 0.8159
384 294 25 30 0.8103
831 291 15 18 0.7828
133 293 21 29 0.7757
341 284 23 33 0.7676
854 289 15 19 0.7621
113 288 19 25 0.7409
674 269 14 19 0.7009
974 293 15 17 0.6940
298 274 23 33 0.6918
34 285 15 20 0.6776
51 406 13 15 0.6701
932 291 13 20 0.6182
13 311 15 17 0.6158
595 274 16 19 0.5997
963 277 14 17 0.5502
92 307 15 21 0.5353
815 291 14 18 0.5226
719 281 13 15 0.4912
1007 289 13 18 0.4428
907 302 10 16 0.4328
61 237 13 16 0.4237
325 288 21 30 0.4160
634 290 15 22 0.4089
631 290 16 22 0.4005
564 290 18 20 0.3387
17 427 14 16 0.3245
61 372 11 17 0.3156
1004 290 13 17 0.2962
21 428 12 15 0.2942
904 302 11 16 0.2916
517 285 25 24 0.2732
58 372 11 16 0.2611
813 291 14 18 0.2519
95 307 19 24 0.2457
593 274 16 20 0.2429
776 291 18 19 0.2244
723 281 11 14 0.2235
11 310 15 18 0.2133
256 232 11 13 0.2117
323 289 19 28 0.2061
569 290 16 18 0.1998
58 237 14 16 0.1955
94 306 17 23 0.1824
965 277 15 18 0.1681
94 306 17 23 0.1441
32 286 15 18 0.1424
694 288 12 15 0.1384
297 274 22 34 0.1380
0 319 5 14 0.1337
690 300 17 21 0.1139
600 299 22 28 0.1139
606 300 22 27 0.1112
929 292 14 19 0.1027
253 232 10 13 0.0976
672 269 14 19 0.0966
1016 305 8 20 0.0955
513 286 24 24 0.0800
694 287 10 11 0.0791
495 279 17 20 0.0610
545 286 18 20 0.0564
745 313 15 21 0.0552
59 374 11 16 0.0537
519 283 23 23 0.0533
54 406 12 16 0.0495
696 287 12 15 0.0491
777 294 20 23 0.0476
775 289 14 18 0.0456
763 285 10 13 0.0447
946 282 12 16 0.0441
763 287 11 13 0.0439
766 284 10 14 0.0415
766 287 12 14 0.0401
695 286 13 15 0.0390
472 0 281 93 0.0383
62 374 11 17 0.0352
20 425 12 16 0.0345
491 280 16 18 0.0345
740 300 13 21 0.0339
643 292 13 19 0.0327
544 280 17 24 0.0313
257 234 11 12 0.0300
862 291 12 16 0.0293
560 293 23 27 0.0293
699 285 12 13 0.0288
788 290 15 17 0.0288
1018 306 6 24 0.0264
531 282 16 21 0.0258
0 346 5 16 0.0256
262 232 11 13 0.0242
959 280 13 17 0.0241
956 300 11 15 0.0211
0 323 5 17 0.0210
16 425 14 16 0.0210
977 294 13 16 0.0209
475 0 278 98 0.0205
543 285 17 21 0.0196
254 235 9 11 0.0195
258 231 11 14 0.0191
792 287 11 15 0.0177
625 312 16 21 0.0172
777 276 10 11 0.0171
939 284 13 19 0.0170
131 295 20 26 0.0169
946 285 13 18 0.0166
498 281 22 24 0.0163
492 281 18 22 0.0156
774 277 10 11 0.0153
1006 288 13 17 0.0152
517 289 25 29 0.0149
101 305 18 23 0.0145
266 236 10 11 0.0144
471 0 277 98 0.0135
935 294 12 18 0.0135
384 295 25 29 0.0134
731 298 17 24 0.0133
172 303 18 25 0.0127
953 300 12 15 0.0124
515 284 21 23 0.0121
599 303 23 30 0.0117
489 226 10 10 0.0115
775 284 13 16 0.0114
609 305 23 27 0.0107
616 301 17 24 0.0107
530 286 17 20 0.0107
454 305 20 26 0.0106
870 315 9 14 0.0105
604 296 15 21 0.0103
498 225 8 9 0.0102
