10_People_Marching_People_Marching_2_822
37
667 223 86 95 0.8803
316 76 83 102 0.8789
516 144 72 100 0.8701
174 130 32 53 0.8337
841 257 18 23 0.6505
32 150 19 23 0.5404
908 242 13 23 0.3911
109 147 16 22 0.3788
106 147 15 22 0.3464
884 262 11 16 0.3372
893 247 15 21 0.3043
881 262 11 15 0.2500
29 149 19 24 0.1930
905 240 13 24 0.0983
484 218 7 8 0.0882
3 139 12 22 0.0826
481 218 6 8 0.0731
891 248 12 18 0.0615
836 258 18 21 0.0588
638 250 12 16 0.0488
902 242 15 24 0.0470
461 217 7 8 0.0467
2 136 12 23 0.0466
464 217 6 9 0.0456
8 141 11 18 0.0374
634 250 10 15 0.0289
465 218 7 8 0.0243
481 219 7 8 0.0193
849 259 14 20 0.0187
485 218 7 9 0.0186
6 138 13 19 0.0186
880 263 12 16 0.0175
913 243 11 22 0.0170
3 138 15 22 0.0168
28 149 16 23 0.0155
30 149 19 24 0.0129
462 218 6 9 0.0119
