10_People_Marching_People_Marching_2_373
717
249 465 40 46 0.8821
766 496 39 52 0.8777
249 400 38 45 0.8772
693 480 46 52 0.8739
353 435 47 55 0.8733
281 293 36 41 0.8719
168 384 34 40 0.8705
107 425 41 43 0.8691
143 504 42 49 0.8666
289 469 33 42 0.8666
151 344 34 37 0.8666
21 320 36 40 0.8664
631 470 38 46 0.8663
809 297 36 37 0.8653
273 362 39 47 0.8650
1002 372 22 38 0.8630
392 347 37 41 0.8620
258 262 30 36 0.8613
71 467 34 48 0.8613
838 75 25 26 0.8593
863 134 25 28 0.8577
968 91 26 30 0.8562
757 274 32 36 0.8545
981 151 28 32 0.8535
510 412 41 48 0.8534
839 155 25 28 0.8534
711 173 30 33 0.8534
223 311 30 38 0.8533
168 288 32 42 0.8529
913 149 27 31 0.8520
944 206 28 29 0.8517
381 186 30 37 0.8516
692 294 31 33 0.8507
984 241 31 36 0.8504
311 203 31 37 0.8501
771 187 28 35 0.8501
569 301 30 39 0.8498
54 540 38 33 0.8498
697 335 31 40 0.8491
885 173 29 31 0.8489
993 78 25 29 0.8482
461 326 38 42 0.8479
654 137 27 29 0.8475
91 375 33 39 0.8470
270 94 25 32 0.8462
54 304 29 36 0.8449
416 426 37 46 0.8440
956 502 40 47 0.8431
808 144 26 28 0.8428
268 201 28 30 0.8419
966 188 25 29 0.8414
912 228 29 33 0.8411
48 428 37 41 0.8410
695 200 31 32 0.8405
757 334 31 38 0.8404
875 99 25 30 0.8402
673 436 36 41 0.8399
184 436 29 40 0.8393
628 293 33 37 0.8389
858 293 28 34 0.8387
337 166 27 31 0.8374
620 110 25 30 0.8373
136 314 32 36 0.8366
766 114 25 26 0.8364
791 64 24 26 0.8363
757 234 27 30 0.8359
848 237 28 32 0.8355
263 137 28 32 0.8354
990 476 33 42 0.8338
978 436 30 35 0.8319
728 86 22 28 0.8316
922 379 34 44 0.8307
872 398 37 47 0.8277
355 75 20 25 0.8255
184 121 22 28 0.8254
367 134 28 31 0.8244
331 277 33 34 0.8212
995 203 26 29 0.8207
924 119 27 29 0.8198
746 163 22 26 0.8197
372 104 27 30 0.8192
935 73 24 29 0.8190
773 87 25 25 0.8179
49 258 28 34 0.8172
381 2 21 22 0.8161
926 289 30 35 0.8151
553 389 35 39 0.8146
0 44 14 24 0.8139
798 118 23 27 0.8137
815 181 23 29 0.8125
123 382 35 39 0.8119
479 38 21 26 0.8115
772 145 25 28 0.8084
85 186 26 30 0.8082
500 91 25 32 0.8077
826 55 21 24 0.8074
206 260 28 32 0.8069
793 372 35 39 0.8069
99 242 20 25 0.8057
695 237 29 33 0.8056
164 68 25 29 0.8050
955 283 33 33 0.8019
254 166 24 26 0.7993
52 52 24 26 0.7985
320 42 19 23 0.7966
815 88 22 27 0.7959
612 74 23 26 0.7949
207 201 25 28 0.7934
208 229 23 28 0.7897
405 53 20 22 0.7858
397 252 27 29 0.7858
185 13 18 23 0.7855
823 510 35 42 0.7855
930 498 32 42 0.7851
664 347 30 31 0.7842
149 100 24 27 0.7829
348 324 24 36 0.7815
574 59 22 27 0.7812
795 270 29 30 0.7779
446 41 21 22 0.7759
852 50 19 22 0.7746
478 270 24 27 0.7718
624 174 24 29 0.7706
656 50 22 25 0.7705
873 67 23 23 0.7693
368 40 16 22 0.7655
184 61 19 27 0.7632
21 80 22 29 0.7631
318 540 43 30 0.7629
416 96 20 27 0.7625
241 4 16 18 0.7602
546 90 26 28 0.7597
230 537 41 36 0.7582
849 205 26 28 0.7577
733 553 38 22 0.7554
414 328 28 34 0.7552
0 200 13 32 0.7549
121 6 19 21 0.7537
627 408 30 39 0.7530
367 383 30 37 0.7529
729 4 17 22 0.7487
37 10 17 22 0.7434
877 273 29 30 0.7392
55 223 25 27 0.7326
448 385 30 35 0.7312
60 350 33 38 0.7308
640 27 18 20 0.7298
879 43 20 21 0.7262
229 80 18 23 0.7241
115 54 20 25 0.7176
199 99 22 26 0.7166
908 266 24 27 0.7108
14 373 23 35 0.7099
346 49 22 25 0.6964
168 500 32 46 0.6946
564 0 17 12 0.6944
0 92 20 24 0.6910
991 130 25 27 0.6863
699 24 19 25 0.6686
521 257 31 33 0.6665
676 556 38 19 0.6564
729 40 19 21 0.6530
498 49 18 22 0.6528
363 257 28 34 0.6521
146 42 20 22 0.6514
659 0 18 13 0.6504
120 34 19 21 0.6470
139 133 23 25 0.6361
767 6 16 18 0.6243
411 26 17 21 0.6234
284 15 18 22 0.6126
549 44 17 22 0.6085
569 27 18 22 0.5955
799 53 19 22 0.5945
837 477 34 38 0.5934
698 0 17 16 0.5904
770 49 19 20 0.5867
536 74 18 22 0.5865
659 15 18 21 0.5797
304 9 18 21 0.5729
330 429 31 44 0.5701
763 76 20 22 0.5611
403 298 28 31 0.5574
756 26 20 24 0.5464
105 297 24 29 0.5439
795 17 17 25 0.5388
678 4 18 20 0.5377
156 5 18 21 0.5247
65 243 23 31 0.5243
707 131 25 29 0.5216
676 136 24 29 0.5092
818 38 17 19 0.5070
330 428 31 46 0.4989
0 66 10 20 0.4966
81 33 19 21 0.4925
341 131 20 24 0.4868
931 50 15 19 0.4841
520 257 32 33 0.4750
359 9 17 20 0.4702
568 83 18 23 0.4651
262 71 23 24 0.4643
2 5 19 22 0.4632
229 21 16 19 0.4607
217 94 17 23 0.4559
396 77 25 27 0.4544
943 6 17 20 0.4543
398 77 25 27 0.4526
346 22 19 21 0.4524
671 190 22 26 0.4522
586 371 25 35 0.4506
424 51 18 25 0.4494
4 6 19 21 0.4485
392 123 22 27 0.4464
978 554 42 22 0.4439
167 190 26 27 0.4384
510 7 15 20 0.4296
224 222 18 25 0.4185
410 17 16 17 0.4161
538 7 16 14 0.4092
492 20 18 20 0.3938
134 85 23 26 0.3892
617 32 18 21 0.3885
263 72 24 25 0.3837
268 0 18 9 0.3775
158 5 18 21 0.3768
758 27 20 23 0.3752
524 60 16 22 0.3567
612 13 16 18 0.3532
455 10 15 17 0.3503
837 222 24 30 0.3487
678 136 23 29 0.3435
164 189 26 28 0.3427
210 63 18 22 0.3413
402 297 28 30 0.3326
133 82 23 26 0.3308
426 51 19 25 0.3272
523 58 16 21 0.3185
1018 112 6 24 0.3140
468 76 14 26 0.3106
464 76 15 27 0.3101
844 17 15 19 0.3081
894 96 18 26 0.3079
457 12 15 16 0.3007
837 225 28 33 0.2996
635 68 16 21 0.2995
339 102 17 21 0.2992
619 32 18 21 0.2952
902 68 17 21 0.2945
700 0 17 16 0.2866
286 15 19 22 0.2793
398 424 28 36 0.2781
31 55 19 21 0.2701
35 0 17 9 0.2692
360 10 17 19 0.2691
208 63 17 23 0.2622
302 8 18 23 0.2613
76 7 16 18 0.2600
335 101 18 23 0.2517
773 49 18 20 0.2480
200 44 18 22 0.2462
900 557 32 17 0.2440
941 26 12 17 0.2287
885 29 18 18 0.2204
847 31 15 19 0.2198
348 50 22 24 0.2139
591 371 26 35 0.2125
346 20 18 20 0.2096
916 79 16 21 0.2091
977 556 44 21 0.2053
240 104 17 21 0.2020
789 410 28 36 0.2006
26 56 21 22 0.1955
446 0 17 8 0.1935
230 40 20 24 0.1930
142 0 15 17 0.1911
395 426 26 34 0.1897
367 383 30 36 0.1873
731 63 20 20 0.1834
260 357 25 35 0.1803
119 54 19 24 0.1800
656 395 27 34 0.1784
672 229 21 27 0.1777
567 27 17 22 0.1776
888 29 17 18 0.1773
796 18 18 24 0.1768
908 368 21 27 0.1736
750 18 16 19 0.1735
449 282 27 29 0.1717
799 17 16 24 0.1713
514 30 16 18 0.1699
79 33 19 21 0.1667
22 0 14 12 0.1660
899 68 17 21 0.1660
65 231 23 27 0.1658
657 15 17 20 0.1636
98 551 32 21 0.1635
736 64 18 19 0.1597
896 99 17 25 0.1593
705 135 22 27 0.1584
795 411 24 33 0.1580
565 82 20 25 0.1548
55 223 27 30 0.1538
692 66 16 19 0.1514
492 22 19 21 0.1513
143 42 19 22 0.1479
835 225 24 30 0.1475
645 177 20 25 0.1461
943 27 12 15 0.1396
750 0 14 16 0.1372
0 121 8 29 0.1364
1016 106 8 31 0.1327
260 74 20 21 0.1314
621 0 14 10 0.1308
760 76 18 20 0.1263
683 5 17 18 0.1262
447 282 25 30 0.1261
414 27 16 20 0.1256
490 19 18 21 0.1245
185 44 18 23 0.1244
399 124 21 25 0.1238
235 291 21 25 0.1233
226 224 18 24 0.1218
22 0 14 16 0.1209
794 410 23 34 0.1186
0 123 11 29 0.1171
817 36 16 18 0.1170
928 50 15 17 0.1163
47 176 21 26 0.1161
656 0 17 12 0.1126
53 18 15 18 0.1107
95 265 19 22 0.1091
522 0 15 9 0.1075
387 121 20 26 0.1073
453 12 15 17 0.1066
395 425 27 33 0.1053
667 190 22 25 0.1027
850 31 16 18 0.0997
512 8 15 20 0.0993
536 73 16 21 0.0984
617 0 15 10 0.0968
140 0 15 15 0.0959
331 431 32 43 0.0940
131 86 21 24 0.0934
188 215 21 23 0.0892
749 0 14 14 0.0881
394 44 17 19 0.0881
598 370 31 36 0.0875
692 60 15 18 0.0856
929 51 14 18 0.0853
302 58 18 21 0.0847
100 130 22 25 0.0839
901 98 17 24 0.0828
318 539 42 29 0.0819
880 0 19 6 0.0814
342 10 16 17 0.0803
914 79 15 19 0.0799
201 259 24 30 0.0788
190 266 24 27 0.0778
118 34 19 20 0.0772
234 40 21 25 0.0765
845 0 17 8 0.0764
447 286 26 30 0.0745
567 0 17 12 0.0739
542 8 16 14 0.0734
518 29 15 18 0.0732
639 4 13 14 0.0726
951 0 14 7 0.0718
334 14 16 19 0.0711
364 9 15 19 0.0710
623 445 27 33 0.0698
885 23 17 17 0.0693
4 91 19 25 0.0692
644 27 17 21 0.0691
666 228 23 27 0.0686
583 41 17 19 0.0684
213 0 14 8 0.0681
230 23 18 22 0.0677
356 0 14 8 0.0676
0 141 6 27 0.0671
400 425 30 37 0.0668
213 0 15 14 0.0655
7 205 16 27 0.0651
762 74 18 20 0.0642
102 298 24 28 0.0635
642 394 33 38 0.0633
747 0 13 14 0.0624
57 20 14 17 0.0623
665 393 25 34 0.0621
634 0 12 7 0.0619
216 97 19 22 0.0611
1 84 18 26 0.0607
241 110 17 23 0.0598
1 292 17 25 0.0595
570 83 17 23 0.0590
238 206 18 22 0.0587
502 0 13 10 0.0584
704 134 21 25 0.0578
45 173 23 26 0.0564
100 296 23 29 0.0564
761 251 25 31 0.0555
673 199 22 27 0.0548
70 467 35 48 0.0547
14 64 19 22 0.0543
235 288 21 25 0.0540
773 146 24 27 0.0534
301 537 31 31 0.0530
452 9 16 17 0.0529
341 12 16 18 0.0525
820 21 16 19 0.0523
323 42 19 23 0.0516
450 285 27 32 0.0515
496 47 17 21 0.0508
514 8 15 17 0.0506
955 0 12 8 0.0505
889 23 16 16 0.0504
611 10 15 18 0.0500
273 0 17 10 0.0497
182 44 19 23 0.0496
606 0 13 9 0.0495
773 8 15 16 0.0492
2 288 14 24 0.0487
19 0 13 13 0.0486
904 557 30 17 0.0485
905 366 23 27 0.0482
142 132 23 27 0.0481
23 15 15 18 0.0480
845 7 16 18 0.0470
849 33 16 20 0.0461
188 213 19 21 0.0458
493 15 16 18 0.0456
60 239 28 35 0.0454
173 500 27 45 0.0454
773 28 17 20 0.0447
98 168 20 26 0.0445
899 97 16 23 0.0443
851 0 16 10 0.0438
67 266 23 28 0.0437
258 358 22 31 0.0433
874 457 30 40 0.0425
293 0 16 12 0.0423
811 207 20 26 0.0422
910 266 25 28 0.0421
65 249 24 31 0.0417
801 0 12 11 0.0417
540 7 16 15 0.0412
81 7 14 18 0.0411
789 407 28 39 0.0407
229 180 21 24 0.0403
516 8 13 16 0.0399
765 0 12 10 0.0393
892 50 17 20 0.0392
609 13 15 18 0.0388
657 396 28 35 0.0386
350 23 17 18 0.0384
59 350 33 38 0.0380
846 13 16 18 0.0379
945 9 16 20 0.0378
78 7 17 19 0.0377
799 0 11 10 0.0375
12 374 25 35 0.0371
106 132 21 23 0.0370
302 539 33 31 0.0370
769 7 16 20 0.0364
751 14 13 17 0.0355
256 362 27 35 0.0337
616 11 16 17 0.0334
1001 135 19 29 0.0332
445 108 20 22 0.0331
364 10 15 19 0.0328
635 264 29 30 0.0328
920 69 15 21 0.0327
119 6 18 20 0.0327
202 263 26 31 0.0325
274 46 20 22 0.0322
21 204 18 23 0.0321
135 205 21 26 0.0319
938 176 26 29 0.0318
286 172 20 23 0.0318
225 299 26 28 0.0318
501 1 16 20 0.0317
849 16 12 17 0.0316
555 44 15 21 0.0315
168 182 25 31 0.0312
141 133 22 26 0.0312
834 221 22 28 0.0307
800 4 16 20 0.0306
476 26 14 15 0.0306
79 11 15 17 0.0305
52 174 26 29 0.0303
337 11 15 15 0.0300
505 0 13 10 0.0298
93 266 18 22 0.0297
343 134 22 28 0.0291
343 127 16 18 0.0290
71 0 16 13 0.0287
412 14 15 18 0.0286
798 2 14 19 0.0283
35 138 23 26 0.0281
789 255 24 30 0.0280
125 240 18 23 0.0277
1017 16 7 20 0.0276
67 1 18 22 0.0274
43 178 18 23 0.0274
837 18 16 19 0.0273
232 49 18 22 0.0273
939 169 25 26 0.0272
716 83 15 19 0.0269
274 49 22 23 0.0266
260 360 31 41 0.0262
1013 49 10 29 0.0260
25 59 21 23 0.0256
52 25 17 20 0.0255
622 0 13 14 0.0255
570 239 24 27 0.0250
668 389 21 30 0.0250
210 0 13 14 0.0248
820 35 17 21 0.0248
311 396 26 30 0.0246
1014 249 10 32 0.0245
227 0 13 7 0.0244
740 14 15 18 0.0241
55 145 22 25 0.0241
303 60 22 25 0.0238
601 202 22 27 0.0238
0 148 7 25 0.0236
0 125 15 31 0.0232
136 314 33 35 0.0230
115 106 18 20 0.0227
616 33 20 22 0.0226
879 40 16 19 0.0225
673 6 16 18 0.0224
789 253 24 24 0.0223
552 45 17 22 0.0221
641 258 24 26 0.0220
336 130 20 23 0.0220
223 97 15 20 0.0219
454 248 24 23 0.0218
610 217 21 28 0.0217
518 59 17 22 0.0217
710 69 16 19 0.0217
446 557 35 16 0.0216
415 18 14 17 0.0215
948 7 15 20 0.0213
191 262 21 25 0.0213
0 255 15 24 0.0213
260 353 23 31 0.0212
696 60 14 17 0.0210
506 300 29 31 0.0209
89 0 14 9 0.0208
562 431 24 27 0.0205
666 200 24 27 0.0204
47 120 20 23 0.0203
1017 26 7 25 0.0201
696 29 19 22 0.0197
268 69 23 24 0.0195
748 94 17 20 0.0195
695 65 16 20 0.0194
131 206 18 23 0.0194
910 366 25 30 0.0193
515 32 16 20 0.0193
636 258 26 27 0.0192
347 0 16 7 0.0191
770 468 34 38 0.0190
693 61 18 20 0.0189
0 188 12 27 0.0189
95 0 15 18 0.0188
716 88 18 23 0.0187
54 149 26 28 0.0186
802 47 17 19 0.0185
409 14 13 16 0.0184
565 430 26 32 0.0184
4 293 19 23 0.0181
4 288 18 22 0.0181
694 25 20 24 0.0180
217 260 21 27 0.0178
533 75 14 21 0.0177
667 397 28 34 0.0176
519 0 14 6 0.0176
5 303 22 30 0.0175
160 184 26 30 0.0173
206 34 16 17 0.0172
51 172 24 26 0.0171
876 462 29 36 0.0171
383 125 25 30 0.0171
321 103 18 22 0.0170
982 547 36 27 0.0170
210 0 14 8 0.0170
670 223 22 27 0.0169
103 135 21 23 0.0166
435 27 16 18 0.0166
403 122 18 23 0.0165
453 0 16 8 0.0164
457 252 26 25 0.0162
396 88 21 24 0.0162
300 218 17 23 0.0161
824 15 14 16 0.0161
104 133 22 25 0.0160
206 40 16 19 0.0160
636 72 16 19 0.0160
850 1 15 18 0.0159
642 402 30 37 0.0156
229 216 18 23 0.0156
881 0 18 13 0.0156
235 181 18 21 0.0156
212 0 14 5 0.0155
692 38 18 22 0.0153
435 21 14 17 0.0153
489 0 12 6 0.0152
265 0 16 7 0.0151
209 185 26 27 0.0150
590 3 14 16 0.0150
435 92 17 21 0.0150
600 375 31 34 0.0150
53 224 24 27 0.0150
233 38 18 21 0.0149
2 302 15 31 0.0148
21 117 17 21 0.0148
489 12 16 15 0.0147
621 428 30 39 0.0146
106 298 24 28 0.0146
917 375 23 31 0.0145
1017 516 7 33 0.0145
44 126 24 27 0.0145
834 567 41 10 0.0144
55 15 14 18 0.0143
126 238 15 21 0.0143
446 254 21 24 0.0143
16 56 18 22 0.0143
670 185 24 29 0.0142
121 34 19 22 0.0140
230 208 21 25 0.0140
546 40 18 21 0.0140
159 187 27 30 0.0140
1012 66 12 32 0.0138
899 66 16 20 0.0138
443 110 23 26 0.0137
233 81 18 22 0.0137
355 247 25 28 0.0136
1017 35 7 26 0.0136
714 104 17 22 0.0135
641 263 26 28 0.0135
231 183 21 23 0.0134
341 0 14 5 0.0133
72 241 21 26 0.0132
172 188 23 27 0.0130
181 210 22 25 0.0130
318 0 15 11 0.0130
476 0 11 8 0.0130
997 51 19 24 0.0130
515 300 32 33 0.0129
213 29 15 19 0.0128
735 59 18 20 0.0128
7 127 20 27 0.0128
617 0 15 7 0.0128
289 174 19 23 0.0126
1016 509 8 33 0.0125
793 47 19 21 0.0125
158 169 29 33 0.0125
606 203 21 25 0.0124
643 179 20 26 0.0123
330 96 19 23 0.0122
42 0 16 9 0.0122
390 80 23 26 0.0122
1 286 21 30 0.0122
443 0 14 7 0.0122
643 10 16 17 0.0122
865 31 12 15 0.0120
733 563 39 14 0.0120
615 218 23 28 0.0120
443 39 17 21 0.0119
454 275 24 25 0.0118
540 10 16 15 0.0118
601 213 25 29 0.0117
769 10 16 18 0.0116
813 211 20 23 0.0116
260 0 14 9 0.0115
410 76 21 25 0.0115
67 0 17 13 0.0114
779 458 27 38 0.0114
558 238 29 31 0.0114
476 0 11 11 0.0113
690 70 18 21 0.0113
202 197 22 24 0.0113
6 83 19 25 0.0113
774 459 32 39 0.0111
445 556 28 17 0.0111
390 37 17 20 0.0111
553 253 27 28 0.0111
362 38 19 24 0.0110
592 242 22 27 0.0110
664 222 23 27 0.0109
66 276 25 30 0.0109
935 0 11 7 0.0108
392 134 21 27 0.0108
235 49 19 23 0.0107
541 73 19 21 0.0107
473 29 16 22 0.0106
132 84 21 26 0.0106
10 23 18 21 0.0105
269 0 18 14 0.0105
41 141 28 30 0.0103
847 0 15 5 0.0103
462 248 26 25 0.0103
381 80 17 20 0.0102
231 222 17 23 0.0102
1017 263 7 30 0.0102
111 136 21 22 0.0102
49 178 25 28 0.0102
339 97 17 22 0.0102
585 242 22 26 0.0102
183 59 18 27 0.0102
109 289 22 27 0.0101
444 0 15 5 0.0101
320 155 17 24 0.0101
32 0 16 7 0.0101
0 200 9 31 0.0100
833 479 29 35 0.0100
