10_People_Marching_People_Marching_2_277
121
620 188 32 36 0.8398
366 183 29 33 0.8248
838 186 25 29 0.8193
412 174 38 43 0.8143
326 178 23 29 0.8036
47 188 49 60 0.8013
670 190 23 30 0.7909
503 194 26 27 0.7824
912 184 23 24 0.7635
755 191 25 28 0.7503
228 171 19 25 0.7324
972 191 20 21 0.7128
816 187 20 25 0.6656
259 169 21 25 0.6383
869 193 17 19 0.6073
1011 184 13 18 0.4127
938 184 15 19 0.4066
941 184 15 18 0.3563
731 189 17 19 0.3420
466 178 18 22 0.3192
498 173 12 14 0.3030
461 177 20 25 0.2972
557 179 10 13 0.2842
789 191 19 21 0.2823
560 179 10 12 0.2720
14 199 17 20 0.2634
257 169 21 25 0.2529
600 181 19 23 0.2522
963 174 11 12 0.2432
732 190 18 19 0.2298
21 200 13 16 0.2182
496 173 11 14 0.2070
734 189 17 19 0.1562
580 211 11 14 0.1441
719 188 9 11 0.1382
786 189 19 21 0.1373
27 168 6 7 0.1365
465 177 17 22 0.1365
25 168 6 7 0.1272
995 191 12 15 0.1254
28 169 6 7 0.1198
583 211 11 14 0.1117
784 193 18 19 0.1019
966 174 11 12 0.0989
819 189 19 23 0.0988
599 177 17 23 0.0859
602 187 19 24 0.0846
569 151 8 10 0.0845
572 151 8 10 0.0724
708 187 10 13 0.0700
972 190 19 21 0.0683
995 192 13 16 0.0682
3 201 18 20 0.0678
48 164 5 7 0.0635
977 189 17 20 0.0627
11 201 20 22 0.0573
310 182 7 9 0.0572
312 182 8 10 0.0544
291 179 11 12 0.0523
51 163 5 8 0.0518
5 199 20 23 0.0504
461 176 18 24 0.0500
1007 183 14 18 0.0494
868 192 15 19 0.0471
1012 182 10 13 0.0451
293 180 12 13 0.0426
540 174 12 17 0.0424
558 181 10 12 0.0407
24 171 7 8 0.0389
891 198 11 14 0.0361
598 181 15 20 0.0350
721 187 10 13 0.0331
34 201 12 18 0.0302
1016 188 8 18 0.0293
234 172 18 23 0.0274
311 182 11 13 0.0270
3 202 20 24 0.0259
737 191 17 19 0.0246
289 178 13 16 0.0242
570 153 8 9 0.0240
562 180 9 12 0.0238
536 180 12 15 0.0234
804 192 18 21 0.0219
962 173 9 11 0.0199
702 186 12 17 0.0198
578 158 10 12 0.0195
876 193 13 17 0.0187
794 194 18 21 0.0181
783 190 16 19 0.0179
876 191 13 16 0.0179
1002 179 11 12 0.0177
1 184 9 12 0.0176
495 175 14 18 0.0172
718 189 11 13 0.0171
958 179 12 14 0.0169
462 175 21 26 0.0169
957 178 12 16 0.0166
35 202 16 27 0.0166
24 197 15 20 0.0158
598 183 13 18 0.0157
719 186 8 11 0.0156
708 190 12 15 0.0156
570 154 8 10 0.0152
596 181 11 15 0.0146
28 168 6 7 0.0146
806 187 16 21 0.0146
871 195 17 20 0.0144
706 184 9 13 0.0144
131 131 5 7 0.0142
3 145 5 6 0.0138
53 246 18 23 0.0130
129 131 5 7 0.0128
541 170 9 12 0.0126
588 192 13 17 0.0123
49 163 6 6 0.0119
127 130 5 7 0.0116
23 202 12 16 0.0110
3 183 11 13 0.0108
793 186 17 22 0.0106
1 144 5 7 0.0103
0 258 7 29 0.0103
