10_People_Marching_People_Marching_10_People_Marching_People_Marching_10_People_Marching_People_Marching_10_933
59
111 199 38 49 0.8418
540 156 26 34 0.8041
984 140 20 30 0.6816
545 283 25 27 0.1331
518 179 23 26 0.1058
179 0 13 10 0.1052
241 50 15 18 0.0858
318 71 15 23 0.0764
793 12 12 15 0.0632
243 52 15 18 0.0479
949 23 10 11 0.0476
675 6 15 20 0.0465
989 142 18 28 0.0458
232 11 14 17 0.0449
269 29 13 16 0.0420
738 9 13 16 0.0402
975 0 9 10 0.0399
776 185 14 22 0.0396
772 185 14 23 0.0385
947 23 9 10 0.0380
734 9 13 16 0.0342
716 38 12 18 0.0324
718 40 13 19 0.0318
515 180 21 25 0.0295
790 12 11 14 0.0289
818 46 12 19 0.0273
184 0 12 10 0.0266
236 10 15 19 0.0262
2 6 14 18 0.0259
267 25 13 17 0.0250
234 16 14 15 0.0247
953 0 9 11 0.0240
279 85 13 16 0.0237
951 22 10 12 0.0233
275 85 14 18 0.0229
176 0 12 10 0.0213
994 0 10 7 0.0210
671 7 13 18 0.0207
8 7 13 18 0.0199
790 43 13 18 0.0197
519 175 22 26 0.0192
956 0 10 11 0.0188
979 0 9 9 0.0165
809 48 12 18 0.0164
786 43 13 18 0.0150
601 0 12 10 0.0144
754 31 11 16 0.0139
281 54 17 22 0.0139
954 59 10 14 0.0137
235 11 15 18 0.0136
958 59 11 15 0.0133
265 30 12 15 0.0119
247 49 12 17 0.0118
976 1 9 11 0.0117
750 31 11 16 0.0107
1017 5 7 13 0.0106
948 21 9 10 0.0100
238 14 14 17 0.0100
714 37 10 16 0.0100
