10_People_Marching_People_Marching_10_People_Marching_People_Marching_10_People_Marching_People_Marching_10_1024
276
211 1964 81 90 0.8566
366 1895 74 79 0.8546
614 1991 74 78 0.8490
952 1924 62 66 0.8377
3 1689 58 65 0.8239
401 1785 55 58 0.8091
79 1706 45 50 0.7631
727 1851 51 56 0.7343
663 1804 35 39 0.7250
452 1829 34 39 0.6915
175 1746 46 51 0.6801
597 1762 34 36 0.6321
517 1844 41 47 0.6153
268 1748 40 44 0.6144
609 1828 43 46 0.5798
914 1785 47 54 0.5502
461 1041 30 40 0.5375
547 1774 32 35 0.5299
885 1685 33 40 0.5213
578 1897 46 52 0.4948
988 1753 36 52 0.4911
489 1720 30 36 0.4814
763 1742 28 34 0.4768
795 1784 43 47 0.4698
203 1052 27 31 0.4404
859 1780 38 43 0.4388
905 1081 40 47 0.4296
584 1897 46 51 0.4252
866 1780 38 44 0.4137
347 1751 33 43 0.4064
899 1079 40 47 0.4034
131 1709 37 43 0.3885
286 1046 21 27 0.3810
919 1785 47 54 0.3741
801 1784 44 47 0.3708
233 1717 32 37 0.3686
279 1047 22 27 0.3655
706 1067 29 38 0.3650
674 1746 23 27 0.3638
998 1088 26 40 0.3470
325 1045 19 23 0.3449
983 1755 37 48 0.3325
713 1066 28 38 0.3298
513 1844 40 47 0.3257
859 1724 32 32 0.3146
473 1768 29 32 0.3120
578 1041 22 27 0.3098
340 1752 33 42 0.3051
465 1768 30 33 0.3011
616 1828 42 46 0.2953
570 1041 22 27 0.2899
124 1708 36 44 0.2858
223 1753 29 37 0.2805
635 1754 27 31 0.2772
636 1759 29 34 0.2698
496 1720 29 37 0.2591
397 343 23 25 0.2311
769 1741 28 34 0.2271
947 1080 22 30 0.2249
514 1790 29 32 0.2122
649 1046 17 23 0.2080
657 1047 16 22 0.2073
861 1727 33 36 0.2007
894 1686 30 37 0.1981
992 1089 26 37 0.1854
555 1773 31 35 0.1844
846 1071 19 23 0.1781
509 1789 26 30 0.1752
853 1072 19 24 0.1660
868 1726 31 34 0.1642
58 286 24 30 0.1634
687 1049 19 25 0.1605
699 1761 25 30 0.1553
475 1041 28 36 0.1551
491 1040 20 25 0.1523
405 344 21 24 0.1448
780 304 35 37 0.1255
705 1750 23 30 0.1164
212 1053 24 30 0.1140
210 1054 25 31 0.1125
173 1054 19 25 0.1093
375 1054 19 23 0.1093
65 287 23 29 0.1042
273 1749 41 46 0.1020
695 1752 23 28 0.0954
19 338 26 29 0.0953
185 1747 42 48 0.0944
735 325 31 33 0.0930
789 1049 22 28 0.0923
302 322 37 39 0.0917
384 1054 18 22 0.0893
329 1046 18 23 0.0878
411 1066 30 35 0.0875
386 379 21 25 0.0802
377 1058 19 22 0.0785
178 1056 18 23 0.0785
182 355 16 19 0.0772
777 1039 25 31 0.0739
224 1721 33 40 0.0690
11 338 26 29 0.0685
294 1723 24 28 0.0673
733 319 29 33 0.0663
225 1719 30 36 0.0644
167 1054 18 23 0.0629
176 354 16 19 0.0622
390 381 19 23 0.0619
889 995 19 23 0.0613
380 376 21 27 0.0613
994 1084 25 39 0.0604
222 352 16 19 0.0602
700 341 24 26 0.0600
507 1792 26 31 0.0574
797 1055 19 24 0.0568
51 349 21 26 0.0568
214 351 16 18 0.0562
668 1017 16 21 0.0555
224 1753 31 39 0.0550
891 997 19 23 0.0531
60 352 19 24 0.0530
855 346 22 23 0.0517
276 1749 38 43 0.0509
170 1058 17 21 0.0507
355 1008 17 19 0.0506
651 1052 18 22 0.0503
945 1087 27 36 0.0487
440 365 17 21 0.0483
298 314 38 39 0.0456
386 1058 20 24 0.0451
245 352 18 21 0.0443
593 1760 31 36 0.0436
671 372 18 22 0.0435
653 1048 19 23 0.0434
669 1739 23 28 0.0433
62 292 23 29 0.0432
331 1044 18 23 0.0421
381 381 20 25 0.0420
660 1016 16 22 0.0419
709 1081 26 36 0.0414
448 365 16 20 0.0413
347 1009 17 20 0.0408
241 350 18 20 0.0404
28 1045 20 26 0.0398
172 1055 19 25 0.0398
708 1749 20 27 0.0397
168 353 16 21 0.0396
341 1753 34 42 0.0388
582 1041 21 26 0.0385
785 1053 23 27 0.0385
862 345 21 23 0.0385
92 357 19 23 0.0385
660 1050 17 21 0.0376
410 1063 24 29 0.0369
896 996 18 21 0.0363
690 1006 17 20 0.0359
213 1051 24 28 0.0355
670 338 20 22 0.0353
477 366 16 18 0.0352
580 1043 20 25 0.0347
799 1783 43 46 0.0345
161 358 17 20 0.0344
845 1070 20 25 0.0340
986 204 38 160 0.0335
925 984 18 23 0.0332
680 1744 21 25 0.0318
497 1038 17 22 0.0308
740 318 29 34 0.0303
89 353 19 24 0.0303
46 1019 17 21 0.0302
776 313 31 34 0.0302
101 357 18 23 0.0301
98 353 19 23 0.0291
554 356 13 15 0.0290
38 1020 17 21 0.0289
410 1053 25 30 0.0283
847 1041 19 22 0.0272
113 1021 22 26 0.0271
633 364 17 21 0.0270
783 1055 22 27 0.0267
403 341 21 23 0.0267
992 237 32 130 0.0263
741 325 32 34 0.0259
558 358 13 15 0.0259
857 354 23 29 0.0250
352 1006 15 18 0.0250
563 354 13 16 0.0248
841 1052 19 25 0.0247
894 994 21 24 0.0244
951 1078 23 29 0.0244
287 1724 25 28 0.0242
48 351 19 24 0.0239
473 361 15 19 0.0236
709 1768 27 31 0.0234
471 1774 30 36 0.0226
68 295 21 26 0.0223
23 1045 19 27 0.0222
461 1829 31 36 0.0221
670 1746 23 28 0.0217
634 353 17 19 0.0215
103 1021 23 26 0.0202
217 1054 23 29 0.0199
716 1083 27 35 0.0194
111 1026 29 35 0.0192
522 1844 39 45 0.0190
444 358 17 20 0.0188
489 1038 18 23 0.0188
677 379 16 19 0.0187
919 363 22 25 0.0187
661 1018 17 20 0.0187
594 360 14 17 0.0186
345 1006 16 19 0.0182
565 357 13 16 0.0178
772 1030 25 29 0.0177
787 1001 18 21 0.0177
876 1711 32 37 0.0176
685 1005 16 19 0.0175
665 339 19 21 0.0173
90 1027 37 45 0.0173
393 375 20 25 0.0172
922 1740 30 35 0.0170
316 325 30 34 0.0169
927 1746 33 38 0.0169
667 334 19 22 0.0168
33 1045 19 26 0.0168
591 356 14 16 0.0167
81 395 18 21 0.0164
840 1038 18 21 0.0163
911 987 18 23 0.0160
474 368 15 18 0.0158
990 1085 24 34 0.0158
348 1008 17 20 0.0157
704 1779 25 31 0.0155
1010 1093 14 38 0.0155
848 1062 20 25 0.0155
926 1722 28 29 0.0151
285 1048 20 26 0.0148
651 1004 18 21 0.0148
290 324 33 37 0.0147
851 348 20 21 0.0146
391 343 23 26 0.0142
785 1009 23 27 0.0142
573 1038 20 25 0.0141
242 997 20 21 0.0139
464 1761 29 33 0.0138
667 372 16 19 0.0138
74 393 17 22 0.0133
852 342 21 24 0.0130
214 351 16 19 0.0130
313 316 30 34 0.0129
539 1779 30 34 0.0127
781 1001 18 22 0.0126
782 1005 20 24 0.0126
91 1046 31 38 0.0126
80 1056 31 39 0.0126
248 348 22 25 0.0125
320 1041 19 21 0.0124
134 1027 19 23 0.0123
15 348 21 24 0.0123
679 1006 16 19 0.0122
683 381 17 21 0.0121
612 1050 18 22 0.0120
28 338 20 25 0.0120
296 988 16 20 0.0119
657 1798 31 37 0.0119
999 193 25 175 0.0118
712 1063 25 32 0.0115
811 1753 32 34 0.0114
730 329 23 27 0.0113
913 358 21 25 0.0111
565 1036 19 25 0.0110
34 1050 18 23 0.0110
568 1049 20 23 0.0108
246 1002 23 27 0.0107
866 361 23 27 0.0106
770 1740 27 32 0.0103
3 1028 16 23 0.0102
173 351 17 19 0.0102
