10_People_Marching_People_Marching_2_191
65
20 302 19 20 0.7968
138 302 15 23 0.7690
317 299 16 24 0.7682
658 323 20 22 0.7469
845 318 20 26 0.7420
329 237 15 19 0.7387
747 324 20 26 0.7376
513 315 18 28 0.7339
385 315 17 22 0.6905
827 322 18 26 0.6823
969 347 15 25 0.6710
95 314 17 23 0.6497
256 292 17 22 0.6018
184 315 18 20 0.5963
454 320 16 25 0.5888
242 309 17 25 0.5804
379 238 14 20 0.5521
335 305 16 26 0.5472
83 294 16 21 0.5368
497 329 14 20 0.5054
81 293 16 22 0.4397
243 308 18 27 0.4355
1016 472 8 30 0.3660
183 315 17 20 0.3631
94 314 16 22 0.3331
364 308 16 24 0.3079
377 238 14 19 0.2939
1013 471 11 31 0.2818
388 315 17 22 0.2726
452 321 15 23 0.2700
337 305 17 26 0.2656
361 308 15 24 0.2380
494 329 14 20 0.1632
515 315 18 29 0.1630
659 323 20 22 0.1612
260 293 15 21 0.1435
746 324 19 26 0.1402
738 312 15 20 0.1383
362 310 15 23 0.1379
231 306 11 18 0.1248
847 318 19 26 0.0753
971 348 15 24 0.0570
1 294 11 20 0.0499
229 306 10 17 0.0469
638 325 17 24 0.0399
366 310 15 23 0.0362
825 322 18 25 0.0349
235 316 14 21 0.0345
252 286 13 19 0.0307
36 286 13 17 0.0216
1 299 10 18 0.0199
736 312 13 18 0.0195
1008 470 15 33 0.0195
249 282 11 18 0.0191
508 309 15 24 0.0186
736 314 15 21 0.0183
35 289 14 18 0.0176
359 276 12 17 0.0146
136 304 13 21 0.0141
2 297 15 19 0.0139
20 283 17 22 0.0137
739 317 15 24 0.0137
10 293 15 20 0.0130
67 284 10 17 0.0128
507 308 13 19 0.0124
