10_People_Marching_People_Marching_10_People_Marching_People_Marching_10_People_Marching_People_Marching_10_162
149
391 309 23 26 0.8234
96 291 22 23 0.7056
519 270 24 25 0.6793
301 269 23 24 0.6567
332 272 22 23 0.5990
444 293 20 23 0.5954
695 275 24 28 0.5245
665 289 26 31 0.5119
176 258 20 23 0.4531
661 287 29 34 0.4512
367 262 18 23 0.4410
414 221 21 22 0.4153
268 287 24 27 0.3722
779 89 19 20 0.3457
272 288 22 25 0.3435
827 301 27 32 0.3382
417 222 20 22 0.3327
334 272 23 23 0.2872
141 272 20 22 0.2837
143 274 20 21 0.2704
630 305 26 29 0.2312
39 310 19 21 0.2064
691 274 24 29 0.1937
144 272 21 22 0.1806
967 201 18 21 0.1686
703 281 26 26 0.1609
675 140 19 21 0.1588
179 263 18 18 0.1367
389 226 21 24 0.1304
706 285 25 25 0.1122
385 227 21 23 0.1002
364 261 18 23 0.0898
91 177 17 23 0.0869
280 218 21 20 0.0853
591 182 17 20 0.0838
227 298 29 32 0.0818
227 292 28 31 0.0811
96 178 15 20 0.0772
594 182 18 20 0.0703
229 292 28 30 0.0663
39 321 18 19 0.0662
569 233 19 22 0.0646
963 200 19 23 0.0604
444 215 14 18 0.0599
545 94 19 21 0.0583
727 238 22 24 0.0534
357 211 14 17 0.0510
229 239 22 21 0.0501
411 110 18 22 0.0487
632 310 25 28 0.0484
787 218 19 19 0.0483
43 311 19 20 0.0472
440 215 14 18 0.0458
839 80 17 21 0.0449
181 259 21 22 0.0420
334 273 22 23 0.0359
440 293 19 23 0.0349
230 297 28 32 0.0345
442 211 15 20 0.0336
782 216 21 23 0.0331
548 96 18 20 0.0312
362 263 19 22 0.0302
284 218 20 20 0.0284
179 258 22 24 0.0277
564 232 21 25 0.0275
145 275 21 20 0.0259
868 301 18 24 0.0243
571 235 20 24 0.0243
628 305 24 28 0.0242
922 276 23 26 0.0238
526 130 16 19 0.0238
358 212 16 20 0.0238
413 223 20 21 0.0236
928 241 26 30 0.0235
753 237 20 21 0.0235
909 19 14 16 0.0233
478 291 23 23 0.0231
925 276 24 26 0.0227
572 79 14 19 0.0226
472 292 23 24 0.0224
37 312 16 20 0.0221
750 232 21 23 0.0217
829 308 27 31 0.0204
844 84 14 18 0.0204
1010 69 14 27 0.0203
470 265 19 28 0.0202
929 246 27 28 0.0199
834 310 29 33 0.0195
735 240 19 19 0.0195
562 234 23 28 0.0191
724 230 26 29 0.0181
869 134 21 26 0.0181
966 85 20 26 0.0180
826 295 27 34 0.0179
834 78 19 23 0.0178
189 278 19 20 0.0178
410 107 17 20 0.0173
175 264 15 17 0.0171
82 182 14 19 0.0169
449 116 15 18 0.0163
634 49 17 21 0.0158
629 312 24 27 0.0156
863 295 21 28 0.0155
888 280 24 27 0.0152
803 606 26 14 0.0150
497 203 15 21 0.0149
654 39 19 21 0.0149
531 129 16 20 0.0144
784 89 17 19 0.0143
1015 175 9 21 0.0143
414 107 17 18 0.0142
657 39 20 22 0.0140
227 236 20 21 0.0138
690 286 17 21 0.0138
566 233 22 27 0.0135
260 215 19 24 0.0135
630 48 18 22 0.0135
438 210 16 22 0.0134
414 111 17 20 0.0133
780 224 23 25 0.0130
390 223 20 23 0.0130
882 157 18 20 0.0128
651 182 17 21 0.0127
173 260 17 20 0.0127
462 92 17 18 0.0125
232 240 24 21 0.0125
807 606 24 14 0.0124
569 79 14 19 0.0124
309 270 18 21 0.0124
1007 54 17 31 0.0121
883 160 20 22 0.0121
278 285 23 26 0.0120
893 285 23 25 0.0118
387 229 21 24 0.0117
61 294 22 23 0.0116
837 83 16 20 0.0115
599 240 24 22 0.0115
867 192 19 27 0.0114
472 304 22 24 0.0113
879 277 27 33 0.0113
592 185 17 22 0.0112
842 190 16 21 0.0112
962 86 18 24 0.0111
734 233 23 23 0.0108
911 22 14 15 0.0108
39 328 15 15 0.0104
936 244 23 24 0.0103
855 1 19 21 0.0101
676 144 21 24 0.0100
