26_Soldier_Drilling_Soldiers_Drilling_26_619
27
459 213 28 38 0.8519
816 242 26 29 0.8173
382 250 18 20 0.7730
764 295 26 29 0.7619
703 244 14 21 0.3598
66 240 17 23 0.3432
213 147 16 22 0.2537
129 253 16 22 0.2488
69 239 15 21 0.1882
65 238 17 23 0.1870
134 254 14 20 0.1516
71 240 14 22 0.1188
216 148 16 23 0.0674
209 147 17 22 0.0616
118 248 16 20 0.0599
127 252 16 20 0.0594
707 243 14 23 0.0573
208 149 19 24 0.0555
104 253 11 15 0.0542
121 254 15 19 0.0402
133 253 13 19 0.0350
107 255 11 14 0.0307
699 245 14 20 0.0286
60 240 17 22 0.0174
698 240 18 25 0.0174
130 257 16 22 0.0162
59 242 15 20 0.0150
