26_Soldier_Drilling_Soldiers_Drilling_26_1022
262
32 454 22 29 0.7118
88 494 20 26 0.7075
142 314 17 21 0.4744
79 302 18 26 0.3728
82 302 18 26 0.3701
815 526 14 18 0.3120
718 452 10 13 0.3017
26 505 18 24 0.2943
802 498 14 17 0.2778
388 348 12 17 0.2711
392 348 11 16 0.2566
262 433 22 30 0.2474
760 450 10 12 0.2450
681 464 10 13 0.2387
281 335 16 20 0.2335
342 349 11 15 0.2284
695 451 9 12 0.2237
258 423 26 38 0.2229
815 437 10 13 0.2203
641 453 9 12 0.2014
338 349 11 15 0.2010
491 455 11 15 0.1968
579 446 9 12 0.1878
721 452 10 13 0.1852
172 296 17 22 0.1834
609 448 9 13 0.1799
811 526 15 18 0.1788
799 498 13 17 0.1771
284 337 15 19 0.1736
146 314 16 21 0.1731
606 448 9 12 0.1718
559 454 10 13 0.1701
256 422 26 38 0.1660
644 452 9 13 0.1585
710 450 9 12 0.1582
818 437 10 13 0.1527
739 451 9 12 0.1514
495 455 10 14 0.1458
684 462 11 14 0.1281
769 559 18 23 0.1270
558 456 10 12 0.1233
258 419 24 37 0.1229
583 446 9 12 0.1214
772 451 10 14 0.1206
476 455 13 17 0.1170
491 454 10 14 0.1126
562 456 9 12 0.1125
494 455 10 13 0.1108
621 441 8 11 0.1087
775 450 10 13 0.1077
883 492 14 19 0.1033
474 451 12 17 0.1027
624 441 9 11 0.1002
865 424 10 14 0.0999
169 295 16 23 0.0905
698 454 10 13 0.0905
170 297 17 22 0.0857
706 530 16 22 0.0841
175 298 15 21 0.0829
229 334 13 17 0.0824
577 444 9 12 0.0792
891 549 17 25 0.0784
50 289 15 19 0.0780
643 455 9 11 0.0772
772 454 10 13 0.0750
808 454 10 13 0.0744
255 419 24 36 0.0740
474 345 12 17 0.0722
868 424 10 14 0.0721
323 331 11 15 0.0709
829 438 10 14 0.0709
111 301 18 24 0.0690
892 553 17 23 0.0689
554 448 10 14 0.0677
528 442 9 11 0.0653
788 498 11 15 0.0653
604 446 9 11 0.0652
705 527 15 20 0.0633
504 439 8 12 0.0605
686 457 10 12 0.0599
87 254 12 15 0.0587
20 292 15 20 0.0586
30 505 17 23 0.0581
624 445 10 13 0.0577
760 449 8 10 0.0549
774 560 17 22 0.0544
532 444 9 12 0.0525
746 513 13 18 0.0524
17 292 15 20 0.0523
327 331 10 15 0.0506
507 439 8 11 0.0492
53 222 13 16 0.0484
728 460 11 14 0.0482
887 554 16 22 0.0479
258 434 22 29 0.0457
708 449 9 10 0.0451
581 444 9 12 0.0444
871 465 13 16 0.0443
774 449 9 11 0.0438
601 452 9 11 0.0426
287 335 15 19 0.0424
775 449 8 10 0.0422
529 444 9 11 0.0412
246 315 15 18 0.0410
697 450 9 11 0.0407
683 466 9 11 0.0407
84 254 11 15 0.0402
527 459 10 12 0.0399
725 467 11 14 0.0398
831 495 12 16 0.0394
694 450 9 9 0.0379
728 468 11 13 0.0376
766 502 12 15 0.0375
783 546 14 17 0.0372
720 453 10 14 0.0371
217 315 16 20 0.0368
411 356 11 14 0.0366
780 527 13 17 0.0357
621 443 10 11 0.0348
827 552 16 19 0.0345
285 335 16 20 0.0344
306 348 14 18 0.0344
712 449 8 10 0.0335
640 447 10 11 0.0323
117 294 15 20 0.0322
524 458 9 13 0.0322
471 344 11 16 0.0319
646 455 9 11 0.0318
749 512 13 18 0.0317
739 450 9 10 0.0315
664 444 10 12 0.0311
549 444 9 12 0.0304
58 222 12 16 0.0303
611 451 9 12 0.0303
56 223 13 17 0.0302
685 465 9 12 0.0297
412 352 10 12 0.0296
576 446 9 11 0.0294
603 447 9 12 0.0292
680 465 9 12 0.0287
597 453 9 11 0.0287
801 440 10 12 0.0283
663 442 9 11 0.0282
514 430 9 11 0.0278
755 528 12 17 0.0278
722 451 9 12 0.0266
803 472 11 13 0.0265
645 451 9 11 0.0261
107 302 16 23 0.0260
661 442 9 12 0.0256
787 445 10 12 0.0253
726 466 11 14 0.0252
547 442 10 12 0.0251
745 519 13 17 0.0246
828 468 11 13 0.0245
762 503 12 14 0.0231
544 435 8 11 0.0230
250 315 15 17 0.0229
473 341 12 15 0.0228
775 455 10 13 0.0228
449 441 10 12 0.0226
67 269 13 17 0.0223
739 456 11 14 0.0222
710 527 14 18 0.0222
826 497 12 16 0.0219
517 430 9 11 0.0219
491 440 10 11 0.0217
796 441 11 12 0.0215
786 446 10 11 0.0214
858 471 13 16 0.0212
35 258 15 19 0.0211
464 371 11 16 0.0209
879 492 14 18 0.0206
225 332 13 19 0.0206
793 483 12 14 0.0205
475 351 11 15 0.0203
141 270 12 16 0.0202
873 467 13 17 0.0199
757 451 9 11 0.0196
897 546 16 21 0.0195
880 491 14 18 0.0195
193 326 15 19 0.0194
747 515 15 19 0.0188
810 431 9 12 0.0186
640 454 9 11 0.0186
122 293 14 19 0.0181
350 349 11 15 0.0181
49 285 15 20 0.0179
71 269 12 18 0.0177
904 511 15 19 0.0177
541 433 9 10 0.0177
527 443 9 11 0.0176
880 513 14 19 0.0175
92 230 12 15 0.0175
478 348 11 15 0.0175
0 607 5 35 0.0174
800 496 13 17 0.0174
667 445 8 10 0.0172
820 437 10 13 0.0172
758 455 10 14 0.0170
310 353 13 16 0.0170
312 350 12 15 0.0170
796 507 14 17 0.0168
819 474 10 13 0.0162
454 444 9 14 0.0156
907 509 15 20 0.0154
414 355 10 13 0.0153
244 331 14 19 0.0152
289 323 13 17 0.0152
829 493 12 16 0.0149
37 262 15 18 0.0149
710 531 14 21 0.0145
736 450 9 10 0.0144
678 464 9 12 0.0143
311 324 13 16 0.0142
937 508 16 19 0.0141
189 322 16 21 0.0141
146 272 10 14 0.0141
941 508 15 18 0.0141
284 322 15 19 0.0140
54 287 16 20 0.0136
208 331 14 19 0.0135
471 342 12 16 0.0135
716 503 12 15 0.0135
508 441 9 11 0.0135
96 230 12 14 0.0133
855 470 12 16 0.0131
905 489 14 17 0.0131
682 436 9 11 0.0131
831 491 12 15 0.0130
450 443 11 14 0.0130
23 502 17 24 0.0130
812 455 10 13 0.0130
453 442 9 11 0.0129
886 551 16 24 0.0128
842 509 13 18 0.0126
855 519 13 17 0.0126
777 527 12 17 0.0124
874 465 13 16 0.0122
772 561 18 22 0.0121
318 325 13 18 0.0119
467 370 11 14 0.0119
499 442 10 12 0.0119
133 266 14 18 0.0113
776 466 11 14 0.0113
233 333 14 18 0.0112
750 509 10 13 0.0111
315 328 13 16 0.0110
288 339 14 17 0.0110
857 445 10 13 0.0108
839 510 12 17 0.0107
573 445 9 12 0.0107
699 461 10 13 0.0107
45 290 14 18 0.0104
381 350 11 15 0.0104
878 493 14 18 0.0103
823 551 15 20 0.0103
314 355 11 14 0.0103
802 520 14 17 0.0102
750 462 11 13 0.0101
757 531 13 16 0.0101
447 441 11 14 0.0100
