26_Soldier_Drilling_Soldiers_Drilling_26_85
25
599 396 29 32 0.8142
213 359 29 32 0.8112
55 349 32 42 0.7099
0 596 27 53 0.5330
0 595 28 55 0.4127
382 379 11 13 0.2221
380 378 11 14 0.2098
386 379 11 14 0.1305
385 377 11 14 0.1212
982 878 37 70 0.1181
327 387 7 9 0.0624
53 349 32 42 0.0620
330 387 7 10 0.0506
324 386 7 9 0.0499
324 388 6 8 0.0385
380 380 10 13 0.0314
344 394 8 10 0.0299
329 384 6 10 0.0281
328 387 7 9 0.0202
378 612 26 39 0.0122
321 386 7 9 0.0118
377 380 10 12 0.0109
381 381 10 12 0.0107
330 391 7 8 0.0103
370 599 31 46 0.0101
