26_Soldier_Drilling_Soldiers_Drilling_26_307
23
414 353 28 32 0.7978
174 371 26 32 0.7830
263 345 22 31 0.6379
908 341 20 24 0.6075
291 361 26 28 0.5911
532 362 21 29 0.5041
727 359 18 20 0.3584
75 389 23 27 0.2801
725 358 17 20 0.2635
913 341 17 24 0.2312
78 389 23 25 0.2169
529 363 18 26 0.0810
258 345 22 30 0.0705
80 392 21 26 0.0539
76 391 24 29 0.0468
293 361 26 28 0.0367
676 366 18 24 0.0213
678 369 22 28 0.0197
4 250 26 51 0.0165
32 331 25 34 0.0132
720 359 20 22 0.0125
680 371 27 29 0.0123
734 358 11 17 0.0112
