26_Soldier_Drilling_Soldiers_Drilling_26_223
45
614 96 28 35 0.8705
718 102 33 39 0.8687
913 111 35 42 0.8648
514 78 33 39 0.8597
200 123 24 28 0.8578
276 111 26 32 0.8515
16 129 21 24 0.8261
405 92 26 35 0.8244
382 109 27 30 0.8227
125 150 19 21 0.8193
162 140 21 25 0.8128
89 130 21 25 0.7442
109 139 13 20 0.5872
465 108 27 34 0.5745
143 152 12 18 0.3589
71 134 19 23 0.2169
92 130 20 25 0.1391
364 132 12 14 0.1372
367 132 12 14 0.1351
68 135 16 22 0.1128
70 134 15 20 0.1058
68 134 12 17 0.0931
406 116 20 24 0.0904
146 153 11 17 0.0577
107 138 15 20 0.0535
578 143 14 17 0.0446
140 148 13 18 0.0391
562 139 15 22 0.0346
674 140 18 25 0.0346
90 131 20 24 0.0295
491 107 19 26 0.0241
672 142 25 32 0.0239
368 132 16 21 0.0185
365 130 15 19 0.0177
492 104 17 25 0.0177
383 109 27 30 0.0169
575 144 19 25 0.0164
565 137 11 15 0.0157
581 142 15 19 0.0156
473 108 28 33 0.0155
560 142 20 27 0.0144
51 147 14 15 0.0134
364 134 14 19 0.0109
485 106 21 29 0.0108
66 137 11 15 0.0101
