26_Soldier_Drilling_Soldiers_Drilling_26_204
346
372 258 25 34 0.7311
662 237 22 27 0.7096
731 378 27 39 0.6831
450 141 17 20 0.5856
1015 125 9 14 0.5262
440 196 20 26 0.4918
944 170 14 18 0.4754
600 117 12 14 0.4272
500 105 13 14 0.4070
922 228 19 24 0.3746
967 149 15 18 0.3615
1011 293 13 34 0.3456
438 197 19 25 0.3427
963 149 15 18 0.3016
587 86 10 12 0.3012
241 67 10 12 0.2926
238 67 9 13 0.2691
584 86 10 12 0.2689
986 164 11 13 0.2553
859 120 12 15 0.2434
994 188 15 18 0.2425
623 153 15 21 0.2411
597 117 12 14 0.2388
194 79 11 13 0.2307
800 218 19 28 0.2204
619 153 15 21 0.2137
942 114 10 14 0.2105
193 78 10 13 0.2088
946 257 14 19 0.2041
167 64 10 12 0.1946
892 270 19 23 0.1900
900 181 15 20 0.1896
938 113 10 14 0.1875
852 319 20 28 0.1836
925 110 10 12 0.1834
941 170 13 18 0.1675
453 141 17 20 0.1675
347 50 8 10 0.1669
344 50 8 10 0.1649
903 181 15 19 0.1644
492 80 9 12 0.1639
987 122 11 13 0.1621
474 132 14 18 0.1493
196 78 10 12 0.1488
664 119 13 19 0.1438
629 76 10 13 0.1412
495 80 10 12 0.1348
656 111 14 17 0.1336
661 112 13 18 0.1275
653 80 11 15 0.1219
990 163 10 14 0.1216
714 122 13 18 0.1183
653 75 10 12 0.1171
741 109 13 16 0.1164
862 120 11 14 0.1146
925 229 20 25 0.1107
787 185 21 22 0.1074
796 217 17 27 0.1069
597 116 13 15 0.1062
694 189 18 23 0.1057
620 150 16 23 0.1039
498 103 12 15 0.1036
903 178 14 17 0.1014
632 76 9 12 0.1012
197 79 10 13 0.0988
699 189 16 23 0.0985
905 207 17 23 0.0945
1015 180 9 17 0.0921
991 121 11 12 0.0913
900 177 13 17 0.0900
170 64 10 12 0.0899
1014 178 10 16 0.0896
919 227 18 23 0.0895
973 130 12 13 0.0895
711 122 12 18 0.0883
1006 235 17 21 0.0881
240 66 10 12 0.0881
697 187 16 23 0.0859
1015 294 9 34 0.0853
857 121 11 13 0.0837
1012 146 11 15 0.0813
498 105 11 14 0.0801
192 80 10 12 0.0790
969 203 16 22 0.0786
940 115 10 14 0.0784
772 112 11 14 0.0776
967 201 16 21 0.0766
982 202 16 20 0.0757
503 105 12 14 0.0730
165 64 10 12 0.0729
667 93 11 14 0.0727
579 36 11 13 0.0726
650 81 11 15 0.0703
849 319 17 27 0.0700
984 204 18 21 0.0676
583 36 9 12 0.0674
348 51 8 9 0.0666
829 108 13 15 0.0658
944 115 10 14 0.0656
966 119 10 13 0.0647
169 65 11 12 0.0623
776 113 11 13 0.0618
631 78 10 13 0.0597
737 108 12 16 0.0592
547 56 7 9 0.0581
550 56 8 9 0.0576
834 136 13 15 0.0566
850 309 21 35 0.0561
627 76 9 13 0.0560
285 55 9 11 0.0559
970 119 9 12 0.0548
991 188 15 17 0.0546
804 113 11 14 0.0514
493 79 9 12 0.0513
288 54 9 12 0.0506
520 51 7 9 0.0500
660 117 13 19 0.0490
714 175 12 19 0.0481
943 257 13 19 0.0478
885 149 13 17 0.0457
667 90 10 14 0.0455
316 54 7 9 0.0454
989 165 11 13 0.0453
474 129 12 14 0.0453
486 69 9 12 0.0449
237 66 9 12 0.0445
344 52 8 9 0.0445
911 119 11 14 0.0443
915 120 10 13 0.0442
1017 116 7 12 0.0441
967 118 8 11 0.0441
517 51 7 9 0.0439
650 157 15 19 0.0436
656 76 10 12 0.0431
1017 127 7 13 0.0428
700 85 9 11 0.0420
855 322 23 33 0.0417
693 187 17 22 0.0409
703 84 9 12 0.0397
782 185 19 21 0.0393
838 137 12 14 0.0391
992 119 9 11 0.0388
549 55 7 9 0.0377
369 58 7 9 0.0376
675 93 11 13 0.0376
672 90 10 13 0.0375
972 116 9 11 0.0374
503 103 11 14 0.0372
678 172 15 21 0.0370
1014 225 10 20 0.0365
825 108 12 15 0.0365
944 255 13 19 0.0365
756 98 12 16 0.0364
966 204 14 21 0.0360
967 242 18 25 0.0359
321 66 9 11 0.0358
312 54 8 9 0.0358
985 121 10 12 0.0353
965 199 14 20 0.0339
652 113 13 16 0.0338
814 298 19 22 0.0332
887 110 10 13 0.0331
1001 235 18 24 0.0330
684 174 15 20 0.0330
789 189 22 24 0.0330
284 53 9 11 0.0325
512 62 10 12 0.0323
671 91 11 14 0.0311
801 113 11 13 0.0310
516 65 9 11 0.0304
864 112 11 13 0.0304
915 113 9 12 0.0303
789 211 16 25 0.0302
994 211 15 19 0.0300
926 112 10 13 0.0299
714 80 9 12 0.0296
479 132 13 18 0.0296
695 186 19 25 0.0295
238 67 10 12 0.0289
713 78 8 12 0.0288
627 79 9 12 0.0286
923 109 9 11 0.0281
222 112 12 16 0.0275
976 152 11 14 0.0272
892 262 18 26 0.0272
546 54 7 9 0.0272
688 120 13 17 0.0272
710 79 8 11 0.0270
800 266 20 28 0.0267
963 243 16 23 0.0266
689 96 11 14 0.0264
317 55 8 10 0.0262
165 64 10 13 0.0261
294 41 10 12 0.0261
970 131 12 14 0.0261
293 40 10 11 0.0261
894 249 18 25 0.0259
661 95 12 15 0.0258
1009 146 11 14 0.0256
1013 123 9 14 0.0255
370 56 8 9 0.0251
710 175 12 19 0.0250
983 164 12 15 0.0250
966 238 17 25 0.0249
226 112 11 15 0.0243
856 120 11 14 0.0241
891 354 18 25 0.0237
897 130 9 11 0.0236
889 150 12 15 0.0235
1011 144 11 14 0.0235
520 65 9 11 0.0232
797 267 15 25 0.0230
313 56 9 10 0.0226
995 190 17 20 0.0225
318 67 9 11 0.0225
482 70 10 12 0.0224
715 178 14 20 0.0223
745 111 12 15 0.0223
800 258 22 31 0.0223
815 100 10 14 0.0220
667 114 12 17 0.0219
373 58 7 9 0.0218
895 265 21 27 0.0218
902 207 15 21 0.0217
888 271 17 22 0.0217
651 148 16 20 0.0213
588 86 10 13 0.0208
893 357 20 27 0.0202
715 273 17 20 0.0202
988 118 10 12 0.0200
650 84 11 14 0.0200
901 184 16 21 0.0196
893 110 10 12 0.0195
707 221 23 28 0.0193
500 54 8 10 0.0189
592 86 8 12 0.0189
1007 290 17 37 0.0188
857 318 26 33 0.0181
278 55 9 11 0.0179
448 140 15 20 0.0178
603 103 10 13 0.0178
908 118 10 12 0.0177
191 78 10 12 0.0177
982 126 10 12 0.0176
823 300 21 24 0.0174
652 112 11 15 0.0174
290 42 11 12 0.0172
701 88 10 13 0.0171
584 148 15 18 0.0171
520 53 8 9 0.0170
806 116 10 12 0.0170
276 54 8 10 0.0169
702 91 10 12 0.0169
869 91 9 11 0.0168
291 40 9 11 0.0168
665 125 12 16 0.0167
499 53 8 9 0.0166
886 152 13 18 0.0165
487 67 9 11 0.0165
703 221 19 27 0.0164
221 115 14 17 0.0164
651 74 9 12 0.0164
820 137 13 16 0.0162
794 127 12 14 0.0161
895 127 9 13 0.0161
792 185 20 24 0.0161
852 140 11 14 0.0160
164 67 10 13 0.0158
810 90 8 11 0.0158
1002 233 21 29 0.0158
774 113 12 14 0.0157
796 214 21 31 0.0156
744 113 12 16 0.0155
795 131 13 17 0.0154
971 152 15 17 0.0154
580 39 11 14 0.0153
873 129 11 14 0.0151
393 54 7 8 0.0151
949 169 12 16 0.0151
676 128 14 18 0.0149
437 75 10 12 0.0149
830 115 11 13 0.0149
642 117 14 17 0.0147
853 144 15 18 0.0147
682 123 12 16 0.0146
813 90 9 11 0.0144
826 113 13 15 0.0144
849 314 23 33 0.0144
620 156 16 22 0.0142
950 115 10 14 0.0141
848 142 14 17 0.0141
802 115 12 13 0.0140
692 144 13 16 0.0139
829 105 11 14 0.0137
774 116 11 12 0.0136
953 271 20 27 0.0134
741 379 24 35 0.0134
258 59 9 12 0.0132
1008 236 15 28 0.0132
704 226 21 26 0.0132
858 117 11 14 0.0132
662 126 11 15 0.0131
1009 297 15 38 0.0130
812 94 8 11 0.0130
517 63 10 12 0.0129
718 120 11 16 0.0129
396 53 8 10 0.0129
866 91 9 12 0.0128
902 210 18 24 0.0127
318 65 10 11 0.0127
870 93 9 12 0.0126
999 188 17 18 0.0125
479 128 11 14 0.0123
923 212 16 21 0.0120
441 76 9 11 0.0120
488 68 9 11 0.0120
681 178 16 22 0.0119
709 223 25 30 0.0117
882 141 11 14 0.0117
929 211 19 23 0.0116
933 137 11 14 0.0115
850 139 13 16 0.0115
873 315 27 34 0.0115
759 100 11 14 0.0115
841 191 17 21 0.0115
344 50 8 9 0.0113
892 361 25 37 0.0113
752 107 13 17 0.0113
844 283 18 23 0.0112
866 94 9 13 0.0112
1000 238 19 25 0.0111
607 103 10 13 0.0109
840 185 18 20 0.0109
810 297 15 20 0.0108
702 83 8 10 0.0107
827 116 10 12 0.0106
628 164 15 24 0.0104
393 56 8 9 0.0103
739 103 11 15 0.0103
700 119 13 16 0.0103
711 128 12 16 0.0102
779 116 10 12 0.0102
1012 287 12 36 0.0101
716 127 13 17 0.0101
805 134 13 15 0.0101
796 182 20 23 0.0100
