26_Soldier_Drilling_Soldiers_Drilling_26_262
169
621 316 23 29 0.8652
919 280 29 36 0.8643
1004 263 20 37 0.8621
802 283 25 31 0.8595
275 293 24 29 0.8494
128 264 23 25 0.8429
169 263 24 32 0.8410
953 291 26 32 0.8359
637 279 23 27 0.8359
760 324 24 30 0.8355
79 258 24 31 0.8348
854 290 22 29 0.8333
725 281 25 31 0.8326
576 272 24 30 0.8306
763 248 21 25 0.8294
475 310 24 28 0.8255
432 261 18 26 0.8238
610 272 22 29 0.8227
966 235 21 27 0.8181
447 270 24 29 0.8171
866 251 21 26 0.8160
6 261 22 28 0.8147
39 272 22 27 0.8136
694 275 23 29 0.8088
225 262 19 25 0.8014
300 263 21 24 0.8005
61 252 20 30 0.7907
124 237 19 21 0.7871
344 255 22 29 0.7735
783 271 21 28 0.7707
485 241 15 18 0.7630
169 211 15 19 0.7497
87 213 17 19 0.7419
219 230 16 21 0.7382
535 267 26 28 0.7281
372 219 13 16 0.7142
390 261 19 26 0.7071
334 266 15 23 0.7020
474 229 13 17 0.6994
526 219 15 17 0.6740
303 212 15 19 0.6706
326 217 18 20 0.6675
508 266 20 26 0.6539
245 258 19 28 0.6451
384 218 13 17 0.6195
220 210 15 18 0.6031
251 215 14 18 0.5901
441 218 17 19 0.5718
405 193 14 17 0.5586
585 226 15 19 0.5523
690 250 20 22 0.5475
152 246 16 24 0.5340
421 257 18 25 0.5282
398 225 14 17 0.5269
679 219 12 17 0.5128
497 224 13 16 0.5045
592 241 15 18 0.4953
113 221 13 18 0.4855
600 223 16 20 0.4789
651 234 15 19 0.4747
685 221 14 17 0.4747
206 250 13 18 0.4400
648 233 15 20 0.4268
439 218 16 19 0.4266
420 256 17 26 0.4191
62 254 20 29 0.3459
594 240 15 19 0.3257
353 230 15 16 0.3103
403 193 13 17 0.2992
527 266 17 24 0.2988
519 243 19 20 0.2604
51 213 16 20 0.2577
534 266 26 30 0.2545
249 215 14 18 0.2528
115 221 13 18 0.2441
839 276 18 28 0.2351
0 256 8 27 0.2215
785 271 21 28 0.2157
36 249 16 21 0.2155
102 257 19 25 0.2102
408 253 15 22 0.2065
180 226 15 18 0.2026
599 222 16 18 0.2020
350 230 15 16 0.1810
583 227 14 17 0.1744
218 209 13 17 0.1700
496 223 13 15 0.1700
979 277 17 27 0.1605
100 256 19 25 0.1587
975 278 17 27 0.1561
926 250 24 26 0.1356
677 219 11 16 0.1337
324 217 17 19 0.1318
452 219 12 16 0.1265
301 212 14 19 0.1116
401 225 14 18 0.1100
503 263 16 22 0.1067
688 221 14 18 0.1062
511 268 19 24 0.1032
387 262 19 25 0.1029
381 287 13 28 0.1010
714 237 17 24 0.0993
149 246 16 23 0.0964
472 229 12 16 0.0939
829 250 20 23 0.0921
46 232 16 18 0.0912
320 258 16 21 0.0841
45 234 18 23 0.0831
41 206 11 16 0.0779
203 249 12 19 0.0733
528 269 17 23 0.0725
995 255 21 30 0.0713
804 248 15 22 0.0705
824 286 17 25 0.0704
529 219 15 16 0.0675
536 266 26 29 0.0646
319 260 15 23 0.0644
834 276 20 29 0.0620
800 249 14 20 0.0510
223 263 18 23 0.0494
108 259 15 21 0.0483
370 219 12 16 0.0483
802 247 13 20 0.0467
40 218 14 19 0.0462
112 222 12 17 0.0447
494 225 13 16 0.0429
53 212 15 19 0.0392
332 237 16 19 0.0387
58 214 12 16 0.0381
246 257 21 30 0.0372
516 243 18 19 0.0340
146 248 17 22 0.0309
283 232 12 18 0.0266
107 257 16 22 0.0264
105 258 18 25 0.0253
42 229 17 20 0.0241
387 220 13 16 0.0235
980 279 20 31 0.0232
519 240 15 17 0.0219
388 219 11 16 0.0199
336 267 15 24 0.0195
36 206 14 21 0.0190
521 246 20 24 0.0187
326 257 13 19 0.0186
343 255 22 28 0.0183
992 256 15 22 0.0179
973 277 22 31 0.0175
800 246 11 19 0.0172
266 210 12 18 0.0172
928 248 20 22 0.0170
388 216 11 15 0.0155
38 241 18 24 0.0151
681 222 14 18 0.0144
826 253 18 22 0.0142
180 230 17 21 0.0131
283 236 13 19 0.0128
51 232 16 20 0.0126
512 263 20 24 0.0123
693 249 21 24 0.0120
26 206 13 18 0.0116
348 232 18 21 0.0115
160 252 16 23 0.0111
713 264 20 26 0.0110
135 79 24 32 0.0109
834 250 19 22 0.0109
874 307 18 24 0.0106
156 258 18 26 0.0105
436 261 18 24 0.0103
266 208 11 17 0.0101
