26_Soldier_Drilling_Soldiers_Drilling_26_991
114
346 102 15 18 0.7378
305 93 14 17 0.7068
437 103 12 16 0.5922
630 84 11 14 0.4885
665 79 11 14 0.4837
551 95 11 14 0.4753
244 121 11 14 0.4649
478 97 12 16 0.4548
704 78 10 13 0.4499
588 86 11 13 0.4470
784 65 12 15 0.4416
216 120 11 14 0.4223
731 81 11 14 0.4216
946 50 13 16 0.4171
214 120 10 14 0.4038
834 62 13 16 0.4026
632 84 11 14 0.3897
388 111 11 15 0.3886
481 97 12 16 0.3713
175 122 10 13 0.3684
787 65 11 14 0.3682
172 122 10 13 0.3679
129 133 9 10 0.3622
273 112 12 16 0.3509
734 82 10 13 0.3443
586 85 10 14 0.3425
677 78 10 13 0.3419
662 80 11 13 0.3312
391 112 11 14 0.3121
53 144 9 10 0.3091
51 144 8 10 0.3074
276 112 12 16 0.2801
72 147 7 9 0.2726
69 147 7 9 0.2685
110 134 8 10 0.2647
113 134 8 10 0.2631
676 75 10 14 0.2620
701 78 11 13 0.2552
943 49 14 17 0.2467
512 95 10 13 0.2329
554 96 10 13 0.2270
246 121 11 14 0.2128
837 62 13 16 0.2094
838 62 12 16 0.2025
242 122 11 13 0.1915
608 91 10 13 0.1861
509 95 10 13 0.1742
127 132 9 11 0.1676
611 91 9 13 0.1630
274 114 12 15 0.1549
887 106 5 7 0.1513
439 103 12 16 0.1454
870 96 6 8 0.1345
884 106 5 7 0.1335
867 96 6 8 0.1306
944 51 12 15 0.1265
610 89 10 13 0.1244
52 143 8 11 0.1108
92 145 8 10 0.0999
409 116 10 13 0.0988
541 101 9 11 0.0965
884 107 5 7 0.0947
544 98 10 13 0.0845
930 54 10 14 0.0775
132 134 9 11 0.0764
607 88 10 14 0.0717
673 75 11 14 0.0711
839 63 13 15 0.0706
729 81 10 13 0.0678
71 146 7 9 0.0602
277 114 11 15 0.0540
702 77 11 14 0.0535
407 115 10 12 0.0489
869 95 6 8 0.0484
111 135 8 10 0.0407
89 146 8 9 0.0399
68 146 7 9 0.0387
516 96 10 13 0.0383
303 93 14 17 0.0369
91 143 8 10 0.0369
888 106 5 6 0.0321
511 91 10 13 0.0318
126 131 9 11 0.0297
866 94 7 8 0.0264
514 94 10 13 0.0260
889 107 5 7 0.0260
109 132 8 10 0.0251
468 98 11 15 0.0250
434 104 12 15 0.0227
130 133 8 11 0.0203
548 95 11 13 0.0196
411 115 10 12 0.0194
538 101 8 12 0.0192
95 143 8 10 0.0190
468 103 11 15 0.0186
69 150 7 8 0.0181
885 107 5 6 0.0176
55 143 8 10 0.0176
905 120 5 7 0.0170
374 108 12 16 0.0167
309 94 11 16 0.0165
908 121 5 6 0.0160
872 106 6 8 0.0156
390 112 11 14 0.0148
780 68 10 14 0.0144
132 137 8 9 0.0141
50 143 8 10 0.0128
369 111 11 14 0.0124
394 115 9 12 0.0117
508 92 9 12 0.0111
514 98 9 12 0.0108
930 53 9 12 0.0106
390 114 10 13 0.0106
149 131 8 10 0.0100
