12_Group_Large_Group_12_Group_Large_Group_12_103
43
916 296 54 59 0.8748
498 188 42 49 0.8646
107 152 42 48 0.8639
312 190 42 52 0.8590
775 188 32 44 0.8481
638 142 27 30 0.8390
821 166 24 32 0.8368
489 318 80 106 0.8330
404 203 26 42 0.8257
740 131 22 27 0.7975
646 218 34 61 0.7837
399 149 24 28 0.7807
922 181 17 32 0.7332
510 128 19 24 0.6857
532 175 29 34 0.6612
321 125 15 24 0.5218
363 135 20 23 0.5141
295 161 21 29 0.4803
667 130 19 24 0.4620
449 146 12 24 0.4494
670 129 18 24 0.4435
361 134 19 24 0.3800
298 162 20 28 0.3671
512 128 18 24 0.2202
273 439 41 111 0.1994
9 219 24 45 0.1991
325 125 14 23 0.1419
10 228 22 52 0.1047
312 191 42 51 0.0968
10 222 23 53 0.0505
533 175 28 33 0.0408
836 356 31 62 0.0375
15 218 20 43 0.0366
453 147 13 25 0.0324
281 260 21 53 0.0298
16 223 18 50 0.0294
925 181 17 32 0.0190
286 257 21 58 0.0169
446 144 11 24 0.0131
445 147 13 23 0.0127
16 230 20 50 0.0127
444 147 15 26 0.0116
698 187 25 28 0.0111
