12_Group_Team_Organized_Group_12_Group_Team_Organized_Group_12_83
90
731 373 167 239 0.9197
809 219 61 72 0.8729
300 237 34 49 0.8453
145 281 28 38 0.8295
0 340 16 39 0.8246
28 320 23 28 0.8094
401 243 30 41 0.7977
111 235 24 34 0.7893
557 269 37 32 0.7779
9 258 20 26 0.7515
997 190 19 24 0.7285
905 242 20 27 0.7138
37 255 24 27 0.6248
960 192 14 19 0.6214
208 266 22 30 0.6050
957 243 15 20 0.5983
13 292 19 26 0.5421
732 223 16 20 0.5340
919 204 13 16 0.4472
93 276 28 38 0.4446
39 255 24 27 0.4325
125 249 18 24 0.3833
197 286 20 32 0.3795
93 276 28 38 0.3606
142 259 19 24 0.3271
180 253 19 27 0.2540
17 291 17 27 0.2211
194 286 20 30 0.1933
916 204 13 16 0.1901
184 254 19 27 0.1752
63 259 17 23 0.1646
1006 239 14 16 0.1607
735 223 16 20 0.1549
145 259 19 25 0.1533
1002 239 14 17 0.1530
117 237 24 31 0.1431
188 258 19 26 0.1065
204 301 19 31 0.0862
200 292 21 37 0.0854
61 259 16 21 0.0853
896 209 13 17 0.0847
894 211 16 21 0.0699
760 209 10 12 0.0698
730 223 15 19 0.0696
144 258 18 23 0.0581
764 209 10 12 0.0545
1005 236 14 17 0.0537
928 194 10 12 0.0537
964 192 14 19 0.0535
206 265 21 29 0.0533
141 258 17 22 0.0509
779 247 22 47 0.0425
955 243 14 20 0.0420
1002 236 14 18 0.0404
900 209 13 17 0.0370
1003 238 17 18 0.0365
182 255 20 28 0.0323
958 193 12 17 0.0317
193 246 16 23 0.0305
997 249 12 15 0.0259
228 255 15 20 0.0239
759 212 14 18 0.0239
922 198 12 17 0.0239
720 220 11 15 0.0230
762 236 20 34 0.0225
198 247 14 20 0.0223
208 300 16 31 0.0214
927 194 10 12 0.0211
264 263 22 28 0.0204
68 259 16 22 0.0202
995 247 11 15 0.0186
779 241 23 46 0.0185
182 254 22 28 0.0181
202 296 23 36 0.0161
946 228 17 21 0.0159
15 294 18 27 0.0159
125 255 18 25 0.0153
68 259 16 20 0.0150
765 237 21 37 0.0139
762 211 14 19 0.0139
781 208 10 12 0.0132
126 248 20 28 0.0129
264 268 25 33 0.0124
958 191 11 17 0.0123
49 256 19 25 0.0121
783 238 27 49 0.0119
1002 189 19 24 0.0117
211 306 15 27 0.0116
994 249 12 16 0.0111
124 237 19 27 0.0110
