12_Group_Team_Organized_Group_12_Group_Team_Organized_Group_12_186
51
859 324 31 40 0.8659
199 360 34 38 0.8620
447 392 31 38 0.8612
657 368 27 35 0.8607
395 368 28 35 0.8606
598 360 28 37 0.8601
308 381 29 36 0.8599
192 173 28 38 0.8599
900 194 28 32 0.8591
823 197 30 36 0.8583
559 195 26 33 0.8561
674 193 26 33 0.8555
113 170 27 38 0.8554
70 154 30 40 0.8554
754 223 28 36 0.8553
762 155 24 29 0.8543
971 342 30 38 0.8528
14 178 30 38 0.8524
715 353 29 35 0.8512
147 190 29 37 0.8502
268 195 27 33 0.8494
696 218 27 34 0.8492
461 189 25 32 0.8491
469 308 28 36 0.8486
402 143 25 37 0.8472
530 343 28 35 0.8472
225 201 28 38 0.8471
163 146 28 32 0.8470
583 152 25 33 0.8468
368 191 26 34 0.8465
327 155 25 34 0.8440
719 173 24 32 0.8433
297 270 27 34 0.8410
723 143 22 25 0.8400
516 193 25 31 0.8369
340 312 26 31 0.8357
364 156 25 32 0.8327
251 147 25 28 0.8320
282 168 25 28 0.8304
494 164 25 30 0.8228
575 109 21 31 0.8105
601 184 24 33 0.8063
674 153 23 30 0.7922
625 204 26 29 0.7770
511 101 22 27 0.7593
448 161 23 29 0.7464
674 153 23 30 0.1550
624 204 26 29 0.0814
602 184 24 33 0.0225
974 307 17 21 0.0175
283 167 25 29 0.0109
