12_Group_Group_12_Group_Group_12_80
23
184 296 38 43 0.8716
769 285 34 41 0.8701
653 220 35 44 0.8637
281 117 33 39 0.8599
72 145 32 36 0.8598
303 306 33 37 0.8590
350 127 31 39 0.8561
421 228 34 41 0.8537
541 228 34 39 0.8530
873 284 33 37 0.8523
640 119 32 35 0.8518
222 129 33 38 0.8517
837 170 30 36 0.8514
523 101 30 35 0.8513
470 124 34 38 0.8489
706 123 28 35 0.8485
133 117 32 34 0.8484
596 117 30 33 0.8475
805 120 30 34 0.8454
406 105 30 37 0.8454
932 134 30 38 0.7852
932 134 30 38 0.3785
184 296 38 44 0.0111
