12_Group_Large_Group_12_Group_Large_Group_12_736
49
573 401 31 37 0.8011
937 454 23 29 0.7912
142 390 26 29 0.7873
398 388 17 24 0.7477
299 385 26 26 0.7230
423 388 18 27 0.7083
637 358 16 27 0.5521
155 333 18 31 0.4867
73 311 10 13 0.3767
69 311 11 13 0.3543
675 368 18 22 0.3075
23 304 9 12 0.1802
11 359 21 32 0.1668
229 367 16 21 0.1642
159 333 16 31 0.1576
19 304 9 12 0.1572
426 388 18 27 0.1209
632 359 16 25 0.1056
1 309 8 13 0.1048
754 390 12 27 0.0867
102 371 14 18 0.0846
15 359 22 34 0.0563
10 359 17 27 0.0429
22 302 8 11 0.0407
236 367 12 19 0.0367
18 302 9 11 0.0363
307 386 25 26 0.0355
0 299 7 12 0.0346
180 363 18 27 0.0344
2 311 9 12 0.0337
11 365 22 35 0.0333
103 374 16 19 0.0328
0 353 6 23 0.0323
107 371 13 18 0.0313
671 368 16 22 0.0287
3 309 10 12 0.0271
0 334 11 20 0.0225
185 363 17 25 0.0220
641 357 16 27 0.0206
297 386 23 25 0.0189
158 331 17 29 0.0182
6 358 21 33 0.0172
401 388 16 24 0.0136
443 390 14 20 0.0129
230 372 16 22 0.0122
226 393 19 25 0.0120
0 340 12 27 0.0113
417 389 16 24 0.0108
232 365 16 21 0.0105
