12_Group_Group_12_Group_Group_12_227
34
182 256 36 46 0.8877
549 278 32 43 0.8708
591 274 39 59 0.8696
445 148 30 40 0.8687
386 305 35 44 0.8682
397 181 29 39 0.8663
606 218 32 41 0.8660
809 256 33 42 0.8658
241 178 29 38 0.8657
567 182 27 38 0.8651
425 224 32 40 0.8646
731 268 36 42 0.8639
390 241 35 45 0.8615
479 270 32 45 0.8607
240 272 34 46 0.8597
696 215 31 39 0.8586
486 199 30 36 0.8582
716 146 30 38 0.8581
647 274 29 42 0.8578
731 186 30 36 0.8574
637 151 32 38 0.8568
328 218 29 41 0.8553
300 181 29 38 0.8524
649 204 30 38 0.8522
511 223 32 42 0.8518
839 193 28 38 0.8509
379 125 28 33 0.8499
339 154 27 36 0.8477
300 259 33 40 0.8446
471 121 29 39 0.8421
556 132 26 39 0.7386
555 132 27 39 0.5802
479 270 32 45 0.0313
716 146 30 37 0.0292
