12_Group_Group_12_Group_Group_12_935
714
694 591 24 32 0.8522
894 633 21 27 0.8485
249 629 21 26 0.8398
675 490 23 28 0.8394
240 661 21 28 0.8389
574 391 21 27 0.8388
122 629 20 28 0.8375
510 626 21 27 0.8368
903 557 21 29 0.8366
624 662 21 28 0.8362
648 559 22 29 0.8329
612 454 21 29 0.8323
278 561 21 26 0.8318
203 600 21 27 0.8314
17 561 20 28 0.8306
403 558 21 28 0.8300
97 353 21 27 0.8297
940 372 22 28 0.8289
560 421 20 24 0.8288
340 381 21 26 0.8281
701 388 20 26 0.8278
112 672 21 22 0.8274
521 608 21 24 0.8272
829 351 21 24 0.8271
112 183 20 25 0.8264
752 663 22 28 0.8261
20 602 21 29 0.8258
868 460 21 27 0.8257
597 527 22 27 0.8255
73 600 20 26 0.8248
505 0 27 20 0.8245
890 318 21 25 0.8244
60 635 21 29 0.8237
262 408 21 29 0.8232
83 570 21 26 0.8230
792 489 19 25 0.8229
0 633 18 28 0.8225
134 276 21 27 0.8222
685 453 21 24 0.8217
148 387 21 25 0.8214
941 419 23 33 0.8210
392 57 21 29 0.8204
763 639 21 25 0.8199
586 563 21 24 0.8195
172 664 22 26 0.8185
737 453 20 26 0.8180
482 113 20 23 0.8169
916 497 23 30 0.8144
303 283 20 26 0.8142
19 455 22 26 0.8141
594 347 21 26 0.8138
759 376 21 29 0.8128
659 537 21 24 0.8123
542 488 21 26 0.8121
454 0 20 26 0.8120
684 669 20 24 0.8116
830 606 21 24 0.8115
226 346 21 25 0.8114
880 115 21 25 0.8114
762 418 21 29 0.8111
1004 460 19 31 0.8104
620 425 20 26 0.8103
151 563 21 26 0.8103
532 524 20 28 0.8102
725 507 20 29 0.8090
903 59 19 26 0.8083
278 386 21 25 0.8079
888 663 21 26 0.8078
36 350 20 25 0.8073
122 13 20 27 0.8067
215 61 19 23 0.8046
688 184 19 25 0.8045
216 567 21 27 0.8043
506 455 21 27 0.8040
649 158 18 22 0.8039
355 276 20 26 0.8034
441 645 20 24 0.8031
543 319 20 25 0.8030
831 382 19 26 0.8028
365 89 20 24 0.8028
9 157 19 25 0.8025
631 637 20 28 0.8016
113 484 19 26 0.8011
687 216 20 26 0.8006
434 491 20 25 0.7998
614 255 18 21 0.7997
535 353 19 26 0.7996
469 156 19 27 0.7993
853 20 20 27 0.7984
443 406 19 24 0.7970
894 607 20 24 0.7958
548 90 19 24 0.7956
634 190 19 25 0.7956
48 524 21 24 0.7955
613 285 19 24 0.7937
826 639 22 24 0.7933
318 423 20 25 0.7933
0 486 15 25 0.7926
112 533 19 25 0.7920
18 106 20 27 0.7919
121 152 22 26 0.7894
293 491 20 27 0.7891
190 636 20 26 0.7889
356 322 21 22 0.7877
241 450 21 25 0.7876
522 390 19 25 0.7872
789 25 18 22 0.7868
338 559 20 27 0.7865
32 87 19 25 0.7855
688 426 20 21 0.7844
741 257 19 24 0.7840
420 94 19 23 0.7836
63 154 20 27 0.7798
1008 120 16 25 0.7798
975 492 22 24 0.7788
816 428 21 25 0.7766
337 22 20 28 0.7765
533 123 20 23 0.7757
510 424 21 24 0.7752
433 591 22 25 0.7742
327 58 19 24 0.7730
776 348 18 22 0.7722
807 662 21 26 0.7709
356 149 19 26 0.7691
112 315 21 22 0.7690
780 560 22 27 0.7685
355 349 20 29 0.7683
966 27 19 27 0.7651
38 390 21 27 0.7642
557 284 19 26 0.7635
580 606 20 26 0.7634
890 87 18 25 0.7629
957 65 18 21 0.7611
136 118 21 24 0.7610
745 493 21 25 0.7609
204 287 19 25 0.7605
37 266 20 24 0.7604
428 290 21 24 0.7596
959 349 20 24 0.7591
410 524 20 23 0.7590
946 92 21 22 0.7588
626 3 19 21 0.7571
145 80 20 29 0.7560
755 175 20 26 0.7548
374 653 22 33 0.7547
217 381 21 27 0.7534
166 535 20 26 0.7530
379 416 20 27 0.7524
895 360 22 28 0.7520
717 129 19 25 0.7520
363 115 19 27 0.7512
464 560 21 28 0.7510
0 667 10 27 0.7504
595 314 20 25 0.7502
920 214 21 26 0.7478
431 454 22 24 0.7478
842 554 22 27 0.7464
220 521 22 30 0.7461
74 490 20 23 0.7457
230 194 19 26 0.7456
458 189 20 26 0.7454
294 320 20 22 0.7445
68 317 20 27 0.7432
357 192 18 20 0.7420
499 64 20 23 0.7403
1010 388 14 26 0.7400
512 181 20 28 0.7387
653 309 20 27 0.7385
844 526 22 27 0.7376
37 217 17 22 0.7352
51 676 22 24 0.7349
379 610 21 22 0.7333
275 598 19 24 0.7317
632 606 22 24 0.7317
396 379 22 27 0.7308
567 642 20 24 0.7300
613 58 21 28 0.7291
460 383 21 27 0.7274
420 328 20 21 0.7272
562 461 20 24 0.7266
780 528 21 22 0.7258
874 425 21 27 0.7241
663 59 17 26 0.7213
304 92 19 23 0.7189
474 322 20 20 0.7168
51 190 20 26 0.7103
589 158 19 24 0.7090
717 348 19 24 0.7077
980 149 18 26 0.7071
569 199 19 22 0.7065
0 46 17 26 0.7034
262 109 18 22 0.7019
550 667 22 24 0.6997
653 114 20 25 0.6981
570 219 18 24 0.6978
325 621 20 23 0.6966
428 114 19 23 0.6926
948 610 20 27 0.6920
943 685 21 21 0.6914
302 124 20 22 0.6896
485 94 19 21 0.6886
205 91 18 24 0.6872
458 52 17 20 0.6869
944 111 19 23 0.6854
703 286 22 23 0.6852
800 228 19 23 0.6843
804 0 17 19 0.6821
666 89 19 24 0.6802
498 494 20 23 0.6795
666 353 20 27 0.6791
262 252 18 21 0.6779
912 529 21 26 0.6759
486 258 21 25 0.6747
933 147 19 22 0.6746
781 284 19 25 0.6735
0 184 9 23 0.6685
234 318 20 24 0.6681
999 675 21 25 0.6646
861 0 21 15 0.6639
984 245 22 24 0.6627
441 58 18 24 0.6608
973 523 21 26 0.6599
489 289 21 22 0.6584
91 84 20 26 0.6577
385 638 19 27 0.6555
959 565 22 25 0.6537
607 92 18 20 0.6529
630 378 21 25 0.6512
178 313 20 27 0.6505
818 179 20 24 0.6499
364 0 18 24 0.6468
213 2 17 17 0.6412
435 256 18 22 0.6411
154 350 20 26 0.6408
44 422 19 26 0.6403
901 290 20 22 0.6389
8 0 20 14 0.6355
831 315 21 25 0.6336
973 224 20 24 0.6315
292 0 19 10 0.6303
300 155 18 22 0.6291
682 5 20 23 0.6267
736 231 18 23 0.6214
858 486 22 26 0.6209
143 597 21 29 0.6205
841 285 18 21 0.6191
551 64 19 23 0.6174
56 34 18 20 0.6168
410 347 21 28 0.6159
524 567 22 24 0.6136
411 164 18 24 0.6125
74 290 21 23 0.6105
554 255 21 26 0.6093
531 165 21 23 0.6080
285 345 21 27 0.6071
166 22 16 18 0.6067
742 0 19 18 0.6014
316 454 18 23 0.6006
718 29 17 25 0.5995
613 490 22 30 0.5993
970 290 22 23 0.5980
463 528 22 27 0.5962
235 487 20 24 0.5959
244 132 18 22 0.5897
808 454 20 28 0.5890
911 25 19 21 0.5882
820 90 20 28 0.5842
505 660 19 23 0.5798
142 597 21 28 0.5697
362 481 21 28 0.5688
695 645 23 23 0.5662
371 460 19 21 0.5643
616 217 19 26 0.5621
316 535 21 25 0.5621
937 466 21 28 0.5549
296 189 19 25 0.5523
986 193 20 24 0.5513
935 467 21 27 0.5496
384 203 18 21 0.5482
348 552 18 23 0.5468
323 595 20 25 0.5449
949 317 21 26 0.5421
719 556 21 27 0.5349
282 29 20 23 0.5341
770 604 19 24 0.5330
922 241 21 27 0.5329
594 135 18 19 0.5322
76 291 20 22 0.5299
22 290 20 23 0.5270
717 556 21 27 0.5258
1016 49 8 25 0.5250
180 173 19 25 0.5218
924 241 22 26 0.5189
846 221 20 23 0.5172
176 313 21 27 0.5165
951 317 20 26 0.5152
770 320 19 23 0.5052
189 0 19 17 0.5008
823 64 21 24 0.4941
770 126 19 26 0.4925
1004 86 18 26 0.4916
242 528 18 23 0.4883
1002 85 18 26 0.4862
793 261 21 21 0.4752
773 321 18 23 0.4690
360 481 21 28 0.4652
475 345 19 28 0.4645
322 250 17 22 0.4642
303 667 23 24 0.4615
60 0 19 13 0.4549
696 148 18 25 0.4543
461 528 22 27 0.4491
19 290 21 22 0.4454
477 344 20 29 0.4407
231 317 21 26 0.4396
221 159 17 23 0.4392
820 64 20 24 0.4327
223 158 18 24 0.4245
387 638 19 27 0.4221
612 490 22 30 0.4212
923 0 20 18 0.4122
910 528 21 27 0.4113
773 126 18 26 0.4105
156 350 21 26 0.4104
680 4 20 24 0.4070
1016 323 8 23 0.4069
94 84 19 26 0.4061
213 27 15 18 0.4000
325 595 20 25 0.3981
860 486 21 26 0.3938
914 25 18 21 0.3925
822 89 21 29 0.3911
0 314 8 27 0.3903
412 347 21 28 0.3901
772 604 19 23 0.3863
285 29 20 23 0.3801
283 345 21 27 0.3759
848 221 20 23 0.3758
298 155 18 22 0.3751
698 148 17 26 0.3735
398 19 21 27 0.3719
169 184 16 22 0.3708
183 174 18 23 0.3707
1017 1 7 19 0.3637
605 91 18 21 0.3588
592 134 18 20 0.3563
401 131 16 19 0.3536
132 0 20 11 0.3533
618 216 20 27 0.3532
944 687 21 19 0.3474
232 486 20 25 0.3419
299 189 18 25 0.3395
404 131 16 18 0.3388
990 193 18 24 0.3333
362 0 17 24 0.3329
987 245 21 24 0.3274
0 313 6 26 0.3204
552 255 21 25 0.3179
247 132 18 21 0.3158
781 84 16 20 0.3147
508 661 18 22 0.3093
810 454 19 28 0.3083
721 30 18 24 0.3010
592 158 19 24 0.2943
326 250 16 21 0.2938
669 352 19 28 0.2861
305 125 19 21 0.2856
961 565 22 25 0.2824
555 64 17 23 0.2797
273 598 20 24 0.2790
975 523 21 26 0.2783
414 164 18 24 0.2770
976 224 20 23 0.2769
1001 675 22 26 0.2763
527 567 21 23 0.2758
970 1 19 21 0.2642
54 33 18 21 0.2634
669 89 19 24 0.2606
733 232 18 22 0.2592
950 610 20 27 0.2532
199 27 12 15 0.2515
382 201 18 22 0.2495
797 261 20 21 0.2484
129 0 21 11 0.2474
401 19 20 26 0.2413
397 19 20 26 0.2368
227 699 24 7 0.2353
202 27 12 15 0.2333
816 173 20 24 0.2269
426 114 18 23 0.2215
1013 46 11 25 0.2201
209 91 17 24 0.2198
740 0 20 17 0.2169
0 24 10 20 0.2167
784 285 19 24 0.2152
655 310 21 26 0.2139
660 461 16 17 0.2112
558 563 18 23 0.2103
925 0 20 18 0.2098
187 0 20 17 0.2095
666 304 16 22 0.2090
949 250 16 20 0.2057
141 509 14 18 0.2041
515 182 20 27 0.2032
878 412 19 21 0.1978
399 18 21 27 0.1966
256 85 16 17 0.1949
661 59 17 25 0.1921
529 164 21 23 0.1916
658 461 15 17 0.1901
720 348 19 24 0.1867
41 423 19 26 0.1862
0 22 7 20 0.1835
552 667 22 24 0.1833
832 315 20 25 0.1789
370 454 19 24 0.1739
694 148 18 26 0.1721
565 642 20 24 0.1644
463 383 20 27 0.1644
476 322 20 20 0.1633
489 259 21 24 0.1619
568 219 17 24 0.1538
938 147 17 21 0.1496
0 46 16 26 0.1493
705 285 22 23 0.1485
404 199 14 19 0.1425
54 190 20 26 0.1416
923 0 22 17 0.1414
487 289 21 23 0.1413
372 653 23 32 0.1413
297 320 19 22 0.1390
897 210 16 20 0.1386
508 139 16 20 0.1380
66 317 20 27 0.1363
797 228 19 23 0.1344
179 435 19 20 0.1296
720 129 18 24 0.1284
361 115 19 27 0.1277
1014 0 10 18 0.1272
656 114 20 26 0.1243
822 179 19 24 0.1206
246 528 18 23 0.1197
186 439 21 20 0.1196
233 195 19 25 0.1194
872 425 20 27 0.1192
693 646 21 23 0.1176
399 379 20 27 0.1146
903 290 19 23 0.1141
502 64 19 23 0.1127
974 290 20 22 0.1124
439 257 17 21 0.1115
412 524 20 24 0.1108
316 523 18 20 0.1088
1013 389 11 26 0.1084
501 494 20 23 0.1080
950 92 19 22 0.1075
505 137 17 20 0.1067
436 613 17 18 0.1046
1018 326 6 25 0.1041
438 58 19 24 0.1030
0 343 5 23 0.1002
462 559 21 29 0.0996
535 14 19 22 0.0992
381 611 20 22 0.0980
161 0 16 17 0.0959
616 60 21 27 0.0947
655 223 16 20 0.0942
631 378 21 26 0.0915
53 676 22 24 0.0911
142 510 15 19 0.0901
169 535 19 26 0.0889
67 0 20 10 0.0869
1017 625 7 28 0.0857
943 111 18 23 0.0811
62 0 19 15 0.0804
783 528 20 22 0.0803
41 266 19 24 0.0800
859 0 21 15 0.0771
426 328 16 20 0.0766
177 430 18 22 0.0762
309 667 20 24 0.0759
315 532 21 26 0.0752
430 290 20 24 0.0751
809 453 20 29 0.0744
0 563 7 22 0.0738
952 251 16 19 0.0717
921 0 22 17 0.0716
171 22 14 17 0.0686
0 538 5 24 0.0683
877 519 18 22 0.0660
834 315 19 24 0.0658
898 141 15 19 0.0648
1017 26 7 20 0.0630
670 305 14 19 0.0624
183 429 20 23 0.0623
323 531 19 24 0.0612
0 339 5 25 0.0593
1015 620 9 27 0.0579
395 226 14 17 0.0568
161 0 16 11 0.0558
1010 122 14 23 0.0550
208 287 17 25 0.0549
1 276 11 19 0.0543
319 455 18 23 0.0542
335 22 20 28 0.0537
10 0 19 15 0.0533
512 575 17 21 0.0526
578 606 20 26 0.0525
654 234 15 19 0.0516
225 259 16 18 0.0511
542 0 21 8 0.0508
302 476 16 18 0.0505
0 375 16 25 0.0499
644 380 16 19 0.0494
181 433 20 22 0.0492
220 259 16 17 0.0491
901 210 16 20 0.0490
665 306 18 22 0.0482
880 521 18 22 0.0479
694 148 17 25 0.0479
659 461 15 15 0.0475
977 149 17 26 0.0472
971 291 21 23 0.0468
969 246 16 20 0.0465
595 123 18 21 0.0456
1014 376 10 24 0.0448
557 561 16 21 0.0441
131 0 19 15 0.0437
388 201 17 21 0.0434
526 327 15 20 0.0424
949 252 17 21 0.0424
628 378 22 27 0.0422
786 85 14 19 0.0421
170 187 16 21 0.0415
877 409 18 19 0.0412
784 87 15 18 0.0406
336 480 14 18 0.0405
297 490 19 27 0.0403
847 526 21 27 0.0403
660 289 18 21 0.0399
886 87 20 25 0.0393
669 306 15 20 0.0387
437 454 19 22 0.0386
354 191 17 20 0.0379
459 622 16 18 0.0375
259 108 18 23 0.0373
232 699 21 7 0.0370
527 166 20 22 0.0369
1015 316 9 29 0.0358
902 133 18 23 0.0353
167 23 17 18 0.0352
898 291 20 23 0.0342
627 607 23 23 0.0336
879 193 17 23 0.0335
490 94 17 20 0.0331
296 0 18 10 0.0329
57 0 18 14 0.0325
158 1 15 16 0.0324
898 136 14 21 0.0318
802 0 19 18 0.0315
210 1 17 18 0.0313
79 290 19 23 0.0310
659 222 15 20 0.0307
500 494 20 23 0.0307
807 454 20 28 0.0304
0 557 6 26 0.0304
969 0 18 16 0.0303
0 252 9 18 0.0302
745 257 18 24 0.0302
158 0 18 15 0.0296
158 0 15 10 0.0295
258 88 18 21 0.0294
375 460 17 21 0.0283
1019 631 5 28 0.0280
79 490 18 23 0.0279
200 27 11 13 0.0276
473 74 14 14 0.0275
510 572 17 21 0.0272
647 433 19 24 0.0269
287 0 20 12 0.0268
388 203 17 21 0.0266
836 286 18 21 0.0264
901 140 16 20 0.0263
218 521 23 30 0.0260
876 703 22 3 0.0260
430 0 19 7 0.0258
360 241 19 24 0.0255
324 535 18 23 0.0252
100 548 16 20 0.0251
542 13 16 22 0.0250
142 80 21 29 0.0248
173 188 15 20 0.0245
539 0 20 7 0.0244
566 462 19 23 0.0243
972 0 19 19 0.0243
251 184 20 22 0.0242
221 491 16 21 0.0239
674 704 23 2 0.0238
610 0 20 11 0.0233
924 215 20 25 0.0233
184 0 20 18 0.0230
340 479 14 18 0.0230
269 487 21 25 0.0229
3 276 14 22 0.0227
974 666 18 19 0.0224
364 241 18 24 0.0223
261 6 19 21 0.0223
693 425 19 22 0.0223
627 377 22 27 0.0221
697 649 21 21 0.0216
361 322 19 23 0.0214
465 631 21 26 0.0213
897 360 22 27 0.0213
483 86 19 20 0.0212
462 224 16 19 0.0211
12 223 17 18 0.0209
0 532 6 24 0.0207
189 445 19 18 0.0206
212 27 13 15 0.0205
169 117 16 21 0.0203
257 7 19 19 0.0201
295 464 18 20 0.0199
211 25 15 18 0.0199
561 350 15 21 0.0199
617 285 18 23 0.0198
385 230 19 19 0.0198
553 284 20 26 0.0196
476 702 26 4 0.0196
436 202 15 18 0.0193
406 203 15 19 0.0192
175 478 20 20 0.0187
260 84 16 19 0.0187
833 159 18 22 0.0186
874 410 20 22 0.0186
437 204 15 19 0.0186
165 319 20 23 0.0186
327 621 20 24 0.0184
458 626 19 24 0.0184
292 270 15 18 0.0183
1018 9 6 19 0.0183
264 91 18 20 0.0183
846 554 21 26 0.0179
571 200 19 22 0.0175
181 175 18 23 0.0174
657 459 14 16 0.0172
145 508 14 19 0.0171
120 470 20 22 0.0167
211 0 19 16 0.0167
900 127 16 17 0.0163
0 210 5 21 0.0161
835 382 18 26 0.0161
466 226 16 18 0.0154
951 248 17 24 0.0153
321 623 20 24 0.0149
505 140 16 19 0.0149
872 409 17 17 0.0146
14 230 17 17 0.0146
2 278 14 23 0.0145
4 0 21 16 0.0145
975 2 18 18 0.0143
727 83 18 20 0.0143
200 190 12 14 0.0140
363 238 18 22 0.0138
742 493 22 25 0.0137
310 92 17 22 0.0135
0 254 9 21 0.0134
877 383 16 19 0.0133
273 480 18 23 0.0133
872 414 20 25 0.0133
661 479 19 23 0.0133
269 479 18 22 0.0132
628 637 22 28 0.0131
15 105 21 28 0.0131
161 22 17 19 0.0131
491 5 15 17 0.0130
275 486 19 24 0.0127
877 163 16 17 0.0126
646 381 17 19 0.0124
267 702 20 4 0.0123
946 0 18 8 0.0123
514 424 20 24 0.0122
1011 279 12 23 0.0120
382 635 18 25 0.0120
872 165 18 19 0.0119
548 700 20 6 0.0119
596 314 20 25 0.0118
758 175 19 26 0.0118
44 419 17 23 0.0118
1011 632 12 23 0.0117
394 229 17 17 0.0117
899 206 17 22 0.0116
197 705 26 1 0.0116
58 0 16 12 0.0115
1011 48 13 23 0.0115
552 604 17 21 0.0114
254 189 19 20 0.0113
489 17 14 15 0.0112
175 486 20 20 0.0111
439 200 16 20 0.0111
337 480 16 21 0.0110
649 431 17 20 0.0110
0 22 14 21 0.0109
874 383 16 19 0.0108
294 83 17 22 0.0108
1018 53 6 29 0.0108
87 0 20 6 0.0107
359 237 19 23 0.0107
658 235 15 19 0.0106
875 193 17 23 0.0105
877 376 17 20 0.0103
76 0 16 10 0.0103
439 615 17 17 0.0102
863 0 20 16 0.0101
1 379 16 23 0.0100
