12_Group_Team_Organized_Group_12_Group_Team_Organized_Group_12_778
87
817 138 25 31 0.8762
227 278 25 30 0.8581
892 164 25 31 0.8579
344 287 24 31 0.8560
847 128 24 31 0.8529
467 292 24 32 0.8525
766 114 23 31 0.8524
586 296 25 33 0.8518
931 147 31 38 0.8517
646 296 25 33 0.8496
781 300 26 32 0.8477
172 282 23 31 0.8474
108 280 26 31 0.8465
499 87 23 29 0.8461
877 131 23 28 0.8456
748 90 22 30 0.8444
288 291 24 28 0.8441
518 292 24 33 0.8435
719 117 23 31 0.8433
709 302 26 32 0.8432
60 282 24 28 0.8416
406 306 24 30 0.8414
611 227 21 28 0.8412
582 97 22 29 0.8394
495 221 21 30 0.8391
904 137 25 29 0.8388
164 92 22 26 0.8385
236 219 21 29 0.8379
277 226 21 28 0.8361
511 57 22 28 0.8328
435 81 22 29 0.8323
390 66 20 28 0.8319
556 226 21 28 0.8313
441 224 21 29 0.8310
178 210 22 29 0.8297
370 79 21 31 0.8295
319 71 20 27 0.8270
330 226 20 27 0.8254
689 74 20 25 0.8240
830 97 22 27 0.8238
251 76 20 24 0.8218
789 92 21 25 0.8202
346 53 20 26 0.8193
211 49 20 27 0.8095
384 225 20 27 0.8094
230 95 21 26 0.8092
294 100 22 26 0.8072
716 87 22 26 0.7869
623 89 20 26 0.7865
805 114 23 27 0.7823
806 75 20 28 0.7731
598 75 15 23 0.7729
743 65 21 27 0.7548
708 52 21 26 0.7500
849 188 27 31 0.7484
664 88 22 28 0.7282
695 120 22 29 0.7272
653 226 22 30 0.6939
467 64 19 26 0.6818
581 56 20 28 0.6677
538 65 21 27 0.6649
467 64 20 26 0.6556
663 88 22 27 0.6496
282 61 20 25 0.6236
414 55 20 26 0.6160
660 69 18 22 0.5612
849 188 26 32 0.5597
642 77 19 25 0.5399
644 77 19 25 0.3916
654 226 22 30 0.3730
412 56 20 26 0.3517
693 120 22 29 0.3395
285 61 20 24 0.3180
579 57 19 27 0.3124
540 65 21 27 0.3078
659 70 17 19 0.2934
931 147 30 38 0.1513
625 90 20 25 0.1288
809 75 20 27 0.0812
532 214 15 21 0.0432
641 78 19 26 0.0379
855 111 22 26 0.0206
645 78 19 25 0.0206
387 66 18 26 0.0193
529 214 16 21 0.0150
706 52 21 27 0.0143
860 110 23 27 0.0132
