12_Group_Team_Organized_Group_12_Group_Team_Organized_Group_12_412
33
3 207 42 43 0.8814
496 224 36 55 0.8807
761 179 33 42 0.8776
235 200 35 54 0.8771
889 220 39 51 0.8766
705 200 39 45 0.8764
965 134 38 54 0.8734
387 219 39 51 0.8722
555 232 34 46 0.8709
117 189 34 44 0.8689
604 330 36 54 0.8685
329 216 38 50 0.8642
781 57 31 40 0.8632
143 215 37 54 0.8447
662 223 33 41 0.8134
593 228 25 36 0.7774
809 227 35 45 0.7417
577 398 44 62 0.7037
495 172 30 39 0.5854
906 207 34 46 0.4884
495 172 31 39 0.4590
635 231 28 35 0.3503
635 235 28 35 0.1730
909 207 31 42 0.0926
577 399 44 61 0.0715
472 238 22 34 0.0500
472 234 23 35 0.0363
477 232 22 37 0.0335
641 230 28 34 0.0139
631 232 21 31 0.0120
477 233 26 39 0.0107
916 209 27 41 0.0103
467 239 28 42 0.0102
