12_Group_Team_Organized_Group_12_Group_Team_Organized_Group_12_28
38
218 0 54 44 0.8808
520 255 40 49 0.8512
683 53 41 57 0.8483
926 240 26 35 0.8228
602 270 26 31 0.8211
987 286 30 39 0.8193
433 263 28 35 0.8154
468 260 24 27 0.7972
13 218 28 30 0.7710
965 254 25 30 0.7627
870 275 27 30 0.7355
825 275 20 32 0.7327
997 243 20 30 0.6704
143 268 23 29 0.5177
677 259 18 25 0.4537
330 248 26 32 0.4406
141 267 24 30 0.4228
774 270 21 29 0.3439
111 206 16 29 0.2514
333 248 25 32 0.1668
154 242 16 19 0.1469
106 207 17 28 0.1334
771 270 20 30 0.0832
334 252 25 31 0.0678
155 245 17 19 0.0642
671 259 17 25 0.0457
162 159 18 26 0.0442
823 275 18 31 0.0434
1004 244 18 28 0.0431
680 258 21 27 0.0336
774 267 19 29 0.0289
674 256 16 25 0.0208
330 251 27 33 0.0162
109 203 16 30 0.0160
794 347 31 36 0.0151
963 277 19 26 0.0136
158 242 15 18 0.0107
966 279 20 25 0.0105
