12_Group_Large_Group_12_Group_Large_Group_12_120
1217
153 239 11 13 0.5515
881 358 12 15 0.5379
511 235 9 13 0.5250
717 415 11 16 0.5250
627 267 10 13 0.5224
550 293 10 14 0.5187
692 420 13 16 0.5186
254 355 10 13 0.5185
425 388 11 15 0.5091
346 292 11 14 0.5004
553 238 9 12 0.4899
347 392 12 15 0.4894
370 352 12 15 0.4871
538 218 10 13 0.4861
538 266 10 13 0.4854
702 301 9 13 0.4851
240 393 12 15 0.4834
959 445 12 16 0.4834
230 269 10 13 0.4802
756 244 9 12 0.4794
218 299 10 14 0.4761
114 420 12 15 0.4761
281 356 10 14 0.4756
387 391 11 15 0.4742
449 379 12 16 0.4727
589 267 10 13 0.4688
102 280 9 13 0.4667
523 218 9 12 0.4651
549 325 10 13 0.4647
444 269 10 13 0.4645
779 352 10 12 0.4641
155 300 10 13 0.4621
321 292 11 14 0.4608
618 241 10 14 0.4607
642 238 9 12 0.4607
501 263 11 13 0.4580
220 356 11 14 0.4568
280 419 13 16 0.4568
40 327 11 14 0.4561
208 327 11 13 0.4541
267 355 10 13 0.4530
153 278 10 13 0.4526
762 268 10 14 0.4519
488 218 10 12 0.4516
549 390 12 15 0.4510
639 298 10 14 0.4498
191 273 11 14 0.4488
257 452 13 16 0.4481
265 219 9 12 0.4470
54 328 10 14 0.4466
292 447 12 16 0.4466
241 357 10 13 0.4463
854 250 10 13 0.4452
423 416 12 15 0.4446
732 243 10 13 0.4436
806 419 11 14 0.4402
473 289 11 13 0.4399
157 394 11 16 0.4387
257 382 11 15 0.4377
690 347 11 14 0.4375
350 351 11 14 0.4372
426 358 11 14 0.4364
456 240 9 13 0.4363
345 268 10 12 0.4363
773 241 10 14 0.4362
677 243 10 14 0.4361
875 417 13 16 0.4360
519 265 9 14 0.4346
693 267 9 12 0.4335
448 420 12 15 0.4327
79 391 12 15 0.4316
530 236 9 13 0.4309
654 453 13 16 0.4304
505 215 9 12 0.4304
390 351 10 15 0.4302
666 392 12 15 0.4292
92 328 10 14 0.4289
375 218 9 13 0.4289
691 454 13 15 0.4288
466 354 11 14 0.4276
731 325 9 13 0.4267
412 218 8 11 0.4267
449 292 11 13 0.4260
308 422 11 14 0.4257
674 267 9 13 0.4236
249 418 11 15 0.4233
846 277 10 14 0.4230
451 319 11 14 0.4225
589 326 10 13 0.4220
424 269 11 14 0.4207
597 219 10 13 0.4206
382 293 11 14 0.4206
172 250 9 12 0.4193
641 376 10 14 0.4184
293 250 10 12 0.4179
270 295 10 13 0.4175
410 385 11 15 0.4172
222 421 11 14 0.4164
181 359 10 12 0.4142
595 295 10 13 0.4130
564 264 10 14 0.4125
114 356 11 14 0.4119
902 328 10 13 0.4117
825 274 10 14 0.4110
753 328 9 13 0.4106
102 301 11 14 0.4102
361 294 11 14 0.4095
627 324 10 13 0.4093
820 325 11 14 0.4071
818 244 10 14 0.4070
169 300 10 14 0.4067
156 224 9 11 0.4066
149 327 10 13 0.4061
769 327 10 13 0.4056
462 267 10 14 0.4055
71 327 11 14 0.4055
825 223 9 12 0.4055
447 217 9 12 0.4050
471 391 12 15 0.4050
878 331 10 13 0.4046
396 418 12 14 0.4046
591 240 10 12 0.4038
887 279 10 14 0.4037
685 300 10 13 0.4036
548 452 12 15 0.4035
468 391 12 15 0.4033
803 228 9 11 0.4030
120 278 10 13 0.4026
78 449 14 17 0.4025
606 269 9 11 0.4021
141 357 11 14 0.4010
848 419 11 14 0.4007
926 386 12 16 0.4002
717 326 9 12 0.3997
741 420 10 15 0.3997
116 243 9 12 0.3993
494 354 10 13 0.3981
193 419 10 13 0.3977
851 332 9 12 0.3975
205 356 10 14 0.3973
56 421 11 15 0.3972
476 455 11 15 0.3972
594 422 11 16 0.3970
145 458 13 16 0.3964
120 394 11 17 0.3961
739 390 11 15 0.3960
620 419 10 14 0.3959
512 452 12 16 0.3958
662 242 9 13 0.3954
394 418 11 14 0.3947
641 218 10 12 0.3941
276 394 11 15 0.3941
427 217 9 11 0.3938
370 387 12 14 0.3936
199 302 10 12 0.3932
228 456 12 15 0.3930
583 391 11 15 0.3930
816 389 10 14 0.3929
302 296 10 12 0.3923
670 327 9 12 0.3922
572 241 9 12 0.3921
544 420 11 15 0.3918
197 394 11 15 0.3915
901 392 10 13 0.3912
718 303 10 13 0.3908
121 327 10 12 0.3903
837 249 10 13 0.3902
767 426 11 15 0.3894
820 354 11 14 0.3891
555 218 8 12 0.3889
761 454 11 14 0.3884
525 382 12 13 0.3873
210 223 9 12 0.3861
327 352 10 14 0.3860
527 346 10 13 0.3858
355 325 11 14 0.3855
677 386 11 14 0.3852
553 345 10 15 0.3850
499 301 11 14 0.3846
797 351 10 13 0.3846
803 295 11 13 0.3845
564 326 11 14 0.3842
627 386 12 15 0.3841
744 351 10 14 0.3833
879 417 13 16 0.3830
231 219 9 13 0.3830
704 387 10 15 0.3827
584 219 9 12 0.3826
484 266 10 14 0.3822
129 301 11 14 0.3813
621 298 10 14 0.3811
180 327 11 14 0.3809
522 265 10 14 0.3803
579 450 12 15 0.3801
515 296 9 13 0.3801
464 216 9 12 0.3799
270 323 10 14 0.3794
586 391 11 15 0.3789
117 226 9 11 0.3789
245 325 10 13 0.3786
866 387 11 14 0.3783
301 224 9 12 0.3781
294 321 11 14 0.3781
812 389 11 14 0.3781
737 294 10 13 0.3774
548 420 11 15 0.3773
736 391 10 14 0.3773
487 318 11 13 0.3769
509 391 11 14 0.3765
715 268 10 12 0.3755
872 253 10 12 0.3754
694 325 10 13 0.3751
645 268 9 13 0.3748
668 421 11 15 0.3744
652 420 10 14 0.3739
251 299 10 13 0.3739
186 247 9 13 0.3737
958 423 12 16 0.3736
28 365 11 13 0.3733
152 327 11 13 0.3732
311 397 12 15 0.3729
279 394 12 15 0.3727
252 418 11 15 0.3724
82 223 10 12 0.3723
609 325 10 13 0.3722
506 391 11 14 0.3718
796 325 10 13 0.3717
92 362 12 14 0.3713
200 394 11 15 0.3710
139 419 12 15 0.3706
78 241 10 14 0.3696
432 324 11 14 0.3692
545 452 11 15 0.3687
852 225 9 12 0.3685
796 243 9 13 0.3684
745 223 9 12 0.3684
77 301 10 14 0.3682
186 389 9 13 0.3682
791 385 11 14 0.3670
841 352 11 14 0.3664
694 225 9 12 0.3662
775 392 11 13 0.3662
664 242 10 13 0.3659
363 448 12 16 0.3653
719 447 12 16 0.3652
648 420 10 14 0.3639
717 348 10 13 0.3634
336 426 10 14 0.3631
57 328 10 14 0.3628
508 215 9 13 0.3627
885 393 12 15 0.3627
65 364 11 14 0.3624
778 392 11 13 0.3624
765 454 10 14 0.3621
487 383 11 14 0.3619
881 331 11 13 0.3619
764 294 10 12 0.3616
664 392 11 15 0.3610
283 222 10 12 0.3607
219 245 9 13 0.3607
563 379 11 15 0.3605
366 448 13 16 0.3605
28 389 12 14 0.3604
604 346 10 14 0.3588
242 325 10 13 0.3585
165 357 9 13 0.3585
45 363 10 14 0.3582
476 422 11 16 0.3579
547 391 11 14 0.3569
459 240 10 13 0.3568
184 457 12 15 0.3568
248 219 9 13 0.3565
412 324 10 12 0.3565
748 379 10 15 0.3563
906 328 9 13 0.3560
623 419 10 14 0.3559
406 447 13 17 0.3559
614 451 10 15 0.3556
392 321 10 15 0.3553
134 243 9 12 0.3553
330 352 11 14 0.3552
598 422 11 16 0.3550
612 324 10 14 0.3549
929 386 13 16 0.3540
288 298 10 13 0.3540
886 450 12 15 0.3537
169 422 11 14 0.3536
408 349 11 15 0.3535
534 294 9 13 0.3526
202 301 10 13 0.3516
655 325 10 13 0.3515
657 298 11 14 0.3507
86 223 9 12 0.3506
673 327 9 12 0.3500
562 264 10 13 0.3499
688 300 10 14 0.3494
305 353 11 14 0.3492
497 354 11 13 0.3491
188 457 12 15 0.3491
784 223 10 12 0.3477
854 332 9 12 0.3477
354 351 10 15 0.3463
452 292 11 13 0.3461
570 297 10 14 0.3461
102 225 9 11 0.3455
900 251 10 12 0.3441
74 301 10 13 0.3441
531 295 9 12 0.3432
751 379 10 15 0.3422
225 456 11 15 0.3420
41 397 11 15 0.3419
737 419 11 15 0.3416
756 327 9 14 0.3416
852 419 10 14 0.3410
765 268 11 14 0.3407
904 392 11 13 0.3405
700 387 11 15 0.3402
336 222 9 12 0.3391
533 236 9 13 0.3391
624 298 10 14 0.3391
315 397 11 15 0.3390
943 349 9 14 0.3388
173 301 9 12 0.3385
832 450 11 15 0.3383
409 270 11 14 0.3381
574 241 10 13 0.3379
496 301 11 14 0.3376
173 222 9 12 0.3376
49 299 10 13 0.3373
493 236 10 13 0.3367
787 419 10 13 0.3360
226 387 10 14 0.3358
890 280 10 13 0.3355
570 220 9 11 0.3354
89 282 10 13 0.3353
379 218 9 13 0.3350
167 358 10 12 0.3347
393 220 9 12 0.3347
331 245 10 14 0.3346
100 301 10 14 0.3345
59 421 12 15 0.3341
86 282 10 12 0.3339
823 415 11 15 0.3331
946 349 10 13 0.3331
149 458 13 16 0.3324
598 296 10 13 0.3324
428 297 10 14 0.3319
863 357 10 13 0.3312
407 292 10 13 0.3310
496 236 10 13 0.3309
350 392 12 15 0.3308
358 220 9 12 0.3307
353 244 10 13 0.3307
800 351 10 13 0.3305
225 421 11 14 0.3302
430 217 9 11 0.3299
309 248 10 13 0.3295
828 274 11 15 0.3295
125 327 9 13 0.3288
910 296 11 14 0.3281
95 328 11 14 0.3279
610 451 11 15 0.3277
697 325 10 13 0.3277
735 269 10 13 0.3274
809 273 9 13 0.3272
410 292 10 13 0.3261
863 298 10 13 0.3251
60 269 10 13 0.3250
764 426 11 15 0.3249
393 351 11 15 0.3241
212 327 10 13 0.3240
390 391 11 15 0.3239
362 421 11 15 0.3238
111 356 11 14 0.3237
624 385 12 16 0.3235
304 224 9 12 0.3233
214 223 9 12 0.3233
138 224 9 11 0.3229
175 249 9 13 0.3225
854 386 11 15 0.3221
142 223 9 12 0.3221
203 356 10 13 0.3218
721 222 9 12 0.3194
223 356 11 14 0.3190
784 419 10 13 0.3184
441 447 11 14 0.3179
160 395 11 14 0.3178
509 452 12 16 0.3176
193 221 9 12 0.3175
278 419 11 16 0.3169
901 348 11 15 0.3168
52 299 10 12 0.3167
291 297 10 14 0.3165
617 219 9 12 0.3163
123 395 11 16 0.3158
580 350 11 13 0.3157
824 354 10 13 0.3155
48 363 11 14 0.3149
653 349 10 13 0.3149
335 323 11 14 0.3141
325 293 10 14 0.3129
339 222 9 12 0.3126
776 241 10 14 0.3124
64 269 9 13 0.3109
411 247 10 13 0.3108
800 325 9 13 0.3105
567 326 10 14 0.3102
133 270 10 13 0.3102
111 420 12 15 0.3100
740 294 9 13 0.3091
278 249 10 12 0.3090
87 426 12 15 0.3084
274 249 10 12 0.3083
469 354 11 15 0.3083
715 386 11 14 0.3082
788 223 9 12 0.3080
336 385 10 14 0.3071
190 220 9 13 0.3069
828 224 9 11 0.3069
302 353 10 13 0.3067
229 386 11 15 0.3066
767 294 10 13 0.3061
136 419 11 14 0.3053
698 244 9 13 0.3051
644 218 10 12 0.3048
507 412 11 15 0.3043
762 349 10 13 0.3037
736 243 9 13 0.3034
479 456 11 14 0.3028
510 412 12 15 0.3026
718 386 10 15 0.3023
196 418 10 14 0.3019
365 294 10 14 0.3015
696 267 10 12 0.3014
765 349 10 13 0.3012
137 243 9 12 0.3007
723 447 12 16 0.2998
171 273 10 13 0.2993
677 267 9 13 0.2987
310 272 10 13 0.2985
823 326 10 13 0.2984
468 216 9 12 0.2984
307 271 10 13 0.2982
621 241 10 14 0.2977
120 451 11 14 0.2968
827 415 11 15 0.2965
650 348 10 13 0.2963
867 357 10 14 0.2962
527 324 10 12 0.2960
177 221 9 12 0.2959
251 249 9 12 0.2955
198 245 9 13 0.2951
388 269 10 13 0.2942
444 447 11 14 0.2936
610 269 8 12 0.2935
530 323 10 13 0.2935
747 223 9 12 0.2935
455 319 10 14 0.2935
335 451 12 16 0.2935
44 398 12 14 0.2929
200 245 9 13 0.2927
269 271 10 14 0.2925
768 221 8 12 0.2916
429 358 11 14 0.2914
840 249 10 13 0.2913
697 225 9 12 0.2913
867 298 9 13 0.2911
915 270 10 13 0.2891
850 386 12 15 0.2881
81 241 10 14 0.2877
38 327 10 14 0.2875
322 271 10 12 0.2868
714 415 11 16 0.2863
772 327 10 13 0.2863
428 388 11 15 0.2853
426 416 11 15 0.2848
679 223 9 12 0.2841
100 241 9 13 0.2832
434 246 10 13 0.2822
770 221 9 12 0.2811
849 278 10 14 0.2810
394 322 10 14 0.2808
558 219 8 11 0.2806
787 294 8 12 0.2804
411 272 11 14 0.2793
368 386 12 15 0.2791
254 298 10 14 0.2787
356 244 10 13 0.2785
280 221 10 12 0.2781
236 245 9 12 0.2777
904 251 9 12 0.2772
123 278 10 12 0.2772
469 317 10 14 0.2771
936 418 11 15 0.2759
652 325 10 13 0.2747
918 270 10 14 0.2746
573 297 10 14 0.2743
127 301 10 13 0.2737
844 297 10 13 0.2737
251 219 9 13 0.2733
531 345 9 14 0.2731
415 324 9 12 0.2730
136 270 10 12 0.2718
183 328 10 13 0.2717
672 420 10 15 0.2701
376 322 11 14 0.2701
436 247 10 12 0.2693
339 426 10 14 0.2686
82 391 12 15 0.2685
312 248 10 13 0.2684
326 270 10 13 0.2682
876 253 9 12 0.2680
475 247 10 13 0.2678
648 269 10 12 0.2677
384 245 9 13 0.2676
624 386 11 15 0.2670
829 451 11 14 0.2666
139 357 10 13 0.2655
466 267 10 13 0.2649
270 271 11 15 0.2647
146 389 11 14 0.2629
925 420 13 16 0.2628
406 347 11 15 0.2616
240 246 8 12 0.2604
595 239 9 13 0.2603
479 423 11 15 0.2581
795 447 11 15 0.2580
701 244 9 13 0.2579
607 374 11 15 0.2579
304 383 11 15 0.2568
153 224 9 11 0.2568
584 350 10 13 0.2553
661 219 9 12 0.2545
366 422 11 14 0.2542
75 449 14 16 0.2540
513 322 10 14 0.2538
608 346 10 14 0.2538
721 304 10 13 0.2535
213 270 10 14 0.2512
789 385 10 14 0.2507
961 423 12 17 0.2503
689 454 12 15 0.2496
661 299 10 13 0.2491
790 294 8 12 0.2476
83 426 12 15 0.2475
883 296 10 12 0.2474
582 450 12 15 0.2471
826 387 11 14 0.2469
428 268 11 14 0.2464
123 451 11 14 0.2458
631 347 10 14 0.2449
566 264 10 13 0.2448
724 222 9 11 0.2441
472 245 10 14 0.2433
293 270 10 13 0.2432
855 225 9 12 0.2429
268 323 10 14 0.2421
451 421 11 14 0.2421
172 422 11 14 0.2420
741 351 10 14 0.2414
338 324 10 13 0.2414
842 297 10 13 0.2411
392 269 9 13 0.2402
209 270 10 14 0.2399
509 323 10 13 0.2398
251 268 10 13 0.2391
824 295 10 14 0.2391
319 221 8 12 0.2390
620 219 9 11 0.2382
509 322 10 13 0.2366
248 268 10 13 0.2365
369 271 10 13 0.2363
453 379 11 15 0.2361
411 323 10 13 0.2358
431 297 10 14 0.2340
333 322 11 14 0.2335
738 269 10 13 0.2329
261 453 11 15 0.2325
174 273 10 13 0.2317
884 450 12 15 0.2317
914 296 11 13 0.2316
671 348 10 14 0.2304
311 422 11 14 0.2303
856 451 12 16 0.2299
624 324 10 13 0.2293
318 220 8 12 0.2269
375 321 11 14 0.2261
227 385 12 15 0.2241
396 220 9 12 0.2240
273 295 10 13 0.2238
247 249 9 11 0.2222
643 376 10 14 0.2219
674 347 10 14 0.2217
294 272 10 13 0.2211
104 393 13 15 0.2209
632 348 10 14 0.2201
76 241 10 13 0.2197
371 272 10 13 0.2184
561 380 11 13 0.2174
864 386 11 15 0.2168
210 271 10 14 0.2164
556 345 11 15 0.2163
301 383 11 14 0.2161
635 347 9 14 0.2155
329 245 9 13 0.2147
386 246 10 13 0.2137
378 321 11 15 0.2136
679 386 11 14 0.2115
476 288 10 14 0.2107
368 272 10 13 0.2106
671 347 10 14 0.2102
361 221 9 11 0.2100
412 385 11 15 0.2091
179 327 10 13 0.2082
332 246 10 13 0.2079
610 374 11 15 0.2070
289 447 12 16 0.2069
222 246 9 12 0.2060
515 297 10 13 0.2059
792 272 9 13 0.2059
410 247 9 12 0.2058
789 272 9 13 0.2050
607 370 10 15 0.2019
274 271 10 14 0.2019
610 370 11 15 0.2012
796 451 11 14 0.2009
541 219 9 12 0.2007
904 348 12 15 0.1994
260 382 11 14 0.1987
826 297 10 13 0.1974
96 362 11 14 0.1963
728 324 10 12 0.1956
529 382 10 14 0.1934
383 247 9 12 0.1934
829 450 12 15 0.1931
491 383 10 14 0.1913
115 226 8 11 0.1911
885 297 10 13 0.1911
99 225 8 11 0.1907
307 246 9 13 0.1907
636 348 9 14 0.1904
379 322 11 14 0.1902
491 318 11 14 0.1900
422 415 10 15 0.1896
184 246 9 12 0.1889
414 247 10 13 0.1885
431 322 10 13 0.1864
866 275 10 13 0.1831
526 323 10 13 0.1831
675 348 10 13 0.1830
577 449 12 15 0.1826
850 384 11 16 0.1815
912 297 11 14 0.1797
855 448 12 15 0.1793
201 246 9 13 0.1790
569 296 10 14 0.1782
853 384 11 16 0.1781
233 220 9 12 0.1780
427 295 10 14 0.1763
599 220 10 12 0.1759
636 298 10 13 0.1747
414 219 9 11 0.1726
788 270 9 14 0.1725
403 447 12 16 0.1707
450 218 9 12 0.1701
238 247 9 12 0.1699
268 322 10 14 0.1688
26 389 10 14 0.1685
315 220 9 11 0.1680
956 445 12 16 0.1677
821 245 9 14 0.1666
430 295 10 14 0.1666
297 321 11 14 0.1662
323 271 10 13 0.1656
798 448 11 14 0.1649
680 245 9 13 0.1642
742 347 10 14 0.1640
574 421 10 14 0.1639
791 270 9 14 0.1625
758 244 10 12 0.1622
720 348 9 13 0.1613
25 365 11 13 0.1609
888 450 12 15 0.1599
920 451 11 15 0.1584
853 452 11 15 0.1563
509 410 11 15 0.1559
268 219 9 12 0.1551
807 296 9 13 0.1545
477 423 12 16 0.1538
119 243 9 12 0.1502
817 245 10 14 0.1502
916 451 11 15 0.1502
573 220 8 12 0.1495
119 450 11 14 0.1479
334 222 9 11 0.1466
572 296 10 14 0.1464
42 398 12 16 0.1462
720 222 9 11 0.1455
445 353 10 13 0.1452
571 421 10 14 0.1438
806 272 9 13 0.1432
69 364 10 13 0.1430
657 453 11 15 0.1427
290 269 10 14 0.1425
676 222 9 12 0.1415
339 452 11 14 0.1411
569 221 9 11 0.1395
826 386 10 14 0.1378
490 219 9 12 0.1376
229 219 9 12 0.1358
720 247 10 14 0.1353
188 272 10 14 0.1342
586 219 8 12 0.1314
85 423 12 15 0.1312
305 296 9 13 0.1305
339 385 11 15 0.1300
290 250 9 11 0.1297
694 347 10 14 0.1294
215 298 10 14 0.1273
652 453 11 16 0.1258
354 322 10 14 0.1248
566 379 11 14 0.1237
254 383 11 14 0.1236
803 297 9 13 0.1227
184 388 10 12 0.1211
468 319 10 13 0.1202
918 449 11 14 0.1189
606 347 10 14 0.1184
518 297 10 12 0.1184
149 388 10 12 0.1174
248 220 9 13 0.1161
525 219 10 12 0.1157
764 348 10 13 0.1149
367 270 9 13 0.1146
133 301 11 13 0.1143
297 322 10 14 0.1142
255 452 11 15 0.1135
123 451 10 13 0.1117
354 245 9 13 0.1117
408 449 12 16 0.1113
798 244 10 13 0.1113
273 247 10 12 0.1100
699 301 10 12 0.1096
188 388 9 13 0.1084
214 271 10 13 0.1082
145 387 10 13 0.1081
327 271 10 13 0.1076
618 221 9 11 0.1070
777 351 10 12 0.1056
105 281 9 12 0.1055
905 346 10 14 0.1054
888 449 11 15 0.1053
663 220 9 12 0.1046
405 450 11 15 0.1032
338 386 12 15 0.1031
225 385 11 14 0.1029
862 297 10 12 0.1027
140 223 8 11 0.1023
800 242 9 14 0.1020
409 247 10 13 0.1018
252 220 8 12 0.1018
547 323 10 13 0.1015
660 296 10 14 0.1014
840 297 10 14 0.1014
472 247 10 13 0.1009
799 451 10 14 0.1007
915 297 10 13 0.0999
185 247 9 12 0.0998
429 322 10 13 0.0997
824 386 9 14 0.0989
499 261 10 13 0.0981
441 450 11 15 0.0980
657 297 10 13 0.0973
382 245 9 13 0.0968
761 348 10 13 0.0965
676 223 9 12 0.0953
471 322 9 13 0.0951
692 323 10 13 0.0949
176 221 8 12 0.0928
919 271 10 14 0.0926
915 272 10 13 0.0920
611 450 11 14 0.0918
105 243 9 12 0.0913
866 296 9 13 0.0910
587 325 10 13 0.0905
853 250 10 13 0.0905
81 450 13 16 0.0904
675 386 10 14 0.0900
170 272 10 12 0.0899
722 244 10 13 0.0894
315 221 10 12 0.0882
358 245 9 13 0.0869
426 271 10 13 0.0867
793 386 10 14 0.0867
82 423 11 15 0.0865
716 348 10 14 0.0863
900 346 11 15 0.0847
334 448 11 15 0.0834
91 361 11 14 0.0830
800 243 9 13 0.0826
736 271 9 12 0.0822
653 324 10 13 0.0820
698 246 9 13 0.0819
569 220 10 12 0.0817
852 448 12 15 0.0809
521 219 9 11 0.0807
444 451 11 14 0.0805
248 271 10 12 0.0797
173 222 8 11 0.0776
724 222 8 11 0.0760
348 269 9 12 0.0750
391 321 11 14 0.0741
50 298 10 12 0.0740
385 295 10 12 0.0733
389 271 10 13 0.0725
579 348 10 13 0.0723
349 295 10 13 0.0722
233 269 10 13 0.0722
555 220 8 11 0.0718
183 359 9 12 0.0717
945 348 9 13 0.0716
852 249 10 12 0.0715
363 424 11 14 0.0710
962 423 12 15 0.0709
221 298 10 14 0.0704
702 387 10 14 0.0699
26 387 11 14 0.0698
621 221 8 11 0.0695
694 454 12 14 0.0694
491 218 10 13 0.0692
553 347 11 15 0.0692
290 271 11 13 0.0686
393 220 9 12 0.0672
312 398 12 15 0.0672
477 247 9 13 0.0670
639 375 10 14 0.0667
227 297 10 13 0.0667
291 296 10 14 0.0663
190 222 9 12 0.0660
236 297 10 13 0.0659
290 250 10 12 0.0654
393 271 9 12 0.0653
334 425 10 14 0.0646
714 347 10 13 0.0645
494 239 10 12 0.0644
363 449 13 16 0.0633
445 218 9 12 0.0633
609 348 10 13 0.0632
249 297 10 13 0.0629
137 274 10 12 0.0626
487 268 10 12 0.0622
312 248 10 12 0.0616
644 239 10 13 0.0613
414 385 10 14 0.0606
471 246 10 13 0.0605
887 298 10 13 0.0591
915 449 11 14 0.0590
366 386 11 14 0.0584
438 245 10 13 0.0584
367 424 10 13 0.0582
333 323 10 14 0.0581
530 323 9 12 0.0578
26 363 11 13 0.0577
743 223 9 11 0.0574
702 245 9 13 0.0573
264 219 10 13 0.0571
962 445 12 15 0.0559
272 324 10 14 0.0556
619 220 9 12 0.0547
676 244 10 12 0.0538
114 226 9 12 0.0538
802 228 9 11 0.0537
794 323 10 13 0.0536
150 277 10 11 0.0534
770 221 9 12 0.0530
135 243 10 12 0.0530
826 297 10 12 0.0526
541 219 10 12 0.0521
442 351 11 14 0.0518
718 268 9 12 0.0517
924 385 12 16 0.0512
390 270 10 13 0.0503
740 271 9 12 0.0503
957 424 12 16 0.0497
465 268 10 12 0.0493
439 247 9 13 0.0492
284 222 10 12 0.0485
805 273 10 13 0.0484
698 245 10 12 0.0481
252 297 9 13 0.0479
238 394 12 15 0.0477
490 385 11 13 0.0474
514 452 11 15 0.0472
237 246 10 12 0.0470
157 241 10 12 0.0462
273 296 10 13 0.0461
956 422 11 16 0.0460
368 351 11 14 0.0459
876 226 9 11 0.0457
415 218 9 12 0.0455
30 388 11 13 0.0452
795 350 10 12 0.0449
369 349 12 15 0.0442
386 293 10 13 0.0442
284 357 10 13 0.0442
138 224 9 12 0.0440
631 268 9 13 0.0438
217 245 10 12 0.0436
114 242 10 12 0.0424
581 449 12 15 0.0423
480 424 11 15 0.0421
156 224 9 12 0.0413
242 324 10 13 0.0411
107 394 13 16 0.0409
553 295 10 13 0.0408
353 221 9 11 0.0406
928 421 13 16 0.0404
624 324 10 13 0.0402
91 283 9 13 0.0401
302 386 10 14 0.0401
583 347 10 14 0.0400
337 321 10 14 0.0398
248 248 9 11 0.0394
596 220 10 12 0.0392
233 268 10 13 0.0391
404 347 11 14 0.0390
310 271 11 13 0.0388
839 296 9 13 0.0386
660 220 8 12 0.0385
883 296 10 13 0.0383
646 269 10 12 0.0378
777 351 10 13 0.0377
491 318 11 14 0.0376
360 220 10 12 0.0376
699 302 10 12 0.0375
826 412 11 13 0.0373
412 271 10 13 0.0366
387 245 10 13 0.0362
211 271 11 12 0.0362
572 422 11 14 0.0358
926 422 12 16 0.0356
252 270 9 13 0.0354
412 292 11 13 0.0353
765 424 11 15 0.0352
506 410 11 15 0.0351
523 346 10 12 0.0348
257 353 11 14 0.0347
620 297 9 13 0.0346
942 348 9 13 0.0346
818 324 10 13 0.0343
393 220 8 13 0.0342
294 448 12 16 0.0341
233 219 10 13 0.0341
239 397 10 13 0.0341
191 419 10 13 0.0340
87 284 10 12 0.0336
607 270 9 11 0.0336
157 242 9 12 0.0333
649 348 11 13 0.0327
643 219 10 12 0.0327
801 227 9 11 0.0318
827 449 11 15 0.0314
546 324 11 14 0.0314
267 272 10 13 0.0313
76 450 11 15 0.0312
408 385 10 14 0.0309
443 269 10 13 0.0307
285 420 11 15 0.0306
823 412 10 14 0.0304
364 424 12 14 0.0301
490 320 11 14 0.0300
591 325 11 13 0.0299
825 419 12 15 0.0299
517 296 11 13 0.0298
773 242 11 13 0.0297
106 458 11 14 0.0297
882 394 12 15 0.0297
71 385 11 14 0.0293
836 247 9 12 0.0292
852 225 9 11 0.0292
153 298 9 13 0.0292
344 293 11 13 0.0290
63 363 11 13 0.0286
821 245 10 12 0.0285
789 296 8 11 0.0282
134 272 10 12 0.0281
745 350 10 13 0.0279
643 219 10 12 0.0278
721 449 12 15 0.0278
498 265 10 12 0.0277
338 450 12 15 0.0276
852 451 13 15 0.0275
343 268 11 13 0.0275
571 242 10 13 0.0274
541 267 9 12 0.0274
359 243 10 13 0.0273
270 248 10 11 0.0273
801 351 11 13 0.0273
718 267 10 12 0.0272
576 424 10 12 0.0272
592 241 10 12 0.0270
540 266 11 13 0.0270
415 323 10 13 0.0270
466 217 10 12 0.0270
878 242 10 12 0.0265
529 384 10 13 0.0265
549 239 10 12 0.0264
212 223 9 12 0.0264
609 450 10 14 0.0262
198 299 9 13 0.0261
592 267 10 13 0.0261
754 243 9 13 0.0260
798 449 13 15 0.0260
43 362 11 13 0.0256
563 325 10 13 0.0255
319 293 11 13 0.0254
79 301 10 12 0.0253
884 359 12 14 0.0250
288 297 11 13 0.0250
767 326 9 13 0.0249
209 223 9 11 0.0249
465 268 9 13 0.0248
652 326 10 12 0.0247
844 350 11 13 0.0246
694 345 11 14 0.0245
623 296 9 13 0.0244
769 296 9 11 0.0244
714 271 9 11 0.0243
170 423 12 15 0.0242
171 247 9 12 0.0241
886 389 11 13 0.0240
695 421 11 16 0.0239
718 322 9 13 0.0238
547 294 10 13 0.0238
777 377 11 13 0.0233
774 387 11 13 0.0233
794 451 10 14 0.0232
134 245 10 12 0.0229
772 326 10 13 0.0228
875 251 10 12 0.0226
292 320 10 15 0.0224
185 359 9 12 0.0224
572 424 10 13 0.0224
137 223 9 11 0.0222
334 244 10 13 0.0220
696 267 9 12 0.0220
851 378 13 14 0.0219
144 358 10 13 0.0218
849 276 11 13 0.0218
765 296 9 12 0.0217
411 349 11 14 0.0215
363 293 11 14 0.0212
646 270 9 12 0.0211
592 268 9 12 0.0210
473 287 10 13 0.0210
879 226 9 11 0.0209
337 425 12 15 0.0208
290 449 12 15 0.0208
845 296 10 13 0.0208
783 223 9 11 0.0208
413 293 9 12 0.0207
696 268 9 12 0.0203
567 326 11 13 0.0203
105 300 10 12 0.0202
641 298 10 12 0.0201
901 347 12 16 0.0201
133 300 10 13 0.0197
371 321 10 13 0.0196
244 396 10 14 0.0195
311 421 12 16 0.0194
138 245 9 11 0.0194
443 271 10 13 0.0192
413 247 10 12 0.0192
299 351 10 12 0.0191
395 452 10 13 0.0191
278 358 10 12 0.0190
696 420 12 16 0.0190
496 300 11 14 0.0190
368 271 10 13 0.0189
269 295 10 13 0.0189
214 300 11 12 0.0188
802 421 12 14 0.0188
721 302 10 12 0.0187
955 424 13 16 0.0185
431 218 9 11 0.0185
154 276 10 12 0.0184
363 296 10 13 0.0184
534 296 9 12 0.0183
73 388 11 14 0.0183
162 418 11 16 0.0181
445 377 12 15 0.0180
78 360 10 13 0.0178
113 277 10 12 0.0178
524 346 11 14 0.0177
671 420 12 16 0.0176
493 219 8 11 0.0176
557 347 10 14 0.0175
783 373 10 13 0.0175
266 353 10 12 0.0175
697 225 9 12 0.0173
244 357 10 13 0.0173
720 347 11 13 0.0173
308 352 11 14 0.0172
723 222 9 12 0.0172
697 322 9 13 0.0171
46 362 11 13 0.0171
698 299 9 12 0.0169
155 299 11 13 0.0167
670 422 10 15 0.0166
284 247 10 12 0.0165
136 420 11 15 0.0164
727 325 10 12 0.0163
338 449 11 14 0.0163
696 325 11 13 0.0161
841 348 10 13 0.0160
207 354 11 13 0.0158
567 378 11 13 0.0158
470 217 9 12 0.0158
787 223 9 11 0.0158
602 348 10 13 0.0156
110 353 11 14 0.0156
636 376 10 14 0.0156
741 296 9 12 0.0155
338 322 11 14 0.0155
824 352 11 14 0.0155
672 347 11 14 0.0154
1003 236 9 13 0.0154
596 297 10 12 0.0153
183 316 10 13 0.0153
625 268 11 13 0.0152
802 296 10 13 0.0151
54 299 10 12 0.0150
674 462 10 13 0.0149
525 322 11 14 0.0148
166 461 11 13 0.0148
466 218 9 11 0.0145
886 396 11 15 0.0145
529 347 10 13 0.0143
367 414 11 14 0.0143
747 223 9 12 0.0143
75 386 13 15 0.0142
799 325 10 13 0.0142
930 423 10 13 0.0140
650 270 9 11 0.0140
922 450 12 14 0.0140
391 350 12 15 0.0139
512 238 10 12 0.0137
753 327 10 12 0.0136
284 356 10 12 0.0136
470 291 10 13 0.0136
622 298 11 13 0.0135
444 352 10 12 0.0135
929 385 11 16 0.0135
523 380 10 13 0.0134
338 424 10 14 0.0134
82 241 10 13 0.0133
672 326 10 12 0.0133
1005 237 10 12 0.0133
877 224 9 12 0.0132
437 321 11 14 0.0132
447 292 11 14 0.0132
446 421 11 15 0.0132
884 451 10 14 0.0132
417 218 9 11 0.0132
727 348 9 13 0.0132
338 221 10 13 0.0132
566 265 10 13 0.0131
826 274 11 14 0.0130
674 268 10 13 0.0130
670 461 11 14 0.0129
389 349 11 13 0.0129
743 294 10 13 0.0127
823 326 11 12 0.0127
550 346 10 14 0.0126
260 379 12 14 0.0126
189 274 10 13 0.0125
45 398 12 15 0.0123
774 244 9 12 0.0122
138 354 10 13 0.0119
596 296 10 13 0.0119
614 373 11 14 0.0118
367 449 13 16 0.0118
611 270 9 11 0.0116
208 357 10 13 0.0116
823 272 10 13 0.0116
762 423 11 15 0.0114
684 298 9 13 0.0114
74 330 10 13 0.0113
165 360 9 12 0.0113
731 243 10 12 0.0112
169 358 9 12 0.0112
903 250 10 13 0.0112
299 323 10 13 0.0112
167 422 11 14 0.0112
104 388 11 13 0.0112
239 355 10 13 0.0111
84 426 12 15 0.0111
650 453 12 15 0.0110
652 450 12 15 0.0109
747 222 8 12 0.0109
184 271 9 13 0.0109
876 242 9 12 0.0108
469 351 10 12 0.0108
183 326 11 12 0.0107
466 351 12 14 0.0107
120 326 9 11 0.0107
408 294 9 12 0.0106
301 223 8 11 0.0105
447 269 10 14 0.0104
311 423 10 14 0.0104
693 224 8 11 0.0104
769 294 10 12 0.0103
466 351 10 12 0.0103
48 298 9 12 0.0102
769 425 11 14 0.0102
694 452 13 15 0.0101
826 224 10 12 0.0100
