12_Group_Large_Group_12_Group_Large_Group_12_315
211
808 386 37 48 0.8785
692 409 36 43 0.8754
119 345 23 25 0.8654
579 403 33 48 0.8646
754 265 31 40 0.8560
601 302 25 32 0.8526
496 380 30 36 0.8514
181 407 25 32 0.8509
367 358 25 31 0.8490
647 302 30 39 0.8465
117 422 27 35 0.8456
681 274 27 34 0.8446
258 408 24 33 0.8412
794 257 28 36 0.8370
535 331 22 28 0.8364
480 330 21 27 0.8247
186 339 23 27 0.8238
264 336 20 25 0.8038
447 328 19 25 0.8036
293 358 21 26 0.8000
228 332 22 28 0.7972
950 448 23 27 0.7930
926 409 21 24 0.7903
882 392 21 25 0.7864
405 296 17 19 0.7844
191 315 22 23 0.7798
371 319 18 25 0.7797
504 314 20 26 0.7702
396 256 15 18 0.7461
499 270 17 21 0.7459
537 254 15 18 0.7406
355 278 16 19 0.7406
954 385 18 20 0.7355
158 339 21 27 0.7250
429 347 20 24 0.7020
497 241 14 17 0.6875
320 322 17 21 0.6863
383 268 15 17 0.6860
135 327 18 22 0.6758
430 315 18 19 0.6686
475 240 13 16 0.6611
864 410 21 26 0.6467
335 380 22 29 0.6434
322 350 18 21 0.6396
421 239 13 16 0.6271
596 214 12 15 0.6236
386 288 16 20 0.6203
447 260 13 17 0.6069
898 350 17 21 0.5912
613 216 12 16 0.5791
570 236 14 19 0.5650
437 224 13 17 0.5640
535 209 11 13 0.5627
526 233 14 15 0.5555
883 418 21 24 0.5389
390 314 17 22 0.5356
498 213 12 15 0.5351
289 315 16 21 0.5275
489 303 17 21 0.5248
554 235 15 19 0.5244
348 308 17 20 0.5142
476 260 16 20 0.5138
669 166 10 12 0.5090
457 232 13 17 0.5070
211 338 19 25 0.5054
313 278 17 20 0.4944
695 141 10 12 0.4806
579 218 12 15 0.4778
611 183 11 13 0.4708
457 213 13 16 0.4658
413 265 14 17 0.4630
681 162 10 12 0.4543
483 219 13 16 0.4535
455 281 15 18 0.4428
535 220 12 12 0.4428
518 208 11 14 0.4374
508 228 13 16 0.4348
554 210 12 15 0.4288
678 147 10 11 0.4278
657 182 11 15 0.4277
452 281 15 18 0.4252
492 303 17 22 0.4231
885 419 21 24 0.4185
754 131 9 11 0.4159
350 307 18 21 0.4014
207 338 20 25 0.3993
564 199 10 13 0.3954
607 202 10 13 0.3903
521 208 11 14 0.3877
310 277 17 21 0.3838
582 218 12 15 0.3825
664 144 9 11 0.3818
813 128 9 12 0.3803
416 265 14 18 0.3761
810 128 9 12 0.3731
286 315 16 21 0.3728
751 131 9 11 0.3715
613 166 10 12 0.3701
610 202 11 13 0.3701
705 144 10 12 0.3693
480 219 13 15 0.3629
454 213 13 16 0.3605
660 183 11 14 0.3593
430 347 20 24 0.3583
692 169 10 13 0.3559
610 167 9 11 0.3555
505 228 12 16 0.3541
828 124 9 12 0.3527
667 144 9 12 0.3521
593 188 10 12 0.3502
725 135 8 11 0.3453
474 261 15 18 0.3451
722 135 9 11 0.3417
596 187 9 12 0.3392
731 147 8 12 0.3180
709 144 9 13 0.3157
771 138 9 11 0.3137
434 224 13 16 0.3136
656 161 9 11 0.3098
863 410 20 26 0.3088
774 137 9 12 0.3086
796 135 10 12 0.3078
389 288 16 21 0.3038
604 181 10 12 0.2810
454 232 14 16 0.2766
324 350 18 21 0.2630
387 314 17 24 0.2597
797 136 10 12 0.2505
695 168 11 13 0.2468
557 211 11 14 0.2410
658 161 10 11 0.2406
681 147 9 11 0.2305
497 213 11 14 0.2250
566 200 10 12 0.2246
333 380 22 28 0.2220
530 232 12 15 0.2197
901 351 16 19 0.2171
554 211 12 15 0.2139
800 136 9 12 0.2099
841 59 9 12 0.2075
419 239 12 16 0.1984
834 94 10 12 0.1933
837 58 10 12 0.1918
831 77 9 12 0.1882
568 199 11 13 0.1821
833 77 10 12 0.1787
842 60 9 12 0.1764
838 60 10 12 0.1698
132 328 18 21 0.1623
575 200 10 13 0.1582
553 235 14 18 0.1553
728 148 9 12 0.1485
593 187 10 12 0.1475
381 268 13 17 0.1456
694 141 9 11 0.1117
770 137 9 11 0.1114
616 216 12 16 0.1111
557 235 14 19 0.1049
698 140 9 11 0.0928
825 125 9 11 0.0926
774 137 9 11 0.0883
726 136 8 11 0.0870
428 314 17 20 0.0866
837 93 10 14 0.0861
557 234 13 19 0.0832
444 260 13 16 0.0808
727 147 9 11 0.0775
825 124 9 12 0.0664
614 161 9 11 0.0538
695 171 9 11 0.0516
603 179 10 12 0.0493
828 123 9 12 0.0479
496 380 30 36 0.0466
678 147 9 12 0.0463
837 112 10 12 0.0447
494 241 13 17 0.0447
322 322 18 22 0.0441
515 245 12 14 0.0423
952 385 17 20 0.0400
749 140 10 12 0.0354
832 94 9 12 0.0349
750 144 9 11 0.0344
683 160 10 13 0.0340
691 173 10 11 0.0322
836 95 9 12 0.0319
667 168 10 12 0.0313
155 339 22 27 0.0301
703 145 10 12 0.0287
831 76 10 11 0.0279
693 170 11 12 0.0273
708 145 9 12 0.0261
563 200 10 12 0.0259
693 194 10 12 0.0255
696 194 10 12 0.0244
595 213 11 13 0.0233
752 139 10 13 0.0222
712 181 9 11 0.0203
836 77 9 11 0.0181
532 218 12 13 0.0159
449 260 13 17 0.0156
833 95 9 12 0.0145
733 167 8 10 0.0140
790 152 9 11 0.0135
501 270 17 21 0.0134
663 152 10 12 0.0130
809 128 9 11 0.0128
614 184 10 12 0.0112
569 236 12 17 0.0110
793 153 9 10 0.0107
292 416 20 23 0.0104
610 164 10 12 0.0101
