12_Group_Group_12_Group_Group_12_843
88
387 497 101 103 0.8635
288 485 70 67 0.7819
102 446 98 189 0.7183
421 238 14 18 0.7161
621 202 18 19 0.5531
674 262 15 19 0.5275
510 227 12 17 0.5256
586 192 9 12 0.3655
547 223 13 16 0.3549
583 192 9 12 0.3530
546 222 13 16 0.2911
619 202 17 19 0.2642
506 228 13 16 0.2145
671 262 15 19 0.2033
544 224 13 15 0.1769
605 207 11 14 0.1554
144 237 6 8 0.1322
142 237 6 8 0.1302
224 224 6 8 0.1283
140 237 6 7 0.1217
206 234 6 8 0.1162
227 224 7 9 0.1119
70 235 7 8 0.1083
67 235 7 8 0.1065
203 234 6 8 0.1057
634 191 9 12 0.1045
637 191 9 10 0.0990
1 430 103 259 0.0947
140 238 6 8 0.0824
225 226 6 8 0.0754
643 219 12 15 0.0740
228 225 7 8 0.0726
208 235 5 7 0.0627
69 236 7 8 0.0617
283 233 6 9 0.0599
646 219 12 15 0.0547
249 224 6 8 0.0514
257 235 6 7 0.0494
253 224 6 8 0.0478
250 226 7 8 0.0477
203 235 6 7 0.0460
607 210 11 14 0.0399
281 235 6 8 0.0397
72 236 7 8 0.0387
544 222 13 15 0.0376
285 235 6 8 0.0370
728 301 11 12 0.0358
388 230 7 8 0.0350
268 226 7 9 0.0347
254 225 6 9 0.0315
254 235 6 8 0.0283
730 303 11 12 0.0271
391 231 7 8 0.0269
602 209 10 13 0.0269
279 231 6 9 0.0266
637 189 8 10 0.0257
161 236 6 7 0.0248
65 235 7 8 0.0245
140 238 6 7 0.0244
164 235 6 8 0.0232
233 234 6 8 0.0229
426 239 11 16 0.0222
166 237 5 7 0.0208
634 190 7 10 0.0206
208 234 6 7 0.0200
190 224 6 8 0.0186
66 236 7 8 0.0175
1 429 103 268 0.0169
0 446 72 253 0.0168
387 230 6 7 0.0157
726 303 11 12 0.0151
191 223 6 9 0.0149
629 204 12 16 0.0148
645 186 8 10 0.0145
149 326 11 12 0.0143
66 237 7 7 0.0142
162 237 6 7 0.0142
284 233 6 8 0.0139
60 326 15 20 0.0137
0 438 72 251 0.0136
260 234 6 8 0.0135
514 228 10 15 0.0134
519 377 42 47 0.0123
187 222 7 9 0.0121
352 210 6 7 0.0119
725 301 10 12 0.0118
645 188 9 10 0.0115
162 237 5 7 0.0105
