12_Group_Team_Organized_Group_12_Group_Team_Organized_Group_12_583
42
526 276 39 57 0.8528
257 225 54 57 0.8516
921 248 39 43 0.8473
813 290 62 76 0.8371
571 221 25 33 0.8323
829 173 27 31 0.8248
991 154 28 31 0.8077
143 43 35 37 0.8002
666 191 27 33 0.7968
434 213 25 34 0.7959
394 175 20 25 0.7845
703 143 21 28 0.7656
458 233 32 38 0.6368
535 135 25 30 0.6315
260 61 21 23 0.5294
611 152 32 30 0.5042
362 75 20 24 0.5007
829 223 29 34 0.4767
546 223 24 31 0.4458
829 223 29 34 0.4078
360 75 20 24 0.3923
760 137 24 32 0.2501
257 61 22 24 0.2440
483 60 23 25 0.0957
761 136 19 25 0.0881
554 170 21 26 0.0785
561 72 23 27 0.0670
757 138 23 31 0.0652
531 177 22 25 0.0575
930 356 46 35 0.0553
567 73 20 25 0.0448
556 172 21 24 0.0400
550 173 23 23 0.0395
762 142 25 31 0.0258
691 293 36 33 0.0247
525 177 23 26 0.0242
820 110 21 27 0.0240
549 168 24 28 0.0217
0 5 17 39 0.0190
0 14 16 32 0.0160
757 136 19 24 0.0118
468 155 22 25 0.0108
