12_Group_Large_Group_12_Group_Large_Group_12_107
27
189 377 41 54 0.8882
717 372 40 49 0.8807
758 198 33 45 0.8793
591 206 32 43 0.8764
470 379 35 42 0.8764
838 192 37 46 0.8758
301 203 34 39 0.8752
386 315 36 46 0.8750
550 192 28 39 0.8749
297 325 36 44 0.8741
546 295 35 45 0.8729
233 174 35 46 0.8728
432 239 35 42 0.8714
636 312 34 45 0.8701
700 193 31 43 0.8690
466 203 30 34 0.8687
160 203 37 45 0.8687
411 205 30 36 0.8655
644 214 32 39 0.8653
346 213 30 41 0.8632
79 213 45 55 0.8618
617 181 30 34 0.8441
510 204 34 42 0.8027
510 204 34 42 0.7475
1018 244 6 39 0.0271
1020 245 4 40 0.0237
760 0 22 14 0.0110
