12_Group_Team_Organized_Group_12_Group_Team_Organized_Group_12_850
23
471 165 130 163 0.8915
286 234 122 139 0.8846
670 263 33 49 0.8358
0 146 27 183 0.6433
925 275 13 17 0.2430
929 275 13 18 0.2109
975 307 15 17 0.1006
969 290 14 16 0.0550
974 302 15 19 0.0422
979 307 14 17 0.0353
979 302 14 19 0.0313
964 291 13 14 0.0248
144 247 11 12 0.0202
1014 271 9 16 0.0180
148 247 11 11 0.0173
982 286 15 17 0.0152
927 279 13 16 0.0152
144 245 10 11 0.0138
965 294 13 17 0.0128
1010 272 10 14 0.0117
974 291 14 17 0.0114
148 245 9 11 0.0112
0 173 21 147 0.0102
