12_Group_Large_Group_12_Group_Large_Group_12_662
51
806 298 44 44 0.8263
554 297 25 21 0.6352
394 210 22 26 0.5896
442 275 24 24 0.5528
232 231 13 20 0.4676
17 204 25 38 0.3796
265 223 18 23 0.2815
445 398 17 27 0.2435
228 230 14 21 0.1495
448 275 22 24 0.0941
120 251 5 7 0.0901
1011 202 13 32 0.0897
436 272 22 25 0.0869
397 209 24 28 0.0785
482 421 18 17 0.0676
550 298 26 21 0.0673
122 252 6 7 0.0617
11 203 27 39 0.0607
235 233 12 18 0.0566
118 251 6 7 0.0566
266 225 20 26 0.0491
260 223 18 21 0.0482
117 252 6 6 0.0482
121 251 6 7 0.0327
0 215 11 36 0.0287
25 205 23 36 0.0270
439 398 19 27 0.0257
330 273 16 21 0.0254
1009 202 15 28 0.0240
481 423 21 19 0.0232
957 228 33 43 0.0186
60 222 16 24 0.0175
1004 200 20 48 0.0170
271 222 16 22 0.0168
946 225 38 46 0.0159
357 244 17 21 0.0159
478 420 17 18 0.0145
563 297 21 20 0.0142
118 252 5 6 0.0142
60 227 18 27 0.0137
261 221 20 24 0.0129
328 283 16 18 0.0129
441 396 19 28 0.0126
264 218 17 21 0.0124
400 212 25 30 0.0121
116 251 5 7 0.0118
325 274 15 19 0.0118
259 228 19 23 0.0114
54 220 17 26 0.0104
0 209 9 38 0.0102
477 423 20 19 0.0100
