12_Group_Large_Group_12_Group_Large_Group_12_253
73
243 402 32 38 0.8660
21 436 34 42 0.8626
486 366 34 41 0.8583
39 266 33 38 0.8573
0 242 22 32 0.8517
87 242 28 34 0.8516
391 435 40 39 0.8489
160 265 31 36 0.8457
351 423 31 37 0.8454
131 417 37 44 0.8419
972 391 33 36 0.8401
282 262 27 33 0.8390
590 423 29 35 0.8377
546 337 30 36 0.8376
678 322 28 34 0.8361
297 228 26 34 0.8338
410 236 27 33 0.8304
617 286 27 32 0.8279
158 210 28 34 0.8278
659 386 30 35 0.8237
759 373 27 32 0.8227
934 260 27 32 0.8221
873 388 30 32 0.8217
461 233 26 32 0.8203
205 197 25 29 0.8191
608 324 25 30 0.8173
394 200 26 28 0.8156
637 226 24 29 0.8155
29 202 25 32 0.8154
356 227 29 34 0.8086
261 219 24 27 0.8080
560 204 24 28 0.8071
709 246 25 30 0.8064
861 252 27 33 0.8049
796 232 25 32 0.8037
117 199 23 32 0.8005
214 270 30 31 0.7969
331 200 23 30 0.7860
765 260 22 26 0.7847
499 209 23 29 0.7719
613 211 22 25 0.7652
766 202 21 26 0.7580
458 205 24 27 0.7439
682 237 22 27 0.7094
860 224 24 24 0.7071
732 233 22 29 0.6495
896 240 22 29 0.5989
565 323 22 29 0.5638
687 219 21 22 0.5546
898 240 22 29 0.3076
729 232 24 30 0.2976
563 324 23 29 0.1889
680 237 22 27 0.1285
896 240 21 29 0.0901
690 221 20 23 0.0814
778 234 22 26 0.0486
905 216 11 13 0.0462
899 240 21 29 0.0403
780 230 17 20 0.0365
947 218 6 7 0.0362
899 216 11 13 0.0335
562 321 22 29 0.0314
943 218 7 8 0.0285
524 206 13 19 0.0263
944 217 7 7 0.0231
641 193 16 19 0.0228
1020 253 4 35 0.0205
523 209 14 21 0.0196
941 217 7 7 0.0158
641 195 17 20 0.0133
936 217 7 9 0.0126
903 216 11 13 0.0124
894 216 10 13 0.0111
