12_Group_Large_Group_12_Group_Large_Group_12_286
59
284 159 43 54 0.8810
803 232 65 94 0.8741
87 157 45 64 0.8296
492 240 28 36 0.8281
419 248 47 91 0.8181
1 194 29 38 0.8080
1003 263 20 26 0.7460
971 255 17 20 0.7022
263 222 35 60 0.6919
597 246 22 30 0.6745
726 246 17 24 0.6442
174 235 28 44 0.4849
753 244 42 55 0.4704
573 254 13 17 0.4505
919 261 13 17 0.4403
487 215 18 23 0.3899
320 193 14 19 0.3564
405 216 21 22 0.3542
900 256 13 18 0.2922
570 254 13 17 0.2882
491 215 17 24 0.2568
917 260 12 18 0.1818
320 194 16 20 0.1801
905 256 11 17 0.1676
163 210 18 23 0.1472
916 261 12 17 0.1418
605 272 37 57 0.1326
325 194 12 16 0.1253
648 218 10 14 0.1097
644 218 11 14 0.1005
750 239 49 63 0.0958
723 247 15 22 0.0698
161 207 17 22 0.0637
147 193 16 21 0.0513
902 256 13 19 0.0476
142 192 17 22 0.0457
140 194 23 30 0.0419
1001 263 21 26 0.0394
610 272 45 60 0.0361
414 217 14 19 0.0349
406 218 22 24 0.0313
900 258 14 21 0.0301
942 249 7 8 0.0299
399 216 21 21 0.0284
620 271 48 60 0.0277
945 250 6 7 0.0272
946 250 6 8 0.0245
606 270 28 48 0.0241
147 195 19 27 0.0223
156 208 19 26 0.0203
625 269 40 52 0.0182
158 207 20 25 0.0176
633 266 48 56 0.0165
614 269 35 50 0.0150
995 253 9 12 0.0146
602 275 28 46 0.0117
161 212 21 30 0.0108
134 201 31 37 0.0103
750 244 37 44 0.0102
