12_Group_Team_Organized_Group_12_Group_Team_Organized_Group_12_461
42
39 293 31 42 0.8239
634 292 28 37 0.8036
402 283 26 33 0.8016
247 282 31 35 0.8011
488 287 47 69 0.7842
908 423 23 27 0.7653
344 411 24 40 0.7299
181 316 16 22 0.5932
359 310 13 18 0.4981
284 300 12 16 0.4682
312 306 11 13 0.4298
908 326 12 16 0.3517
315 306 11 13 0.3391
287 300 11 15 0.3166
155 308 12 15 0.2540
906 326 10 15 0.2495
184 316 15 22 0.1855
159 308 11 15 0.1737
158 310 11 13 0.1646
120 311 10 15 0.1379
123 308 8 15 0.1355
124 311 8 14 0.1208
119 309 10 15 0.0778
945 441 19 24 0.0717
1014 324 8 10 0.0602
1016 325 8 10 0.0578
357 309 12 18 0.0550
363 310 12 18 0.0513
357 311 11 16 0.0400
330 327 15 21 0.0360
864 438 17 21 0.0345
161 310 11 15 0.0327
860 438 17 21 0.0255
932 328 11 14 0.0229
906 463 17 23 0.0181
946 445 22 26 0.0140
1012 326 8 9 0.0135
1011 324 8 9 0.0132
947 441 22 26 0.0127
950 441 20 25 0.0121
1014 325 8 10 0.0119
153 311 11 12 0.0111
