12_Group_Team_Organized_Group_12_Group_Team_Organized_Group_12_685
208
647 984 64 70 0.8606
404 163 63 76 0.8595
419 984 65 65 0.8403
532 988 50 64 0.8376
155 1027 88 58 0.8030
647 775 25 31 0.7315
328 759 24 31 0.6715
756 864 28 31 0.6164
77 753 23 31 0.6070
278 640 25 31 0.5887
166 763 24 32 0.5828
626 658 21 27 0.5709
946 614 23 30 0.5660
492 864 24 31 0.5448
270 999 40 59 0.5425
307 859 27 31 0.5098
804 770 23 30 0.5093
644 871 24 28 0.5078
732 757 25 31 0.5036
93 631 24 31 0.5033
856 857 27 35 0.5031
538 717 23 27 0.5017
604 719 23 29 0.5000
28 639 21 28 0.4959
483 652 24 28 0.4821
756 711 24 30 0.4749
364 645 22 29 0.4345
854 758 28 34 0.4253
709 663 21 29 0.4201
565 766 24 32 0.4168
684 719 23 29 0.4155
679 718 24 30 0.4019
959 566 21 27 0.3675
904 568 21 28 0.3606
852 857 27 35 0.3583
595 606 20 28 0.3546
569 766 24 32 0.3487
727 757 25 31 0.3465
704 663 22 29 0.3428
964 566 21 27 0.3413
570 651 21 29 0.3101
751 711 24 29 0.3094
359 645 23 28 0.2980
662 606 20 27 0.2769
25 639 20 28 0.2650
751 864 28 31 0.2627
565 651 22 28 0.2589
800 769 22 31 0.2552
487 653 23 28 0.2547
396 763 24 30 0.2461
657 606 21 27 0.2369
640 871 23 28 0.2325
193 597 23 27 0.2287
622 657 21 28 0.2158
89 631 23 31 0.2148
435 905 34 40 0.2044
129 749 22 27 0.1987
566 652 23 29 0.1972
1006 677 15 30 0.1903
304 859 25 30 0.1894
596 608 20 27 0.1894
146 488 20 24 0.1858
171 763 24 33 0.1831
590 606 21 27 0.1774
591 607 21 27 0.1763
209 681 24 28 0.1711
498 865 22 28 0.1652
543 717 21 27 0.1618
517 607 20 25 0.1611
1011 677 13 30 0.1490
520 609 21 26 0.1486
522 607 19 24 0.1413
554 893 26 31 0.1331
659 607 21 27 0.1322
900 568 20 28 0.1136
135 750 21 27 0.1127
609 720 22 28 0.1107
942 614 23 29 0.1033
81 754 23 30 0.1002
1004 554 16 26 0.0968
46 741 22 29 0.0953
609 719 21 27 0.0882
274 640 23 30 0.0859
239 750 24 29 0.0813
328 680 21 27 0.0813
129 526 19 22 0.0783
571 652 22 29 0.0706
908 569 19 27 0.0705
1010 554 14 25 0.0681
524 610 20 26 0.0679
134 526 19 23 0.0644
664 607 20 28 0.0610
89 630 23 31 0.0598
277 1006 34 53 0.0594
105 731 19 24 0.0540
199 596 22 27 0.0492
398 764 28 35 0.0464
208 676 23 26 0.0452
40 741 22 27 0.0444
517 816 24 30 0.0428
947 935 25 28 0.0419
585 841 22 25 0.0408
248 754 25 30 0.0386
51 747 20 26 0.0385
185 492 18 19 0.0384
482 655 22 26 0.0356
204 681 23 28 0.0354
481 652 22 27 0.0348
668 661 19 24 0.0335
153 488 19 23 0.0333
150 491 20 25 0.0315
443 689 21 31 0.0315
1002 890 19 34 0.0313
858 762 29 34 0.0305
938 762 28 31 0.0299
1010 676 14 28 0.0292
172 764 22 30 0.0286
473 762 23 29 0.0285
32 640 20 26 0.0264
326 676 21 25 0.0261
473 767 25 33 0.0259
189 598 19 25 0.0257
899 613 23 27 0.0251
238 743 23 28 0.0249
44 748 20 24 0.0242
517 810 23 30 0.0233
425 613 27 32 0.0232
332 760 22 28 0.0227
355 718 23 29 0.0224
682 719 24 30 0.0219
1003 520 16 24 0.0219
430 614 26 31 0.0218
582 836 23 27 0.0216
71 754 22 27 0.0204
133 745 21 28 0.0203
93 524 18 21 0.0202
16 752 17 22 0.0202
1009 520 14 23 0.0198
358 725 22 27 0.0198
665 660 20 25 0.0198
927 588 21 25 0.0197
285 640 21 28 0.0188
243 746 25 30 0.0187
525 815 21 28 0.0185
392 762 21 28 0.0185
478 762 22 29 0.0185
946 928 25 28 0.0185
282 707 19 24 0.0183
920 880 31 37 0.0181
117 829 19 25 0.0180
324 759 22 30 0.0177
524 811 21 28 0.0174
1005 560 16 27 0.0171
127 744 21 27 0.0171
165 731 23 29 0.0170
898 569 23 28 0.0170
231 616 20 25 0.0170
155 491 18 23 0.0168
862 758 24 32 0.0167
431 900 34 42 0.0161
268 616 19 24 0.0159
322 681 21 27 0.0159
1009 892 15 32 0.0156
127 522 18 19 0.0156
88 524 17 22 0.0155
671 870 20 24 0.0155
261 878 41 46 0.0150
355 1121 21 24 0.0149
601 719 20 28 0.0149
641 708 19 26 0.0149
563 888 24 28 0.0147
426 907 35 41 0.0143
103 580 20 24 0.0142
263 876 50 54 0.0139
800 919 21 29 0.0134
304 598 23 28 0.0133
563 766 25 31 0.0132
849 753 27 33 0.0131
354 847 22 27 0.0129
1000 869 19 29 0.0129
128 707 19 24 0.0129
205 507 19 23 0.0126
112 828 19 25 0.0126
196 597 25 30 0.0125
794 918 22 30 0.0125
941 611 24 31 0.0124
247 740 22 28 0.0123
190 496 18 21 0.0123
919 873 30 39 0.0121
361 720 21 26 0.0121
481 869 29 37 0.0115
277 706 18 24 0.0114
521 606 23 29 0.0114
933 761 27 31 0.0110
947 826 29 35 0.0109
101 729 19 22 0.0109
564 892 20 26 0.0108
848 758 25 33 0.0108
172 533 17 21 0.0107
402 761 22 29 0.0107
282 734 22 29 0.0106
169 479 17 21 0.0106
626 923 23 28 0.0105
896 609 23 29 0.0104
996 634 21 30 0.0103
892 913 23 31 0.0102
93 809 20 23 0.0102
133 707 18 24 0.0102
