12_Group_Large_Group_12_Group_Large_Group_12_213
58
0 378 22 44 0.8438
165 407 40 37 0.8225
352 355 28 33 0.8145
485 345 25 33 0.7936
941 314 27 24 0.7331
280 316 20 23 0.7085
722 379 26 20 0.7015
838 352 28 25 0.6833
472 296 17 21 0.5784
245 302 17 23 0.5535
884 279 14 16 0.5365
851 267 17 22 0.5323
585 283 14 16 0.4917
292 285 14 17 0.4860
763 304 14 17 0.4793
699 310 15 18 0.4694
740 275 13 15 0.4669
668 277 12 17 0.4607
401 290 14 16 0.3883
580 317 15 18 0.3693
583 318 16 17 0.3616
404 289 15 17 0.3583
849 267 16 22 0.3435
760 305 14 16 0.3403
424 317 17 18 0.3388
671 277 11 17 0.3323
548 308 12 12 0.3304
248 302 16 22 0.2945
470 296 17 21 0.2848
427 317 18 18 0.2740
737 275 12 15 0.2367
545 308 11 12 0.2293
294 285 14 17 0.2252
764 287 10 12 0.2045
700 310 15 19 0.2032
582 283 14 16 0.1931
696 309 15 19 0.1612
761 286 10 13 0.1447
888 279 12 15 0.1262
696 310 15 18 0.1213
738 274 12 15 0.0903
765 288 10 12 0.0852
284 315 19 24 0.0690
761 288 11 13 0.0614
843 352 26 24 0.0331
784 297 8 11 0.0304
297 285 12 15 0.0302
430 311 15 19 0.0274
666 278 11 14 0.0200
545 310 12 13 0.0182
481 296 13 17 0.0166
787 297 8 10 0.0155
939 315 21 22 0.0132
863 268 12 16 0.0127
551 311 11 11 0.0119
880 279 12 16 0.0106
546 311 11 11 0.0104
506 331 14 18 0.0101
