12_Group_Group_12_Group_Group_12_112
40
672 277 33 33 0.8695
259 117 37 42 0.8646
542 483 37 38 0.8620
720 454 35 36 0.8609
320 459 35 39 0.8597
487 263 36 42 0.8588
454 480 38 39 0.8558
861 153 33 40 0.8540
257 315 35 42 0.8530
263 238 34 39 0.8529
86 303 35 38 0.8523
526 214 34 39 0.8514
924 319 35 39 0.8511
366 154 31 36 0.8505
182 308 38 41 0.8496
447 238 33 36 0.8483
145 173 34 37 0.8480
790 198 36 37 0.8477
187 483 37 38 0.8468
851 245 36 40 0.8468
150 233 34 37 0.8442
234 274 35 37 0.8441
640 487 35 35 0.8431
701 205 32 42 0.8429
786 121 33 43 0.8425
741 319 33 38 0.8414
581 255 34 41 0.8413
368 317 35 37 0.8410
728 250 32 36 0.8406
581 143 31 38 0.8315
609 239 32 36 0.8311
394 252 34 38 0.8292
363 262 32 37 0.8252
703 161 33 37 0.8171
582 213 27 31 0.8106
786 457 35 37 0.7306
468 150 33 36 0.6964
786 457 35 38 0.1185
468 151 33 35 0.1174
728 250 32 36 0.0268
