12_Group_Group_12_Group_Group_12_268
29
571 224 34 43 0.8793
341 356 42 54 0.8710
809 396 41 46 0.8690
706 385 38 44 0.8637
757 213 33 42 0.8603
458 326 37 49 0.8582
246 350 35 43 0.8570
586 364 37 46 0.8568
625 220 35 45 0.8552
154 347 43 51 0.8539
914 321 36 44 0.8533
486 193 34 42 0.8524
725 266 35 39 0.8467
854 232 34 38 0.8453
445 218 34 43 0.8449
104 246 36 43 0.8444
895 212 36 42 0.8444
807 225 30 38 0.8436
151 263 31 38 0.8430
702 193 32 40 0.8408
369 209 33 40 0.8405
220 211 33 38 0.8344
305 245 30 34 0.8298
604 201 31 39 0.6919
241 92 24 26 0.6886
155 218 17 19 0.0211
427 166 26 30 0.0209
158 218 17 19 0.0123
606 212 32 39 0.0109
