12_Group_Team_Organized_Group_12_Group_Team_Organized_Group_12_171
33
96 179 50 68 0.8641
580 232 25 33 0.8359
489 246 26 30 0.8273
411 253 26 33 0.8237
357 289 29 33 0.8198
283 245 28 33 0.8188
649 223 24 28 0.7750
0 307 25 44 0.7682
725 231 15 22 0.6501
192 254 29 33 0.6388
850 233 17 24 0.4038
848 234 17 24 0.3590
642 226 19 24 0.1473
464 269 11 15 0.1103
723 231 14 21 0.0793
384 260 14 20 0.0599
45 254 25 31 0.0552
641 224 16 24 0.0496
466 270 11 14 0.0449
462 267 11 15 0.0355
938 207 7 9 0.0307
936 205 8 10 0.0272
935 207 7 9 0.0222
950 228 7 8 0.0203
953 228 7 7 0.0176
934 205 7 10 0.0165
606 242 16 22 0.0159
386 256 11 15 0.0127
466 266 11 16 0.0126
264 267 20 26 0.0115
849 236 17 23 0.0111
389 259 11 20 0.0108
846 229 13 20 0.0107
