12_Group_Group_12_Group_Group_12_519
138
567 196 38 49 0.8680
821 201 31 41 0.8624
711 221 35 47 0.8572
448 206 39 50 0.8559
901 206 30 38 0.8412
823 95 11 13 0.3542
758 72 12 14 0.2860
826 95 11 14 0.2495
963 56 13 17 0.2197
1000 62 11 14 0.2073
246 94 14 18 0.2031
761 72 11 14 0.1749
1003 62 11 13 0.1675
707 49 13 15 0.1652
512 48 13 15 0.1638
744 97 12 15 0.1580
901 205 30 39 0.1399
997 100 13 16 0.1336
250 94 14 18 0.1231
797 66 12 13 0.1119
967 57 12 16 0.1113
711 49 12 15 0.1051
720 79 11 13 0.1017
801 66 12 13 0.0980
926 36 12 15 0.0975
822 42 12 14 0.0840
821 41 12 13 0.0828
780 55 12 15 0.0818
745 46 14 16 0.0815
929 36 12 15 0.0813
748 97 11 14 0.0789
933 56 17 19 0.0780
721 80 11 14 0.0775
724 79 11 13 0.0774
771 29 12 15 0.0657
702 100 13 17 0.0651
687 123 13 17 0.0633
798 68 13 13 0.0612
498 23 14 20 0.0560
978 37 11 15 0.0556
500 26 15 19 0.0542
749 47 14 15 0.0541
839 161 16 22 0.0518
825 40 11 14 0.0503
826 43 11 13 0.0487
981 37 12 15 0.0461
789 110 14 17 0.0461
1019 325 5 22 0.0437
725 80 11 13 0.0433
802 67 13 14 0.0421
918 72 13 16 0.0414
799 127 12 15 0.0396
855 42 14 16 0.0375
684 123 14 17 0.0369
320 112 12 12 0.0361
855 38 14 17 0.0353
898 60 13 16 0.0351
245 69 12 14 0.0348
884 71 13 16 0.0342
434 63 13 16 0.0340
279 71 13 17 0.0326
777 56 11 14 0.0318
802 128 12 14 0.0313
778 53 12 15 0.0302
664 152 17 26 0.0301
510 48 12 14 0.0298
283 98 13 15 0.0285
716 143 17 22 0.0280
787 110 13 17 0.0279
214 112 11 13 0.0274
770 27 11 14 0.0263
994 100 12 16 0.0261
894 18 10 11 0.0256
688 29 13 16 0.0256
774 29 12 15 0.0251
667 8 12 15 0.0241
293 64 13 15 0.0241
1003 62 14 15 0.0237
1000 31 13 15 0.0223
799 65 14 16 0.0209
856 86 11 15 0.0203
932 19 12 14 0.0201
471 24 13 16 0.0200
266 47 12 14 0.0197
324 112 10 12 0.0195
825 93 13 15 0.0194
863 55 11 14 0.0191
916 72 12 14 0.0190
929 20 11 13 0.0186
852 43 12 14 0.0186
832 57 13 16 0.0185
295 66 12 15 0.0184
951 32 13 15 0.0184
275 72 13 15 0.0177
618 100 11 13 0.0175
908 52 13 14 0.0170
515 48 12 15 0.0170
501 7 10 13 0.0163
211 112 11 13 0.0161
902 61 12 16 0.0157
840 84 11 13 0.0156
581 11 12 16 0.0154
621 100 11 13 0.0151
893 17 10 11 0.0151
707 102 11 13 0.0145
584 11 13 16 0.0144
824 40 14 16 0.0144
891 18 10 11 0.0142
978 38 13 17 0.0142
747 94 14 16 0.0140
309 71 12 14 0.0139
1001 100 12 14 0.0138
467 24 13 15 0.0136
973 10 13 15 0.0131
287 98 12 15 0.0130
774 27 11 14 0.0128
887 55 12 14 0.0127
775 52 12 15 0.0122
688 27 12 14 0.0121
940 57 14 18 0.0119
822 93 11 14 0.0119
1002 65 11 14 0.0117
927 37 14 16 0.0117
825 93 11 14 0.0117
305 98 16 20 0.0117
292 126 15 19 0.0113
721 185 15 18 0.0108
886 51 11 14 0.0108
725 185 14 17 0.0107
685 0 16 17 0.0106
685 29 13 16 0.0106
799 130 13 17 0.0105
866 55 11 13 0.0104
263 47 11 13 0.0104
291 128 18 23 0.0104
806 16 12 14 0.0104
835 159 17 24 0.0101
709 53 12 14 0.0101
