12_Group_Large_Group_12_Group_Large_Group_12_86
215
461 353 12 23 0.4311
919 406 10 13 0.3997
702 435 11 13 0.3739
619 393 9 12 0.3527
622 393 9 12 0.3131
960 395 9 11 0.2974
716 399 10 12 0.2938
823 395 8 12 0.2932
672 397 9 12 0.2907
579 391 8 10 0.2868
676 398 8 11 0.2816
705 396 9 11 0.2781
963 407 9 11 0.2748
825 395 9 12 0.2672
916 392 8 11 0.2643
571 459 8 11 0.2581
653 396 8 10 0.2564
957 395 9 11 0.2556
913 392 8 11 0.2522
699 435 11 13 0.2491
702 396 9 11 0.2402
966 406 9 12 0.2384
574 459 9 11 0.2334
596 394 8 10 0.2321
599 394 8 10 0.2241
905 406 9 12 0.2208
901 406 10 11 0.2004
984 406 9 12 0.1980
932 406 8 10 0.1942
874 401 8 10 0.1780
719 399 10 12 0.1764
576 391 8 9 0.1711
746 398 8 10 0.1683
637 393 8 11 0.1649
871 400 8 10 0.1644
780 397 7 9 0.1633
749 397 8 10 0.1603
44 358 9 13 0.1597
769 397 6 8 0.1583
406 378 6 8 0.1575
307 391 6 8 0.1493
47 359 10 12 0.1474
853 397 7 10 0.1439
857 397 7 10 0.1425
403 378 6 7 0.1364
304 391 6 8 0.1303
845 406 6 8 0.1250
463 355 12 22 0.1250
841 406 6 8 0.1040
1017 407 7 10 0.1019
405 377 6 8 0.0967
459 355 10 19 0.0959
556 396 7 8 0.0955
875 399 8 11 0.0953
402 377 5 8 0.0946
511 406 10 14 0.0936
684 392 8 9 0.0926
871 401 7 9 0.0886
728 397 8 11 0.0864
688 391 7 10 0.0858
775 398 6 8 0.0810
505 407 11 14 0.0787
750 400 7 9 0.0756
212 380 5 7 0.0751
305 390 6 8 0.0745
651 397 7 10 0.0736
747 400 8 10 0.0733
987 400 9 11 0.0729
215 380 5 7 0.0719
274 389 7 8 0.0712
166 375 5 6 0.0712
236 380 5 7 0.0706
687 439 8 10 0.0689
922 408 9 12 0.0671
239 381 6 8 0.0664
929 405 8 10 0.0653
163 374 5 7 0.0639
575 391 7 9 0.0625
780 398 6 8 0.0611
276 387 7 8 0.0594
687 438 8 10 0.0589
168 375 5 7 0.0582
277 388 7 8 0.0580
656 396 7 10 0.0578
634 394 7 10 0.0569
303 390 5 7 0.0565
387 380 5 7 0.0547
918 409 9 11 0.0545
570 392 7 10 0.0544
673 399 8 11 0.0541
876 401 8 10 0.0537
690 438 8 11 0.0527
1009 394 7 11 0.0514
597 393 8 10 0.0509
952 380 6 8 0.0503
703 398 8 9 0.0491
1006 394 7 10 0.0485
651 395 8 10 0.0483
961 387 8 10 0.0481
677 399 8 10 0.0477
905 406 8 10 0.0473
799 402 7 9 0.0467
233 378 6 8 0.0465
384 381 5 6 0.0465
707 397 8 11 0.0460
739 414 8 10 0.0460
983 407 8 10 0.0435
915 391 7 10 0.0431
911 391 8 11 0.0417
703 391 8 10 0.0416
575 392 8 9 0.0415
601 396 7 10 0.0404
385 380 5 6 0.0400
269 378 6 8 0.0385
736 414 8 10 0.0381
180 376 6 7 0.0377
826 398 7 10 0.0377
599 392 7 10 0.0372
597 397 8 9 0.0371
246 387 6 8 0.0369
997 400 8 10 0.0369
961 405 8 12 0.0352
703 395 8 10 0.0350
798 399 7 9 0.0346
237 379 6 8 0.0346
854 397 7 9 0.0342
958 395 8 10 0.0340
213 379 6 7 0.0334
273 387 6 8 0.0328
146 377 6 7 0.0326
779 397 6 8 0.0322
987 408 8 10 0.0319
557 397 7 8 0.0311
560 397 6 7 0.0311
210 379 6 7 0.0305
267 380 7 8 0.0304
464 354 12 20 0.0297
265 378 7 8 0.0296
164 376 5 6 0.0294
902 410 8 10 0.0294
652 394 7 9 0.0292
441 378 7 9 0.0291
596 393 7 9 0.0289
719 398 8 10 0.0283
911 393 8 10 0.0282
671 393 8 9 0.0279
123 383 6 6 0.0274
149 378 5 7 0.0271
821 395 8 11 0.0270
948 382 7 8 0.0269
963 408 7 10 0.0263
178 376 5 7 0.0263
337 374 12 18 0.0255
834 418 8 8 0.0252
255 388 6 7 0.0252
801 401 7 9 0.0250
1007 394 8 9 0.0249
443 377 7 11 0.0247
127 383 5 6 0.0247
749 397 8 9 0.0243
722 399 9 10 0.0233
460 360 9 16 0.0232
901 403 9 11 0.0225
923 406 8 12 0.0224
515 403 9 11 0.0223
341 374 13 18 0.0223
382 379 5 7 0.0221
965 409 8 10 0.0218
858 393 7 9 0.0216
949 380 7 8 0.0215
576 461 8 9 0.0205
831 417 7 9 0.0194
1006 393 6 9 0.0194
874 403 8 9 0.0189
699 436 10 12 0.0188
985 399 7 8 0.0186
572 461 8 10 0.0184
673 396 8 10 0.0184
123 380 6 8 0.0181
833 415 7 9 0.0179
237 382 6 7 0.0176
826 395 8 9 0.0175
164 374 5 7 0.0174
572 460 8 11 0.0173
273 389 7 8 0.0172
513 407 9 12 0.0171
855 394 7 9 0.0170
513 400 9 13 0.0168
1015 406 7 9 0.0167
127 380 5 7 0.0166
463 401 13 17 0.0163
624 396 8 10 0.0163
241 387 6 8 0.0161
693 423 11 12 0.0149
962 410 7 10 0.0148
874 399 8 9 0.0142
440 377 7 9 0.0139
335 368 11 18 0.0138
214 381 6 6 0.0130
847 405 6 9 0.0126
771 396 6 8 0.0120
45 361 9 12 0.0119
339 369 12 19 0.0119
621 393 9 10 0.0118
751 394 7 9 0.0117
555 396 7 9 0.0116
506 410 9 12 0.0116
538 390 7 9 0.0114
619 396 9 11 0.0113
778 395 6 8 0.0112
967 409 8 9 0.0111
621 392 9 10 0.0109
781 418 7 9 0.0109
800 398 7 9 0.0108
308 390 6 9 0.0101
