12_Group_Group_12_Group_Group_12_367
28
626 354 25 34 0.8780
260 364 27 34 0.8700
653 321 25 31 0.8623
695 349 26 35 0.8554
394 343 26 29 0.8523
324 363 28 33 0.8516
610 289 25 33 0.8510
287 305 22 29 0.8501
214 295 26 33 0.8480
519 334 25 33 0.8470
548 367 26 34 0.8469
383 268 22 29 0.8456
566 322 23 30 0.8442
352 293 23 28 0.8419
423 278 26 34 0.8378
200 257 23 29 0.8355
519 283 25 31 0.8309
636 262 21 31 0.8303
293 260 21 29 0.8264
470 282 22 24 0.8173
561 279 21 28 0.8119
456 355 27 30 0.7961
203 339 26 32 0.7509
438 331 23 29 0.7491
394 343 26 29 0.2779
204 341 25 29 0.1950
560 279 21 28 0.0382
457 356 27 29 0.0314
