12_Group_Large_Group_12_Group_Large_Group_12_13
27
865 409 24 27 0.8538
904 371 19 23 0.8454
117 335 25 26 0.8434
804 362 20 23 0.8387
165 392 21 25 0.8340
637 345 18 23 0.8276
357 404 18 23 0.8232
729 354 18 23 0.8175
408 363 18 21 0.8100
570 367 18 23 0.8069
680 393 20 25 0.7189
518 396 18 24 0.6455
232 355 19 23 0.6156
312 356 18 22 0.6023
479 366 18 23 0.5409
234 355 19 23 0.4828
377 358 16 19 0.4104
477 366 18 23 0.3961
516 396 18 24 0.3583
376 358 15 19 0.2615
682 392 19 26 0.2492
310 357 18 21 0.1979
379 358 15 19 0.1529
311 356 17 23 0.0795
374 358 17 19 0.0636
680 393 19 25 0.0617
682 393 19 25 0.0135
