12_Group_Group_12_Group_Group_12_249
30
620 374 45 50 0.8729
456 197 44 46 0.8726
939 555 35 36 0.8702
466 135 37 42 0.8689
517 202 43 44 0.8667
492 568 72 73 0.8647
589 306 40 45 0.8627
554 253 45 44 0.8623
143 16 70 71 0.8614
882 532 33 36 0.8608
885 479 33 35 0.8562
982 609 36 37 0.8553
825 419 34 36 0.8545
766 413 26 28 0.8513
741 364 29 30 0.8465
719 333 27 29 0.8399
344 283 52 55 0.7899
404 392 48 60 0.6824
404 391 47 60 0.4158
345 283 52 54 0.3155
612 542 25 39 0.1591
234 147 20 26 0.0873
231 149 21 25 0.0619
645 584 27 32 0.0617
302 144 23 29 0.0427
678 606 33 27 0.0240
718 333 27 29 0.0196
338 126 25 28 0.0182
981 609 37 37 0.0172
340 128 28 29 0.0133
