12_Group_Large_Group_12_Group_Large_Group_12_43
26
185 207 35 41 0.8849
896 280 41 43 0.8802
705 267 32 41 0.8800
616 231 28 37 0.8795
566 268 37 47 0.8794
223 230 41 51 0.8785
475 267 31 40 0.8757
384 279 34 41 0.8741
648 269 33 45 0.8713
815 251 31 33 0.8705
451 222 28 37 0.8699
743 251 32 35 0.8690
100 237 44 46 0.8689
778 292 31 36 0.8635
545 245 27 36 0.8591
685 214 24 31 0.8529
546 207 20 24 0.8437
403 200 22 28 0.8324
639 219 19 24 0.7553
487 205 22 28 0.7442
341 214 29 38 0.4926
341 215 29 37 0.4863
331 199 16 23 0.1824
643 219 17 23 0.0923
489 205 21 28 0.0721
505 212 13 23 0.0150
