12_Group_Team_Organized_Group_12_Group_Team_Organized_Group_12_101
28
912 508 21 28 0.4889
793 520 23 26 0.4257
851 508 24 29 0.3011
742 510 23 30 0.2845
690 507 25 34 0.1972
695 507 25 33 0.1714
602 511 27 35 0.1696
835 518 19 26 0.1613
770 391 34 40 0.1390
908 508 21 28 0.1139
789 520 22 25 0.0992
830 518 20 26 0.0754
883 410 33 39 0.0526
878 430 32 31 0.0404
875 409 38 42 0.0404
595 513 24 32 0.0377
698 480 24 27 0.0368
885 431 31 29 0.0339
848 504 23 29 0.0204
608 522 24 29 0.0195
746 507 25 31 0.0166
599 443 24 28 0.0136
582 500 20 26 0.0134
746 487 18 20 0.0122
752 510 20 27 0.0121
577 500 20 26 0.0119
956 452 18 22 0.0116
532 544 15 20 0.0110
