12_Group_Large_Group_12_Group_Large_Group_12_94
30
647 191 64 88 0.8871
205 112 73 90 0.8862
827 105 61 74 0.8862
404 138 71 85 0.8779
699 55 44 60 0.8770
654 111 56 69 0.8734
377 64 55 72 0.8714
710 1 41 44 0.8674
870 51 53 72 0.8641
358 7 47 59 0.8464
329 0 28 36 0.8297
171 78 46 64 0.4435
171 79 46 62 0.3644
1011 104 13 75 0.3292
1008 94 16 85 0.1731
1013 112 11 69 0.1534
0 63 37 79 0.0932
533 0 53 30 0.0788
281 0 33 21 0.0445
250 0 35 16 0.0222
1015 123 9 61 0.0222
130 2 39 49 0.0203
319 1 27 29 0.0165
872 29 40 43 0.0138
537 0 61 27 0.0126
699 56 44 59 0.0111
0 72 29 67 0.0105
169 0 54 31 0.0102
319 0 24 10 0.0101
250 0 40 16 0.0101
