12_Group_Group_12_Group_Group_12_179
45
492 202 57 72 0.8906
894 245 55 69 0.8885
228 233 53 69 0.8883
87 220 60 69 0.8839
636 246 55 67 0.8807
269 160 38 47 0.8777
143 200 49 55 0.8661
448 141 46 61 0.8659
723 205 51 55 0.8495
357 230 46 65 0.6255
786 253 53 69 0.4991
309 194 46 61 0.4523
978 287 9 11 0.3948
981 287 9 11 0.3676
980 247 10 13 0.3595
1006 247 9 12 0.3499
1000 286 10 12 0.3426
983 247 10 13 0.3419
1003 247 10 13 0.3162
998 286 10 12 0.1667
786 253 53 70 0.1667
978 325 8 11 0.1544
981 326 8 10 0.1457
1002 287 10 12 0.1269
1000 328 10 13 0.1124
1002 246 10 13 0.0881
357 230 46 65 0.0527
948 275 14 18 0.0459
1018 369 6 15 0.0391
1006 247 9 12 0.0355
724 206 50 54 0.0346
1002 286 10 11 0.0328
956 272 8 10 0.0322
956 272 9 12 0.0311
977 326 8 9 0.0305
980 325 8 10 0.0304
1002 328 10 12 0.0259
951 270 11 15 0.0210
982 247 10 13 0.0170
1001 327 11 13 0.0153
786 253 53 69 0.0125
357 230 46 65 0.0111
946 280 13 16 0.0107
447 141 47 60 0.0105
977 287 9 11 0.0105
