12_Group_Large_Group_12_Group_Large_Group_12_143
36
302 165 34 43 0.8549
355 252 29 39 0.8411
389 230 30 39 0.8357
466 227 34 40 0.8356
256 217 33 47 0.8334
79 206 26 33 0.8314
169 189 37 43 0.8262
580 216 27 33 0.7713
619 337 34 50 0.7573
40 228 18 31 0.5265
634 499 16 18 0.2153
44 228 17 32 0.2062
524 355 23 32 0.1964
631 498 16 19 0.1550
142 210 15 19 0.0819
584 239 27 37 0.0712
523 355 23 32 0.0630
801 351 29 45 0.0546
588 241 28 35 0.0438
889 339 26 33 0.0422
570 250 24 41 0.0389
615 498 12 16 0.0367
526 355 22 31 0.0320
890 344 27 30 0.0308
58 210 16 21 0.0238
884 347 23 28 0.0215
570 247 22 39 0.0204
643 532 12 16 0.0186
0 213 11 37 0.0176
53 210 17 25 0.0165
895 339 26 31 0.0152
803 349 34 49 0.0119
712 523 14 20 0.0115
624 533 17 21 0.0110
0 210 7 33 0.0109
647 533 10 14 0.0101
