12_Group_Team_Organized_Group_12_Group_Team_Organized_Group_12_617
117
564 157 40 51 0.8672
904 192 49 49 0.8565
196 190 49 62 0.8474
67 201 25 28 0.7826
806 160 17 25 0.7671
359 226 20 28 0.7537
847 130 18 27 0.6388
347 175 14 18 0.6211
277 177 16 18 0.5868
715 150 12 21 0.5669
294 166 16 19 0.5590
757 166 18 24 0.5584
967 176 16 21 0.5503
139 199 19 34 0.5093
257 219 20 28 0.5038
652 154 17 23 0.4908
655 154 17 23 0.4869
384 161 12 15 0.4662
982 158 14 19 0.4448
755 167 18 23 0.3562
138 200 19 33 0.3345
694 175 9 12 0.3134
634 166 10 13 0.3054
264 220 20 29 0.2895
849 130 18 28 0.2886
440 202 7 10 0.2880
980 157 13 19 0.2850
0 195 9 25 0.2817
637 166 10 13 0.2770
965 176 16 21 0.2673
443 202 8 10 0.2659
739 154 12 24 0.2360
692 175 9 12 0.2267
513 190 6 8 0.2266
742 155 13 24 0.2019
275 177 15 18 0.1940
13 245 21 38 0.1902
17 246 19 36 0.1893
695 175 9 12 0.1769
47 183 7 11 0.1745
511 190 6 8 0.1671
383 161 10 15 0.1573
712 151 11 19 0.1550
50 183 7 11 0.1536
273 223 16 28 0.1471
975 156 12 16 0.1187
501 198 6 7 0.0999
350 175 13 17 0.0996
0 195 7 20 0.0946
499 198 5 7 0.0908
509 190 6 8 0.0888
979 158 14 19 0.0884
299 166 14 19 0.0864
736 155 14 24 0.0800
503 198 6 8 0.0782
382 160 11 15 0.0660
692 175 8 11 0.0619
101 201 12 20 0.0609
297 170 14 17 0.0603
399 197 8 8 0.0598
409 200 6 8 0.0574
412 216 7 9 0.0571
404 199 7 9 0.0559
438 201 8 10 0.0551
499 199 6 8 0.0545
973 156 9 13 0.0530
205 90 5 6 0.0519
607 170 8 11 0.0493
672 434 50 22 0.0435
441 187 7 8 0.0423
410 215 7 10 0.0408
444 188 6 7 0.0369
442 201 8 10 0.0364
979 158 14 19 0.0336
49 184 7 12 0.0334
52 183 8 12 0.0331
603 169 10 14 0.0325
404 199 7 9 0.0306
412 215 7 9 0.0292
136 206 13 26 0.0290
759 166 17 23 0.0286
901 157 20 27 0.0282
397 195 8 10 0.0277
202 89 5 7 0.0276
511 190 7 9 0.0270
184 90 5 6 0.0269
899 158 16 21 0.0255
500 198 5 7 0.0244
290 165 14 17 0.0234
255 218 18 26 0.0225
193 89 5 6 0.0219
735 154 13 22 0.0212
398 197 7 9 0.0205
181 91 5 6 0.0199
744 157 13 20 0.0189
388 161 10 13 0.0181
599 172 14 18 0.0181
388 161 11 14 0.0179
163 91 5 6 0.0176
267 224 19 30 0.0174
671 433 43 21 0.0167
608 171 8 10 0.0161
307 223 12 19 0.0149
109 202 14 20 0.0145
422 238 7 9 0.0130
191 89 4 6 0.0128
442 204 7 9 0.0127
160 91 5 6 0.0120
696 174 7 12 0.0119
424 238 7 10 0.0117
396 194 8 10 0.0114
291 165 12 16 0.0111
419 237 7 10 0.0110
942 118 6 8 0.0107
945 118 6 8 0.0104
382 193 7 12 0.0104
103 201 16 25 0.0100
