12_Group_Large_Group_12_Group_Large_Group_12_849
23
779 339 18 23 0.7371
649 354 17 19 0.5031
399 324 15 20 0.5023
435 302 13 20 0.4863
213 219 14 17 0.4712
210 219 14 17 0.2483
396 323 15 20 0.2400
644 354 16 21 0.1936
433 303 11 19 0.1271
293 330 15 17 0.0926
463 238 15 21 0.0748
402 324 15 20 0.0384
467 238 14 21 0.0366
656 355 14 17 0.0317
422 340 16 21 0.0226
401 323 14 19 0.0164
132 231 12 14 0.0162
437 303 15 20 0.0161
382 382 31 41 0.0146
216 221 14 16 0.0145
642 360 16 20 0.0122
292 324 15 18 0.0111
136 231 14 14 0.0102
