12_Group_Team_Organized_Group_12_Group_Team_Organized_Group_12_21
25
264 323 39 42 0.8631
355 298 24 30 0.8313
562 300 25 31 0.8156
470 276 21 25 0.8144
520 316 20 24 0.6590
377 289 15 20 0.4025
430 296 14 15 0.3531
427 296 14 15 0.3199
379 290 15 19 0.2804
422 313 12 15 0.2607
305 323 11 14 0.1542
517 317 18 23 0.0811
420 313 11 15 0.0760
499 293 17 20 0.0612
250 321 21 27 0.0470
375 289 16 21 0.0329
434 305 13 17 0.0274
248 322 16 21 0.0139
398 304 9 13 0.0135
435 298 12 15 0.0127
386 290 10 15 0.0124
499 291 14 17 0.0123
505 292 14 18 0.0106
303 323 10 13 0.0105
430 294 12 14 0.0100
