12_Group_Group_12_Group_Group_12_28
23
129 127 43 52 0.9078
387 199 41 51 0.8925
246 257 43 49 0.8846
108 71 38 42 0.8760
179 200 36 42 0.8749
260 151 41 49 0.8744
613 98 40 51 0.8736
551 110 39 45 0.8721
703 85 42 52 0.8717
904 111 43 49 0.8685
72 23 39 44 0.8682
170 38 33 41 0.8665
790 77 38 49 0.8659
461 233 35 43 0.8657
521 255 37 44 0.8635
211 103 35 48 0.8631
303 133 36 44 0.8615
663 57 38 48 0.8610
514 58 34 42 0.8514
234 79 35 43 0.8499
800 137 41 49 0.8381
918 70 40 43 0.8162
616 50 37 42 0.8058
