12_Group_Group_12_Group_Group_12_379
32
80 231 34 40 0.8707
895 227 33 43 0.8682
425 247 34 43 0.8677
157 242 30 41 0.8673
243 233 31 40 0.8653
869 170 31 37 0.8646
431 153 34 41 0.8634
733 217 33 41 0.8615
332 241 31 42 0.8611
190 98 33 45 0.8609
157 187 30 35 0.8591
482 117 30 40 0.8586
763 151 29 40 0.8581
226 170 29 37 0.8566
360 153 29 38 0.8546
631 231 35 40 0.8539
638 177 28 36 0.8532
799 240 33 43 0.8521
286 110 28 36 0.8500
844 114 32 38 0.8494
296 165 29 37 0.8488
536 232 33 43 0.8483
533 163 33 40 0.8474
383 116 29 35 0.8464
664 123 30 36 0.8461
728 133 29 31 0.8432
523 110 29 38 0.8429
792 104 28 36 0.8424
580 135 30 32 0.8417
417 100 29 30 0.8348
614 110 28 35 0.8345
417 101 29 29 0.0127
