12_Group_Team_Organized_Group_12_Group_Team_Organized_Group_12_340
42
326 114 56 76 0.8949
287 2 51 68 0.8790
37 0 51 55 0.8781
476 0 40 48 0.8722
609 35 53 66 0.8655
384 2 45 56 0.8641
526 32 53 71 0.8598
361 1 35 44 0.8593
88 0 39 39 0.8433
847 72 38 46 0.8318
930 42 37 49 0.8293
22 81 34 51 0.8220
0 65 34 69 0.7837
136 0 46 60 0.7481
136 1 45 59 0.7471
685 0 17 31 0.4721
687 0 15 30 0.4516
523 0 47 26 0.3290
224 0 54 36 0.1658
231 0 51 29 0.1464
0 63 34 70 0.1441
0 66 33 67 0.1234
429 0 41 6 0.1031
231 0 50 35 0.0997
223 0 54 29 0.0965
222 0 56 32 0.0826
222 0 46 33 0.0794
226 0 57 34 0.0763
426 0 39 5 0.0674
0 61 34 72 0.0365
689 56 12 62 0.0350
631 35 40 52 0.0303
246 0 39 24 0.0299
219 0 47 23 0.0290
410 20 30 42 0.0277
412 28 29 38 0.0251
691 78 10 50 0.0189
627 40 39 56 0.0186
690 84 12 51 0.0134
425 0 44 20 0.0133
690 65 11 60 0.0112
249 0 39 32 0.0101
