12_Group_Large_Group_12_Group_Large_Group_12_228
41
906 412 18 21 0.7777
483 396 18 21 0.7543
111 409 18 21 0.7471
781 408 18 23 0.7456
393 411 17 19 0.7189
564 404 17 20 0.6925
699 414 18 21 0.6813
743 405 18 23 0.6640
307 473 17 20 0.6450
203 408 17 20 0.6384
827 405 18 22 0.6171
653 416 18 24 0.6147
155 413 16 20 0.5874
527 406 16 22 0.5828
293 405 17 21 0.5345
430 413 16 21 0.5101
869 419 17 21 0.4739
250 409 16 21 0.4728
608 410 17 23 0.4711
339 411 17 20 0.4189
871 419 17 21 0.4175
336 411 17 20 0.4171
463 500 14 17 0.3910
605 410 17 22 0.3884
247 409 16 21 0.3715
296 405 16 21 0.3704
524 406 16 22 0.3463
428 413 15 21 0.3392
201 408 16 21 0.3031
829 404 18 23 0.2850
467 501 13 16 0.2657
158 413 16 19 0.2400
741 405 18 23 0.2186
567 404 17 20 0.1587
657 416 17 23 0.1386
304 473 16 19 0.1131
696 414 17 21 0.1052
656 416 17 24 0.0312
465 477 12 15 0.0248
469 477 12 16 0.0156
391 411 15 19 0.0116
