12_Group_Large_Group_12_Group_Large_Group_12_1007
24
448 198 34 42 0.8596
368 227 40 55 0.8561
636 207 41 51 0.8457
6 157 30 34 0.8434
531 199 39 44 0.8382
345 166 31 39 0.8374
110 139 30 39 0.8340
260 151 32 37 0.8302
227 189 34 60 0.8034
977 198 23 25 0.7763
679 236 34 61 0.7226
164 157 12 17 0.3618
605 220 21 27 0.2612
602 220 21 27 0.2413
160 156 13 17 0.2404
768 237 33 53 0.2217
381 178 24 29 0.0585
162 155 12 18 0.0521
495 226 20 22 0.0284
381 176 21 26 0.0239
497 229 20 23 0.0170
58 148 15 20 0.0170
386 179 25 28 0.0132
387 177 20 23 0.0118
