12_Group_Group_12_Group_Group_12_522
24
654 395 44 55 0.8982
190 227 40 52 0.8869
505 387 44 57 0.8834
490 244 43 57 0.8772
114 225 43 53 0.8747
265 291 38 50 0.8735
372 299 36 50 0.8714
359 400 45 56 0.8711
301 230 37 44 0.8695
685 229 40 46 0.8681
792 282 43 52 0.8675
723 293 39 51 0.8651
397 227 37 46 0.8644
598 263 41 45 0.8607
885 287 45 56 0.8602
819 243 40 46 0.8464
584 753 25 15 0.0423
359 400 45 56 0.0413
590 757 24 11 0.0256
863 755 22 13 0.0205
747 698 25 19 0.0195
418 696 22 29 0.0130
585 748 29 20 0.0115
580 753 21 15 0.0101
