12_Group_Team_Organized_Group_12_Group_Team_Organized_Group_12_927
42
168 178 36 43 0.8556
1001 198 23 33 0.8534
583 277 29 33 0.8524
215 201 27 31 0.8483
669 294 25 30 0.8417
348 181 27 32 0.8391
910 152 31 33 0.8346
679 176 25 29 0.8312
404 197 28 31 0.8309
289 171 27 32 0.8307
555 209 25 28 0.8306
512 288 29 33 0.8304
668 375 27 32 0.8267
796 189 25 29 0.8255
581 182 23 27 0.8248
845 168 26 30 0.8224
970 167 26 28 0.8196
443 174 26 30 0.8171
725 342 27 29 0.8158
505 181 25 31 0.8155
714 157 22 24 0.8101
606 212 22 26 0.8068
403 169 26 27 0.8066
124 191 28 35 0.8056
548 178 22 23 0.8045
864 341 24 27 0.8039
634 159 25 28 0.8037
746 156 25 28 0.8012
785 318 23 26 0.7901
740 426 23 25 0.7732
796 164 23 23 0.7577
813 341 21 21 0.7574
479 155 24 25 0.7267
362 168 23 27 0.6823
528 185 22 27 0.4397
480 155 24 25 0.4330
525 184 21 29 0.3882
755 332 16 19 0.3881
362 168 25 28 0.0699
524 181 20 27 0.0300
760 331 14 19 0.0213
525 196 18 21 0.0109
