12_Group_Large_Group_12_Group_Large_Group_12_295
71
430 318 37 57 0.8314
613 294 13 15 0.5085
666 277 12 16 0.4853
506 336 16 19 0.4290
508 303 14 18 0.4238
278 292 12 16 0.4033
498 287 10 15 0.4031
582 290 10 13 0.4020
553 293 10 13 0.3912
585 290 10 13 0.3806
556 293 10 13 0.3592
503 336 16 19 0.3502
540 299 11 15 0.3418
275 291 12 17 0.3174
538 269 7 8 0.2801
495 287 10 15 0.2776
406 281 10 15 0.2769
536 269 6 9 0.2740
403 281 10 15 0.2602
579 277 8 10 0.2582
665 277 10 16 0.2470
505 303 13 18 0.2236
488 269 9 11 0.2029
486 269 8 11 0.1783
452 280 11 15 0.1748
540 296 11 14 0.1726
456 280 10 15 0.1615
668 277 12 16 0.1596
436 276 7 11 0.1586
433 277 7 10 0.1506
512 269 8 10 0.1500
509 269 7 11 0.1332
618 294 11 14 0.1239
611 294 11 14 0.1005
578 277 7 9 0.0947
581 277 8 11 0.0819
577 277 8 11 0.0797
408 282 10 15 0.0648
514 270 7 9 0.0622
435 276 7 9 0.0495
515 269 7 9 0.0464
49 277 23 40 0.0453
404 283 11 14 0.0447
490 269 8 11 0.0445
539 269 7 9 0.0423
581 276 7 9 0.0410
535 271 7 9 0.0375
453 282 12 17 0.0360
486 271 8 11 0.0316
485 289 9 13 0.0316
608 318 10 12 0.0302
489 270 9 11 0.0281
442 274 8 10 0.0260
578 278 8 11 0.0252
617 295 11 15 0.0247
432 276 7 10 0.0240
539 268 7 9 0.0212
611 318 9 11 0.0207
436 276 9 12 0.0201
0 229 9 25 0.0189
543 297 11 14 0.0177
543 300 10 14 0.0171
617 295 11 14 0.0168
694 318 8 10 0.0162
317 310 9 10 0.0160
456 281 12 18 0.0158
318 312 10 12 0.0142
314 310 8 10 0.0141
513 301 10 14 0.0135
691 318 8 10 0.0134
315 312 9 12 0.0129
