12_Group_Large_Group_12_Group_Large_Group_12_276
27
296 5 43 52 0.8877
593 89 56 67 0.8852
225 63 52 60 0.8847
218 237 56 71 0.8846
849 86 60 67 0.8843
571 203 59 71 0.8838
324 221 58 73 0.8834
439 230 58 76 0.8833
519 79 51 60 0.8812
492 0 45 52 0.8781
697 150 57 77 0.8745
357 35 53 72 0.8727
667 261 68 76 0.8680
583 23 39 52 0.8664
0 67 33 68 0.8641
438 66 51 64 0.8618
709 76 48 55 0.8548
137 10 50 50 0.8543
651 66 44 48 0.8502
104 291 70 71 0.8361
980 23 19 28 0.4868
982 23 19 28 0.1827
65 0 29 7 0.0833
1017 65 7 32 0.0810
976 24 20 28 0.0229
1016 61 8 35 0.0223
63 0 29 8 0.0154
