12_Group_Team_Organized_Group_12_Group_Team_Organized_Group_12_418
224
301 370 25 29 0.8356
405 262 23 29 0.8254
392 404 24 26 0.8149
470 378 23 31 0.8146
317 283 22 27 0.8076
237 351 25 26 0.8075
634 364 23 27 0.8050
659 307 20 25 0.7955
407 221 17 20 0.7815
805 182 20 24 0.7813
510 211 17 22 0.7785
559 369 24 26 0.7717
306 205 18 23 0.7583
563 222 17 20 0.7531
515 290 21 25 0.7511
150 216 18 22 0.7501
188 186 17 20 0.7495
169 354 22 29 0.7457
718 214 16 20 0.7417
499 189 15 18 0.7365
154 171 16 19 0.7161
552 185 15 18 0.7094
307 160 15 17 0.7092
90 186 18 20 0.7008
407 162 15 18 0.6930
667 211 16 21 0.6770
320 84 14 17 0.6741
357 193 14 16 0.6693
269 134 14 17 0.6603
649 187 15 19 0.6581
577 171 14 17 0.6572
359 137 14 16 0.6524
461 137 14 17 0.6487
257 224 17 20 0.6452
101 174 18 19 0.6451
621 217 17 20 0.6425
523 176 14 17 0.6366
495 167 13 16 0.6094
271 157 14 17 0.6066
308 142 13 16 0.6046
359 175 14 16 0.6027
450 159 15 17 0.5988
599 161 13 16 0.5935
485 155 13 16 0.5929
601 194 16 20 0.5902
206 167 15 18 0.5891
135 192 17 21 0.5880
191 70 14 17 0.5753
410 74 14 16 0.5602
28 210 22 24 0.5585
450 187 16 19 0.5569
361 228 15 18 0.5528
652 107 13 17 0.5516
241 76 13 16 0.5263
122 139 16 19 0.5245
310 182 16 17 0.5208
699 187 15 19 0.5194
381 144 13 18 0.5163
205 205 17 21 0.5154
283 87 12 16 0.5092
404 190 16 17 0.5073
514 154 14 16 0.4871
294 34 13 16 0.4840
206 205 18 21 0.4829
249 184 18 20 0.4783
553 159 12 16 0.4702
612 144 11 14 0.4682
578 141 13 15 0.4631
455 219 17 20 0.4574
218 59 12 16 0.4536
458 219 16 19 0.4533
533 143 12 15 0.4508
266 66 13 16 0.4438
26 210 22 24 0.4377
95 228 18 19 0.4293
327 140 13 17 0.4267
669 167 13 16 0.4237
608 96 11 15 0.4075
605 96 12 16 0.4047
137 192 17 21 0.4029
750 198 15 20 0.3983
92 228 18 19 0.3974
622 168 13 18 0.3916
342 150 13 16 0.3915
530 142 13 16 0.3799
324 140 13 17 0.3790
246 184 18 20 0.3743
119 139 17 19 0.3669
559 94 13 17 0.3654
430 143 11 13 0.3575
221 155 13 17 0.3558
673 167 12 16 0.3550
254 165 14 15 0.3426
401 190 16 17 0.3247
645 157 13 16 0.3167
373 79 13 16 0.3152
747 198 15 20 0.3137
696 186 15 20 0.3054
427 142 12 15 0.3025
598 194 17 20 0.2997
364 228 15 18 0.2981
647 156 13 16 0.2799
506 144 11 14 0.2741
647 157 13 17 0.2684
581 141 12 14 0.2637
434 159 13 14 0.2623
249 294 18 17 0.2611
453 187 15 19 0.2594
555 94 13 17 0.2573
260 224 17 20 0.2550
619 168 14 18 0.2519
609 143 12 15 0.2358
375 81 13 15 0.2335
285 88 12 15 0.2316
503 143 11 15 0.2272
513 84 14 19 0.2137
644 156 13 16 0.2127
264 66 11 15 0.2067
618 217 17 20 0.2053
224 156 13 15 0.2042
560 160 12 14 0.1997
650 108 12 15 0.1975
378 144 13 17 0.1968
619 168 13 17 0.1943
596 161 13 16 0.1929
215 59 12 16 0.1913
238 76 13 16 0.1870
106 175 17 18 0.1708
449 33 12 15 0.1692
208 168 15 18 0.1660
309 181 15 17 0.1577
292 34 12 15 0.1566
622 168 14 18 0.1549
178 149 13 16 0.1519
378 143 14 18 0.1355
483 155 12 16 0.1341
413 74 13 16 0.1326
246 294 17 17 0.1315
646 187 15 19 0.1266
376 79 14 16 0.1208
298 35 11 15 0.1100
516 156 13 17 0.1016
453 158 15 18 0.1011
505 145 12 15 0.0992
517 85 13 17 0.0949
386 45 12 15 0.0926
339 150 13 16 0.0914
432 159 11 15 0.0903
309 144 14 16 0.0867
499 60 13 17 0.0845
252 164 13 16 0.0836
670 155 9 11 0.0803
210 166 15 19 0.0781
446 33 11 14 0.0726
670 211 15 21 0.0721
673 155 9 11 0.0640
189 70 13 17 0.0630
225 158 12 16 0.0601
93 186 17 20 0.0547
487 156 13 17 0.0514
307 80 11 11 0.0500
313 181 14 17 0.0486
377 82 14 15 0.0469
558 91 13 18 0.0451
520 176 13 17 0.0442
133 193 16 20 0.0435
634 159 11 13 0.0389
459 137 12 16 0.0389
269 156 14 17 0.0364
268 67 12 15 0.0357
519 155 13 16 0.0354
281 87 11 15 0.0353
304 79 10 12 0.0347
405 163 13 17 0.0336
580 171 13 16 0.0332
389 45 12 16 0.0330
221 60 11 15 0.0320
423 111 13 18 0.0310
578 82 12 17 0.0310
613 145 11 14 0.0301
464 138 13 16 0.0294
551 158 12 16 0.0281
551 135 12 16 0.0271
274 157 13 17 0.0269
340 147 13 17 0.0266
323 85 13 16 0.0266
313 183 14 16 0.0244
175 149 13 16 0.0226
580 124 12 15 0.0225
554 92 13 17 0.0224
217 138 12 14 0.0208
384 41 13 15 0.0208
305 142 12 15 0.0207
422 121 13 15 0.0206
558 158 11 14 0.0196
555 185 14 18 0.0191
452 35 11 14 0.0186
309 141 15 18 0.0175
356 175 13 15 0.0165
650 106 12 17 0.0165
408 74 13 16 0.0165
503 60 12 16 0.0161
177 167 13 17 0.0154
267 134 12 16 0.0151
497 169 13 16 0.0150
363 138 13 16 0.0142
576 79 13 16 0.0142
359 194 15 16 0.0142
475 39 13 15 0.0129
371 15 14 17 0.0129
519 147 12 15 0.0127
516 87 14 18 0.0124
297 50 12 14 0.0123
317 84 13 16 0.0122
523 149 14 18 0.0120
264 68 12 15 0.0120
528 128 12 14 0.0117
248 298 16 16 0.0116
495 60 13 16 0.0116
482 26 10 12 0.0116
428 145 12 15 0.0112
520 173 14 17 0.0108
272 135 12 15 0.0102
90 310 17 19 0.0101
