12_Group_Team_Organized_Group_12_Group_Team_Organized_Group_12_283
113
236 346 25 31 0.8480
65 320 26 30 0.8441
136 332 26 31 0.8413
234 256 23 28 0.8353
441 330 22 27 0.8249
70 233 22 29 0.8240
574 358 22 26 0.8226
587 236 21 27 0.8221
672 356 21 26 0.8211
560 239 21 26 0.8188
519 348 21 24 0.8175
331 261 18 22 0.8155
890 265 20 27 0.8148
177 261 22 24 0.8105
432 245 22 29 0.8101
266 249 20 23 0.8027
626 260 19 24 0.7967
613 233 20 25 0.7956
109 233 22 23 0.7953
205 239 18 20 0.7935
478 268 22 27 0.7930
97 260 20 22 0.7884
521 222 18 19 0.7839
459 250 21 26 0.7823
149 252 17 21 0.7805
359 245 18 20 0.7784
178 226 15 20 0.7780
136 236 18 20 0.7760
391 258 19 23 0.7707
468 233 19 22 0.7614
306 266 21 24 0.7605
826 245 20 27 0.7603
768 243 20 26 0.7593
653 259 20 23 0.7421
480 215 18 21 0.7403
521 260 17 23 0.7392
671 271 20 24 0.7383
736 230 19 23 0.7375
361 341 22 26 0.7324
283 231 17 21 0.7304
735 284 20 25 0.7119
298 348 21 27 0.7039
354 264 20 23 0.6912
303 250 18 20 0.6833
800 241 18 23 0.6794
844 246 20 27 0.6669
952 264 19 22 0.6639
306 232 17 18 0.6570
710 244 18 21 0.6076
385 229 19 22 0.6030
334 240 18 20 0.5945
701 230 15 19 0.5853
315 221 16 17 0.5658
216 229 17 21 0.5627
666 233 19 22 0.5621
540 250 14 21 0.5041
218 229 17 21 0.4865
250 233 15 18 0.4791
412 244 18 21 0.4569
415 244 18 21 0.4205
247 233 15 18 0.4012
802 241 19 23 0.3866
669 234 19 21 0.3469
524 242 17 20 0.3416
361 231 17 18 0.3280
544 250 13 20 0.3109
645 233 13 16 0.2985
525 244 18 21 0.2909
337 240 17 20 0.2836
364 231 16 18 0.2699
388 229 19 22 0.2482
707 245 18 20 0.2454
950 263 19 23 0.2017
703 230 16 20 0.1963
648 233 13 16 0.1932
644 232 13 16 0.1885
305 266 20 24 0.1613
847 246 20 27 0.1366
648 232 12 16 0.1192
733 284 19 25 0.1133
314 220 15 17 0.1111
633 245 15 18 0.1029
305 231 16 18 0.1013
657 259 18 24 0.0824
587 227 19 23 0.0758
293 263 12 18 0.0694
360 340 23 28 0.0662
823 246 19 25 0.0538
286 232 16 20 0.0441
431 232 15 17 0.0438
296 348 21 27 0.0406
734 231 18 22 0.0387
708 243 18 21 0.0349
356 264 19 23 0.0282
669 270 19 25 0.0270
771 243 19 25 0.0241
626 248 19 24 0.0239
353 231 14 16 0.0218
465 233 19 23 0.0207
443 234 15 16 0.0196
428 231 13 16 0.0195
377 274 12 16 0.0186
617 234 19 23 0.0176
461 251 20 25 0.0175
482 215 18 21 0.0167
587 220 15 18 0.0162
362 244 18 21 0.0136
363 242 17 20 0.0124
48 259 15 17 0.0122
301 249 15 21 0.0114
288 263 15 19 0.0109
481 235 17 20 0.0103
133 236 17 21 0.0101
