12_Group_Team_Organized_Group_12_Group_Team_Organized_Group_12_503
38
267 104 32 38 0.8768
543 182 40 47 0.8756
95 106 38 35 0.8749
867 201 38 42 0.8742
430 189 36 45 0.8721
329 89 35 39 0.8717
656 78 33 40 0.8711
797 92 36 41 0.8705
137 175 38 42 0.8689
723 101 35 38 0.8684
576 80 33 39 0.8684
646 208 33 38 0.8681
882 113 35 39 0.8663
755 203 39 42 0.8663
25 181 43 45 0.8654
191 96 33 40 0.8647
243 195 35 43 0.8637
409 75 33 38 0.8623
491 73 34 40 0.8592
339 208 34 38 0.8590
628 50 29 37 0.8575
299 54 28 34 0.8552
228 44 29 30 0.8540
157 50 30 33 0.8534
748 64 28 33 0.8511
885 71 29 31 0.8504
559 39 28 33 0.8499
489 26 29 32 0.8376
434 40 26 34 0.8365
952 206 39 41 0.8306
688 64 29 33 0.8227
828 64 29 33 0.6472
367 46 31 32 0.6389
828 64 29 33 0.2362
367 46 30 31 0.1695
951 206 40 41 0.1386
367 45 31 32 0.1041
367 45 31 33 0.0207
