12_Group_Team_Organized_Group_12_Group_Team_Organized_Group_12_442
34
525 180 22 33 0.8170
759 183 22 28 0.8156
454 210 21 29 0.8121
201 185 21 29 0.8100
970 221 23 24 0.7312
29 221 23 28 0.6999
807 164 22 37 0.6695
247 204 19 29 0.6336
808 165 22 36 0.6035
379 209 16 28 0.5448
245 203 20 30 0.2702
662 213 20 24 0.2464
565 199 13 18 0.2325
377 209 14 28 0.2244
673 209 23 26 0.1559
26 221 23 28 0.1391
877 269 19 20 0.1027
564 198 11 16 0.0678
630 160 13 27 0.0626
1016 225 8 23 0.0597
1012 177 12 26 0.0555
249 204 19 29 0.0552
154 181 21 31 0.0541
974 221 22 23 0.0540
1014 178 10 32 0.0503
684 208 22 26 0.0309
1016 218 8 26 0.0260
160 182 20 30 0.0253
634 161 11 26 0.0231
567 200 14 18 0.0216
665 212 22 25 0.0200
873 269 19 20 0.0168
568 198 10 15 0.0160
671 207 21 26 0.0118
