12_Group_Large_Group_12_Group_Large_Group_12_613
29
531 120 21 24 0.7529
623 118 22 23 0.7100
256 97 21 22 0.6885
967 148 19 21 0.5630
845 132 20 22 0.4821
866 105 18 21 0.4610
909 132 18 19 0.4609
796 123 21 25 0.4141
462 123 21 25 0.3941
792 123 22 25 0.3812
463 123 21 25 0.2692
460 124 21 24 0.2551
543 350 23 26 0.2381
848 132 20 22 0.2062
794 124 22 24 0.1673
964 148 18 21 0.1413
913 131 18 20 0.1412
259 97 20 22 0.1389
862 105 17 21 0.0975
539 350 19 25 0.0947
552 351 21 23 0.0500
464 124 21 24 0.0357
83 203 18 17 0.0264
629 118 19 23 0.0215
906 129 17 20 0.0172
528 120 20 24 0.0151
619 118 20 23 0.0128
80 203 17 17 0.0125
864 104 16 19 0.0101
