9_Press_Conference_Press_Conference_9_31
89
588 209 15 19 0.5938
49 285 13 17 0.5294
124 371 15 23 0.4701
444 206 15 19 0.4678
194 376 16 25 0.4525
959 431 14 29 0.3941
84 376 15 25 0.3417
80 376 16 25 0.3324
198 376 14 25 0.3108
21 310 13 16 0.3059
17 310 14 16 0.2956
440 205 15 20 0.2949
1016 310 8 18 0.2731
167 427 13 28 0.2258
929 362 15 20 0.2227
12 420 16 26 0.2174
85 481 16 37 0.1948
859 430 18 27 0.1809
121 371 14 22 0.1778
926 361 14 20 0.1640
81 433 12 26 0.1550
46 285 13 17 0.1352
857 429 17 27 0.1288
169 429 13 26 0.1119
921 230 12 16 0.1098
957 431 14 28 0.1052
10 414 18 30 0.1027
960 220 13 16 0.1027
441 206 15 19 0.1002
921 234 13 17 0.0957
121 370 15 23 0.0921
797 444 12 26 0.0917
957 219 13 16 0.0853
795 442 12 26 0.0703
0 310 10 16 0.0701
862 428 17 28 0.0688
20 308 14 16 0.0616
85 432 11 27 0.0608
956 433 12 26 0.0596
810 375 12 23 0.0591
1014 307 9 20 0.0558
172 427 12 26 0.0492
918 230 11 15 0.0491
46 283 14 18 0.0469
0 479 6 32 0.0454
81 482 17 35 0.0443
277 379 12 21 0.0406
917 235 12 16 0.0373
82 593 18 32 0.0371
83 429 12 28 0.0320
957 221 12 15 0.0310
16 307 14 17 0.0297
272 379 14 21 0.0293
592 209 13 18 0.0285
5 416 21 32 0.0273
494 109 7 8 0.0268
0 479 9 31 0.0268
498 109 7 8 0.0256
84 594 18 32 0.0250
81 336 14 16 0.0238
928 358 14 21 0.0236
984 357 14 16 0.0232
0 308 7 17 0.0231
4 572 28 67 0.0230
814 375 12 23 0.0210
864 431 17 25 0.0209
1 567 31 77 0.0198
799 442 13 26 0.0195
322 448 12 21 0.0194
220 449 13 26 0.0192
1018 403 6 22 0.0182
83 479 16 37 0.0182
318 445 13 23 0.0175
496 108 7 8 0.0171
954 220 14 17 0.0157
1018 315 6 21 0.0157
924 358 13 20 0.0156
85 336 14 16 0.0153
17 413 14 29 0.0137
987 360 13 17 0.0133
927 363 16 22 0.0132
585 210 13 18 0.0131
79 430 14 28 0.0130
493 108 6 8 0.0125
18 419 13 26 0.0121
348 386 12 23 0.0112
933 369 14 18 0.0109
1011 311 10 17 0.0109
129 370 14 23 0.0104
