9_Press_Conference_Press_Conference_9_12
64
107 221 32 36 0.8613
933 208 34 49 0.8473
805 435 33 49 0.8287
390 311 20 27 0.8137
262 305 18 21 0.7345
617 288 15 20 0.7208
316 316 22 26 0.6956
422 342 17 29 0.6847
674 260 16 19 0.6567
513 292 14 16 0.6487
205 338 19 30 0.6405
117 378 23 41 0.6281
181 257 18 19 0.5757
201 313 19 22 0.5638
473 343 16 30 0.4777
330 231 15 21 0.4475
570 286 13 17 0.4421
567 286 14 17 0.4327
114 378 25 41 0.3791
317 316 22 25 0.3618
52 244 9 11 0.3252
50 244 9 11 0.3055
184 257 17 19 0.2936
16 246 8 11 0.2563
327 231 16 20 0.2459
319 240 13 17 0.1831
19 246 8 11 0.1827
17 247 8 11 0.1359
191 234 9 12 0.1233
671 260 16 19 0.1157
198 239 11 15 0.1015
191 235 11 16 0.0978
54 244 9 12 0.0975
20 247 8 10 0.0966
188 234 9 11 0.0850
209 338 17 31 0.0583
209 337 16 31 0.0565
0 408 6 37 0.0536
54 245 9 11 0.0520
70 265 7 10 0.0516
264 305 18 21 0.0509
152 274 11 14 0.0492
1013 224 11 27 0.0471
73 265 7 10 0.0460
316 240 12 16 0.0371
188 235 10 13 0.0369
619 288 15 20 0.0367
316 240 14 17 0.0339
466 345 17 28 0.0327
485 317 12 19 0.0322
0 253 6 9 0.0298
515 292 14 16 0.0294
149 274 10 13 0.0285
478 346 14 27 0.0170
1015 227 9 27 0.0162
511 292 11 15 0.0159
51 246 8 11 0.0156
152 274 8 9 0.0154
14 245 7 11 0.0132
54 244 9 11 0.0129
0 279 6 11 0.0125
13 246 9 11 0.0121
470 344 15 27 0.0105
326 231 14 18 0.0101
