9_Press_Conference_Press_Conference_9_655
58
958 213 30 43 0.8801
793 241 51 61 0.8790
661 216 43 60 0.8764
308 201 26 33 0.8672
163 204 28 32 0.8633
367 226 29 42 0.8616
137 223 22 31 0.8616
200 188 25 33 0.8554
886 210 31 40 0.8522
942 183 29 39 0.8507
500 221 37 45 0.8491
64 206 24 30 0.8482
1011 204 13 41 0.8465
580 213 31 34 0.8456
759 205 28 40 0.8278
422 191 23 30 0.8269
848 188 25 31 0.8205
395 197 21 25 0.8026
137 199 21 25 0.7913
727 190 25 29 0.7766
652 203 23 30 0.7699
548 185 22 26 0.7419
233 218 23 26 0.7368
346 210 22 32 0.5914
487 201 22 32 0.5725
467 192 20 22 0.5704
117 216 20 22 0.5139
710 189 21 27 0.3707
644 223 15 22 0.3204
759 206 28 39 0.2951
708 189 19 28 0.2812
466 191 20 23 0.2782
345 210 23 32 0.2750
116 215 19 22 0.2613
110 197 19 22 0.2524
486 200 21 29 0.2409
710 188 19 27 0.1739
465 191 19 23 0.0958
543 186 16 24 0.0803
1018 237 6 40 0.0610
347 209 25 33 0.0406
552 185 21 25 0.0304
120 215 18 22 0.0275
488 199 23 33 0.0234
109 195 19 23 0.0218
186 208 16 22 0.0209
490 201 25 36 0.0208
626 197 16 26 0.0200
454 196 15 20 0.0196
108 197 17 22 0.0177
709 188 16 26 0.0167
647 222 19 28 0.0165
122 218 19 22 0.0164
471 221 17 24 0.0153
110 194 16 19 0.0148
1020 241 4 41 0.0126
649 213 23 33 0.0115
542 190 19 24 0.0105
