9_Press_Conference_Press_Conference_9_40
64
220 230 37 52 0.8634
751 116 28 37 0.8587
713 156 32 41 0.8357
369 234 20 26 0.8289
898 170 35 38 0.8036
50 224 19 24 0.7890
592 126 24 33 0.7878
459 156 18 20 0.7791
13 170 18 21 0.7490
424 164 15 22 0.7167
405 161 17 22 0.7064
206 170 14 19 0.6893
513 167 16 20 0.6700
372 176 14 17 0.6699
262 215 20 25 0.6500
693 158 21 30 0.6265
245 169 15 16 0.6193
971 166 52 46 0.6156
188 178 16 20 0.5985
110 186 16 18 0.5743
529 167 20 27 0.5734
321 226 22 56 0.5180
463 177 19 24 0.5160
354 168 14 17 0.5004
319 227 23 55 0.4982
301 177 15 18 0.4491
465 177 19 24 0.4472
299 177 14 18 0.4407
333 179 12 16 0.4096
334 179 13 16 0.3862
352 168 13 17 0.3452
527 167 19 27 0.3297
107 186 16 18 0.3253
664 173 19 26 0.3084
248 169 15 16 0.2890
666 173 20 28 0.2591
186 178 16 20 0.2519
695 157 20 31 0.2026
918 129 32 33 0.1051
407 161 17 23 0.1049
375 177 13 16 0.0854
259 216 19 24 0.0822
209 170 14 18 0.0672
512 166 14 19 0.0634
422 163 15 22 0.0514
668 174 22 29 0.0466
116 178 13 17 0.0403
16 170 17 20 0.0393
563 168 17 20 0.0327
972 166 52 49 0.0268
375 177 14 17 0.0222
468 230 24 24 0.0188
55 224 17 23 0.0169
993 173 31 53 0.0163
1012 192 12 48 0.0155
922 131 28 32 0.0146
185 178 16 20 0.0141
337 180 12 14 0.0141
668 172 21 26 0.0135
447 174 12 17 0.0134
120 179 10 15 0.0119
915 134 31 32 0.0119
219 197 12 15 0.0116
567 167 19 22 0.0109
