9_Press_Conference_Press_Conference_9_35
47
189 191 18 22 0.8000
957 221 26 32 0.7828
687 214 16 20 0.7625
264 304 25 39 0.7586
624 216 14 18 0.7125
601 197 14 15 0.6476
304 282 16 27 0.6446
856 142 12 16 0.5469
370 314 16 30 0.5329
373 242 14 19 0.5159
959 187 29 37 0.5067
310 215 15 18 0.5002
500 303 15 26 0.4504
376 213 11 16 0.4364
289 209 14 18 0.4275
200 288 16 20 0.3877
400 187 12 15 0.3823
286 209 14 17 0.3577
315 216 14 17 0.3084
198 287 17 21 0.3040
307 282 16 28 0.3023
401 187 12 15 0.2875
375 212 11 16 0.2761
853 142 11 15 0.2758
958 188 30 39 0.2433
959 188 30 37 0.1973
403 187 12 15 0.1852
332 214 13 19 0.1808
377 243 13 19 0.1543
196 288 17 20 0.1382
378 212 11 16 0.1225
333 211 13 17 0.0985
379 213 11 15 0.0721
505 302 13 26 0.0719
376 315 13 27 0.0483
622 216 13 18 0.0323
585 314 16 24 0.0295
338 212 11 15 0.0247
314 214 12 16 0.0220
605 197 12 15 0.0219
403 188 12 14 0.0210
308 214 14 17 0.0191
226 289 19 23 0.0174
496 303 16 26 0.0129
646 321 17 27 0.0115
235 290 20 23 0.0114
582 311 16 26 0.0101
