47_Matador_Bullfighter_matadorbullfighting_47_443
123
368 211 17 23 0.7114
778 226 15 21 0.6758
858 163 15 19 0.6203
189 162 18 23 0.6153
833 265 15 18 0.5813
348 195 16 23 0.5415
422 216 15 20 0.5042
585 200 14 20 0.4695
317 201 15 21 0.4581
902 200 17 24 0.4269
196 249 20 28 0.4025
950 256 16 20 0.3954
780 206 13 16 0.3852
194 250 19 27 0.3761
954 256 16 20 0.3750
899 200 17 24 0.3684
669 263 15 18 0.3096
819 202 15 20 0.3085
972 194 13 20 0.3066
412 194 14 18 0.3024
975 195 14 21 0.2961
582 200 14 20 0.2935
351 195 16 23 0.2746
672 264 15 17 0.2704
873 253 14 19 0.2470
312 201 15 21 0.1620
917 198 13 20 0.1610
618 243 12 18 0.1576
877 253 13 18 0.1521
415 194 15 18 0.1508
414 195 14 18 0.1283
778 206 11 16 0.1244
622 243 11 18 0.1171
542 257 31 32 0.1101
821 208 14 19 0.1091
426 172 15 18 0.0915
552 257 26 31 0.0846
66 187 16 23 0.0779
687 238 14 19 0.0736
176 172 15 17 0.0734
989 259 13 20 0.0702
81 183 19 23 0.0695
430 172 14 19 0.0672
836 265 15 18 0.0625
861 163 14 19 0.0606
72 185 20 25 0.0601
796 236 11 16 0.0584
685 259 11 13 0.0518
992 259 14 20 0.0487
977 194 13 18 0.0475
930 191 13 19 0.0453
52 198 15 18 0.0425
565 171 16 21 0.0413
430 170 13 17 0.0410
427 170 13 17 0.0397
925 191 14 20 0.0374
944 174 13 20 0.0362
776 207 14 19 0.0342
86 212 16 21 0.0338
776 226 13 20 0.0329
822 203 16 21 0.0323
671 261 15 19 0.0321
687 261 10 13 0.0309
940 174 13 20 0.0305
759 223 14 20 0.0305
985 256 14 21 0.0303
823 203 15 19 0.0302
649 267 16 20 0.0296
1014 198 10 25 0.0290
800 236 10 16 0.0286
238 214 13 18 0.0280
88 224 15 21 0.0278
684 238 14 18 0.0277
616 190 15 18 0.0254
856 164 12 17 0.0248
229 189 16 22 0.0247
235 213 13 18 0.0237
1 329 15 22 0.0236
555 255 23 27 0.0230
173 172 14 17 0.0228
83 179 17 23 0.0224
781 208 13 17 0.0218
1019 143 5 25 0.0216
650 273 15 18 0.0213
174 170 14 17 0.0199
1012 186 12 26 0.0179
191 167 17 22 0.0177
79 182 19 24 0.0175
357 218 18 22 0.0174
118 173 11 15 0.0173
418 212 15 20 0.0172
424 218 16 20 0.0165
783 204 13 16 0.0162
830 209 14 18 0.0161
1015 232 9 24 0.0159
565 170 13 17 0.0156
992 256 14 20 0.0145
365 210 16 22 0.0135
416 196 15 19 0.0134
447 190 17 22 0.0134
673 260 14 17 0.0132
1018 138 6 26 0.0129
221 191 16 21 0.0128
556 311 20 24 0.0125
50 193 15 20 0.0125
797 234 13 18 0.0124
928 187 14 20 0.0124
22 330 16 17 0.0123
66 193 17 22 0.0122
190 199 15 18 0.0121
396 308 24 24 0.0115
1 223 13 20 0.0113
363 213 16 23 0.0113
400 309 22 22 0.0112
995 199 14 19 0.0111
999 180 14 17 0.0109
314 202 15 22 0.0108
401 306 20 22 0.0107
558 257 24 28 0.0107
149 178 18 21 0.0106
758 222 13 15 0.0103
76 180 19 24 0.0102
89 166 14 18 0.0101
