47_Matador_Bullfighter_matadorbullfighting_47_491
83
748 189 19 27 0.6868
406 188 16 20 0.6773
100 189 15 20 0.6389
346 193 13 18 0.6324
984 196 15 19 0.6071
315 195 16 18 0.5583
87 130 17 22 0.5562
948 62 13 16 0.5423
868 138 15 19 0.5071
892 136 15 18 0.4668
4 149 15 19 0.4611
195 198 15 18 0.3964
8 149 14 19 0.3895
228 187 14 17 0.3539
182 154 14 19 0.3520
85 130 16 22 0.3319
35 189 15 18 0.3254
318 195 15 18 0.3107
919 136 14 18 0.3034
199 198 15 18 0.2967
951 62 12 16 0.2612
1011 178 12 19 0.2365
981 196 15 18 0.2197
186 154 14 19 0.2130
215 201 16 19 0.1832
933 191 13 17 0.1613
889 136 14 18 0.1223
225 187 13 16 0.0991
915 137 13 17 0.0926
1008 179 12 17 0.0756
32 190 14 16 0.0705
931 191 12 17 0.0597
384 142 11 16 0.0593
354 189 14 19 0.0554
362 168 12 16 0.0544
454 220 51 41 0.0497
1013 182 11 20 0.0420
452 219 56 49 0.0387
184 156 14 19 0.0357
865 139 14 17 0.0352
1007 181 14 19 0.0348
361 187 11 16 0.0343
360 186 12 16 0.0336
453 220 55 49 0.0320
746 189 18 26 0.0297
366 167 11 16 0.0273
360 175 13 19 0.0267
923 135 13 17 0.0266
349 193 13 19 0.0251
873 137 14 18 0.0249
179 137 12 16 0.0245
897 135 14 18 0.0242
378 187 13 18 0.0236
381 142 11 16 0.0233
232 185 15 19 0.0222
1015 173 8 16 0.0217
926 135 10 17 0.0203
494 125 15 18 0.0202
450 221 44 32 0.0193
1019 194 5 21 0.0192
226 184 14 17 0.0183
396 150 13 17 0.0182
98 189 14 19 0.0180
916 131 15 21 0.0180
870 143 16 23 0.0172
212 202 15 18 0.0163
33 187 15 18 0.0161
846 135 13 18 0.0158
952 185 12 15 0.0150
602 139 14 18 0.0135
953 183 13 17 0.0134
454 218 57 51 0.0130
412 190 11 17 0.0124
955 185 12 15 0.0122
491 125 14 18 0.0120
184 154 14 20 0.0116
171 136 14 19 0.0115
459 217 39 28 0.0114
404 188 15 20 0.0109
122 187 15 19 0.0103
952 183 11 14 0.0103
891 132 15 20 0.0102
234 188 14 17 0.0102
