47_Matador_Bullfighter_matadorbullfighting_47_536
158
476 315 21 26 0.7093
334 282 23 29 0.5840
969 337 18 23 0.5153
833 322 18 23 0.4672
774 285 20 25 0.4475
394 283 21 28 0.4390
899 338 19 24 0.4379
110 409 26 29 0.4140
625 270 20 24 0.3784
721 317 20 23 0.3776
778 285 20 25 0.3764
620 269 20 25 0.2977
895 337 19 25 0.2944
646 289 18 23 0.2771
115 413 24 26 0.2662
77 187 11 14 0.2649
72 188 12 14 0.2580
404 217 21 22 0.2579
1 397 23 28 0.2517
330 282 23 29 0.2476
698 191 11 16 0.2284
1 187 12 16 0.2253
727 318 19 21 0.2217
701 191 12 16 0.2156
149 426 23 28 0.1892
799 302 14 18 0.1827
446 197 11 14 0.1810
830 322 17 22 0.1792
401 284 19 26 0.1667
965 337 18 23 0.1659
921 354 14 18 0.1639
152 429 25 26 0.1596
450 196 11 15 0.1386
794 303 14 18 0.1259
448 198 11 14 0.1115
371 291 18 24 0.1022
7 394 21 26 0.0922
543 289 19 26 0.0911
667 239 14 19 0.0888
13 438 18 24 0.0885
5 188 11 15 0.0868
106 407 25 29 0.0852
940 309 15 16 0.0828
1 394 19 27 0.0799
954 310 14 17 0.0789
0 187 9 13 0.0763
400 217 20 22 0.0758
894 325 19 24 0.0751
206 423 18 22 0.0746
937 351 19 23 0.0704
796 298 14 19 0.0693
445 199 10 14 0.0616
916 354 14 19 0.0607
852 195 9 11 0.0601
7 439 19 23 0.0588
697 338 15 19 0.0564
1 195 12 17 0.0563
158 425 22 28 0.0562
70 188 11 14 0.0537
856 196 9 11 0.0527
6 398 23 28 0.0525
406 189 12 16 0.0519
903 323 18 25 0.0514
443 196 12 14 0.0499
937 309 13 17 0.0482
580 302 19 24 0.0464
566 325 20 27 0.0457
402 189 12 16 0.0424
567 329 22 27 0.0423
693 338 14 18 0.0410
451 197 11 15 0.0405
882 271 13 18 0.0404
669 214 11 14 0.0398
671 240 13 18 0.0397
543 294 20 27 0.0396
667 213 11 13 0.0390
4 186 12 16 0.0362
622 274 21 24 0.0358
499 303 18 24 0.0357
911 321 14 19 0.0332
858 197 8 11 0.0322
664 237 13 19 0.0317
77 186 12 14 0.0301
886 270 13 19 0.0300
160 433 21 22 0.0297
571 324 21 29 0.0280
664 216 12 15 0.0274
214 424 14 20 0.0270
3 401 25 34 0.0266
937 310 15 17 0.0263
944 252 12 15 0.0259
572 329 21 28 0.0255
704 190 12 16 0.0253
147 420 21 26 0.0253
664 213 10 13 0.0251
366 291 19 23 0.0241
109 414 23 24 0.0241
899 320 17 20 0.0240
924 351 15 19 0.0240
703 194 12 15 0.0239
168 412 20 27 0.0238
142 431 23 24 0.0235
948 252 12 15 0.0235
727 314 17 20 0.0228
957 311 15 18 0.0223
853 198 9 11 0.0215
649 294 18 25 0.0214
447 258 17 22 0.0212
698 334 12 13 0.0212
665 241 14 18 0.0209
723 316 19 23 0.0209
14 416 19 24 0.0209
172 415 21 27 0.0207
1010 342 13 22 0.0203
840 320 15 23 0.0202
405 214 17 18 0.0195
793 305 16 21 0.0192
172 304 19 26 0.0192
412 215 16 20 0.0187
664 214 13 15 0.0185
503 303 19 26 0.0184
651 286 16 20 0.0184
4 386 23 31 0.0182
6 196 11 15 0.0181
71 186 11 14 0.0179
76 184 12 15 0.0172
386 282 22 28 0.0171
699 196 11 14 0.0161
943 250 11 14 0.0160
830 319 18 22 0.0154
0 381 11 24 0.0153
501 318 18 24 0.0151
473 313 20 26 0.0148
761 320 18 22 0.0142
550 284 17 24 0.0142
0 222 11 17 0.0141
521 287 15 20 0.0139
651 289 16 23 0.0137
941 312 14 16 0.0135
408 375 21 26 0.0134
557 535 28 29 0.0133
155 415 20 27 0.0132
909 318 14 18 0.0132
499 296 17 22 0.0129
693 333 12 15 0.0127
690 290 15 19 0.0127
5 185 11 13 0.0127
481 313 21 25 0.0126
948 250 11 13 0.0123
538 296 17 25 0.0120
859 258 15 18 0.0118
648 257 16 22 0.0115
717 288 15 19 0.0104
976 338 14 21 0.0103
754 321 18 22 0.0103
1010 322 14 23 0.0102
6 439 22 28 0.0102
896 340 21 25 0.0102
