47_Matador_Bullfighter_matadorbullfighting_47_300
53
226 544 33 30 0.8407
818 341 31 30 0.8000
842 98 25 29 0.7790
926 363 30 34 0.7666
13 158 23 29 0.7487
11 1 21 25 0.4619
309 186 24 39 0.3846
0 97 11 29 0.3760
306 185 25 39 0.3683
105 475 23 34 0.3519
137 557 27 18 0.2697
51 266 18 24 0.2541
101 477 25 33 0.2379
142 557 24 17 0.1732
0 96 7 27 0.1694
48 309 15 25 0.1595
16 1 19 24 0.1247
46 399 23 21 0.0864
12 6 21 24 0.0854
891 15 20 17 0.0837
56 267 16 23 0.0747
887 11 18 20 0.0562
51 313 14 23 0.0529
547 440 21 23 0.0476
883 5 17 21 0.0419
48 262 19 26 0.0409
138 561 27 15 0.0398
550 444 20 21 0.0352
887 6 20 22 0.0299
899 18 22 17 0.0276
5 2 23 25 0.0246
54 397 19 22 0.0194
135 565 32 11 0.0185
0 96 14 33 0.0179
47 395 24 24 0.0168
896 12 19 19 0.0163
52 309 15 26 0.0161
712 296 27 25 0.0153
45 404 24 21 0.0150
53 265 17 24 0.0150
99 474 26 36 0.0144
39 400 26 21 0.0144
43 310 17 24 0.0142
713 304 25 22 0.0142
1 104 10 28 0.0141
4 8 19 22 0.0128
46 390 23 26 0.0123
600 50 22 24 0.0117
0 91 13 29 0.0108
91 481 28 32 0.0106
166 139 17 24 0.0103
43 315 17 23 0.0103
104 474 23 35 0.0101
