47_Matador_Bullfighter_matadorbullfighting_47_511
1145
763 274 9 12 0.3297
766 274 9 12 0.3197
5 76 7 9 0.3079
958 76 6 8 0.3072
636 295 9 11 0.3028
500 61 6 8 0.2995
639 295 9 11 0.2867
994 98 6 9 0.2859
8 76 7 9 0.2832
885 49 6 7 0.2816
415 257 8 10 0.2802
955 76 6 8 0.2795
990 98 7 8 0.2789
412 257 9 10 0.2692
179 58 6 8 0.2686
805 37 6 7 0.2649
169 24 6 7 0.2649
859 187 8 10 0.2535
906 52 6 7 0.2522
165 24 6 7 0.2472
872 76 7 8 0.2465
497 61 6 8 0.2375
123 78 7 9 0.2368
855 188 8 10 0.2340
909 52 6 7 0.2324
921 110 7 8 0.2308
908 83 7 8 0.2291
246 35 7 8 0.2283
252 22 6 7 0.2271
516 48 6 8 0.2228
881 49 7 7 0.2218
31 70 7 8 0.2212
963 62 6 8 0.2210
160 76 7 9 0.2202
175 58 7 9 0.2198
126 78 7 9 0.2194
524 36 6 7 0.2185
847 58 7 8 0.2178
473 47 6 9 0.2171
974 134 7 9 0.2165
158 100 7 9 0.2164
38 164 6 7 0.2158
790 88 6 7 0.2153
162 100 7 9 0.2152
469 47 7 8 0.2107
704 45 6 8 0.2104
700 25 6 7 0.2089
242 131 7 8 0.2085
164 76 6 8 0.2083
793 88 6 8 0.2080
971 135 7 8 0.2079
272 35 7 8 0.2062
183 33 6 7 0.2060
34 164 6 7 0.2053
521 36 6 7 0.2053
34 70 7 8 0.2048
718 78 7 8 0.2020
221 38 7 8 0.2018
67 108 8 10 0.2013
699 77 6 7 0.2011
213 75 7 9 0.2004
790 35 6 8 0.1981
905 83 7 8 0.1980
567 37 6 7 0.1967
34 115 6 7 0.1957
949 152 8 9 0.1940
937 19 6 7 0.1938
918 110 7 8 0.1938
381 50 7 8 0.1936
217 75 7 9 0.1929
208 50 7 8 0.1919
962 171 7 8 0.1905
31 115 6 7 0.1891
697 25 6 7 0.1887
823 114 6 7 0.1887
938 38 6 7 0.1885
771 101 6 9 0.1873
893 128 7 10 0.1871
822 40 6 6 0.1871
66 16 6 8 0.1855
269 68 6 8 0.1828
886 96 7 9 0.1823
234 67 6 8 0.1811
68 82 8 9 0.1809
564 37 6 7 0.1791
63 2 6 8 0.1791
385 50 6 8 0.1787
211 50 6 8 0.1784
275 35 6 8 0.1778
967 118 7 8 0.1769
670 12 5 7 0.1768
56 50 7 9 0.1768
452 48 5 7 0.1767
964 96 6 8 0.1765
826 114 5 7 0.1758
605 49 7 9 0.1758
555 22 6 7 0.1757
875 77 6 8 0.1754
495 50 6 7 0.1745
492 50 6 7 0.1737
457 15 6 8 0.1735
965 21 6 7 0.1733
15 54 7 9 0.1725
893 75 6 8 0.1723
696 77 6 7 0.1721
966 39 5 7 0.1715
240 131 6 8 0.1713
249 36 6 8 0.1712
237 67 6 7 0.1703
672 12 6 7 0.1696
234 25 5 7 0.1689
478 14 5 7 0.1684
938 76 6 7 0.1674
747 65 6 8 0.1672
90 25 6 7 0.1671
93 25 6 7 0.1658
270 9 6 7 0.1658
750 66 6 8 0.1650
60 2 6 7 0.1647
861 98 7 8 0.1643
460 15 6 8 0.1637
393 36 6 7 0.1632
773 102 6 8 0.1631
230 25 6 7 0.1627
241 22 6 6 0.1623
1 165 7 9 0.1621
831 55 6 7 0.1613
896 128 8 10 0.1613
573 51 6 7 0.1610
726 33 6 8 0.1605
324 20 7 8 0.1595
557 21 6 8 0.1593
883 1 6 7 0.1590
67 80 7 10 0.1589
390 36 6 8 0.1577
723 33 6 8 0.1576
128 28 7 7 0.1570
59 50 8 9 0.1563
244 131 6 8 0.1560
108 27 6 8 0.1558
0 115 7 9 0.1556
827 55 6 7 0.1555
701 46 5 7 0.1554
964 118 7 8 0.1550
799 107 6 8 0.1541
602 49 7 8 0.1540
411 83 6 8 0.1535
531 80 6 8 0.1534
678 60 6 7 0.1532
542 51 6 7 0.1527
1007 147 8 9 0.1525
265 68 7 9 0.1524
724 47 6 7 0.1523
757 91 6 7 0.1521
727 47 6 7 0.1518
118 45 7 8 0.1517
223 38 7 8 0.1512
969 39 6 8 0.1511
111 27 6 8 0.1509
254 8 6 7 0.1502
150 44 7 9 0.1495
16 55 7 8 0.1492
796 107 7 7 0.1489
12 53 8 9 0.1481
614 23 6 7 0.1474
180 32 6 8 0.1466
480 13 6 8 0.1462
886 1 6 7 0.1453
721 78 6 8 0.1450
112 103 6 9 0.1439
534 80 6 8 0.1438
131 28 7 7 0.1427
51 35 6 8 0.1426
787 35 6 8 0.1425
433 18 5 7 0.1424
180 33 6 7 0.1424
934 19 5 7 0.1422
545 51 6 7 0.1415
808 91 6 7 0.1415
477 32 7 8 0.1413
449 48 5 7 0.1409
336 31 7 8 0.1408
266 68 7 8 0.1406
883 96 7 8 0.1397
1004 147 8 9 0.1394
324 60 7 10 0.1390
144 15 6 7 0.1384
1 0 6 7 0.1383
71 82 7 9 0.1379
611 23 6 7 0.1377
858 75 6 7 0.1376
293 42 7 8 0.1376
936 109 6 8 0.1376
576 51 7 7 0.1372
625 7 6 8 0.1372
627 71 6 8 0.1366
147 45 6 8 0.1366
981 79 6 8 0.1363
70 108 7 10 0.1362
958 171 7 8 0.1361
701 45 6 7 0.1346
960 170 7 9 0.1345
823 26 6 7 0.1341
553 67 6 8 0.1338
66 108 7 9 0.1337
33 34 6 8 0.1333
966 61 6 8 0.1324
845 58 7 8 0.1309
963 20 5 7 0.1308
30 34 6 8 0.1306
534 34 6 8 0.1306
961 95 7 8 0.1301
407 83 6 8 0.1294
145 15 6 7 0.1291
475 67 6 7 0.1286
456 35 6 7 0.1283
975 170 7 8 0.1282
299 55 7 8 0.1277
64 16 6 8 0.1272
115 103 6 9 0.1266
798 26 6 7 0.1265
657 51 6 7 0.1261
197 3 6 8 0.1258
829 54 6 7 0.1257
858 99 7 7 0.1250
936 38 6 7 0.1235
984 80 6 7 0.1233
831 89 7 8 0.1230
668 34 6 8 0.1230
518 49 7 7 0.1224
906 82 6 8 0.1222
988 30 5 6 0.1218
855 75 6 7 0.1216
666 60 6 8 0.1208
25 138 7 8 0.1206
729 21 5 7 0.1199
656 121 6 8 0.1198
875 77 6 8 0.1195
769 102 6 8 0.1189
498 8 7 8 0.1185
22 138 7 9 0.1182
92 53 6 7 0.1180
952 152 7 9 0.1173
251 8 5 7 0.1163
624 72 6 7 0.1161
667 91 7 8 0.1159
809 58 6 7 0.1157
972 170 7 8 0.1157
427 50 6 8 0.1152
200 4 6 7 0.1147
934 18 6 8 0.1146
431 17 6 8 0.1146
63 17 6 8 0.1143
311 34 6 7 0.1133
270 35 7 7 0.1131
629 40 5 7 0.1131
771 128 7 8 0.1127
155 67 6 8 0.1126
664 91 7 7 0.1122
89 35 6 7 0.1121
228 134 7 7 0.1116
501 35 6 8 0.1103
324 8 6 7 0.1102
429 18 6 7 0.1096
363 32 6 8 0.1096
622 8 6 7 0.1096
12 55 8 9 0.1095
342 59 7 9 0.1095
834 89 7 8 0.1091
783 55 6 7 0.1089
993 43 6 7 0.1088
729 64 6 7 0.1087
811 91 6 8 0.1082
306 7 5 7 0.1078
689 43 6 7 0.1072
428 17 6 8 0.1070
30 55 7 8 0.1070
481 84 5 7 0.1068
86 35 6 7 0.1063
665 35 5 7 0.1061
295 43 7 8 0.1060
807 58 6 7 0.1059
867 43 6 7 0.1053
668 12 5 7 0.1052
189 47 7 8 0.1051
846 40 6 8 0.1051
236 68 6 7 0.1049
347 21 6 8 0.1047
65 108 8 10 0.1047
321 61 7 9 0.1046
990 30 5 6 0.1031
121 45 6 8 0.1029
266 8 7 8 0.1024
914 147 7 7 0.1022
473 67 5 7 0.1020
118 10 6 7 0.1018
36 16 6 8 0.1017
457 16 6 8 0.1011
985 80 6 8 0.1011
556 66 7 8 0.1006
38 94 7 8 0.1005
386 79 6 8 0.1002
738 83 7 8 0.1001
34 55 6 8 0.0998
346 59 6 8 0.0997
366 6 6 7 0.0997
461 16 6 7 0.0996
94 1 6 7 0.0994
961 97 6 7 0.0994
626 40 6 7 0.0993
351 1 6 8 0.0990
938 191 6 7 0.0987
742 83 6 8 0.0985
38 16 6 8 0.0980
90 53 6 7 0.0980
801 107 6 8 0.0979
944 55 6 7 0.0977
928 147 6 8 0.0976
37 93 6 8 0.0976
568 9 6 7 0.0975
500 25 6 7 0.0974
775 128 6 8 0.0974
477 67 5 7 0.0974
849 113 7 8 0.0971
555 68 6 7 0.0968
696 14 6 6 0.0968
1003 146 7 9 0.0966
663 60 6 8 0.0963
940 39 6 7 0.0963
919 109 7 8 0.0962
408 26 6 8 0.0961
536 81 5 7 0.0961
631 41 5 7 0.0959
726 64 6 8 0.0959
405 26 6 8 0.0958
98 88 6 8 0.0955
459 113 6 8 0.0951
35 57 6 8 0.0951
871 119 7 9 0.0949
801 32 7 8 0.0947
387 80 6 8 0.0946
762 2 6 7 0.0946
128 79 6 9 0.0945
785 55 6 7 0.0941
941 55 6 7 0.0940
196 109 6 9 0.0940
300 54 7 8 0.0937
699 13 5 7 0.0937
782 0 6 7 0.0933
532 81 6 7 0.0933
113 1 5 7 0.0928
370 5 6 7 0.0928
105 381 8 12 0.0928
484 84 6 7 0.0926
410 257 9 10 0.0920
966 119 6 8 0.0920
291 43 7 8 0.0916
852 113 7 9 0.0914
731 3 6 6 0.0911
653 121 6 8 0.0909
69 107 8 10 0.0905
147 42 7 9 0.0904
935 191 7 8 0.0894
142 15 6 7 0.0892
826 26 6 7 0.0890
956 113 7 8 0.0889
745 5 6 7 0.0889
945 55 6 7 0.0884
90 1 6 7 0.0881
805 59 6 7 0.0881
966 96 6 8 0.0879
571 9 6 8 0.0877
179 0 6 6 0.0874
101 88 7 8 0.0872
874 120 7 8 0.0867
748 6 6 7 0.0867
33 92 7 8 0.0866
887 2 6 6 0.0862
366 4 6 7 0.0858
444 4 6 7 0.0855
886 17 6 7 0.0855
247 167 6 7 0.0854
369 4 6 8 0.0853
250 167 7 7 0.0852
660 51 6 7 0.0849
428 2 6 7 0.0846
34 94 7 8 0.0845
12 152 6 8 0.0844
859 98 7 7 0.0844
1006 146 8 9 0.0844
124 80 7 8 0.0844
421 62 6 8 0.0843
686 42 6 7 0.0841
180 77 7 9 0.0839
383 79 6 8 0.0839
302 7 6 7 0.0839
532 28 6 8 0.0837
409 83 6 7 0.0835
188 91 7 8 0.0835
109 28 6 8 0.0834
152 66 6 9 0.0834
177 126 6 8 0.0834
574 98 7 8 0.0830
359 436 10 14 0.0827
467 81 6 8 0.0827
144 41 7 9 0.0825
305 75 6 8 0.0820
585 40 6 7 0.0818
424 62 7 7 0.0813
322 7 6 8 0.0810
441 3 6 7 0.0808
109 1 7 7 0.0808
982 81 5 7 0.0806
177 86 7 9 0.0805
189 91 7 8 0.0805
765 2 6 7 0.0804
912 146 6 8 0.0799
360 31 7 8 0.0799
553 21 6 7 0.0797
942 56 6 7 0.0796
456 113 6 8 0.0791
238 67 6 8 0.0789
179 126 7 8 0.0786
946 139 7 8 0.0786
985 50 6 8 0.0786
94 53 6 7 0.0779
279 127 6 8 0.0778
314 34 6 7 0.0777
303 6 5 7 0.0776
607 48 6 8 0.0775
176 0 6 6 0.0774
31 57 7 8 0.0774
931 147 7 8 0.0771
717 79 6 8 0.0770
218 9 6 7 0.0761
906 54 6 7 0.0760
571 98 7 8 0.0758
889 32 6 8 0.0753
308 76 6 7 0.0753
364 32 7 8 0.0750
641 113 7 8 0.0749
933 109 7 8 0.0749
309 33 6 8 0.0744
772 103 6 8 0.0743
104 381 7 12 0.0742
33 16 6 7 0.0739
884 35 7 9 0.0737
725 21 6 7 0.0736
729 2 5 7 0.0734
177 57 7 8 0.0733
253 7 5 7 0.0732
931 5 6 7 0.0732
910 53 6 7 0.0732
600 8 6 7 0.0731
327 9 6 8 0.0727
588 40 6 8 0.0725
748 67 6 7 0.0720
198 5 6 7 0.0718
193 91 6 8 0.0718
1009 35 6 7 0.0716
976 218 7 7 0.0716
416 3 6 7 0.0714
653 121 6 8 0.0713
970 118 6 8 0.0711
226 134 6 7 0.0704
592 22 7 7 0.0703
917 44 7 8 0.0703
733 3 5 7 0.0701
70 80 8 10 0.0700
496 8 6 8 0.0697
23 34 6 8 0.0695
821 112 6 8 0.0695
863 98 7 8 0.0693
8 152 7 8 0.0689
480 15 5 7 0.0688
293 3 6 8 0.0687
638 113 6 8 0.0684
902 109 6 8 0.0682
626 71 6 7 0.0681
360 33 7 7 0.0680
198 110 7 8 0.0677
1010 86 6 8 0.0677
77 70 7 9 0.0675
497 25 6 7 0.0673
201 4 6 8 0.0662
967 41 6 7 0.0662
160 78 7 8 0.0659
979 218 7 7 0.0653
860 31 6 7 0.0652
3 116 7 9 0.0648
521 106 7 8 0.0645
889 111 7 9 0.0639
1010 8 6 8 0.0638
822 0 6 7 0.0636
67 568 11 13 0.0635
36 163 7 7 0.0630
917 109 6 8 0.0629
666 34 6 7 0.0628
870 120 7 9 0.0628
296 3 6 8 0.0625
225 133 6 7 0.0622
982 51 6 8 0.0613
668 91 7 8 0.0612
883 3 6 6 0.0611
826 40 6 7 0.0607
937 576 8 15 0.0606
928 4 6 8 0.0604
576 17 6 8 0.0603
451 45 5 7 0.0600
782 56 6 8 0.0599
857 186 8 10 0.0598
860 27 6 8 0.0597
34 17 6 8 0.0596
916 42 7 7 0.0596
685 137 7 7 0.0594
624 5 6 8 0.0593
786 509 10 14 0.0592
798 0 5 3 0.0590
755 21 6 7 0.0586
220 0 7 7 0.0586
224 87 6 8 0.0583
1013 7 7 9 0.0582
106 59 7 9 0.0579
786 54 7 7 0.0579
868 43 6 8 0.0579
988 494 9 16 0.0578
825 42 5 8 0.0576
166 23 6 7 0.0571
597 8 6 7 0.0571
621 6 6 7 0.0565
1002 124 7 8 0.0565
602 105 7 7 0.0564
518 106 6 8 0.0564
253 88 7 8 0.0562
985 53 6 8 0.0561
943 140 7 8 0.0561
160 0 6 6 0.0561
227 86 6 7 0.0560
898 3 6 6 0.0559
274 35 6 7 0.0558
434 60 6 7 0.0557
206 91 7 8 0.0555
384 81 5 8 0.0553
830 10 5 7 0.0552
481 83 6 7 0.0550
282 127 6 8 0.0549
883 48 6 8 0.0548
835 91 6 8 0.0545
751 66 6 8 0.0544
410 40 6 7 0.0542
664 93 7 7 0.0541
463 99 6 7 0.0541
774 130 6 8 0.0540
781 54 6 8 0.0536
364 30 6 9 0.0536
363 436 8 13 0.0535
406 82 6 8 0.0534
789 509 11 14 0.0534
605 105 7 8 0.0534
957 169 7 9 0.0532
857 29 7 8 0.0531
603 49 6 7 0.0531
834 10 5 7 0.0530
256 88 7 8 0.0529
991 29 6 7 0.0526
897 2 6 7 0.0526
805 7 6 7 0.0520
250 7 5 7 0.0519
633 123 7 8 0.0517
851 117 7 9 0.0515
174 57 7 8 0.0512
294 6 6 7 0.0510
359 83 6 7 0.0506
419 5 5 7 0.0505
215 100 6 8 0.0502
254 62 6 8 0.0501
57 52 7 8 0.0500
388 3 7 8 0.0499
124 67 7 9 0.0499
679 115 6 8 0.0498
260 65 7 8 0.0498
686 44 6 7 0.0496
940 190 6 8 0.0496
844 84 6 8 0.0494
962 96 6 8 0.0494
934 75 7 7 0.0493
678 1 6 7 0.0492
605 125 6 8 0.0489
344 57 6 9 0.0488
937 76 7 7 0.0487
928 145 6 8 0.0487
63 17 7 8 0.0487
824 39 6 7 0.0485
237 66 6 8 0.0485
773 100 7 8 0.0484
804 37 5 7 0.0483
495 50 5 7 0.0482
895 15 6 8 0.0480
892 96 7 9 0.0478
155 132 6 8 0.0477
91 24 6 7 0.0476
682 115 6 8 0.0475
292 42 7 9 0.0474
470 48 6 7 0.0472
795 0 6 3 0.0471
884 97 6 7 0.0471
689 137 6 7 0.0468
360 84 6 7 0.0467
70 568 10 14 0.0465
766 3 5 7 0.0464
492 48 6 8 0.0462
9 151 7 9 0.0462
116 45 6 8 0.0462
238 23 6 6 0.0461
628 89 6 7 0.0461
783 147 6 7 0.0456
162 74 7 9 0.0455
89 24 7 7 0.0451
218 100 6 9 0.0449
883 17 6 8 0.0449
449 48 6 7 0.0448
414 258 9 10 0.0447
967 20 6 7 0.0447
874 75 6 8 0.0447
239 21 7 8 0.0447
952 151 6 8 0.0446
407 34 7 8 0.0442
3 115 8 9 0.0440
439 87 6 6 0.0440
211 49 7 7 0.0439
848 40 6 8 0.0437
669 10 6 8 0.0435
264 68 7 8 0.0433
9 23 6 8 0.0432
141 0 5 4 0.0431
166 23 7 8 0.0427
26 15 6 8 0.0427
930 146 7 8 0.0427
216 74 7 8 0.0425
859 98 7 8 0.0425
752 21 6 7 0.0421
345 20 6 8 0.0421
185 33 5 8 0.0421
567 7 6 8 0.0419
436 87 6 7 0.0419
184 32 6 7 0.0419
801 24 6 7 0.0417
58 48 7 9 0.0417
330 20 6 8 0.0416
604 50 6 7 0.0416
756 91 7 8 0.0414
190 91 6 8 0.0413
90 0 6 7 0.0413
703 46 5 6 0.0413
802 7 5 7 0.0413
20 592 8 15 0.0412
806 92 6 7 0.0409
111 25 6 8 0.0409
544 49 6 7 0.0409
322 58 6 10 0.0408
107 381 8 11 0.0407
24 592 7 15 0.0406
102 17 7 7 0.0405
142 15 7 8 0.0404
910 147 6 7 0.0402
113 28 6 7 0.0401
727 20 6 7 0.0400
7 77 7 9 0.0400
109 0 6 6 0.0398
791 86 7 8 0.0397
392 4 6 7 0.0395
528 32 6 7 0.0395
455 73 6 6 0.0395
468 3 6 8 0.0393
118 44 7 8 0.0392
588 106 6 7 0.0392
907 51 6 7 0.0391
779 147 6 7 0.0390
699 24 6 7 0.0389
518 48 6 7 0.0389
66 566 11 13 0.0389
725 47 6 7 0.0389
32 36 7 9 0.0388
1007 35 6 6 0.0388
165 78 6 9 0.0388
116 104 6 8 0.0387
922 56 6 8 0.0386
700 76 6 7 0.0386
779 146 6 7 0.0386
933 94 7 8 0.0385
215 100 7 8 0.0385
557 67 6 8 0.0385
137 0 5 4 0.0385
641 297 8 10 0.0385
831 91 6 8 0.0385
781 68 6 8 0.0384
602 125 7 8 0.0384
249 169 6 7 0.0383
765 274 9 10 0.0383
33 70 7 8 0.0383
4 165 7 9 0.0382
522 107 7 8 0.0382
825 25 6 7 0.0380
937 38 6 8 0.0380
1006 146 9 9 0.0380
762 3 6 7 0.0379
32 115 7 8 0.0377
779 0 6 6 0.0377
271 35 7 8 0.0374
135 107 7 8 0.0373
809 0 6 6 0.0373
883 17 7 7 0.0370
245 166 6 8 0.0370
112 105 6 8 0.0369
35 17 6 8 0.0368
936 190 6 8 0.0366
851 114 6 8 0.0362
985 44 7 8 0.0362
720 77 7 8 0.0361
322 20 7 8 0.0360
10 77 7 8 0.0360
585 106 6 7 0.0359
963 21 7 7 0.0359
266 10 7 8 0.0358
918 14 6 8 0.0358
607 125 7 8 0.0357
824 114 7 8 0.0357
974 217 7 8 0.0356
7 74 8 9 0.0353
343 20 6 8 0.0353
390 5 6 7 0.0353
519 108 6 7 0.0353
32 163 7 8 0.0352
935 19 7 8 0.0351
1 36 6 9 0.0350
991 495 10 16 0.0350
657 50 6 7 0.0349
598 7 6 7 0.0349
386 52 6 7 0.0349
162 99 7 8 0.0348
883 0 6 8 0.0345
938 79 7 7 0.0344
797 0 6 4 0.0342
769 103 5 8 0.0342
389 35 6 7 0.0341
89 51 6 7 0.0340
161 0 5 6 0.0339
676 62 6 7 0.0337
627 41 5 7 0.0337
474 67 6 7 0.0336
959 171 7 8 0.0336
33 116 7 9 0.0336
637 297 9 10 0.0334
509 22 7 8 0.0333
139 107 6 8 0.0332
61 16 6 8 0.0331
35 94 7 9 0.0329
339 2 6 7 0.0328
8 22 7 8 0.0328
698 77 6 7 0.0327
1006 86 6 7 0.0326
504 105 7 7 0.0326
157 133 7 8 0.0325
245 36 7 8 0.0325
749 67 6 8 0.0324
207 48 7 8 0.0323
653 81 7 8 0.0323
520 34 6 7 0.0322
997 60 8 8 0.0321
554 21 6 8 0.0320
992 97 7 9 0.0317
61 52 7 8 0.0316
174 125 6 8 0.0316
12 51 7 10 0.0314
34 165 6 7 0.0314
217 0 6 7 0.0314
893 130 8 9 0.0314
1004 124 8 8 0.0313
138 0 5 5 0.0312
446 77 6 8 0.0312
585 106 5 7 0.0311
97 150 8 8 0.0310
994 40 6 7 0.0308
671 12 7 7 0.0308
874 119 7 8 0.0306
223 0 6 7 0.0304
728 1 6 7 0.0304
651 85 7 8 0.0301
101 150 8 8 0.0301
6 23 6 8 0.0300
964 118 6 8 0.0300
975 169 6 8 0.0299
911 147 6 7 0.0298
753 20 6 7 0.0298
381 52 6 8 0.0294
785 74 6 9 0.0293
858 26 6 8 0.0293
668 91 7 8 0.0293
740 101 6 8 0.0293
898 130 7 8 0.0291
643 2 6 7 0.0290
341 87 6 8 0.0288
982 79 6 7 0.0285
650 82 6 8 0.0285
939 578 8 14 0.0284
277 57 7 8 0.0284
824 115 6 7 0.0284
823 0 5 6 0.0283
964 38 6 8 0.0283
948 155 6 8 0.0283
739 80 6 8 0.0282
655 50 6 8 0.0281
652 121 6 8 0.0279
89 110 7 8 0.0278
775 127 6 8 0.0277
61 1 6 7 0.0276
836 138 7 8 0.0275
144 42 7 8 0.0275
122 67 6 9 0.0274
989 98 7 8 0.0273
472 5 6 8 0.0272
787 34 6 7 0.0271
704 124 6 7 0.0271
569 39 7 9 0.0271
726 20 6 7 0.0270
683 134 7 8 0.0269
322 125 6 7 0.0269
468 80 6 8 0.0268
319 125 6 8 0.0268
974 202 6 8 0.0268
310 35 7 8 0.0268
940 577 8 14 0.0267
955 75 7 8 0.0267
595 5 6 8 0.0267
486 0 6 4 0.0266
498 62 6 7 0.0266
796 107 5 7 0.0266
623 70 6 8 0.0264
762 274 9 10 0.0264
426 50 6 7 0.0263
82 561 10 13 0.0262
253 170 6 6 0.0260
839 138 6 8 0.0259
663 34 6 7 0.0257
182 35 6 7 0.0256
219 0 6 5 0.0256
794 129 6 7 0.0256
0 0 4 7 0.0256
899 1 6 7 0.0255
797 148 6 7 0.0254
606 105 7 8 0.0254
348 1 6 7 0.0254
445 75 6 7 0.0254
554 5 7 8 0.0253
224 39 6 8 0.0253
573 97 6 8 0.0252
494 8 7 9 0.0251
551 68 7 7 0.0251
290 20 6 8 0.0248
891 448 8 13 0.0246
849 61 6 8 0.0245
80 68 7 9 0.0245
421 64 6 7 0.0243
976 203 6 7 0.0242
27 141 7 8 0.0242
805 60 6 8 0.0241
607 483 8 13 0.0241
634 105 6 8 0.0241
293 1 6 7 0.0240
668 37 6 7 0.0240
214 11 7 8 0.0239
321 62 6 8 0.0238
854 186 8 10 0.0238
338 87 6 9 0.0237
625 71 6 7 0.0235
860 524 8 15 0.0235
246 164 6 8 0.0235
645 3 6 6 0.0235
999 124 7 8 0.0234
675 0 6 7 0.0234
398 119 6 7 0.0234
361 438 9 13 0.0233
357 82 6 8 0.0232
506 106 7 8 0.0231
286 67 6 8 0.0231
918 19 6 8 0.0229
341 57 6 9 0.0228
577 51 6 8 0.0227
679 117 6 7 0.0226
907 85 7 8 0.0225
929 119 6 9 0.0225
279 58 7 9 0.0224
979 217 7 8 0.0224
1004 126 8 8 0.0224
213 17 6 8 0.0224
956 78 7 8 0.0223
944 138 7 8 0.0222
556 104 6 7 0.0222
772 28 6 8 0.0222
22 589 9 16 0.0221
294 22 6 8 0.0220
830 8 6 7 0.0220
477 13 7 7 0.0220
515 81 6 7 0.0219
139 0 5 3 0.0219
0 195 5 7 0.0217
986 28 5 7 0.0217
463 98 6 7 0.0215
447 47 6 7 0.0214
105 74 7 9 0.0214
135 0 6 3 0.0213
112 549 8 11 0.0213
739 117 6 7 0.0212
783 53 6 8 0.0212
692 76 6 8 0.0212
194 0 6 8 0.0211
140 130 6 8 0.0210
570 97 7 7 0.0210
638 112 6 7 0.0210
985 493 9 15 0.0209
717 96 7 8 0.0209
343 105 6 8 0.0209
897 127 7 8 0.0208
137 106 7 8 0.0208
496 14 7 7 0.0207
767 90 7 7 0.0207
66 77 7 9 0.0207
157 0 6 4 0.0206
346 106 5 7 0.0205
459 100 6 7 0.0205
569 11 6 8 0.0205
931 7 6 7 0.0205
601 76 8 9 0.0205
344 122 6 8 0.0204
347 121 6 8 0.0204
442 79 6 8 0.0204
1007 36 6 9 0.0204
177 125 7 8 0.0203
560 104 5 8 0.0203
871 74 6 8 0.0203
1 196 6 8 0.0202
609 83 7 8 0.0201
441 2 6 7 0.0201
19 189 7 8 0.0201
934 92 7 8 0.0200
393 5 5 7 0.0200
769 128 7 8 0.0198
134 105 6 9 0.0197
532 24 6 7 0.0197
23 188 7 8 0.0197
712 96 7 8 0.0196
34 135 8 8 0.0196
367 2 5 8 0.0194
696 10 6 7 0.0193
894 448 8 12 0.0193
892 73 6 8 0.0192
692 92 6 8 0.0192
1 0 7 7 0.0191
790 6 6 7 0.0190
979 25 6 7 0.0188
175 0 6 5 0.0188
352 64 7 8 0.0188
574 5 7 8 0.0188
926 120 6 8 0.0187
340 106 6 7 0.0187
780 146 6 7 0.0186
482 119 6 8 0.0186
407 40 6 8 0.0185
820 0 6 6 0.0183
935 191 7 7 0.0183
547 105 6 7 0.0182
392 36 6 8 0.0182
595 17 7 8 0.0182
87 108 7 9 0.0182
343 61 6 8 0.0182
400 120 6 6 0.0181
973 136 7 9 0.0181
3 167 7 9 0.0179
898 15 6 7 0.0179
1011 6 7 9 0.0178
904 77 7 8 0.0178
532 66 7 8 0.0178
444 82 6 7 0.0177
976 168 7 9 0.0177
701 123 6 8 0.0176
701 123 6 7 0.0176
118 170 6 7 0.0176
22 136 8 9 0.0175
177 0 6 5 0.0174
977 219 7 8 0.0173
686 135 7 8 0.0173
860 1 7 7 0.0171
117 142 7 8 0.0169
112 102 7 8 0.0169
557 105 5 7 0.0168
483 0 6 4 0.0167
602 104 6 7 0.0166
923 111 7 8 0.0165
419 36 6 7 0.0164
423 1 6 6 0.0162
632 123 6 8 0.0162
538 120 6 7 0.0162
776 24 6 8 0.0162
737 100 6 8 0.0161
438 106 6 7 0.0161
166 124 6 8 0.0160
827 116 6 7 0.0160
179 60 7 8 0.0160
632 40 6 8 0.0160
307 85 7 9 0.0160
55 76 7 8 0.0160
366 104 6 9 0.0159
2 4 7 8 0.0159
162 20 6 7 0.0158
892 452 7 12 0.0158
247 167 5 6 0.0158
619 18 6 8 0.0158
928 2 6 7 0.0158
100 147 8 8 0.0157
5 116 8 9 0.0157
368 108 6 8 0.0157
249 164 7 8 0.0157
858 0 6 6 0.0156
811 136 6 8 0.0156
365 34 5 7 0.0156
856 189 7 9 0.0156
427 17 6 8 0.0155
136 129 7 9 0.0155
760 1 5 7 0.0154
977 202 6 7 0.0154
341 89 6 8 0.0153
367 96 6 7 0.0153
603 124 6 8 0.0152
338 35 6 8 0.0151
107 380 8 11 0.0150
29 119 7 9 0.0149
441 107 6 7 0.0148
66 109 7 9 0.0148
357 437 10 12 0.0148
735 117 6 7 0.0147
1008 6 6 9 0.0147
120 76 7 9 0.0147
904 2 5 6 0.0146
699 74 7 8 0.0146
129 76 7 9 0.0146
483 121 6 8 0.0146
119 145 6 7 0.0146
160 140 7 8 0.0145
417 259 8 9 0.0145
86 561 9 12 0.0144
572 98 7 8 0.0143
770 131 6 7 0.0142
439 88 6 7 0.0142
640 294 9 11 0.0142
371 108 7 8 0.0142
758 56 7 8 0.0141
382 124 6 7 0.0140
396 119 5 7 0.0139
17 103 7 10 0.0139
320 124 6 7 0.0139
460 116 6 7 0.0138
595 0 6 8 0.0138
266 113 6 7 0.0138
269 113 6 7 0.0138
858 523 8 15 0.0137
386 78 7 7 0.0136
143 131 6 8 0.0136
485 120 6 8 0.0136
797 147 6 7 0.0136
99 117 7 8 0.0134
304 86 7 8 0.0134
895 452 8 11 0.0133
592 75 8 10 0.0133
695 75 7 7 0.0132
622 1 7 7 0.0132
699 0 6 7 0.0131
720 94 6 7 0.0131
4 1 6 7 0.0131
18 589 10 17 0.0130
112 0 6 5 0.0130
751 126 6 8 0.0130
468 1 6 7 0.0130
120 171 6 7 0.0129
796 135 6 7 0.0129
701 7 6 7 0.0126
444 121 6 7 0.0126
212 72 6 9 0.0126
572 1 6 7 0.0125
115 549 8 11 0.0125
434 85 6 7 0.0124
390 1 6 8 0.0124
369 106 6 8 0.0124
385 124 6 7 0.0123
551 23 6 6 0.0123
1010 10 7 8 0.0122
254 90 6 8 0.0122
487 121 6 8 0.0122
385 104 6 7 0.0122
258 88 7 9 0.0121
770 73 7 7 0.0121
779 0 6 5 0.0120
746 36 6 8 0.0118
475 105 6 8 0.0118
981 219 6 8 0.0118
121 169 6 7 0.0117
610 484 9 13 0.0117
319 2 5 7 0.0116
799 111 7 8 0.0116
244 172 5 7 0.0115
240 129 6 8 0.0115
238 87 6 7 0.0114
980 20 6 8 0.0113
98 85 7 8 0.0113
771 31 6 7 0.0112
749 41 6 7 0.0112
342 107 6 8 0.0112
685 116 6 8 0.0111
338 85 6 8 0.0111
180 126 7 8 0.0110
357 440 9 11 0.0110
936 577 8 15 0.0109
604 55 8 9 0.0109
627 93 6 8 0.0109
397 119 6 7 0.0109
935 576 8 14 0.0108
752 125 6 7 0.0108
852 74 7 7 0.0108
670 89 7 8 0.0108
18 188 6 8 0.0107
805 0 6 5 0.0107
651 75 7 8 0.0106
519 24 6 7 0.0106
264 2 6 7 0.0104
933 189 6 8 0.0104
653 89 7 8 0.0103
784 0 6 7 0.0103
519 2 6 7 0.0103
88 23 6 7 0.0103
223 94 7 8 0.0102
598 74 6 8 0.0102
97 145 7 9 0.0102
979 212 6 8 0.0102
3 194 7 9 0.0101
961 20 6 7 0.0101
621 86 6 8 0.0101
