47_Matador_Bullfighter_matadorbullfighting_47_240
34
758 114 72 89 0.8869
959 109 37 53 0.8600
539 48 37 50 0.8492
83 92 35 36 0.8467
651 65 33 39 0.8398
1 0 28 16 0.7227
878 14 31 35 0.2425
676 0 38 20 0.1986
0 93 5 35 0.1515
750 0 30 30 0.1447
433 0 34 9 0.1321
0 95 7 36 0.1066
754 0 29 31 0.0859
878 14 33 36 0.0642
773 36 33 37 0.0601
529 0 47 39 0.0559
677 0 40 23 0.0461
192 0 30 15 0.0426
113 0 39 11 0.0281
904 0 39 31 0.0276
431 0 34 9 0.0268
191 0 26 16 0.0246
673 0 35 19 0.0238
772 43 35 42 0.0235
774 34 28 31 0.0195
674 0 36 22 0.0181
881 15 30 35 0.0156
532 3 44 44 0.0133
325 0 32 17 0.0117
192 1 26 16 0.0116
111 0 34 11 0.0109
528 0 42 37 0.0109
683 0 37 18 0.0102
226 130 31 29 0.0100
