47_Matador_Bullfighter_matadorbullfighting_47_152
23
194 215 32 43 0.8584
779 275 24 46 0.7939
471 0 20 20 0.7682
626 6 18 23 0.6980
116 9 17 19 0.5950
424 0 19 19 0.5721
173 13 18 21 0.5263
313 7 18 20 0.5026
685 42 22 25 0.4694
119 9 16 19 0.2696
310 7 18 20 0.2591
426 1 20 19 0.2276
171 10 19 22 0.1669
686 38 19 20 0.0735
1012 5 12 14 0.0691
469 0 20 20 0.0691
171 14 18 20 0.0675
687 50 20 22 0.0353
622 56 17 22 0.0316
681 43 20 24 0.0307
629 4 21 25 0.0199
1010 3 13 14 0.0168
426 0 18 18 0.0125
