47_Matador_Bullfighter_matadorbullfighting_47_236
137
391 281 92 99 0.8853
154 133 20 25 0.6402
992 93 22 29 0.6224
830 127 24 25 0.6015
84 104 20 26 0.5964
547 202 20 23 0.5928
387 188 24 29 0.5597
268 203 19 24 0.5298
35 188 18 25 0.5281
68 194 19 24 0.5230
389 138 18 21 0.4875
719 106 21 27 0.4826
752 45 16 22 0.4781
121 175 19 25 0.4465
157 178 20 23 0.4377
943 46 18 23 0.4209
113 193 20 24 0.4173
601 188 21 24 0.4095
353 194 20 24 0.4068
278 120 17 22 0.4054
715 106 21 26 0.3721
795 113 20 26 0.3713
270 66 15 20 0.3658
791 113 20 26 0.3623
592 128 21 24 0.3617
684 41 14 21 0.3614
257 181 16 20 0.3534
0 176 7 29 0.3531
265 66 15 20 0.3486
108 192 20 25 0.3484
947 46 18 23 0.3475
605 187 21 25 0.3298
436 124 18 22 0.3200
729 180 19 25 0.3105
390 188 24 29 0.3101
681 40 15 21 0.3045
282 120 18 23 0.2977
749 45 15 21 0.2887
349 194 20 24 0.2805
456 184 21 29 0.2799
384 137 18 22 0.2584
438 127 18 23 0.2488
417 123 14 20 0.2471
986 0 20 20 0.2442
64 193 19 24 0.2429
590 125 21 23 0.2343
88 104 20 26 0.2039
253 181 14 19 0.1942
264 203 19 23 0.1882
420 123 15 21 0.1757
111 192 20 24 0.1753
156 174 18 23 0.1725
127 178 17 23 0.1672
724 181 19 24 0.1595
679 41 15 21 0.1570
350 193 20 24 0.1525
162 179 18 22 0.1523
523 113 22 26 0.1514
826 127 23 25 0.1379
417 129 16 24 0.1323
588 128 19 22 0.1243
93 182 16 23 0.1047
772 267 20 24 0.0985
614 170 23 28 0.0971
40 188 16 23 0.0970
0 174 5 29 0.0947
56 165 18 22 0.0940
433 127 19 25 0.0834
523 106 20 25 0.0821
778 268 18 22 0.0664
517 115 21 26 0.0621
189 128 20 26 0.0599
367 179 20 24 0.0567
61 164 19 23 0.0538
153 126 19 24 0.0518
126 176 17 22 0.0500
419 136 16 21 0.0495
997 94 21 27 0.0452
552 203 18 22 0.0439
39 189 18 25 0.0437
108 191 18 24 0.0432
588 125 18 21 0.0430
617 174 20 24 0.0366
982 0 18 18 0.0348
729 175 18 21 0.0342
587 178 16 21 0.0342
521 110 21 24 0.0309
544 202 16 21 0.0307
702 172 19 23 0.0297
41 174 17 22 0.0292
755 45 15 21 0.0290
361 175 22 25 0.0282
678 40 15 20 0.0272
161 175 18 21 0.0266
66 135 19 24 0.0254
115 176 20 24 0.0253
239 116 16 22 0.0253
187 99 19 25 0.0233
525 125 19 21 0.0228
323 202 18 21 0.0222
420 140 14 18 0.0212
367 176 21 24 0.0202
517 125 19 22 0.0201
452 184 20 28 0.0200
221 122 20 22 0.0195
218 204 15 19 0.0193
0 175 12 28 0.0185
643 166 22 27 0.0184
621 172 19 25 0.0181
253 179 16 20 0.0175
90 105 17 23 0.0162
63 194 18 24 0.0156
214 203 15 20 0.0155
725 175 16 20 0.0153
542 102 16 21 0.0142
73 196 16 22 0.0141
416 140 14 18 0.0141
520 108 18 22 0.0134
220 125 22 26 0.0133
588 176 20 24 0.0132
386 138 19 22 0.0131
875 101 18 21 0.0131
252 181 17 21 0.0128
716 202 18 22 0.0125
706 177 18 21 0.0124
904 132 21 26 0.0123
590 135 21 24 0.0121
195 129 17 24 0.0120
583 177 16 20 0.0120
159 134 18 24 0.0116
32 189 15 23 0.0113
90 178 17 23 0.0109
792 124 18 23 0.0108
95 179 17 22 0.0108
989 92 20 26 0.0103
880 101 18 22 0.0102
853 156 16 18 0.0101
