47_Matador_Bullfighter_matadorbullfighting_47_731
1183
576 138 21 27 0.7241
872 110 12 15 0.5516
1 147 11 15 0.5415
51 82 11 13 0.5388
871 92 11 12 0.5137
908 57 10 12 0.5125
103 120 11 12 0.5057
461 146 11 14 0.5044
559 81 10 13 0.4973
104 137 11 15 0.4821
39 125 11 14 0.4798
719 16 9 12 0.4795
86 99 11 14 0.4761
1013 84 10 14 0.4737
998 129 13 14 0.4693
588 85 10 12 0.4685
67 94 10 13 0.4657
348 108 10 12 0.4556
307 75 10 12 0.4537
0 80 8 11 0.4478
424 170 18 21 0.4465
719 132 11 14 0.4408
973 136 13 14 0.4393
27 151 12 14 0.4362
907 134 12 14 0.4338
948 112 13 14 0.4317
912 108 12 14 0.4311
644 118 10 12 0.4298
990 78 11 14 0.4287
528 182 11 14 0.4285
678 89 10 11 0.4278
180 129 10 12 0.4268
191 9 10 12 0.4203
780 136 11 12 0.4183
767 124 11 15 0.4178
141 11 10 12 0.4176
83 22 9 11 0.4164
388 147 11 12 0.4138
512 8 10 12 0.4100
18 134 11 13 0.4099
189 138 11 12 0.4086
626 107 11 14 0.4066
818 59 9 11 0.4053
881 47 10 12 0.4052
402 133 11 12 0.4040
57 21 10 12 0.4038
452 118 10 13 0.4018
644 150 10 13 0.3984
946 51 10 12 0.3969
669 110 11 12 0.3962
564 120 11 13 0.3944
862 16 9 11 0.3942
427 170 18 21 0.3941
280 143 11 14 0.3939
833 110 11 13 0.3936
838 85 10 12 0.3927
228 72 9 12 0.3924
263 134 10 13 0.3917
744 33 9 11 0.3907
484 111 9 12 0.3888
711 108 10 13 0.3885
395 60 9 12 0.3883
514 70 10 12 0.3878
758 72 10 11 0.3869
43 5 10 12 0.3848
325 142 12 15 0.3836
18 95 9 11 0.3834
310 18 10 12 0.3832
667 90 9 11 0.3831
666 40 10 12 0.3822
905 134 11 14 0.3810
867 35 8 12 0.3797
338 118 10 13 0.3783
0 5 7 11 0.3779
889 54 10 11 0.3775
155 98 10 12 0.3766
144 133 10 13 0.3764
578 78 9 12 0.3764
82 121 11 13 0.3761
233 6 8 10 0.3761
749 45 9 11 0.3758
616 23 9 11 0.3757
196 159 11 13 0.3756
301 134 10 13 0.3748
81 80 10 13 0.3746
756 88 10 12 0.3741
63 114 11 14 0.3725
33 96 10 12 0.3724
75 148 12 13 0.3713
961 71 11 13 0.3698
927 47 9 12 0.3695
376 98 10 12 0.3693
184 113 9 12 0.3689
163 122 10 13 0.3680
165 158 9 12 0.3675
585 68 9 10 0.3674
856 59 9 11 0.3660
182 71 9 11 0.3653
1005 5 10 11 0.3650
817 15 9 10 0.3642
226 115 8 12 0.3639
851 96 9 12 0.3629
833 130 11 13 0.3628
923 66 10 11 0.3619
126 143 10 13 0.3614
428 104 10 11 0.3603
72 148 11 13 0.3592
871 61 10 12 0.3588
250 5 8 11 0.3587
36 96 10 12 0.3585
824 27 9 12 0.3578
304 134 10 13 0.3575
621 130 11 14 0.3565
208 100 9 12 0.3555
642 91 10 12 0.3554
624 130 11 14 0.3554
524 124 11 14 0.3549
167 158 10 13 0.3548
915 108 11 14 0.3548
402 34 9 10 0.3545
14 81 9 11 0.3543
477 68 9 11 0.3536
250 82 8 11 0.3535
391 147 11 12 0.3527
778 42 9 11 0.3519
648 118 10 12 0.3519
610 48 8 10 0.3515
226 43 8 11 0.3514
468 177 11 13 0.3507
232 102 9 11 0.3492
715 78 10 13 0.3475
61 47 9 11 0.3466
406 133 10 12 0.3464
266 134 10 13 0.3458
328 142 12 15 0.3457
203 5 9 11 0.3450
833 53 9 11 0.3449
166 122 10 13 0.3436
303 92 10 12 0.3434
156 142 10 12 0.3433
839 29 8 11 0.3428
769 28 9 11 0.3427
306 92 10 12 0.3426
647 150 10 13 0.3425
449 4 9 11 0.3419
277 143 11 14 0.3413
232 135 10 12 0.3404
471 177 11 13 0.3403
477 85 9 12 0.3396
340 118 10 13 0.3396
423 4 8 11 0.3395
971 46 10 12 0.3394
891 53 10 12 0.3393
712 79 10 12 0.3392
841 85 11 12 0.3390
522 124 10 13 0.3371
180 89 10 12 0.3367
843 146 10 12 0.3364
854 96 10 11 0.3362
60 21 10 12 0.3360
603 116 10 13 0.3356
261 69 10 11 0.3354
632 22 8 10 0.3353
1008 4 10 12 0.3348
229 115 9 12 0.3347
531 182 11 13 0.3344
547 113 10 13 0.3344
781 42 9 11 0.3331
974 46 10 12 0.3323
100 88 10 11 0.3312
840 146 11 12 0.3310
859 59 9 11 0.3305
986 66 10 13 0.3304
286 83 9 12 0.3299
686 59 10 12 0.3296
774 9 10 11 0.3283
888 100 11 13 0.3283
929 47 10 12 0.3275
117 80 8 11 0.3263
657 77 9 11 0.3256
333 74 9 11 0.3232
752 45 9 11 0.3226
881 128 10 14 0.3224
206 78 9 12 0.3223
397 60 10 12 0.3221
820 157 11 13 0.3212
993 78 11 14 0.3206
865 16 9 11 0.3206
360 116 10 12 0.3201
624 108 10 14 0.3199
455 117 10 13 0.3190
391 89 8 11 0.3190
826 28 10 11 0.3185
334 109 9 12 0.3182
491 9 9 11 0.3180
884 128 10 13 0.3172
625 8 8 10 0.3167
743 59 9 11 0.3165
153 98 9 12 0.3163
509 55 8 11 0.3163
566 21 7 11 0.3162
783 79 9 12 0.3159
861 76 9 10 0.3159
47 5 9 12 0.3156
324 3 9 12 0.3155
163 6 9 12 0.3148
598 58 8 11 0.3144
480 68 8 11 0.3143
407 78 8 10 0.3136
379 98 10 12 0.3133
313 18 10 12 0.3122
432 103 9 12 0.3122
413 100 10 12 0.3121
718 48 9 11 0.3109
722 133 11 13 0.3106
180 2 9 12 0.3097
444 66 9 12 0.3095
70 94 10 13 0.3093
438 127 11 12 0.3091
922 88 11 14 0.3088
714 108 10 13 0.3080
166 7 9 11 0.3078
645 90 10 12 0.3070
543 78 10 12 0.3064
340 84 9 12 0.3058
480 48 9 11 0.3057
187 113 9 12 0.3056
378 81 9 11 0.3039
870 35 9 12 0.3038
704 15 8 10 0.3036
694 23 9 11 0.3033
341 8 9 11 0.3032
758 18 8 10 0.3030
986 106 12 15 0.3026
487 111 9 12 0.3021
911 11 9 10 0.3013
206 119 9 12 0.3009
494 9 9 11 0.3005
535 5 9 11 0.3005
891 100 11 14 0.3004
601 58 9 11 0.2998
538 5 9 11 0.2998
517 70 9 12 0.2992
199 159 11 12 0.2990
785 29 9 11 0.2988
265 68 9 12 0.2986
971 91 11 13 0.2972
123 144 10 13 0.2971
29 78 9 11 0.2967
253 5 8 11 0.2936
343 85 9 11 0.2928
228 88 9 11 0.2925
352 73 9 10 0.2924
947 38 9 11 0.2916
660 77 9 11 0.2908
800 112 10 12 0.2905
789 28 9 12 0.2905
266 88 10 12 0.2904
764 124 11 15 0.2899
581 54 8 10 0.2897
143 78 10 13 0.2896
690 59 9 12 0.2895
818 158 10 12 0.2891
447 66 9 12 0.2887
748 83 10 12 0.2883
253 82 9 12 0.2881
967 91 11 13 0.2875
85 81 9 12 0.2868
213 71 9 12 0.2862
70 65 10 12 0.2852
831 130 10 12 0.2849
623 96 11 12 0.2848
185 71 8 11 0.2845
61 173 12 13 0.2839
846 44 9 10 0.2834
463 95 9 11 0.2828
229 43 8 11 0.2826
900 73 9 11 0.2825
806 93 10 11 0.2823
546 78 9 12 0.2822
405 34 9 10 0.2818
502 87 9 12 0.2817
495 62 10 12 0.2815
267 100 10 12 0.2815
778 9 9 11 0.2814
147 133 10 13 0.2814
789 16 9 10 0.2812
802 54 8 11 0.2809
230 135 9 12 0.2809
613 47 8 11 0.2805
126 102 10 12 0.2803
653 63 9 10 0.2801
803 93 10 11 0.2800
272 10 9 11 0.2798
86 22 9 11 0.2796
402 0 8 10 0.2784
975 8 10 10 0.2779
878 5 8 10 0.2779
124 101 9 13 0.2775
362 12 9 11 0.2767
806 11 8 10 0.2762
257 146 10 13 0.2760
246 55 9 11 0.2756
653 12 9 11 0.2740
226 88 9 11 0.2739
21 134 12 13 0.2737
363 116 10 12 0.2735
767 99 10 12 0.2728
740 59 9 11 0.2727
964 71 10 13 0.2726
628 8 8 10 0.2725
130 5 9 11 0.2723
568 120 10 13 0.2723
203 79 9 12 0.2720
393 89 8 10 0.2712
58 173 11 13 0.2710
437 3 8 10 0.2709
31 152 11 13 0.2694
861 0 8 6 0.2675
63 47 10 11 0.2670
85 121 12 14 0.2658
461 95 9 11 0.2657
211 99 9 13 0.2649
806 54 8 10 0.2638
495 114 11 12 0.2636
297 119 9 11 0.2627
908 86 10 12 0.2626
381 80 9 11 0.2626
678 113 12 15 0.2597
483 48 9 11 0.2595
65 114 11 14 0.2583
804 122 10 11 0.2582
725 71 9 12 0.2574
114 12 10 12 0.2565
612 91 9 12 0.2562
924 89 11 14 0.2549
358 115 10 12 0.2536
330 74 9 11 0.2535
540 56 9 12 0.2530
836 110 10 13 0.2524
803 113 10 11 0.2511
289 83 9 12 0.2510
786 16 9 11 0.2502
426 86 8 11 0.2490
642 27 10 11 0.2490
355 73 9 10 0.2490
881 5 8 10 0.2488
27 77 10 12 0.2486
831 52 9 11 0.2478
680 114 12 15 0.2477
702 14 8 10 0.2468
11 114 10 13 0.2462
919 39 9 11 0.2462
785 78 10 13 0.2458
619 24 8 10 0.2457
405 112 9 12 0.2456
182 89 10 13 0.2454
405 0 9 10 0.2451
803 11 9 11 0.2450
24 0 10 12 0.2441
844 2 9 11 0.2430
914 10 9 11 0.2417
778 65 9 10 0.2412
663 23 9 10 0.2406
695 38 9 11 0.2403
493 62 10 12 0.2400
498 115 10 12 0.2393
1012 50 10 12 0.2391
881 33 9 11 0.2388
103 89 9 11 0.2388
862 77 9 10 0.2386
413 155 10 12 0.2385
831 110 10 13 0.2371
608 89 9 12 0.2361
569 21 8 11 0.2361
601 116 10 13 0.2358
404 77 9 11 0.2355
689 5 8 10 0.2350
107 105 10 13 0.2350
255 147 9 11 0.2347
596 101 9 12 0.2341
417 101 9 11 0.2339
23 1 10 11 0.2330
593 100 9 12 0.2327
604 22 8 10 0.2311
636 53 10 12 0.2309
727 1 8 10 0.2296
907 38 9 12 0.2292
27 1 9 11 0.2286
692 4 8 11 0.2286
827 7 8 10 0.2285
664 63 9 11 0.2283
656 63 9 11 0.2277
721 48 9 11 0.2269
463 146 11 14 0.2268
480 85 9 11 0.2266
978 7 10 11 0.2260
141 77 10 12 0.2255
775 65 8 11 0.2242
629 55 9 11 0.2242
1017 23 7 12 0.2242
178 2 9 12 0.2204
645 26 9 11 0.2202
463 6 8 10 0.2199
640 40 9 10 0.2198
801 121 10 12 0.2194
117 13 9 11 0.2187
73 65 10 13 0.2182
276 10 9 11 0.2180
969 31 9 11 0.2177
390 4 9 10 0.2171
107 137 11 14 0.2169
219 2 9 11 0.2162
905 85 10 12 0.2149
104 4 8 11 0.2147
835 18 8 9 0.2143
878 46 10 12 0.2141
106 120 10 12 0.2141
693 90 10 12 0.2139
830 7 8 10 0.2127
666 24 9 10 0.2125
9 116 10 12 0.2106
768 55 8 11 0.2105
948 39 10 11 0.2104
408 113 9 11 0.2104
692 89 10 12 0.2100
4 147 11 14 0.2093
124 103 10 13 0.2092
1016 150 8 15 0.2085
611 90 9 12 0.2073
264 99 10 13 0.2068
637 40 8 10 0.2066
726 1 8 10 0.2060
776 64 9 11 0.2057
214 154 9 10 0.2056
555 63 9 11 0.2050
655 43 9 11 0.2045
363 13 9 11 0.2044
915 38 9 11 0.2038
565 39 7 9 0.2038
8 114 10 13 0.2032
605 116 10 13 0.2011
128 102 9 13 0.2010
783 135 10 13 0.2009
301 1 10 12 0.2004
249 55 9 11 0.2004
950 14 9 11 0.1991
114 13 9 12 0.1990
429 86 8 11 0.1988
171 102 9 13 0.1985
602 22 8 10 0.1970
681 89 9 11 0.1965
504 140 12 15 0.1957
215 155 9 10 0.1953
738 13 8 10 0.1950
734 12 8 11 0.1950
535 107 10 12 0.1946
864 0 8 7 0.1942
641 25 10 11 0.1933
578 38 8 10 0.1930
904 38 9 11 0.1926
466 6 8 10 0.1925
1009 50 10 12 0.1906
817 83 9 12 0.1903
972 30 9 12 0.1902
581 7 7 10 0.1896
435 3 8 10 0.1888
952 111 12 15 0.1883
101 4 8 11 0.1875
739 30 9 11 0.1860
559 64 8 11 0.1857
217 2 8 10 0.1850
12 115 10 13 0.1846
576 78 8 11 0.1840
723 1 9 10 0.1836
386 34 9 11 0.1816
757 63 9 11 0.1813
708 65 9 11 0.1807
203 77 9 12 0.1807
14 166 12 14 0.1802
370 11 9 11 0.1799
538 107 10 13 0.1797
31 78 10 12 0.1792
667 63 9 11 0.1789
114 79 8 11 0.1787
366 12 9 11 0.1778
295 119 9 11 0.1778
727 104 10 12 0.1776
693 37 9 11 0.1772
82 212 8 11 0.1768
945 0 9 8 0.1757
446 4 9 10 0.1754
26 24 9 12 0.1750
371 153 10 12 0.1745
903 73 9 12 0.1739
451 139 11 14 0.1737
942 0 9 8 0.1734
291 71 8 11 0.1725
506 55 9 10 0.1717
807 11 8 11 0.1714
309 76 10 12 0.1713
184 89 10 13 0.1713
440 128 11 12 0.1711
614 150 10 12 0.1708
556 65 9 11 0.1702
696 90 9 12 0.1701
712 38 9 10 0.1693
926 65 9 12 0.1686
170 100 10 13 0.1676
234 101 9 11 0.1666
874 61 9 11 0.1666
842 1 9 11 0.1659
31 77 9 11 0.1654
85 212 9 11 0.1653
0 79 6 11 0.1650
42 125 12 14 0.1646
371 155 12 13 0.1638
503 137 11 15 0.1638
641 90 10 12 0.1635
546 115 9 11 0.1632
717 3 8 10 0.1623
726 102 10 12 0.1620
508 141 11 14 0.1614
12 164 12 13 0.1611
294 71 8 11 0.1608
159 142 10 12 0.1601
560 65 8 11 0.1586
336 7 9 11 0.1584
420 4 9 10 0.1576
656 13 9 10 0.1558
524 61 9 12 0.1557
925 88 11 14 0.1555
584 7 8 10 0.1555
304 1 10 12 0.1554
235 102 9 11 0.1536
411 153 10 13 0.1526
303 0 10 12 0.1511
864 76 9 11 0.1506
945 38 9 11 0.1503
188 139 10 12 0.1499
1018 154 6 13 0.1499
593 102 10 13 0.1490
143 11 11 13 0.1486
817 184 10 10 0.1483
953 14 9 12 0.1483
759 88 10 12 0.1481
657 12 9 11 0.1480
756 17 8 9 0.1476
707 64 9 11 0.1467
339 10 9 11 0.1460
376 11 8 11 0.1459
141 78 10 13 0.1457
230 5 8 11 0.1456
683 113 11 14 0.1441
202 4 9 11 0.1437
980 35 9 12 0.1436
995 129 13 14 0.1436
814 184 9 10 0.1431
218 16 11 13 0.1431
601 136 11 14 0.1421
230 89 9 11 0.1421
562 39 8 10 0.1416
550 114 9 12 0.1399
140 114 10 11 0.1396
604 11 9 11 0.1390
713 3 8 10 0.1387
212 153 9 11 0.1376
829 69 9 11 0.1368
265 102 10 11 0.1359
497 63 9 13 0.1351
859 130 11 13 0.1347
495 116 10 12 0.1335
299 118 9 13 0.1326
710 37 8 11 0.1321
506 139 11 14 0.1295
959 70 10 13 0.1294
500 46 10 11 0.1279
747 32 9 11 0.1275
910 172 13 14 0.1273
974 139 13 15 0.1262
711 65 9 11 0.1261
247 125 9 12 0.1259
803 53 9 10 0.1258
515 9 9 11 0.1258
28 25 9 12 0.1255
884 18 8 10 0.1245
128 5 8 11 0.1245
506 89 9 11 0.1244
300 0 10 12 0.1243
317 104 9 13 0.1228
11 72 9 11 0.1225
23 0 9 11 0.1224
983 66 10 12 0.1221
101 2 9 12 0.1217
557 15 9 11 0.1212
881 128 10 12 0.1207
716 47 8 11 0.1205
554 13 8 11 0.1202
762 0 9 7 0.1201
829 53 9 11 0.1190
982 97 12 13 0.1190
537 104 10 12 0.1185
903 195 11 14 0.1176
143 114 9 12 0.1175
606 22 8 10 0.1172
949 12 9 12 0.1169
190 10 9 11 0.1163
269 101 9 12 0.1163
907 195 10 14 0.1126
989 107 11 14 0.1115
343 10 9 11 0.1114
194 9 9 11 0.1112
766 0 8 8 0.1109
741 3 9 9 0.1107
582 38 8 11 0.1103
24 26 10 12 0.1100
415 153 10 12 0.1097
108 77 9 11 0.1096
144 76 10 13 0.1090
826 69 9 11 0.1087
295 118 9 11 0.1073
736 11 8 10 0.1070
322 3 9 11 0.1068
145 78 10 13 0.1059
402 1 9 10 0.1059
974 171 12 15 0.1055
362 163 12 14 0.1053
1020 26 4 12 0.1049
543 77 9 12 0.1024
1009 52 10 12 0.1010
430 102 9 12 0.1007
1013 51 10 12 0.1007
85 138 10 14 0.1001
558 14 8 11 0.1000
362 165 12 14 0.0994
580 39 8 9 0.0989
415 154 11 14 0.0984
445 65 9 11 0.0982
386 3 9 10 0.0969
71 64 9 12 0.0969
583 52 8 11 0.0967
524 151 11 13 0.0965
0 4 5 11 0.0964
245 54 8 10 0.0952
652 63 9 10 0.0951
409 113 10 12 0.0948
465 94 8 12 0.0946
237 156 9 12 0.0937
548 215 11 14 0.0934
237 134 10 12 0.0930
889 101 11 14 0.0918
765 101 10 12 0.0918
840 1 9 11 0.0918
391 89 9 11 0.0916
415 75 9 11 0.0911
536 133 11 14 0.0909
11 167 11 12 0.0894
192 139 10 12 0.0894
952 13 9 11 0.0888
892 0 8 6 0.0884
624 77 10 12 0.0874
837 28 9 10 0.0871
538 56 8 10 0.0869
369 153 10 12 0.0860
586 86 9 12 0.0856
211 69 8 10 0.0853
619 75 10 12 0.0851
875 61 9 12 0.0841
240 156 9 12 0.0839
925 64 10 12 0.0838
759 88 10 13 0.0819
503 88 10 12 0.0815
651 12 9 11 0.0815
159 142 10 12 0.0815
720 16 9 11 0.0814
907 19 9 11 0.0813
566 103 9 12 0.0812
875 61 9 11 0.0811
696 89 9 12 0.0807
723 102 10 12 0.0804
683 115 12 14 0.0801
597 102 10 12 0.0801
83 142 11 14 0.0799
140 12 10 12 0.0793
30 200 11 13 0.0791
799 48 9 11 0.0789
383 33 9 12 0.0785
249 54 8 10 0.0783
614 48 8 10 0.0783
326 3 9 11 0.0776
996 127 13 15 0.0775
354 2 9 11 0.0774
406 1 8 10 0.0767
46 110 10 12 0.0767
190 8 9 11 0.0763
984 105 12 14 0.0751
778 42 9 11 0.0728
976 44 10 14 0.0727
265 88 10 12 0.0725
770 99 10 13 0.0724
769 99 10 12 0.0721
176 2 9 12 0.0717
805 0 8 10 0.0717
330 76 9 11 0.0712
922 149 11 13 0.0706
24 24 9 12 0.0705
350 3 9 11 0.0703
631 71 9 12 0.0700
690 3 9 11 0.0697
692 22 9 11 0.0696
702 14 8 11 0.0693
668 62 9 11 0.0686
113 12 10 12 0.0681
808 78 9 11 0.0680
822 157 11 13 0.0675
755 17 9 10 0.0673
340 8 9 12 0.0671
139 114 10 13 0.0666
151 0 8 8 0.0665
545 214 11 14 0.0664
96 0 9 12 0.0663
527 154 10 13 0.0660
546 114 10 13 0.0658
862 0 8 7 0.0655
444 129 11 14 0.0652
637 25 8 10 0.0650
346 105 9 13 0.0648
727 73 9 11 0.0646
905 38 9 11 0.0641
803 11 9 11 0.0639
695 39 9 11 0.0634
708 129 11 14 0.0627
828 9 9 11 0.0623
724 66 9 11 0.0621
169 158 10 12 0.0617
652 62 9 11 0.0614
212 69 10 12 0.0614
356 73 9 11 0.0613
311 114 10 12 0.0613
909 10 9 11 0.0612
642 40 9 11 0.0609
745 59 9 11 0.0599
405 114 9 11 0.0598
365 165 11 12 0.0597
222 16 10 12 0.0597
29 152 12 15 0.0588
846 178 8 10 0.0584
462 92 9 12 0.0584
157 99 9 12 0.0581
983 66 10 12 0.0581
950 38 10 12 0.0581
61 114 11 13 0.0581
291 71 9 11 0.0581
960 150 13 14 0.0580
162 7 10 11 0.0579
34 200 11 13 0.0574
1016 87 8 12 0.0568
98 175 9 11 0.0567
138 115 10 12 0.0565
804 92 9 12 0.0562
981 1 10 11 0.0557
892 101 11 14 0.0556
274 11 9 11 0.0553
461 5 8 10 0.0551
776 11 8 10 0.0551
60 63 9 12 0.0549
905 88 10 12 0.0548
721 48 8 11 0.0547
677 88 10 12 0.0546
848 42 9 11 0.0544
65 49 9 10 0.0541
847 180 9 12 0.0539
207 118 9 11 0.0538
755 88 10 12 0.0534
494 63 9 12 0.0530
371 76 9 11 0.0530
95 175 9 11 0.0528
215 16 10 12 0.0528
213 70 9 11 0.0528
448 140 11 13 0.0527
79 4 10 11 0.0525
49 81 10 12 0.0523
942 0 9 10 0.0522
1011 84 11 14 0.0520
307 91 10 12 0.0517
10 70 9 12 0.0515
67 137 10 12 0.0514
200 4 9 12 0.0513
388 35 9 10 0.0510
952 12 9 12 0.0509
139 11 10 12 0.0508
653 13 9 11 0.0507
801 0 9 10 0.0506
234 5 9 10 0.0506
961 154 13 14 0.0500
61 49 9 11 0.0500
89 100 10 14 0.0500
971 135 11 13 0.0497
742 115 9 11 0.0497
616 150 11 14 0.0493
35 94 10 12 0.0486
909 87 10 12 0.0486
707 127 10 13 0.0486
163 120 10 12 0.0485
234 137 8 11 0.0483
977 3 10 10 0.0482
495 115 11 13 0.0482
442 64 9 12 0.0478
853 93 10 12 0.0477
602 19 8 10 0.0476
267 118 10 12 0.0476
603 140 11 15 0.0473
775 64 9 11 0.0471
914 171 11 14 0.0469
85 120 10 12 0.0468
231 87 9 11 0.0466
148 0 9 8 0.0464
266 116 10 12 0.0461
811 32 10 11 0.0458
145 12 10 12 0.0458
0 201 10 13 0.0458
566 118 12 14 0.0457
499 87 10 12 0.0454
365 64 8 11 0.0453
535 105 9 11 0.0453
677 114 11 13 0.0452
311 115 9 12 0.0452
590 84 10 13 0.0449
209 102 9 12 0.0446
41 127 12 13 0.0444
564 108 11 14 0.0442
568 23 7 10 0.0441
597 59 9 11 0.0441
786 77 9 12 0.0439
793 185 12 13 0.0438
750 45 9 10 0.0437
184 89 9 13 0.0435
976 136 12 14 0.0434
496 101 10 11 0.0433
906 58 10 11 0.0420
878 7 8 10 0.0419
962 0 9 9 0.0418
561 38 7 10 0.0418
211 101 9 12 0.0415
870 190 11 14 0.0414
80 1 9 11 0.0412
626 10 9 10 0.0412
362 64 9 10 0.0411
536 3 8 12 0.0408
804 89 10 12 0.0407
131 173 10 12 0.0403
797 40 9 11 0.0401
168 80 10 12 0.0395
295 118 9 12 0.0394
844 180 9 11 0.0392
207 6 8 11 0.0390
228 59 8 11 0.0387
420 6 8 10 0.0387
400 61 9 11 0.0386
667 40 9 11 0.0384
969 89 11 13 0.0377
234 136 9 12 0.0377
410 155 9 12 0.0375
778 137 10 12 0.0374
576 37 10 11 0.0371
10 72 9 9 0.0367
539 9 8 11 0.0363
289 84 9 12 0.0362
107 118 11 13 0.0360
869 110 11 14 0.0359
465 7 8 9 0.0355
874 91 9 12 0.0353
37 126 10 12 0.0352
927 48 9 12 0.0349
614 90 10 12 0.0349
856 59 10 12 0.0349
403 36 9 10 0.0348
306 113 10 13 0.0348
104 88 9 12 0.0347
777 136 11 13 0.0346
436 59 8 11 0.0346
600 116 11 13 0.0345
126 5 8 11 0.0344
827 5 8 10 0.0343
783 137 10 12 0.0342
626 56 8 11 0.0339
689 38 9 10 0.0339
950 114 12 14 0.0337
447 5 8 10 0.0337
599 0 9 10 0.0336
494 9 9 10 0.0335
62 115 11 13 0.0335
278 11 8 10 0.0335
573 60 9 12 0.0334
476 67 9 10 0.0333
81 135 12 15 0.0331
687 2 9 11 0.0331
646 90 10 12 0.0330
188 139 10 12 0.0328
365 11 9 12 0.0328
528 235 13 14 0.0328
195 134 9 11 0.0327
10 165 12 13 0.0327
47 64 9 11 0.0327
409 111 10 14 0.0327
926 89 11 14 0.0326
496 10 8 10 0.0325
693 61 9 11 0.0323
250 79 9 11 0.0321
116 169 13 15 0.0320
8 114 12 15 0.0319
492 10 9 11 0.0317
466 4 8 10 0.0315
624 110 11 14 0.0313
802 148 9 12 0.0313
499 44 9 11 0.0313
803 55 9 11 0.0312
510 228 13 15 0.0312
867 38 8 10 0.0308
340 117 11 13 0.0306
80 144 11 13 0.0305
340 86 10 12 0.0305
516 8 9 11 0.0305
464 94 9 11 0.0303
879 45 9 12 0.0302
861 14 9 11 0.0302
837 130 10 13 0.0302
134 174 10 11 0.0302
551 63 10 13 0.0301
407 36 8 10 0.0301
476 68 9 11 0.0301
60 0 9 11 0.0298
801 113 10 12 0.0298
971 172 11 13 0.0296
539 7 9 11 0.0296
229 115 9 12 0.0295
756 88 10 12 0.0293
262 68 9 11 0.0293
875 113 10 13 0.0293
843 178 8 9 0.0292
313 16 9 11 0.0290
975 90 10 13 0.0287
85 100 10 13 0.0286
532 235 13 13 0.0286
292 70 9 10 0.0284
821 58 9 12 0.0283
775 10 10 11 0.0282
926 149 12 13 0.0281
388 34 10 11 0.0279
878 3 8 9 0.0278
63 7 10 11 0.0277
448 8 9 10 0.0273
910 10 9 11 0.0273
156 95 9 12 0.0272
913 12 9 11 0.0272
60 169 11 14 0.0271
817 86 9 10 0.0270
978 8 10 12 0.0270
169 126 10 12 0.0268
676 113 11 14 0.0268
579 4 9 11 0.0267
569 19 8 11 0.0267
671 40 10 11 0.0267
364 163 12 15 0.0267
377 3 9 10 0.0266
670 20 8 11 0.0265
1011 61 11 14 0.0265
449 139 11 14 0.0264
873 91 10 12 0.0263
873 192 11 14 0.0262
468 179 11 13 0.0262
108 137 11 14 0.0261
983 110 12 14 0.0260
315 102 9 12 0.0259
893 160 10 13 0.0258
264 136 10 13 0.0258
499 41 10 11 0.0256
960 69 10 12 0.0255
10 82 10 13 0.0251
83 82 10 12 0.0250
2 6 9 11 0.0250
511 166 11 15 0.0249
850 157 10 12 0.0249
263 67 9 11 0.0247
975 44 10 12 0.0241
438 53 9 10 0.0240
148 155 10 11 0.0239
545 80 10 12 0.0238
544 102 9 12 0.0238
390 6 9 10 0.0237
874 110 11 14 0.0237
740 115 9 11 0.0235
977 171 11 14 0.0234
835 86 9 11 0.0233
662 141 10 12 0.0232
853 156 10 12 0.0230
889 160 10 13 0.0226
745 61 9 10 0.0225
84 19 9 10 0.0225
537 54 8 10 0.0225
583 5 8 9 0.0224
1017 68 7 16 0.0221
946 15 10 11 0.0220
29 23 9 12 0.0219
359 71 9 11 0.0219
363 113 10 13 0.0218
82 79 10 12 0.0217
859 0 9 6 0.0216
691 61 9 11 0.0215
59 18 9 11 0.0214
399 61 9 12 0.0214
686 62 9 11 0.0213
806 123 8 11 0.0213
721 47 9 10 0.0213
185 114 9 11 0.0213
551 181 10 13 0.0213
284 10 9 11 0.0212
311 74 9 11 0.0210
831 111 11 13 0.0209
472 179 11 13 0.0209
174 220 8 10 0.0209
616 45 9 11 0.0208
399 112 9 12 0.0207
827 30 9 11 0.0207
16 166 11 14 0.0205
61 45 9 12 0.0204
67 89 11 13 0.0201
188 115 9 11 0.0200
444 9 8 10 0.0200
415 98 10 12 0.0200
601 60 9 10 0.0199
214 149 9 10 0.0199
776 4 9 10 0.0198
765 126 10 14 0.0198
626 6 8 10 0.0196
341 87 8 12 0.0196
951 196 13 14 0.0195
507 167 11 14 0.0195
36 123 10 12 0.0194
484 113 9 11 0.0193
350 105 10 11 0.0193
99 177 9 10 0.0193
906 192 10 11 0.0192
844 144 10 12 0.0192
888 143 10 13 0.0192
903 194 12 14 0.0192
517 9 8 10 0.0191
596 136 14 18 0.0191
4 145 12 14 0.0189
116 162 12 15 0.0188
929 45 9 12 0.0188
167 8 8 11 0.0185
71 172 10 12 0.0185
953 111 11 14 0.0185
548 217 13 15 0.0184
561 0 9 11 0.0184
916 12 9 10 0.0183
289 68 8 10 0.0182
395 64 9 11 0.0182
95 178 9 11 0.0180
445 88 9 11 0.0180
768 0 8 6 0.0179
976 9 9 10 0.0179
213 157 9 11 0.0178
716 110 10 12 0.0177
526 126 10 13 0.0176
802 0 8 6 0.0176
575 79 10 13 0.0175
186 113 9 12 0.0175
925 151 11 12 0.0174
75 66 10 12 0.0173
485 10 8 10 0.0173
177 220 8 9 0.0172
849 177 8 12 0.0172
911 133 11 13 0.0172
113 167 11 13 0.0171
283 141 10 13 0.0169
512 232 12 13 0.0169
380 99 9 11 0.0169
260 129 10 12 0.0168
128 142 10 13 0.0168
180 200 11 12 0.0165
622 4 9 11 0.0164
337 159 11 13 0.0161
831 134 10 11 0.0160
444 66 9 12 0.0159
54 82 10 13 0.0159
514 159 11 14 0.0158
682 157 10 13 0.0158
976 168 12 14 0.0158
629 112 9 11 0.0158
543 216 14 15 0.0158
812 182 10 11 0.0157
502 4 9 10 0.0156
107 138 11 15 0.0156
522 122 10 12 0.0154
545 40 8 10 0.0154
976 48 9 12 0.0152
903 192 10 12 0.0150
334 159 11 13 0.0150
781 80 9 11 0.0149
83 23 9 11 0.0148
939 50 9 11 0.0147
176 219 8 9 0.0147
500 139 11 13 0.0147
716 81 10 12 0.0147
334 74 8 11 0.0146
248 4 9 11 0.0144
610 150 11 14 0.0144
769 126 11 14 0.0144
816 182 9 10 0.0144
265 3 9 11 0.0144
1001 129 12 15 0.0144
409 135 10 13 0.0142
891 51 9 12 0.0142
822 160 10 12 0.0140
31 204 11 13 0.0140
414 73 9 11 0.0140
856 63 8 11 0.0140
706 109 10 12 0.0138
516 68 10 13 0.0138
508 164 10 13 0.0137
244 57 9 11 0.0137
643 2 10 10 0.0136
980 9 8 10 0.0135
470 72 9 11 0.0134
195 160 9 11 0.0134
251 4 9 11 0.0133
324 139 12 15 0.0133
530 153 10 13 0.0132
540 135 10 13 0.0132
946 0 9 7 0.0130
227 42 9 11 0.0130
876 190 10 13 0.0130
370 148 10 12 0.0130
173 218 8 10 0.0129
966 88 10 14 0.0129
271 9 8 11 0.0128
430 163 13 17 0.0128
622 134 11 13 0.0127
155 243 7 8 0.0127
758 0 8 5 0.0127
66 140 10 13 0.0126
307 18 9 12 0.0123
685 157 10 13 0.0122
258 149 9 11 0.0122
924 88 11 14 0.0121
580 112 10 13 0.0121
26 136 11 13 0.0120
1 10 7 10 0.0120
838 88 10 11 0.0119
897 0 9 5 0.0119
496 186 11 13 0.0118
185 69 8 11 0.0117
200 162 9 11 0.0117
153 242 8 9 0.0116
545 217 12 15 0.0116
768 121 10 12 0.0116
955 195 12 15 0.0116
875 0 8 7 0.0115
724 0 9 8 0.0115
30 75 8 10 0.0113
513 76 9 13 0.0113
1 203 10 13 0.0113
509 6 9 11 0.0112
922 0 10 8 0.0112
35 203 11 13 0.0112
434 128 10 12 0.0112
284 0 10 11 0.0109
57 0 9 6 0.0107
800 152 10 10 0.0106
83 213 10 11 0.0105
972 49 8 12 0.0105
110 210 9 11 0.0105
755 117 10 13 0.0104
106 73 9 11 0.0104
238 158 10 11 0.0103
181 69 8 11 0.0103
808 151 10 12 0.0102
567 124 11 13 0.0102
328 139 11 14 0.0101
5 201 11 12 0.0101
937 0 9 6 0.0101
