47_Matador_Bullfighter_Matador_Bullfighter_47_761
42
73 31 32 40 0.8256
471 27 31 42 0.8186
237 26 34 42 0.8013
186 36 29 40 0.7883
347 38 30 34 0.7828
883 112 30 38 0.7691
39 116 31 40 0.7684
595 45 28 32 0.7375
349 110 35 49 0.7350
555 12 30 35 0.7276
196 120 31 40 0.6701
703 126 33 35 0.6033
702 41 31 36 0.4693
1012 127 12 42 0.2992
479 134 34 41 0.2312
1012 122 12 41 0.0670
703 32 30 36 0.0639
1017 129 7 41 0.0638
698 46 33 33 0.0612
808 0 34 20 0.0578
243 0 38 25 0.0469
828 143 28 32 0.0469
481 135 35 40 0.0393
700 33 30 36 0.0375
1008 122 16 47 0.0368
245 0 37 35 0.0365
813 0 31 25 0.0232
704 45 30 33 0.0221
241 0 27 15 0.0215
253 0 34 20 0.0193
698 42 33 36 0.0164
705 24 28 34 0.0161
814 0 40 22 0.0161
504 483 27 32 0.0160
1010 129 14 47 0.0151
831 143 27 32 0.0135
56 0 26 12 0.0133
2 111 30 39 0.0109
385 131 31 35 0.0109
252 1 35 33 0.0108
3 109 26 34 0.0106
600 45 25 31 0.0103
