47_Matador_Bullfighter_matadorbullfighting_47_207
62
577 397 23 29 0.7172
921 476 19 26 0.6773
883 479 21 26 0.6654
719 483 21 28 0.6163
378 417 24 29 0.5198
63 339 20 25 0.4456
411 513 35 40 0.4266
745 421 18 25 0.4110
473 425 18 25 0.3992
741 421 18 25 0.3954
601 468 19 24 0.3706
381 418 25 28 0.3165
1003 470 20 26 0.3148
468 425 18 25 0.2686
242 417 23 28 0.2333
509 471 19 24 0.2084
247 417 23 27 0.2031
406 512 37 43 0.1857
59 339 19 24 0.1545
574 397 22 29 0.1367
605 469 19 24 0.1098
598 465 18 24 0.1057
552 417 17 25 0.1053
409 428 19 23 0.1012
926 475 17 26 0.0681
553 413 16 21 0.0665
246 413 22 27 0.0600
401 495 26 35 0.0580
556 417 16 25 0.0563
1002 460 21 27 0.0558
887 479 20 26 0.0529
505 472 18 23 0.0501
723 484 20 26 0.0443
1000 471 18 24 0.0416
784 470 18 24 0.0306
556 412 18 25 0.0295
65 346 21 26 0.0292
973 476 18 24 0.0288
403 506 36 43 0.0277
239 413 22 28 0.0256
243 415 24 30 0.0240
793 474 20 26 0.0232
605 465 17 23 0.0215
787 485 22 28 0.0196
1000 472 22 29 0.0194
410 432 21 25 0.0193
589 569 32 43 0.0172
793 487 21 26 0.0160
397 495 24 31 0.0159
39 384 19 24 0.0156
67 339 21 26 0.0146
416 429 16 20 0.0145
439 426 17 22 0.0132
0 510 7 9 0.0130
791 478 21 26 0.0122
505 466 20 26 0.0119
237 428 26 30 0.0114
715 481 22 29 0.0113
43 383 21 25 0.0107
782 466 16 21 0.0106
1001 455 22 27 0.0105
590 578 32 40 0.0105
