47_Matador_Bullfighter_Matador_Bullfighter_47_912
227
779 7 25 30 0.8660
849 121 34 38 0.8519
686 57 23 26 0.8463
733 64 25 29 0.8407
846 59 28 34 0.8366
632 113 25 30 0.8338
918 0 33 36 0.8325
778 123 30 34 0.8317
741 11 20 24 0.8270
732 307 38 48 0.8127
92 309 32 52 0.8088
595 164 25 30 0.8073
604 101 21 26 0.8053
436 27 19 24 0.8003
325 94 22 25 0.7986
548 57 19 23 0.7967
690 25 21 22 0.7958
243 176 25 37 0.7874
834 222 34 41 0.7848
882 116 38 49 0.7804
718 125 29 31 0.7766
497 105 22 24 0.7699
179 45 19 21 0.7697
678 7 17 20 0.7693
511 19 21 21 0.7633
381 36 19 22 0.7462
370 99 22 23 0.7414
59 14 17 19 0.7349
569 1 18 22 0.7164
154 18 18 21 0.6782
480 18 18 21 0.6665
631 18 21 25 0.6536
597 50 20 20 0.6145
385 16 17 19 0.6041
955 415 36 74 0.6026
237 21 17 20 0.6021
992 259 32 74 0.6020
820 0 22 19 0.6014
659 6 17 21 0.6013
33 19 18 20 0.5819
119 19 15 18 0.5653
849 451 35 69 0.5436
911 62 31 39 0.5408
969 45 45 59 0.5327
280 3 14 16 0.4876
848 352 41 55 0.4788
90 35 18 21 0.4763
0 25 13 19 0.4396
86 0 13 11 0.4238
848 349 41 53 0.4156
91 35 19 21 0.4079
156 0 15 10 0.4026
650 213 44 49 0.4025
630 18 20 25 0.3976
89 476 38 89 0.3731
191 34 15 18 0.3717
356 0 17 13 0.3595
751 114 19 24 0.3135
770 114 22 28 0.3101
121 19 15 18 0.2975
0 23 11 19 0.2949
235 21 16 20 0.2801
345 49 14 16 0.2800
84 0 13 11 0.2695
968 45 48 60 0.2625
180 2 15 15 0.2388
111 0 14 9 0.2311
357 1 17 16 0.2291
656 5 18 23 0.2059
853 451 31 69 0.2023
564 30 12 15 0.2011
863 25 21 23 0.2004
443 4 14 18 0.1997
159 0 15 10 0.1887
491 88 16 23 0.1852
793 88 25 27 0.1803
566 1 19 21 0.1793
1001 259 23 72 0.1788
477 18 18 21 0.1552
595 48 21 22 0.1480
108 0 14 9 0.1335
158 18 17 21 0.1280
771 0 15 20 0.1215
771 0 15 14 0.1175
426 20 12 16 0.1096
860 26 21 23 0.1094
439 3 16 18 0.1079
304 389 21 48 0.1049
90 477 35 73 0.1019
534 45 17 22 0.0996
864 24 18 19 0.0908
31 20 15 18 0.0907
443 1 13 12 0.0901
240 0 10 9 0.0878
278 4 12 15 0.0863
179 0 15 14 0.0858
93 35 18 20 0.0834
227 11 12 16 0.0833
821 0 22 19 0.0830
861 0 19 22 0.0808
650 213 45 49 0.0799
0 116 15 24 0.0791
384 13 16 17 0.0737
378 384 20 51 0.0728
379 36 19 20 0.0714
431 0 14 11 0.0703
60 0 14 12 0.0697
183 45 17 21 0.0685
862 0 23 23 0.0683
206 0 12 8 0.0673
910 62 28 38 0.0653
36 2 13 15 0.0639
13 18 15 19 0.0634
768 111 21 27 0.0618
911 63 32 40 0.0608
694 114 27 31 0.0603
640 80 19 21 0.0601
347 51 13 16 0.0591
850 451 33 68 0.0577
37 0 10 12 0.0553
865 0 17 12 0.0544
489 87 14 20 0.0540
793 86 21 23 0.0538
223 10 12 15 0.0515
605 385 36 47 0.0512
731 0 16 10 0.0493
205 12 12 14 0.0480
237 0 10 9 0.0468
408 8 13 16 0.0468
208 18 13 18 0.0448
91 476 36 86 0.0446
242 0 9 11 0.0433
690 114 27 32 0.0433
212 0 11 8 0.0427
795 89 26 27 0.0409
278 1 14 16 0.0394
745 115 20 24 0.0378
214 23 11 15 0.0375
306 392 22 48 0.0365
1003 0 21 12 0.0358
362 0 16 12 0.0352
370 385 24 49 0.0339
581 419 33 23 0.0334
304 0 13 9 0.0331
429 1 14 17 0.0329
196 35 13 16 0.0324
428 0 14 11 0.0319
593 50 19 21 0.0319
954 286 56 75 0.0314
184 2 14 14 0.0308
388 13 16 19 0.0307
57 0 13 13 0.0304
861 0 17 13 0.0298
909 63 31 39 0.0297
774 0 19 17 0.0288
264 0 11 9 0.0286
998 0 24 11 0.0280
583 419 44 27 0.0274
613 385 31 46 0.0270
579 411 29 29 0.0269
16 12 13 17 0.0268
185 1 14 12 0.0266
113 1 13 14 0.0260
645 0 15 11 0.0259
216 28 12 16 0.0249
861 23 17 19 0.0244
492 87 17 23 0.0243
561 29 11 15 0.0237
440 8 16 19 0.0226
913 57 27 34 0.0225
771 119 25 31 0.0222
353 2 14 15 0.0222
756 329 38 47 0.0218
153 53 18 19 0.0217
34 0 11 11 0.0216
772 110 25 32 0.0213
599 395 43 43 0.0210
735 0 16 11 0.0203
38 21 17 21 0.0197
209 0 11 7 0.0195
695 111 24 28 0.0193
208 12 13 15 0.0188
377 380 18 49 0.0181
349 48 13 17 0.0173
274 13 12 15 0.0173
410 0 14 10 0.0173
237 0 11 6 0.0172
591 47 18 20 0.0165
953 316 50 50 0.0159
491 89 18 23 0.0158
723 550 61 80 0.0157
954 412 37 78 0.0156
264 0 11 6 0.0155
57 0 13 8 0.0152
269 0 13 11 0.0151
32 17 15 18 0.0146
256 19 11 15 0.0141
33 4 13 15 0.0141
352 1 13 10 0.0134
673 8 17 20 0.0132
196 38 14 17 0.0132
1 18 14 19 0.0130
997 0 26 24 0.0130
1004 1 20 24 0.0126
796 86 24 23 0.0125
119 0 11 9 0.0125
389 12 15 16 0.0125
300 0 12 11 0.0125
92 15 14 15 0.0124
820 62 21 26 0.0124
721 530 44 97 0.0124
34 0 11 8 0.0123
99 476 30 73 0.0120
301 384 24 47 0.0119
0 559 28 71 0.0118
954 417 37 74 0.0117
0 553 27 76 0.0112
318 227 40 37 0.0111
953 308 53 61 0.0110
585 408 39 33 0.0109
950 290 50 72 0.0105
317 0 12 8 0.0105
182 0 13 8 0.0104
157 0 14 8 0.0103
255 397 27 41 0.0102
94 35 18 21 0.0102
56 13 17 20 0.0102
