14_Traffic_Traffic_14_170
422
317 536 7 8 0.2844
314 536 7 8 0.2806
332 679 7 8 0.2765
335 679 7 8 0.2710
306 601 7 8 0.2631
303 601 6 8 0.2585
498 645 8 9 0.2548
501 645 7 9 0.2468
350 606 7 7 0.2387
353 606 7 7 0.2304
371 737 8 9 0.2253
251 529 7 7 0.2251
254 529 7 7 0.2236
256 411 5 6 0.2177
373 737 8 10 0.2162
418 625 6 8 0.2100
516 624 7 8 0.2097
421 625 7 7 0.2007
369 737 8 9 0.1958
253 411 5 6 0.1948
379 511 5 7 0.1827
514 623 7 8 0.1804
376 511 6 7 0.1791
530 703 7 8 0.1780
370 738 8 9 0.1749
370 479 5 7 0.1675
367 479 6 6 0.1614
533 703 7 8 0.1609
956 565 7 8 0.1373
502 646 7 9 0.1363
419 624 6 8 0.1270
513 624 7 8 0.1236
1011 629 7 8 0.1223
248 563 5 6 0.1217
953 566 7 7 0.1202
517 622 7 8 0.1184
1008 629 7 8 0.1112
987 548 5 6 0.1055
499 647 7 9 0.1043
249 442 5 6 0.1023
375 511 5 7 0.0978
252 442 5 6 0.0976
371 480 5 6 0.0951
305 600 6 8 0.0935
950 616 7 9 0.0918
984 548 5 7 0.0910
518 624 7 7 0.0900
968 598 7 9 0.0883
209 393 5 6 0.0875
851 608 7 7 0.0857
364 426 4 6 0.0836
746 567 6 8 0.0824
255 530 6 7 0.0778
986 547 5 7 0.0778
351 607 7 7 0.0773
971 598 7 9 0.0772
854 608 7 8 0.0769
255 410 5 6 0.0755
252 531 6 7 0.0753
952 616 8 9 0.0742
207 392 5 6 0.0721
533 700 6 8 0.0717
366 426 5 6 0.0711
410 616 6 7 0.0710
378 511 5 6 0.0710
530 701 6 8 0.0703
247 562 5 6 0.0702
355 438 5 7 0.0699
368 481 5 5 0.0689
422 664 5 6 0.0683
333 678 6 8 0.0661
983 547 6 7 0.0656
419 664 5 6 0.0649
358 438 5 6 0.0649
303 560 6 7 0.0637
413 616 6 7 0.0635
245 563 5 6 0.0635
316 535 6 8 0.0628
749 568 6 8 0.0627
307 560 5 6 0.0626
302 600 7 8 0.0625
250 444 5 6 0.0616
250 563 5 6 0.0615
834 584 7 8 0.0604
852 609 7 8 0.0587
322 478 6 6 0.0575
830 583 7 8 0.0568
831 585 7 7 0.0559
252 443 6 6 0.0557
1008 564 8 9 0.0538
194 378 5 6 0.0537
1011 564 8 9 0.0531
411 615 6 7 0.0529
832 584 7 8 0.0528
339 428 5 6 0.0527
157 702 6 8 0.0510
154 703 6 7 0.0494
212 393 5 5 0.0491
313 536 7 7 0.0490
302 559 6 7 0.0486
342 428 6 6 0.0481
708 630 7 7 0.0479
506 509 6 7 0.0474
253 410 4 6 0.0473
508 508 6 7 0.0472
355 607 6 7 0.0471
251 589 7 8 0.0465
712 629 6 7 0.0461
512 623 7 8 0.0457
248 590 7 8 0.0455
855 609 7 7 0.0454
489 669 6 7 0.0453
374 436 5 6 0.0440
191 378 5 6 0.0440
509 509 7 7 0.0438
487 669 6 7 0.0437
349 484 5 6 0.0433
199 377 5 6 0.0429
507 509 6 8 0.0418
211 391 5 6 0.0417
207 393 5 6 0.0413
969 597 8 9 0.0411
948 617 7 8 0.0410
933 632 8 8 0.0396
408 653 6 7 0.0387
325 479 5 6 0.0378
614 612 6 6 0.0376
305 449 5 6 0.0375
156 700 6 6 0.0373
350 480 5 6 0.0370
192 375 6 6 0.0370
320 478 5 6 0.0369
419 625 6 7 0.0369
305 559 6 7 0.0368
195 370 5 6 0.0368
763 663 7 8 0.0361
420 663 5 6 0.0359
677 565 6 8 0.0359
954 568 6 7 0.0355
153 699 6 7 0.0346
267 459 5 6 0.0343
744 567 6 9 0.0343
302 450 5 5 0.0333
184 362 5 6 0.0332
764 661 7 7 0.0331
344 485 5 6 0.0325
673 566 7 7 0.0323
765 662 8 8 0.0318
1011 528 6 7 0.0316
377 437 5 6 0.0314
612 611 6 7 0.0310
375 574 7 6 0.0309
502 644 8 9 0.0308
1009 589 6 8 0.0308
967 597 7 9 0.0307
761 661 7 7 0.0307
810 385 5 6 0.0305
363 425 4 6 0.0293
931 632 7 8 0.0291
704 631 7 8 0.0284
368 512 6 6 0.0283
270 459 5 6 0.0282
251 587 6 7 0.0280
707 633 7 8 0.0279
611 612 6 6 0.0278
1012 589 6 7 0.0274
611 389 5 6 0.0272
196 374 5 6 0.0271
380 585 7 8 0.0271
248 588 6 6 0.0271
215 361 6 7 0.0265
218 361 5 7 0.0264
344 521 5 5 0.0264
1014 528 6 7 0.0261
411 653 6 7 0.0256
491 671 6 7 0.0252
267 458 6 6 0.0251
213 435 5 6 0.0251
966 479 5 6 0.0250
579 415 6 6 0.0250
210 436 6 6 0.0250
432 649 6 6 0.0248
1009 617 7 8 0.0246
608 389 5 7 0.0244
349 473 6 6 0.0244
181 362 5 6 0.0243
498 646 7 8 0.0241
948 652 6 8 0.0240
944 653 7 7 0.0239
516 623 7 8 0.0236
808 384 5 7 0.0236
935 635 7 8 0.0235
969 478 5 7 0.0235
804 616 6 8 0.0234
709 628 7 7 0.0228
1009 628 8 9 0.0226
601 378 5 6 0.0222
303 449 5 5 0.0219
747 573 6 8 0.0219
992 580 7 8 0.0217
335 679 6 7 0.0216
301 448 5 6 0.0213
343 519 5 6 0.0213
848 629 7 9 0.0213
801 616 6 8 0.0211
581 418 6 6 0.0209
1007 616 6 8 0.0209
218 363 5 6 0.0208
931 635 7 8 0.0206
409 614 6 7 0.0205
359 439 5 6 0.0205
366 425 4 6 0.0205
377 586 7 7 0.0204
365 427 4 5 0.0204
748 568 6 8 0.0204
490 298 5 6 0.0202
340 520 5 6 0.0201
341 429 5 5 0.0201
712 627 7 8 0.0199
743 575 6 8 0.0199
368 479 5 6 0.0198
369 272 5 6 0.0198
888 525 6 7 0.0197
952 564 7 8 0.0194
331 412 5 5 0.0194
509 680 7 8 0.0192
582 415 6 6 0.0191
704 634 7 8 0.0190
988 580 7 8 0.0190
317 465 5 7 0.0190
786 385 5 6 0.0189
882 667 6 8 0.0188
366 272 5 6 0.0188
355 439 6 7 0.0188
239 376 4 5 0.0187
379 578 6 7 0.0187
378 574 7 6 0.0186
348 476 5 6 0.0184
495 511 5 6 0.0183
955 567 7 7 0.0183
750 570 6 8 0.0182
598 378 5 6 0.0179
612 391 4 6 0.0177
891 526 6 6 0.0177
955 564 7 7 0.0176
254 526 6 7 0.0176
432 360 6 6 0.0175
251 526 6 7 0.0173
667 677 6 7 0.0172
707 629 7 8 0.0171
159 698 6 8 0.0171
376 576 6 7 0.0171
645 425 5 6 0.0170
951 618 7 9 0.0170
953 618 6 8 0.0170
608 391 5 6 0.0168
320 477 5 6 0.0168
515 380 6 7 0.0168
691 478 5 6 0.0167
497 511 5 6 0.0167
1003 550 6 7 0.0167
492 298 6 6 0.0167
209 434 6 6 0.0166
433 645 6 7 0.0165
375 511 6 7 0.0165
879 667 6 7 0.0164
549 392 5 6 0.0164
408 632 6 7 0.0163
554 419 5 6 0.0163
421 413 5 6 0.0163
847 648 7 8 0.0163
576 368 5 5 0.0163
536 385 4 6 0.0162
688 478 5 6 0.0161
851 628 7 10 0.0161
985 548 5 7 0.0161
212 434 5 6 0.0160
331 679 6 8 0.0160
858 569 5 7 0.0159
566 387 6 6 0.0159
529 703 7 8 0.0158
328 411 5 5 0.0158
419 665 5 6 0.0158
403 670 6 7 0.0157
654 536 6 6 0.0157
552 418 5 6 0.0154
676 564 6 7 0.0154
418 413 5 6 0.0154
404 673 5 6 0.0152
432 704 7 7 0.0152
652 534 6 6 0.0151
217 354 7 7 0.0151
214 354 6 7 0.0151
707 719 6 7 0.0150
749 747 5 6 0.0150
782 385 5 6 0.0150
908 518 4 5 0.0149
241 376 5 6 0.0148
918 509 5 5 0.0148
337 393 5 6 0.0148
506 678 7 9 0.0147
631 629 5 7 0.0147
327 562 6 6 0.0147
157 700 6 8 0.0146
429 360 6 6 0.0146
556 374 5 5 0.0146
675 567 6 7 0.0145
335 682 6 7 0.0144
784 384 5 6 0.0143
650 537 6 7 0.0142
247 564 6 6 0.0142
343 520 6 7 0.0142
308 600 6 7 0.0140
1009 566 7 8 0.0140
314 539 7 7 0.0140
346 481 5 6 0.0140
450 410 5 6 0.0139
860 570 5 7 0.0139
341 428 5 6 0.0139
244 561 5 6 0.0139
649 647 5 6 0.0139
547 392 5 5 0.0138
855 568 6 8 0.0138
989 582 7 8 0.0138
578 369 5 5 0.0137
905 518 5 6 0.0137
376 555 6 6 0.0137
447 410 5 6 0.0135
256 411 5 6 0.0135
314 464 5 6 0.0135
664 677 6 7 0.0135
925 591 6 8 0.0135
490 668 7 8 0.0133
429 704 7 7 0.0131
967 480 5 6 0.0131
508 342 5 5 0.0130
750 660 7 8 0.0130
673 564 7 7 0.0130
341 521 5 6 0.0130
350 606 6 7 0.0130
255 529 6 7 0.0128
249 560 7 7 0.0127
406 674 5 6 0.0127
601 598 5 6 0.0127
915 509 5 5 0.0126
790 385 5 6 0.0126
918 511 5 6 0.0126
489 298 5 6 0.0125
1009 590 8 9 0.0125
248 591 6 7 0.0125
970 559 6 7 0.0124
432 300 5 5 0.0124
452 348 5 6 0.0123
320 479 6 6 0.0123
910 629 8 8 0.0123
376 575 6 7 0.0123
704 719 6 8 0.0122
746 662 8 8 0.0122
646 646 6 7 0.0122
752 748 5 6 0.0121
505 341 5 6 0.0121
987 579 7 7 0.0121
412 652 7 7 0.0121
215 364 5 6 0.0121
376 435 5 6 0.0121
752 758 8 9 0.0120
628 629 5 7 0.0120
506 343 5 5 0.0119
533 385 4 6 0.0119
429 300 5 5 0.0118
944 652 7 7 0.0118
448 409 5 6 0.0118
745 566 6 6 0.0116
546 392 5 6 0.0116
574 367 5 5 0.0115
415 362 5 5 0.0115
584 420 5 7 0.0115
908 518 5 6 0.0115
544 344 4 6 0.0115
950 614 7 10 0.0115
210 391 5 6 0.0115
575 369 5 6 0.0115
851 627 7 8 0.0114
927 590 7 8 0.0114
907 629 7 8 0.0114
885 526 6 7 0.0114
989 597 7 8 0.0114
649 535 6 6 0.0113
649 649 6 6 0.0113
1008 631 7 8 0.0113
840 405 5 5 0.0112
932 631 6 7 0.0111
331 561 5 6 0.0110
886 524 6 7 0.0110
586 537 6 7 0.0110
648 426 5 6 0.0110
1012 529 7 6 0.0109
318 397 5 5 0.0109
429 358 5 6 0.0108
749 757 8 9 0.0108
439 258 4 5 0.0108
881 493 5 6 0.0108
518 381 5 7 0.0107
937 567 7 8 0.0107
838 408 4 5 0.0107
964 695 7 10 0.0107
787 578 6 7 0.0106
466 303 5 6 0.0106
998 549 6 7 0.0106
430 647 6 7 0.0106
478 347 5 6 0.0105
837 405 5 5 0.0105
667 666 6 7 0.0104
432 701 6 7 0.0104
878 493 5 6 0.0104
193 372 5 7 0.0102
691 606 8 8 0.0101
1010 562 7 8 0.0101
353 602 7 8 0.0101
645 660 6 7 0.0101
883 495 5 5 0.0101
986 581 6 9 0.0100
