14_Traffic_Traffic_14_361
25
843 298 16 17 0.3483
842 294 15 19 0.1004
675 319 9 12 0.0792
672 319 8 12 0.0673
847 295 15 18 0.0552
840 299 14 16 0.0405
658 321 7 9 0.0372
672 323 8 10 0.0361
661 322 7 8 0.0333
669 309 7 8 0.0293
444 367 5 6 0.0244
846 306 14 14 0.0241
676 322 8 11 0.0236
672 310 6 8 0.0228
848 298 16 18 0.0200
672 320 9 11 0.0175
448 367 5 7 0.0171
431 357 5 7 0.0148
632 323 6 8 0.0146
636 324 5 7 0.0141
848 293 14 18 0.0126
637 326 6 7 0.0120
446 365 5 6 0.0107
634 326 6 7 0.0106
667 312 6 8 0.0103
