14_Traffic_Traffic_14_380
46
294 239 89 79 0.8425
649 196 35 42 0.8388
931 294 67 80 0.8185
541 193 32 40 0.8113
47 167 25 28 0.8012
0 152 18 23 0.7727
720 229 48 59 0.7367
493 187 24 27 0.7156
771 118 14 23 0.6717
896 214 44 52 0.6287
116 163 22 30 0.5285
192 160 21 26 0.5140
455 158 17 21 0.5080
119 163 21 31 0.3600
811 194 32 43 0.3408
1007 149 12 18 0.2348
223 166 19 24 0.2279
1002 149 14 18 0.1942
452 158 16 21 0.1631
816 195 30 40 0.1385
225 168 21 23 0.1142
396 173 18 34 0.1081
405 179 20 31 0.0815
399 175 20 33 0.0714
774 118 14 23 0.0595
220 165 17 24 0.0547
221 168 19 24 0.0475
400 176 21 33 0.0475
803 195 36 47 0.0406
394 147 21 19 0.0404
415 179 22 30 0.0346
701 157 14 22 0.0321
785 182 28 38 0.0314
195 161 21 25 0.0275
699 155 13 22 0.0275
695 157 16 23 0.0263
1004 151 15 19 0.0259
979 227 45 79 0.0253
811 196 33 43 0.0180
721 230 46 57 0.0179
412 177 22 29 0.0170
397 147 25 24 0.0168
406 177 24 33 0.0143
191 157 17 25 0.0134
694 155 15 22 0.0119
817 197 30 41 0.0109
