14_Traffic_Traffic_14_55
384
485 224 12 12 0.3763
947 346 11 12 0.3512
486 363 14 14 0.3045
306 283 11 11 0.2910
575 348 11 13 0.2484
548 213 10 11 0.2420
209 465 14 13 0.2401
577 350 11 12 0.2143
545 213 10 11 0.2030
214 465 13 13 0.2016
553 290 11 12 0.1651
366 24 7 9 0.1525
368 24 8 9 0.1523
812 24 10 11 0.1474
815 24 9 11 0.1444
260 287 9 10 0.1442
240 520 9 11 0.1407
176 418 12 13 0.1379
243 519 9 12 0.1375
485 361 13 14 0.1368
212 463 13 14 0.1367
260 286 8 9 0.1290
262 286 9 9 0.1262
818 276 11 11 0.1256
483 224 11 12 0.1226
934 263 12 12 0.1213
308 285 10 10 0.1166
550 349 14 15 0.1130
860 32 8 9 0.1129
859 30 8 8 0.1109
360 117 8 9 0.1108
263 287 9 9 0.1068
304 282 11 11 0.1032
945 347 10 10 0.1002
173 418 12 13 0.1000
574 351 11 12 0.0989
883 352 13 14 0.0969
556 290 11 11 0.0966
629 101 10 10 0.0956
323 28 9 10 0.0950
445 246 11 12 0.0933
89 66 8 9 0.0933
894 219 10 10 0.0918
857 33 9 9 0.0799
680 90 8 9 0.0794
360 121 8 9 0.0726
208 463 14 15 0.0713
112 182 8 9 0.0710
86 66 7 9 0.0699
386 173 9 10 0.0673
756 163 8 8 0.0665
153 21 7 7 0.0664
816 277 10 10 0.0659
890 219 8 9 0.0659
600 10 8 9 0.0659
826 136 9 8 0.0653
784 28 10 10 0.0649
797 136 8 10 0.0648
36 110 7 7 0.0631
305 285 11 11 0.0626
949 348 10 11 0.0612
844 225 9 10 0.0599
830 135 8 9 0.0584
436 167 9 8 0.0582
844 223 8 8 0.0582
323 31 10 9 0.0577
110 223 8 9 0.0568
230 228 10 12 0.0564
151 22 6 7 0.0563
840 226 9 10 0.0544
247 289 10 10 0.0539
371 214 9 9 0.0538
163 174 8 8 0.0532
178 413 11 11 0.0530
896 222 9 10 0.0528
892 223 8 9 0.0526
412 162 7 7 0.0520
34 111 6 7 0.0518
48 109 6 7 0.0516
787 28 9 9 0.0511
167 175 8 7 0.0497
45 108 7 7 0.0497
829 133 8 8 0.0496
109 186 9 8 0.0491
109 183 8 8 0.0487
111 222 9 9 0.0487
625 101 9 9 0.0484
900 218 8 9 0.0484
357 122 8 8 0.0474
752 164 8 7 0.0468
188 237 8 9 0.0468
786 31 9 10 0.0466
113 223 8 9 0.0465
747 50 9 10 0.0455
951 346 10 11 0.0453
410 160 7 7 0.0452
484 222 11 12 0.0451
91 68 7 8 0.0449
799 137 9 9 0.0443
326 27 10 10 0.0442
191 237 8 9 0.0441
447 247 10 11 0.0431
614 149 9 10 0.0430
566 21 10 10 0.0427
882 349 12 13 0.0424
597 11 8 9 0.0422
163 18 6 7 0.0422
153 19 6 7 0.0422
572 350 12 13 0.0418
623 285 8 9 0.0418
477 179 8 8 0.0412
483 364 13 13 0.0405
633 101 10 10 0.0405
113 185 8 8 0.0404
490 224 10 10 0.0402
386 171 8 9 0.0398
549 347 14 15 0.0396
109 222 9 9 0.0394
857 29 8 8 0.0391
750 51 8 9 0.0384
862 28 8 9 0.0382
788 31 10 10 0.0381
624 287 8 9 0.0372
368 214 9 9 0.0369
828 24 9 10 0.0364
950 347 9 10 0.0363
408 162 7 7 0.0362
826 134 7 8 0.0361
165 173 8 8 0.0358
166 24 6 8 0.0358
227 229 11 10 0.0347
443 246 11 11 0.0347
86 69 8 8 0.0343
619 285 9 9 0.0343
677 88 7 9 0.0339
480 179 8 8 0.0339
357 117 8 9 0.0338
578 347 11 12 0.0337
134 24 7 8 0.0334
611 150 9 9 0.0334
546 211 9 11 0.0332
835 280 9 9 0.0330
615 288 10 9 0.0326
41 137 6 6 0.0320
601 284 9 9 0.0320
436 169 9 9 0.0316
840 224 8 9 0.0315
682 92 7 8 0.0314
367 24 7 8 0.0310
38 137 6 7 0.0308
275 455 8 10 0.0306
278 455 8 10 0.0306
370 28 9 8 0.0305
754 162 8 8 0.0304
441 166 8 8 0.0301
611 14 9 9 0.0299
368 23 7 8 0.0297
837 279 9 10 0.0293
898 221 9 9 0.0291
150 19 6 7 0.0290
172 26 7 8 0.0288
310 282 10 11 0.0282
588 4 8 8 0.0280
444 248 10 10 0.0279
877 352 12 13 0.0278
880 351 12 13 0.0276
259 187 9 9 0.0275
324 118 8 8 0.0273
546 215 10 10 0.0271
224 197 6 7 0.0266
226 196 7 8 0.0264
189 236 8 8 0.0264
796 134 8 8 0.0257
685 89 9 9 0.0256
329 121 8 8 0.0254
298 159 8 8 0.0251
825 238 8 8 0.0250
986 395 10 10 0.0244
234 396 12 13 0.0243
364 23 7 8 0.0243
407 161 7 6 0.0243
214 396 10 10 0.0242
889 353 11 11 0.0242
367 28 8 9 0.0241
326 30 10 9 0.0240
127 475 9 11 0.0239
328 118 8 8 0.0238
362 117 9 9 0.0238
381 176 9 10 0.0238
543 211 9 10 0.0238
864 236 8 9 0.0236
847 223 8 9 0.0234
297 156 7 7 0.0234
155 411 9 12 0.0231
521 47 7 8 0.0231
541 75 9 9 0.0229
598 12 8 9 0.0229
33 110 7 7 0.0227
569 21 9 9 0.0227
613 16 9 9 0.0226
867 236 8 8 0.0226
573 348 11 12 0.0225
983 395 10 10 0.0224
14 89 9 9 0.0222
535 116 9 8 0.0222
269 226 11 10 0.0220
599 7 8 7 0.0219
828 236 8 9 0.0219
678 92 8 8 0.0217
921 336 9 9 0.0216
585 4 8 9 0.0215
265 486 10 11 0.0214
862 32 8 8 0.0214
370 211 10 10 0.0212
388 172 8 8 0.0212
876 350 10 11 0.0212
415 161 7 7 0.0211
530 209 9 9 0.0210
627 100 9 10 0.0209
162 172 8 9 0.0208
800 134 7 7 0.0208
261 485 10 11 0.0207
946 350 9 10 0.0205
777 98 7 8 0.0204
923 338 8 8 0.0202
489 362 12 12 0.0201
790 137 9 10 0.0200
547 350 13 14 0.0200
274 452 9 10 0.0197
598 283 9 10 0.0197
156 480 11 11 0.0196
15 94 9 9 0.0195
828 232 8 9 0.0194
620 12 8 9 0.0189
137 167 7 7 0.0188
155 197 8 9 0.0187
361 119 8 8 0.0186
195 491 11 13 0.0185
533 116 9 8 0.0183
241 517 10 12 0.0182
518 47 8 9 0.0182
929 358 8 9 0.0179
203 466 11 12 0.0178
490 364 12 12 0.0178
774 99 7 7 0.0177
164 175 7 8 0.0175
731 103 7 8 0.0174
277 452 8 10 0.0173
413 186 9 9 0.0173
415 185 9 9 0.0173
628 97 10 10 0.0172
278 51 8 8 0.0172
224 198 7 8 0.0172
528 83 10 10 0.0168
124 474 9 11 0.0168
156 414 9 10 0.0168
135 167 7 8 0.0167
275 51 8 8 0.0167
237 399 10 11 0.0167
439 168 8 8 0.0166
551 292 10 10 0.0165
299 155 8 7 0.0164
249 394 11 12 0.0164
553 5 8 8 0.0163
227 198 7 8 0.0163
380 182 9 9 0.0162
608 287 9 9 0.0162
728 102 7 8 0.0162
161 481 11 11 0.0161
555 9 8 10 0.0160
378 183 9 9 0.0159
389 173 8 8 0.0159
161 139 6 6 0.0158
170 27 6 8 0.0158
569 19 8 10 0.0156
533 211 9 9 0.0155
87 68 8 8 0.0155
511 224 10 9 0.0152
174 415 10 10 0.0152
160 20 6 7 0.0152
350 23 8 9 0.0152
245 395 11 13 0.0151
753 165 9 8 0.0151
489 224 10 11 0.0150
237 400 10 11 0.0150
835 227 8 8 0.0149
919 270 8 8 0.0148
39 136 6 6 0.0147
143 473 12 13 0.0147
796 97 8 7 0.0145
240 401 11 10 0.0144
858 35 8 8 0.0144
552 289 10 10 0.0144
827 139 8 8 0.0143
663 102 8 9 0.0143
556 75 9 10 0.0141
309 282 9 9 0.0141
433 166 7 8 0.0141
615 0 9 8 0.0141
871 217 8 8 0.0140
324 120 8 8 0.0138
752 163 7 7 0.0138
213 397 10 11 0.0137
598 286 9 9 0.0137
198 491 10 12 0.0136
529 79 9 9 0.0136
889 349 10 11 0.0136
508 212 9 9 0.0136
164 139 6 6 0.0135
36 109 7 7 0.0134
13 0 7 5 0.0133
595 14 9 9 0.0133
434 171 8 9 0.0132
586 8 9 9 0.0132
254 416 10 11 0.0131
208 30 5 6 0.0131
413 164 7 8 0.0131
152 198 8 8 0.0131
505 214 9 10 0.0131
618 573 9 9 0.0130
602 15 9 8 0.0129
211 396 9 9 0.0129
134 21 7 7 0.0129
187 235 8 9 0.0129
136 561 8 9 0.0128
258 186 8 8 0.0127
175 29 7 7 0.0127
140 482 13 13 0.0127
35 113 7 7 0.0127
214 401 11 11 0.0125
817 275 10 11 0.0124
556 288 10 10 0.0124
315 119 8 8 0.0123
657 26 8 8 0.0123
158 478 11 11 0.0122
261 187 9 9 0.0122
507 209 9 8 0.0122
479 181 7 8 0.0121
504 209 9 9 0.0121
824 23 9 10 0.0120
798 139 7 9 0.0119
133 561 8 9 0.0119
688 95 8 8 0.0118
887 222 8 8 0.0117
652 101 9 9 0.0117
546 350 13 14 0.0115
140 22 7 8 0.0115
655 61 8 8 0.0115
317 247 8 9 0.0115
153 475 11 11 0.0115
18 66 7 7 0.0114
208 402 10 10 0.0114
126 534 10 11 0.0113
554 214 9 10 0.0111
545 75 10 9 0.0111
154 195 8 9 0.0110
152 415 9 12 0.0110
522 223 9 10 0.0109
514 351 13 14 0.0108
172 17 6 8 0.0108
630 104 9 9 0.0108
21 65 7 8 0.0107
135 220 8 9 0.0107
195 487 11 12 0.0106
618 15 7 9 0.0106
201 30 6 6 0.0106
182 220 9 9 0.0106
314 248 9 9 0.0106
866 234 8 8 0.0106
318 119 8 8 0.0105
187 405 9 9 0.0105
114 440 12 14 0.0105
267 226 10 9 0.0104
854 216 8 8 0.0104
923 361 9 9 0.0104
760 163 9 8 0.0103
568 47 9 9 0.0103
111 223 9 9 0.0103
10 0 7 5 0.0103
897 213 8 8 0.0102
136 170 8 8 0.0102
239 518 9 11 0.0102
637 104 9 9 0.0101
776 98 7 8 0.0100
