14_Traffic_Traffic_14_840
384
20 283 35 38 0.8762
489 271 35 40 0.8406
704 276 30 34 0.8400
145 278 32 37 0.8381
608 287 30 33 0.8360
277 275 33 36 0.8350
922 270 33 35 0.8337
93 254 27 32 0.8315
806 282 30 33 0.8281
53 253 30 32 0.8260
382 293 31 34 0.8207
960 260 26 30 0.8129
668 262 29 33 0.8098
317 253 24 28 0.8055
774 265 25 31 0.7938
210 253 26 31 0.7864
186 258 31 37 0.7855
709 238 25 26 0.7747
862 261 26 30 0.7719
578 262 26 29 0.7696
135 241 24 26 0.7601
1 196 13 18 0.7550
749 257 23 28 0.7523
741 222 20 21 0.7505
629 240 24 26 0.7426
793 213 17 22 0.6974
625 210 16 17 0.6851
557 238 25 27 0.6691
610 239 18 21 0.6408
599 225 19 21 0.6341
27 210 15 17 0.6324
470 242 27 29 0.6173
258 235 31 35 0.6167
389 238 23 23 0.5781
52 198 14 19 0.5439
533 222 17 20 0.5258
267 199 15 17 0.5152
835 253 26 32 0.5128
934 166 14 17 0.4767
1015 219 9 23 0.4749
661 236 25 28 0.4681
573 205 16 17 0.4465
339 240 23 25 0.4438
706 212 14 15 0.4391
632 190 12 16 0.4325
516 211 13 16 0.4083
756 148 12 13 0.3965
105 166 14 21 0.3955
323 199 12 15 0.3873
893 171 13 19 0.3727
495 186 10 13 0.3702
308 201 12 15 0.3577
413 226 21 24 0.3577
609 155 8 11 0.3551
388 266 32 34 0.3458
389 265 30 31 0.3400
229 203 13 17 0.3387
498 186 11 13 0.3373
976 185 10 14 0.3356
635 190 12 16 0.3291
539 152 8 10 0.3245
527 152 8 9 0.3181
410 187 10 13 0.3148
576 205 15 17 0.3073
326 199 12 14 0.3055
615 197 13 16 0.2998
596 153 8 11 0.2922
667 186 12 14 0.2902
976 212 15 18 0.2898
887 239 19 22 0.2873
407 187 10 13 0.2796
520 211 12 17 0.2740
979 186 10 13 0.2740
980 212 15 18 0.2733
194 182 10 14 0.2663
883 238 20 24 0.2601
573 150 9 11 0.2596
570 150 8 10 0.2592
599 153 8 11 0.2576
288 212 17 19 0.2491
469 154 7 9 0.2474
472 154 7 9 0.2447
937 166 14 18 0.2398
629 150 8 11 0.2352
890 171 12 18 0.2238
137 196 14 16 0.2207
710 212 13 16 0.2193
862 195 11 15 0.2043
589 203 11 15 0.1969
754 148 11 13 0.1965
649 219 18 20 0.1867
416 227 20 24 0.1851
865 193 11 15 0.1799
28 187 12 14 0.1789
611 156 8 10 0.1767
602 169 9 11 0.1705
455 191 8 10 0.1698
191 183 10 13 0.1697
284 212 18 20 0.1671
410 225 21 25 0.1625
565 183 11 13 0.1606
834 192 13 15 0.1584
612 178 9 12 0.1557
458 191 9 10 0.1549
813 184 11 14 0.1531
672 186 9 13 0.1524
831 254 26 32 0.1505
999 200 13 15 0.1502
12 196 13 16 0.1498
758 148 12 13 0.1491
861 194 11 14 0.1485
839 193 11 14 0.1465
109 166 12 21 0.1458
506 148 8 10 0.1446
315 186 8 10 0.1438
463 220 18 19 0.1406
493 223 19 22 0.1401
599 170 9 11 0.1399
695 196 13 14 0.1365
133 196 13 15 0.1360
56 198 13 18 0.1347
530 223 16 18 0.1327
612 198 11 14 0.1301
496 153 8 10 0.1294
329 178 10 12 0.1289
818 184 10 13 0.1286
693 195 11 12 0.1253
192 182 10 13 0.1217
326 178 9 11 0.1213
349 147 7 10 0.1193
540 151 9 11 0.1178
1011 218 12 22 0.1167
499 153 8 10 0.1163
312 186 9 10 0.1162
648 218 16 18 0.1158
699 197 13 14 0.1128
234 202 11 15 0.1083
456 149 7 9 0.1058
507 148 6 9 0.1038
665 236 25 27 0.1031
386 238 21 23 0.1030
502 155 8 9 0.1030
562 184 10 12 0.1008
346 148 7 9 0.1004
360 208 13 15 0.1003
836 195 13 14 0.0986
865 194 13 17 0.0980
264 199 14 16 0.0972
631 150 9 11 0.0970
524 151 8 9 0.0940
536 151 8 10 0.0877
466 220 19 20 0.0875
540 153 8 10 0.0864
663 186 11 13 0.0855
50 155 7 10 0.0853
697 195 12 13 0.0851
103 165 14 22 0.0850
359 206 12 14 0.0849
410 228 22 23 0.0847
388 194 9 11 0.0842
347 146 7 10 0.0841
901 173 11 17 0.0837
585 192 12 15 0.0824
414 147 7 10 0.0815
52 155 8 11 0.0813
938 166 13 17 0.0802
32 188 12 15 0.0769
883 242 21 22 0.0762
662 239 27 28 0.0741
720 198 12 14 0.0740
304 201 12 14 0.0734
422 144 7 9 0.0728
463 218 15 17 0.0724
311 184 8 10 0.0722
560 142 7 10 0.0715
597 156 9 11 0.0709
524 152 8 9 0.0701
466 217 17 18 0.0697
877 198 13 16 0.0696
430 148 6 9 0.0695
800 185 11 14 0.0694
563 183 10 11 0.0690
458 149 6 8 0.0681
535 188 11 13 0.0676
504 148 7 9 0.0676
341 240 24 27 0.0668
425 146 7 9 0.0660
983 236 17 21 0.0658
534 153 9 11 0.0654
498 155 8 10 0.0652
351 147 7 10 0.0645
383 198 11 14 0.0635
996 200 10 13 0.0633
593 205 11 15 0.0621
840 195 12 14 0.0619
454 148 6 8 0.0601
536 176 10 12 0.0601
366 208 11 14 0.0600
532 176 10 12 0.0599
351 146 7 9 0.0597
816 183 9 12 0.0580
889 242 18 21 0.0571
30 209 15 18 0.0567
719 196 10 12 0.0564
627 150 8 9 0.0546
428 146 6 9 0.0536
598 154 8 10 0.0536
497 155 8 9 0.0530
614 180 9 11 0.0526
231 204 13 18 0.0518
685 139 7 9 0.0508
1015 227 8 27 0.0504
664 199 13 14 0.0503
410 148 7 9 0.0497
532 187 10 13 0.0490
590 207 13 15 0.0480
775 238 19 21 0.0478
220 205 17 21 0.0476
540 152 8 10 0.0466
469 155 8 10 0.0463
571 148 8 10 0.0463
474 154 7 10 0.0462
688 139 7 9 0.0458
1002 201 14 18 0.0454
311 201 11 14 0.0444
812 182 10 13 0.0440
671 186 10 13 0.0435
365 207 11 14 0.0426
390 195 9 10 0.0419
225 203 13 18 0.0415
233 202 14 18 0.0414
136 194 13 15 0.0414
365 206 10 13 0.0413
412 146 7 9 0.0412
159 243 21 24 0.0411
108 165 12 20 0.0402
980 245 20 23 0.0401
289 209 14 16 0.0398
546 203 12 14 0.0383
314 186 9 10 0.0373
582 191 12 14 0.0371
348 240 19 23 0.0368
397 209 10 13 0.0366
470 154 7 9 0.0359
903 169 11 13 0.0354
802 183 11 14 0.0352
351 208 15 16 0.0351
645 219 16 19 0.0351
308 239 19 23 0.0346
882 213 13 15 0.0341
598 151 8 9 0.0333
54 157 8 10 0.0330
898 173 13 17 0.0328
51 157 7 10 0.0328
799 183 11 13 0.0328
543 203 12 14 0.0315
1003 200 14 16 0.0309
675 217 17 17 0.0308
606 155 8 10 0.0307
377 189 10 12 0.0301
434 209 10 13 0.0300
571 152 8 10 0.0297
491 229 23 25 0.0297
627 151 8 10 0.0288
344 146 8 10 0.0287
26 187 9 12 0.0287
724 199 11 14 0.0282
125 224 17 22 0.0281
496 150 7 9 0.0280
723 196 10 11 0.0280
662 148 8 10 0.0279
831 252 23 28 0.0273
29 187 11 13 0.0272
426 207 12 14 0.0269
666 148 8 10 0.0265
609 180 10 12 0.0264
473 239 25 29 0.0259
427 209 14 16 0.0258
132 195 12 13 0.0258
877 196 10 12 0.0256
566 183 11 12 0.0253
875 202 13 16 0.0251
394 209 10 13 0.0249
408 146 7 9 0.0248
980 209 13 17 0.0248
566 145 8 10 0.0247
671 185 9 12 0.0245
490 224 18 21 0.0235
892 168 11 17 0.0235
507 156 8 10 0.0234
858 234 18 21 0.0232
190 181 9 13 0.0231
488 228 21 24 0.0230
393 207 11 13 0.0229
666 184 11 13 0.0228
352 205 13 14 0.0227
433 208 9 11 0.0224
608 287 30 33 0.0216
1014 236 8 26 0.0214
543 206 13 16 0.0213
596 228 17 20 0.0212
54 155 8 11 0.0208
467 204 12 13 0.0205
436 163 8 11 0.0203
377 246 14 20 0.0203
997 197 12 14 0.0201
842 252 24 31 0.0200
415 149 7 9 0.0195
665 146 8 9 0.0193
831 185 10 12 0.0193
159 242 17 22 0.0189
820 184 10 13 0.0188
541 178 10 12 0.0178
561 252 26 30 0.0176
561 181 9 12 0.0173
55 155 8 11 0.0171
721 205 13 16 0.0170
726 208 15 18 0.0167
797 213 16 21 0.0166
531 219 17 20 0.0166
339 236 20 24 0.0163
263 201 17 17 0.0163
456 194 9 10 0.0158
866 228 14 18 0.0158
16 193 10 14 0.0156
982 234 15 18 0.0154
770 187 13 15 0.0154
776 188 11 14 0.0151
774 241 22 26 0.0150
412 187 9 12 0.0149
0 289 9 25 0.0146
189 183 11 13 0.0144
413 187 10 12 0.0143
443 191 10 11 0.0143
889 168 11 15 0.0142
1001 205 16 20 0.0141
672 203 13 16 0.0141
852 208 11 15 0.0139
604 235 20 22 0.0137
335 240 21 25 0.0136
392 267 30 33 0.0133
436 208 10 12 0.0132
661 145 8 10 0.0132
826 266 20 27 0.0131
595 150 8 9 0.0129
567 183 9 11 0.0127
444 240 17 21 0.0126
665 233 23 26 0.0126
215 206 14 17 0.0126
978 186 11 12 0.0125
459 193 10 11 0.0123
496 219 15 16 0.0123
336 244 23 25 0.0123
203 252 28 34 0.0122
1010 222 13 25 0.0122
209 209 19 21 0.0121
444 243 20 23 0.0121
350 242 20 24 0.0117
623 209 14 17 0.0116
461 190 9 10 0.0116
420 143 7 9 0.0116
671 242 26 27 0.0115
376 188 8 9 0.0114
346 149 8 9 0.0113
860 230 15 17 0.0113
332 180 9 11 0.0112
632 148 7 10 0.0111
0 244 6 23 0.0111
287 201 12 14 0.0109
289 215 19 22 0.0109
630 210 13 16 0.0106
311 203 12 13 0.0105
878 209 12 15 0.0105
467 243 19 25 0.0105
281 215 20 23 0.0103
409 186 8 11 0.0102
754 145 12 14 0.0102
563 235 20 23 0.0101
329 187 10 14 0.0101
658 198 14 15 0.0101
419 206 13 15 0.0101
657 241 20 24 0.0101
922 184 12 15 0.0100
135 200 14 16 0.0100
