14_Traffic_Traffic_14_267
86
155 436 17 20 0.7768
231 476 18 23 0.7758
75 446 17 19 0.7325
169 460 17 20 0.4904
171 460 17 20 0.4484
78 392 9 11 0.2748
75 392 10 11 0.2589
532 514 19 22 0.1016
632 380 8 10 0.0973
306 339 10 11 0.0936
713 367 7 8 0.0912
302 339 10 11 0.0898
635 380 8 10 0.0801
539 433 10 11 0.0781
716 367 7 8 0.0761
523 513 23 26 0.0553
25 380 10 14 0.0531
668 352 8 9 0.0446
230 324 12 15 0.0442
268 347 11 14 0.0441
80 392 8 11 0.0438
537 433 9 11 0.0422
73 446 17 19 0.0420
671 352 7 9 0.0409
542 433 9 11 0.0375
673 381 8 9 0.0349
51 377 13 17 0.0343
54 384 11 15 0.0333
631 435 10 11 0.0318
630 437 12 14 0.0310
22 379 10 15 0.0299
670 380 8 9 0.0289
539 436 12 13 0.0269
634 525 19 22 0.0268
524 520 23 22 0.0264
634 435 10 10 0.0224
265 347 11 14 0.0220
266 345 12 14 0.0210
574 515 19 21 0.0208
140 373 12 14 0.0205
532 521 19 21 0.0193
631 383 10 11 0.0192
668 351 6 8 0.0191
361 337 9 11 0.0176
541 433 10 11 0.0167
661 552 15 19 0.0167
455 309 7 8 0.0161
239 325 13 16 0.0159
492 323 8 9 0.0156
307 338 9 11 0.0153
212 336 11 13 0.0152
55 383 11 14 0.0149
666 353 7 9 0.0148
304 337 10 11 0.0148
671 351 7 7 0.0145
458 311 8 8 0.0145
358 338 9 11 0.0143
458 308 7 8 0.0141
720 306 5 7 0.0137
476 304 7 9 0.0135
26 383 10 13 0.0135
216 335 9 13 0.0135
197 325 11 15 0.0135
719 309 6 6 0.0132
670 355 7 8 0.0131
496 323 7 9 0.0129
537 436 10 12 0.0126
630 381 8 10 0.0125
481 305 6 8 0.0124
538 512 17 21 0.0123
455 312 8 8 0.0123
715 365 6 8 0.0120
712 365 7 8 0.0119
634 436 11 12 0.0117
162 338 13 16 0.0113
22 384 11 14 0.0113
157 436 16 20 0.0113
0 544 5 17 0.0112
79 391 8 10 0.0111
213 334 11 12 0.0111
630 525 16 20 0.0110
360 336 7 10 0.0110
491 320 8 9 0.0107
606 348 6 7 0.0104
745 340 6 7 0.0104
635 383 8 9 0.0102
