14_Traffic_Traffic_14_443
25
510 130 13 17 0.4933
662 152 13 16 0.2895
659 153 12 16 0.2446
661 151 13 17 0.2271
508 130 12 16 0.1345
658 151 13 17 0.0949
0 172 13 27 0.0912
515 132 11 15 0.0463
91 141 12 17 0.0343
423 149 9 12 0.0328
496 143 9 12 0.0318
420 149 9 12 0.0273
500 143 9 12 0.0246
703 177 11 14 0.0229
0 168 9 30 0.0203
565 152 10 13 0.0179
806 147 11 14 0.0177
498 141 9 13 0.0169
699 177 10 13 0.0154
569 152 9 12 0.0139
803 147 10 14 0.0116
8 157 17 23 0.0116
732 193 12 15 0.0106
700 180 9 12 0.0102
88 142 10 15 0.0100
