14_Traffic_Traffic_14_505
217
622 564 78 113 0.8394
648 262 21 26 0.7919
116 188 18 24 0.7215
149 352 21 39 0.4575
625 211 11 15 0.3936
987 181 9 13 0.3558
86 267 14 19 0.3402
621 211 12 15 0.3270
376 331 30 39 0.3081
984 181 9 12 0.2789
382 280 15 17 0.2759
598 236 12 17 0.2373
188 267 15 17 0.2231
594 236 12 17 0.1971
660 189 9 11 0.1825
616 195 10 12 0.1752
657 189 9 11 0.1739
910 174 10 12 0.1729
733 190 9 11 0.1724
736 190 8 11 0.1567
992 166 8 11 0.1560
908 173 10 12 0.1558
508 209 9 11 0.1461
995 166 8 11 0.1435
924 188 9 12 0.1380
83 267 13 19 0.1369
906 175 10 11 0.1332
505 210 9 10 0.1331
183 267 15 17 0.1319
613 195 9 12 0.1176
978 203 12 13 0.1078
119 188 17 24 0.1063
982 203 12 14 0.1016
504 211 11 12 0.0989
167 243 13 17 0.0971
927 188 9 12 0.0963
921 189 9 11 0.0937
701 194 8 11 0.0896
791 188 10 13 0.0876
905 172 10 12 0.0871
817 195 12 12 0.0861
787 188 10 12 0.0850
437 195 7 9 0.0810
596 235 12 16 0.0797
992 182 9 13 0.0729
697 194 8 11 0.0724
817 199 12 15 0.0721
561 184 8 9 0.0720
842 175 9 12 0.0695
644 212 11 14 0.0694
778 175 10 12 0.0689
774 175 10 13 0.0686
317 197 11 12 0.0672
0 260 13 21 0.0661
839 176 9 11 0.0656
432 195 8 9 0.0620
777 174 9 11 0.0609
639 186 8 10 0.0607
508 211 10 11 0.0596
557 184 8 9 0.0595
774 174 9 11 0.0576
730 190 9 11 0.0567
1005 164 10 11 0.0564
560 195 8 11 0.0553
144 353 22 39 0.0548
268 260 16 18 0.0545
665 177 7 8 0.0540
640 189 8 11 0.0523
298 105 7 8 0.0521
636 189 9 11 0.0513
731 188 9 11 0.0511
214 225 14 21 0.0511
264 256 18 22 0.0509
15 217 14 18 0.0501
814 195 11 13 0.0483
392 311 22 34 0.0478
922 186 9 12 0.0476
813 199 13 15 0.0473
556 195 9 11 0.0465
382 330 27 39 0.0461
789 186 8 12 0.0461
647 212 11 14 0.0458
998 183 9 12 0.0457
295 105 7 8 0.0451
636 186 7 10 0.0447
925 187 9 11 0.0435
757 287 20 25 0.0432
854 179 9 12 0.0425
65 284 14 21 0.0419
560 197 9 11 0.0418
884 173 9 10 0.0406
983 181 11 13 0.0391
735 188 8 10 0.0390
644 210 10 13 0.0382
318 198 12 14 0.0379
557 197 9 12 0.0376
313 197 11 12 0.0356
665 214 13 15 0.0355
887 174 8 10 0.0355
646 210 11 14 0.0349
313 198 13 14 0.0339
209 225 15 21 0.0336
593 235 11 16 0.0323
2 232 9 12 0.0315
730 190 9 11 0.0313
267 239 13 13 0.0312
272 289 13 20 0.0312
618 195 8 10 0.0310
62 283 15 20 0.0309
356 202 8 11 0.0309
15 205 11 15 0.0307
0 259 10 19 0.0302
664 176 6 8 0.0296
438 196 8 9 0.0292
471 297 22 26 0.0292
759 287 22 26 0.0288
378 281 14 16 0.0274
655 190 9 10 0.0272
277 287 17 21 0.0265
359 201 9 11 0.0264
84 264 14 20 0.0252
613 197 9 13 0.0248
661 176 7 8 0.0247
1004 163 10 12 0.0244
926 186 8 12 0.0237
841 174 8 11 0.0234
989 182 9 12 0.0233
430 196 9 10 0.0230
699 193 9 10 0.0228
156 353 23 40 0.0227
20 218 13 17 0.0217
652 203 11 13 0.0216
310 97 6 7 0.0209
170 240 14 20 0.0209
908 177 9 10 0.0207
538 208 10 11 0.0206
1000 182 10 13 0.0205
449 62 6 7 0.0204
776 180 11 13 0.0202
265 236 12 14 0.0198
1003 163 9 10 0.0197
437 195 7 8 0.0196
185 263 15 19 0.0194
439 194 8 10 0.0194
308 97 6 7 0.0194
385 280 16 19 0.0190
979 205 13 14 0.0188
299 106 6 7 0.0185
853 180 10 12 0.0181
838 174 8 11 0.0181
306 97 6 8 0.0181
665 190 9 10 0.0176
598 195 8 11 0.0175
529 296 23 29 0.0172
164 243 11 16 0.0172
414 184 7 8 0.0169
445 62 6 8 0.0169
595 234 13 19 0.0168
882 174 8 10 0.0168
261 236 13 17 0.0167
418 184 7 8 0.0164
698 195 9 12 0.0164
671 191 9 11 0.0163
390 318 24 38 0.0158
992 164 8 10 0.0155
778 185 9 12 0.0151
381 285 17 19 0.0149
490 206 9 11 0.0149
623 210 11 15 0.0148
2 258 15 22 0.0147
947 180 9 11 0.0147
659 186 8 10 0.0147
759 180 10 13 0.0146
704 195 10 12 0.0146
447 61 6 7 0.0145
444 61 6 7 0.0145
668 212 12 14 0.0144
1007 162 9 11 0.0139
111 295 14 20 0.0138
275 284 17 22 0.0133
167 230 14 20 0.0133
794 188 9 11 0.0132
19 206 10 13 0.0131
136 180 12 16 0.0130
822 180 10 11 0.0130
534 207 9 11 0.0129
984 183 9 11 0.0128
667 204 12 14 0.0127
60 284 16 20 0.0125
416 185 8 9 0.0124
320 345 16 29 0.0124
113 298 14 19 0.0124
245 95 8 9 0.0120
822 295 28 34 0.0120
675 185 8 10 0.0120
851 176 8 11 0.0119
389 340 21 31 0.0116
257 232 14 18 0.0114
263 236 14 17 0.0114
277 93 7 8 0.0111
358 200 8 10 0.0111
912 173 9 12 0.0110
2 235 11 16 0.0109
164 238 14 20 0.0109
10 270 18 24 0.0108
622 211 11 15 0.0108
542 208 10 12 0.0108
210 227 17 22 0.0107
881 172 8 11 0.0106
469 296 18 22 0.0105
544 189 9 10 0.0105
323 197 9 11 0.0103
731 196 10 13 0.0103
263 257 16 21 0.0102
381 219 11 15 0.0101
822 193 9 11 0.0101
553 137 7 8 0.0100
