14_Traffic_Traffic_14_834
225
641 64 13 18 0.4894
687 418 16 25 0.4666
951 340 9 11 0.3864
954 339 9 12 0.3453
599 125 9 13 0.3088
638 64 13 18 0.2566
597 125 9 13 0.2566
796 403 10 18 0.2561
54 365 7 8 0.2397
343 351 6 8 0.2184
340 351 5 8 0.2134
51 365 6 8 0.1768
75 362 6 7 0.1755
868 343 7 8 0.1722
696 351 6 7 0.1715
603 352 5 6 0.1702
871 343 7 8 0.1676
94 360 5 7 0.1606
716 350 6 8 0.1578
92 360 5 7 0.1457
579 350 6 7 0.1448
72 362 6 8 0.1430
694 351 5 7 0.1411
799 404 10 17 0.1338
834 423 11 21 0.1298
685 417 17 26 0.1239
74 361 6 8 0.1213
578 349 5 7 0.1139
601 352 4 6 0.1133
698 48 16 19 0.1059
609 126 13 17 0.1018
523 209 18 24 0.0983
587 375 7 8 0.0978
591 374 6 9 0.0925
601 351 5 7 0.0913
71 361 6 8 0.0905
576 350 5 7 0.0894
52 365 6 7 0.0879
588 374 7 8 0.0850
698 351 5 7 0.0839
338 350 6 8 0.0815
341 350 6 8 0.0804
733 349 6 7 0.0798
717 349 5 8 0.0779
576 348 5 7 0.0766
683 419 17 24 0.0763
698 350 4 7 0.0758
575 361 5 7 0.0743
357 348 5 6 0.0737
731 349 5 7 0.0717
390 351 4 6 0.0698
700 50 15 18 0.0669
832 350 5 7 0.0654
39 353 4 5 0.0638
671 254 26 33 0.0635
597 351 5 6 0.0616
354 348 5 6 0.0585
622 348 5 6 0.0578
832 425 9 19 0.0570
68 351 6 7 0.0568
828 350 6 7 0.0564
621 347 5 6 0.0542
126 352 6 8 0.0526
36 353 4 5 0.0512
106 360 6 6 0.0508
378 350 4 5 0.0508
117 353 5 7 0.0489
693 351 6 7 0.0480
392 351 5 6 0.0479
626 347 4 6 0.0460
610 130 13 16 0.0457
578 77 8 10 0.0456
288 357 4 6 0.0454
781 409 12 19 0.0451
572 361 6 7 0.0440
611 65 6 7 0.0431
937 345 6 8 0.0429
569 266 6 8 0.0426
125 352 5 8 0.0421
592 265 6 7 0.0418
572 266 6 8 0.0413
892 345 5 7 0.0404
735 349 5 7 0.0404
27 352 4 6 0.0404
736 350 5 7 0.0399
581 78 7 9 0.0377
388 350 5 6 0.0376
624 347 5 6 0.0373
830 349 6 8 0.0370
827 349 6 7 0.0350
939 346 6 7 0.0345
482 347 5 5 0.0345
153 353 5 8 0.0338
608 64 6 8 0.0336
479 346 5 6 0.0336
295 355 5 5 0.0329
590 138 9 12 0.0315
123 352 5 7 0.0310
791 348 5 7 0.0305
866 341 7 8 0.0298
851 213 10 14 0.0293
53 365 6 7 0.0291
480 348 5 6 0.0286
788 348 5 6 0.0282
588 138 9 11 0.0281
669 343 5 6 0.0281
264 360 4 5 0.0278
854 213 10 14 0.0276
291 359 5 5 0.0273
590 265 6 7 0.0271
114 353 5 7 0.0263
870 341 6 8 0.0259
613 66 5 7 0.0257
392 349 4 7 0.0256
697 351 5 6 0.0252
100 229 10 15 0.0247
65 354 6 7 0.0247
66 353 5 7 0.0247
149 353 6 8 0.0245
704 367 6 7 0.0244
895 345 5 7 0.0243
731 350 5 6 0.0242
666 343 4 6 0.0240
820 149 9 14 0.0237
91 360 6 6 0.0233
600 352 5 6 0.0227
484 347 4 6 0.0225
873 344 6 9 0.0218
868 346 6 8 0.0217
703 410 12 16 0.0216
701 410 11 14 0.0212
465 345 6 7 0.0212
578 350 5 7 0.0211
897 346 5 7 0.0210
96 230 10 14 0.0209
112 354 6 6 0.0209
437 188 9 14 0.0209
268 361 4 6 0.0206
24 352 5 6 0.0204
580 79 7 9 0.0198
24 353 4 5 0.0196
702 367 5 8 0.0195
789 349 5 7 0.0193
733 361 6 8 0.0192
467 347 6 6 0.0190
342 351 5 6 0.0190
893 347 5 7 0.0188
792 349 6 7 0.0188
392 340 5 6 0.0186
831 423 10 19 0.0184
261 359 4 5 0.0182
694 405 12 19 0.0181
151 351 5 9 0.0181
772 349 5 6 0.0178
730 361 7 9 0.0178
873 343 5 7 0.0176
797 385 8 10 0.0176
153 270 7 10 0.0173
800 384 8 11 0.0171
639 66 11 15 0.0170
155 270 7 11 0.0170
297 352 4 6 0.0169
923 340 6 8 0.0169
817 150 9 12 0.0169
780 407 11 18 0.0161
768 348 5 6 0.0159
103 358 5 6 0.0159
389 339 5 6 0.0157
798 406 11 17 0.0155
282 366 4 6 0.0153
669 343 5 7 0.0151
810 341 6 8 0.0151
770 348 5 6 0.0148
44 376 5 6 0.0147
641 145 11 13 0.0147
610 66 5 7 0.0145
937 346 6 7 0.0144
832 420 10 21 0.0142
872 205 7 9 0.0141
21 351 5 6 0.0141
599 127 10 14 0.0140
148 352 5 8 0.0139
0 354 4 6 0.0139
798 401 11 17 0.0138
100 354 5 7 0.0137
769 349 5 6 0.0134
37 353 5 6 0.0131
575 76 8 10 0.0130
390 351 5 5 0.0130
869 205 7 9 0.0130
257 349 4 5 0.0129
622 348 5 5 0.0129
707 47 9 16 0.0129
375 339 4 5 0.0128
565 0 12 11 0.0126
799 353 7 8 0.0126
830 350 6 7 0.0126
898 346 6 7 0.0125
511 357 4 6 0.0123
289 356 4 6 0.0122
657 177 8 12 0.0122
378 340 4 5 0.0121
196 336 4 5 0.0121
697 51 15 18 0.0121
514 357 4 6 0.0117
693 418 14 22 0.0117
458 254 14 37 0.0114
301 352 4 5 0.0113
836 424 12 21 0.0112
598 124 8 11 0.0112
97 233 9 12 0.0111
400 35 8 10 0.0111
778 411 11 16 0.0109
373 349 4 6 0.0109
591 374 6 7 0.0108
592 138 8 11 0.0107
198 349 5 5 0.0107
921 359 5 6 0.0105
553 341 5 6 0.0105
836 339 6 8 0.0104
100 232 10 13 0.0102
194 335 4 6 0.0102
582 79 8 9 0.0102
285 348 5 5 0.0101
75 352 6 8 0.0100
