38_Tennis_Tennis_38_371
25
475 365 32 43 0.8714
763 280 30 42 0.8702
344 296 28 34 0.8635
568 285 29 39 0.8603
549 369 32 44 0.8590
439 299 30 37 0.8561
786 196 27 34 0.8554
444 212 26 34 0.8535
279 201 26 32 0.8487
610 219 27 30 0.8479
129 200 26 30 0.8471
380 210 26 33 0.8471
653 198 25 27 0.8470
413 204 24 29 0.8469
664 275 29 38 0.8454
527 212 25 29 0.8401
816 191 22 27 0.8395
879 187 25 31 0.8395
696 191 27 31 0.8392
232 198 25 31 0.8383
172 192 28 31 0.8372
491 201 24 29 0.8346
325 204 22 28 0.8330
567 194 24 29 0.8312
731 188 23 27 0.7510
