38_Tennis_Tennis_38_535
65
777 306 22 29 0.8589
579 303 24 33 0.8553
504 469 25 32 0.8526
479 316 22 28 0.8524
370 404 22 29 0.8522
432 446 23 31 0.8507
657 461 22 29 0.8469
509 313 23 28 0.8385
467 263 21 29 0.8369
134 454 23 29 0.8363
515 422 23 30 0.8344
173 274 21 28 0.8324
862 323 22 28 0.8316
377 450 22 28 0.8315
241 283 22 29 0.8313
762 426 22 28 0.8308
289 460 22 28 0.8251
46 449 24 29 0.8222
596 422 21 28 0.8193
358 311 21 28 0.8192
713 315 22 30 0.8192
460 421 23 31 0.8186
363 514 27 30 0.8147
418 313 22 30 0.8132
894 489 24 27 0.8064
140 413 22 28 0.8037
647 420 21 28 0.7898
292 289 20 26 0.7842
435 412 20 27 0.7672
207 431 22 28 0.7645
330 448 22 28 0.7641
550 468 23 27 0.7534
708 416 21 28 0.7439
147 305 22 29 0.7412
232 317 21 29 0.7266
815 468 25 30 0.6880
397 320 21 24 0.6318
194 338 20 27 0.5983
641 312 21 28 0.5756
396 320 21 24 0.5474
642 312 21 28 0.5350
323 381 21 28 0.4731
248 415 21 27 0.4173
195 339 20 26 0.3328
323 381 21 28 0.3100
147 305 22 29 0.2966
674 404 17 22 0.2120
816 474 24 25 0.0951
706 416 21 28 0.0755
601 287 19 26 0.0753
498 417 17 24 0.0709
438 412 20 27 0.0642
245 414 21 27 0.0636
718 371 14 24 0.0460
818 468 24 29 0.0367
719 372 16 25 0.0331
205 430 23 30 0.0291
448 280 14 21 0.0272
468 377 17 24 0.0250
322 381 21 28 0.0215
234 317 20 29 0.0188
291 449 18 23 0.0128
349 303 15 25 0.0122
552 468 22 26 0.0115
464 377 17 23 0.0100
