38_Tennis_Tennis_38_232
204
807 330 14 18 0.6871
1015 255 9 14 0.5427
1016 38 8 11 0.4446
1011 60 8 11 0.3718
636 36 8 10 0.3667
903 36 8 10 0.3618
610 62 8 11 0.3616
633 36 8 10 0.3599
614 62 8 11 0.3598
980 39 8 10 0.3558
1007 60 8 11 0.3522
162 222 9 12 0.3494
733 250 10 14 0.3396
984 39 7 10 0.3396
706 37 8 10 0.3394
855 65 7 11 0.3378
943 40 8 10 0.3370
768 42 8 9 0.3348
684 63 8 10 0.3337
873 34 8 11 0.3335
687 63 8 10 0.3327
900 36 8 10 0.3312
870 34 8 11 0.3264
858 65 8 11 0.3247
988 10 8 10 0.3217
725 67 8 10 0.3209
948 13 8 11 0.3207
951 13 7 10 0.3199
635 17 8 10 0.3193
165 222 9 12 0.3171
946 40 8 10 0.3136
647 68 8 10 0.3098
896 62 8 11 0.3068
985 10 8 10 0.3062
779 17 7 10 0.3050
728 67 8 10 0.2970
661 40 7 10 0.2933
759 68 8 9 0.2932
893 62 8 11 0.2849
650 68 8 10 0.2825
763 67 7 10 0.2819
771 42 7 9 0.2790
639 18 7 9 0.2790
878 10 7 10 0.2769
875 10 7 10 0.2729
911 17 8 11 0.2690
732 37 8 10 0.2612
782 17 7 11 0.2592
735 37 8 11 0.2526
735 250 10 13 0.2523
888 40 8 10 0.2512
664 40 8 10 0.2497
729 36 8 11 0.2413
696 38 8 10 0.2359
673 19 7 10 0.2354
914 17 8 11 0.2313
676 19 8 10 0.2164
720 0 8 6 0.2160
784 58 8 10 0.1952
782 58 8 10 0.1915
718 0 8 6 0.1682
677 20 7 9 0.1617
750 16 8 10 0.1449
910 18 7 11 0.1434
692 38 9 10 0.1402
674 20 7 10 0.1380
1009 1 7 7 0.1372
719 54 8 10 0.1327
968 67 9 11 0.1306
772 42 7 10 0.1251
704 36 8 10 0.1250
874 9 7 10 0.1228
871 34 8 10 0.1204
966 45 8 9 0.1190
913 18 8 11 0.1189
964 67 9 11 0.1172
723 0 7 6 0.1092
786 57 8 10 0.1091
783 18 8 10 0.1083
1013 256 10 13 0.1066
682 0 8 5 0.1061
782 0 8 8 0.1054
764 0 6 6 0.1051
739 12 9 10 0.1003
908 0 8 4 0.0986
760 0 7 5 0.0930
731 250 10 13 0.0895
748 14 7 11 0.0893
923 0 8 4 0.0892
695 37 8 9 0.0867
1012 1 8 8 0.0864
731 251 10 13 0.0812
709 18 8 10 0.0752
952 13 8 11 0.0750
761 69 7 9 0.0729
780 19 7 10 0.0721
686 0 7 5 0.0710
905 0 8 5 0.0703
751 61 8 11 0.0700
665 43 7 9 0.0689
712 18 8 10 0.0654
877 9 7 9 0.0653
966 69 8 10 0.0650
716 54 8 11 0.0612
750 57 8 11 0.0602
787 58 8 10 0.0593
661 43 8 9 0.0578
1014 39 9 10 0.0567
730 36 8 10 0.0552
797 1 8 9 0.0531
647 70 9 11 0.0527
730 37 8 10 0.0517
644 0 9 7 0.0514
780 59 7 10 0.0508
965 43 8 11 0.0497
699 18 8 9 0.0494
704 37 9 10 0.0483
898 35 8 10 0.0474
883 88 7 11 0.0472
801 1 7 9 0.0471
750 0 8 6 0.0465
869 13 8 9 0.0442
750 69 8 10 0.0442
769 43 7 9 0.0440
764 68 7 10 0.0438
902 35 8 11 0.0420
986 9 8 9 0.0419
751 17 7 9 0.0411
677 70 7 10 0.0405
735 250 10 12 0.0401
673 70 8 10 0.0390
810 330 13 18 0.0387
640 19 7 9 0.0387
675 69 8 9 0.0367
651 69 8 11 0.0364
1011 38 8 11 0.0353
971 69 9 10 0.0348
1007 0 10 12 0.0347
1015 37 8 10 0.0347
916 18 7 10 0.0343
129 3 10 13 0.0343
749 10 9 12 0.0341
879 89 8 10 0.0339
984 9 8 11 0.0332
948 12 8 10 0.0324
1008 9 8 9 0.0323
970 21 7 10 0.0323
1009 59 8 11 0.0300
950 12 9 11 0.0298
982 77 8 10 0.0286
720 0 9 9 0.0281
943 42 9 11 0.0279
725 35 8 10 0.0276
661 0 8 7 0.0273
735 35 8 10 0.0273
804 12 7 10 0.0263
1011 9 8 11 0.0256
636 19 7 9 0.0251
961 69 8 10 0.0251
855 68 7 10 0.0218
656 0 9 8 0.0216
800 12 8 11 0.0207
682 62 8 10 0.0203
980 42 8 10 0.0202
996 58 8 11 0.0200
725 69 8 10 0.0199
682 61 8 11 0.0197
960 66 9 12 0.0195
773 41 8 10 0.0190
759 66 8 10 0.0184
948 41 8 10 0.0175
127 3 9 12 0.0173
800 9 8 10 0.0173
983 8 8 10 0.0167
982 38 8 10 0.0166
949 38 9 10 0.0161
1009 58 10 12 0.0161
730 67 7 11 0.0160
772 40 8 10 0.0159
616 61 8 10 0.0159
945 11 8 11 0.0158
937 12 9 10 0.0157
669 37 8 10 0.0157
633 37 8 10 0.0155
894 60 8 10 0.0155
701 14 8 10 0.0151
939 38 8 11 0.0150
856 64 7 10 0.0146
875 10 9 11 0.0144
982 78 8 10 0.0144
898 61 8 10 0.0139
984 41 8 10 0.0139
909 15 8 10 0.0137
641 14 8 11 0.0135
859 67 7 10 0.0130
874 34 8 10 0.0129
649 66 8 9 0.0126
869 33 8 11 0.0123
727 64 8 10 0.0113
962 62 8 11 0.0112
707 84 11 14 0.0111
674 15 9 12 0.0104
686 60 8 11 0.0104
934 45 8 11 0.0100
