0_Parade_Parade_0_164
782
896 501 15 16 0.5251
88 418 12 15 0.4750
924 473 12 14 0.4001
90 394 12 13 0.4000
180 374 12 13 0.3924
996 587 15 17 0.3838
63 424 12 15 0.3732
279 398 9 12 0.3614
193 373 11 13 0.3569
226 356 10 12 0.3551
142 387 12 14 0.3528
21 434 13 16 0.3328
276 398 9 12 0.3251
231 342 10 13 0.3221
222 356 10 13 0.3201
124 408 11 14 0.3161
121 408 11 14 0.3150
897 560 11 14 0.3136
283 324 10 13 0.3106
17 435 14 16 0.3005
329 307 9 10 0.3004
47 393 10 13 0.2918
197 373 10 13 0.2876
253 302 9 11 0.2872
312 309 8 10 0.2806
43 393 11 13 0.2805
999 437 10 14 0.2724
345 420 12 14 0.2722
136 370 12 13 0.2714
336 317 8 11 0.2647
941 418 10 12 0.2560
635 304 9 11 0.2505
639 303 9 12 0.2505
133 370 12 12 0.2495
944 418 11 12 0.2476
931 539 12 18 0.2462
256 459 13 17 0.2441
635 371 8 10 0.2426
87 394 11 13 0.2416
363 298 8 9 0.2414
285 303 9 11 0.2405
343 292 8 10 0.2370
638 371 9 10 0.2359
258 375 10 12 0.2339
983 510 14 17 0.2311
241 320 9 13 0.2304
248 386 9 12 0.2288
250 303 9 11 0.2276
338 318 8 10 0.2263
237 320 11 13 0.2238
923 405 10 13 0.2235
339 293 8 10 0.2172
298 376 10 12 0.2171
366 298 8 9 0.2160
692 330 10 13 0.2110
146 387 10 13 0.2087
1000 639 15 18 0.2056
116 394 11 13 0.2023
85 418 12 15 0.2019
302 376 10 12 0.1996
927 473 11 14 0.1919
227 342 10 13 0.1882
261 374 10 13 0.1774
315 309 8 10 0.1760
689 331 9 12 0.1703
289 256 8 9 0.1702
863 373 7 11 0.1694
487 385 11 14 0.1690
833 585 13 15 0.1689
909 362 9 13 0.1673
412 305 8 9 0.1665
286 256 8 10 0.1632
287 302 9 12 0.1632
368 275 8 10 0.1628
920 406 10 12 0.1589
496 355 9 12 0.1544
365 275 8 10 0.1513
122 343 10 13 0.1490
821 375 9 12 0.1446
252 301 9 11 0.1426
887 451 11 14 0.1419
313 330 8 10 0.1406
60 424 12 15 0.1401
126 343 9 13 0.1396
996 436 11 14 0.1360
492 355 10 12 0.1356
434 246 6 8 0.1288
127 338 9 12 0.1268
246 356 9 11 0.1265
112 394 11 13 0.1257
680 269 11 13 0.1252
642 261 9 10 0.1246
866 373 7 11 0.1242
430 246 6 8 0.1239
837 563 12 13 0.1237
283 302 9 11 0.1235
986 321 8 10 0.1233
988 321 8 10 0.1230
892 452 10 13 0.1227
969 609 15 17 0.1222
287 324 9 12 0.1213
287 301 8 11 0.1211
1004 640 14 17 0.1207
839 346 9 11 0.1202
286 326 9 11 0.1177
409 305 8 10 0.1176
907 362 8 12 0.1162
300 378 10 11 0.1150
249 356 9 12 0.1123
961 608 16 18 0.1117
849 367 9 10 0.1109
928 539 12 17 0.1102
842 346 9 11 0.1087
894 560 11 14 0.1082
805 381 10 11 0.1081
450 247 6 7 0.1081
655 285 10 12 0.1066
1000 557 13 17 0.1062
249 302 9 10 0.1060
390 302 8 10 0.1044
802 381 9 11 0.1033
824 374 9 11 0.1027
601 404 12 14 0.1010
613 318 9 11 0.1008
610 318 9 11 0.1003
410 304 7 9 0.0996
900 500 15 17 0.0985
678 269 9 13 0.0973
678 233 8 10 0.0971
795 424 10 13 0.0968
317 330 8 10 0.0966
840 563 12 13 0.0961
216 418 10 12 0.0957
681 233 7 10 0.0945
213 418 10 12 0.0925
971 358 8 10 0.0901
483 252 7 8 0.0898
1004 331 8 11 0.0856
592 294 8 11 0.0853
902 282 8 9 0.0849
900 267 7 9 0.0847
304 378 10 12 0.0835
248 389 9 11 0.0834
123 338 10 12 0.0830
645 262 8 9 0.0825
398 284 8 10 0.0822
491 385 10 13 0.0809
369 276 8 9 0.0789
916 335 9 10 0.0786
656 251 8 9 0.0785
933 542 13 18 0.0781
366 276 7 10 0.0776
659 285 9 12 0.0774
511 252 7 8 0.0774
342 420 12 15 0.0768
396 284 7 10 0.0767
388 301 8 10 0.0748
667 244 8 9 0.0748
982 755 20 13 0.0748
333 317 9 11 0.0743
458 375 9 12 0.0736
616 363 9 11 0.0736
963 322 8 9 0.0733
178 355 12 15 0.0732
439 278 7 8 0.0719
921 404 10 12 0.0718
974 357 8 11 0.0711
177 374 12 13 0.0710
183 376 10 12 0.0699
454 375 9 12 0.0698
115 391 11 13 0.0688
514 251 7 9 0.0683
948 299 7 10 0.0682
846 366 9 10 0.0682
946 385 10 12 0.0681
864 397 8 10 0.0674
1001 436 10 14 0.0667
647 261 7 10 0.0655
943 385 9 12 0.0650
438 294 8 10 0.0647
328 305 8 10 0.0639
900 337 8 10 0.0639
833 438 10 13 0.0630
448 270 8 9 0.0628
480 252 6 8 0.0627
993 586 14 17 0.0621
1007 331 9 11 0.0615
442 294 7 10 0.0594
203 563 13 16 0.0593
589 294 9 10 0.0591
823 376 9 11 0.0590
490 262 7 9 0.0586
274 359 11 13 0.0583
627 262 7 9 0.0581
214 415 10 12 0.0581
694 331 9 12 0.0577
364 300 8 9 0.0576
599 401 12 15 0.0572
342 291 8 10 0.0570
945 298 8 10 0.0565
484 385 11 13 0.0563
397 267 8 10 0.0562
625 293 8 10 0.0557
911 364 9 12 0.0553
904 337 8 10 0.0548
744 257 8 10 0.0546
819 375 9 12 0.0541
597 404 12 15 0.0541
659 251 7 10 0.0538
1013 336 8 10 0.0538
694 258 8 9 0.0536
655 249 8 10 0.0535
495 352 9 12 0.0534
536 387 11 12 0.0534
541 237 7 9 0.0534
315 310 8 10 0.0533
458 261 7 8 0.0532
637 302 9 11 0.0532
1000 357 9 13 0.0531
291 357 9 12 0.0530
618 365 8 10 0.0528
683 234 7 9 0.0525
538 237 7 8 0.0523
643 331 9 12 0.0521
915 266 7 9 0.0519
689 321 9 10 0.0512
705 271 8 9 0.0509
984 501 15 17 0.0506
454 261 7 8 0.0505
998 645 16 19 0.0503
721 280 7 10 0.0498
211 414 10 12 0.0497
724 280 8 10 0.0493
988 482 12 16 0.0492
553 297 8 10 0.0492
623 262 8 8 0.0490
946 300 7 9 0.0483
997 355 8 12 0.0483
732 267 8 9 0.0482
339 291 7 10 0.0481
451 282 8 9 0.0480
594 294 9 11 0.0480
996 723 18 21 0.0479
950 299 7 10 0.0478
647 331 9 12 0.0478
657 287 9 12 0.0473
917 286 8 10 0.0473
867 397 8 10 0.0471
491 352 10 12 0.0470
914 286 8 10 0.0469
286 358 11 12 0.0465
468 245 7 8 0.0462
342 292 8 10 0.0462
554 232 7 8 0.0462
428 290 8 9 0.0461
508 244 7 9 0.0461
401 265 8 10 0.0459
628 293 8 9 0.0458
1004 322 8 11 0.0455
520 238 7 9 0.0445
1000 302 7 8 0.0443
874 426 9 11 0.0440
337 316 8 10 0.0439
897 267 8 10 0.0437
798 424 10 12 0.0437
420 262 7 8 0.0428
913 307 8 9 0.0427
107 405 11 13 0.0422
500 264 7 9 0.0422
885 628 14 18 0.0421
713 244 7 9 0.0421
651 316 9 11 0.0419
645 261 8 10 0.0417
519 237 7 9 0.0413
114 393 11 14 0.0410
898 267 7 9 0.0408
896 296 7 9 0.0407
498 238 6 8 0.0406
281 324 9 12 0.0405
935 248 8 9 0.0403
627 264 8 9 0.0402
987 477 11 15 0.0402
1014 695 10 21 0.0402
1003 558 12 16 0.0400
918 266 7 8 0.0400
269 342 9 11 0.0399
943 322 8 9 0.0399
314 310 8 10 0.0398
959 604 14 18 0.0398
1002 640 17 19 0.0397
511 243 7 8 0.0394
792 424 9 13 0.0393
400 286 7 10 0.0391
613 365 9 10 0.0389
417 262 7 8 0.0388
919 435 10 14 0.0387
877 425 9 11 0.0387
434 247 7 7 0.0387
866 293 8 10 0.0387
925 406 10 12 0.0386
972 354 8 10 0.0386
485 241 6 8 0.0385
686 321 9 11 0.0385
434 278 7 8 0.0384
533 386 10 12 0.0383
940 322 7 9 0.0383
250 388 8 11 0.0382
697 259 7 9 0.0381
863 431 10 11 0.0381
399 264 7 9 0.0379
261 459 10 15 0.0379
569 207 6 7 0.0378
863 293 8 10 0.0377
284 256 7 10 0.0376
984 517 14 17 0.0375
836 438 10 13 0.0374
1008 323 8 11 0.0373
623 265 8 10 0.0366
349 421 10 14 0.0366
573 207 6 7 0.0365
144 389 11 13 0.0364
920 315 8 9 0.0361
481 241 6 8 0.0361
772 223 6 8 0.0360
1001 588 16 17 0.0360
755 250 7 9 0.0355
775 224 7 9 0.0355
962 382 9 11 0.0355
997 301 6 8 0.0351
678 268 9 10 0.0350
566 229 8 8 0.0348
894 453 10 13 0.0346
414 304 7 10 0.0345
288 327 9 11 0.0345
691 256 8 10 0.0344
888 453 11 15 0.0344
46 392 10 11 0.0343
233 341 9 12 0.0343
29 430 10 13 0.0343
472 268 8 10 0.0343
368 299 8 10 0.0342
567 221 7 9 0.0341
939 356 9 11 0.0340
455 378 10 11 0.0338
25 429 12 15 0.0336
555 297 8 9 0.0334
0 424 6 16 0.0333
803 321 7 10 0.0333
627 229 7 9 0.0331
396 286 8 10 0.0329
716 243 7 10 0.0329
886 292 8 9 0.0328
836 585 12 16 0.0328
581 214 7 8 0.0328
894 501 12 15 0.0326
516 238 7 9 0.0326
554 316 10 13 0.0326
938 249 7 8 0.0325
933 248 7 9 0.0324
753 250 7 9 0.0321
421 263 7 9 0.0321
740 226 9 10 0.0320
514 340 10 13 0.0318
1018 303 6 10 0.0315
806 321 8 10 0.0312
611 316 9 11 0.0312
637 369 8 10 0.0310
235 313 9 11 0.0307
613 363 8 11 0.0307
317 523 17 16 0.0305
585 248 6 8 0.0304
942 417 10 12 0.0304
916 315 8 9 0.0304
887 330 9 10 0.0302
516 328 8 9 0.0302
867 430 9 11 0.0302
981 509 12 16 0.0300
864 375 8 10 0.0299
859 311 8 10 0.0298
773 226 7 8 0.0296
617 208 7 8 0.0294
1 400 9 12 0.0294
929 542 12 17 0.0293
588 248 6 8 0.0291
1017 300 6 9 0.0291
1002 358 10 11 0.0290
777 226 7 8 0.0290
927 344 8 11 0.0290
491 385 11 14 0.0289
973 519 13 17 0.0289
412 384 10 12 0.0287
361 325 9 11 0.0287
285 255 8 9 0.0287
618 364 9 11 0.0285
689 282 8 10 0.0285
914 287 8 10 0.0284
417 264 7 9 0.0283
653 212 7 8 0.0283
451 421 11 14 0.0282
966 382 9 10 0.0280
965 606 14 17 0.0278
468 267 8 10 0.0278
721 235 8 8 0.0277
189 520 14 18 0.0277
363 328 8 9 0.0275
460 377 9 11 0.0274
239 318 10 12 0.0274
678 346 9 11 0.0273
750 249 8 9 0.0273
446 269 7 9 0.0272
462 505 15 19 0.0272
397 265 8 10 0.0270
1006 320 8 10 0.0270
917 312 8 10 0.0269
716 269 8 9 0.0269
796 430 10 14 0.0268
364 296 8 9 0.0267
366 322 9 11 0.0267
480 240 6 8 0.0267
691 226 7 9 0.0266
907 364 9 11 0.0266
418 262 7 9 0.0266
916 435 9 14 0.0264
647 316 10 12 0.0264
671 294 9 10 0.0264
890 628 14 18 0.0263
991 322 7 10 0.0262
908 364 9 13 0.0261
981 513 14 17 0.0258
862 429 10 11 0.0256
999 353 7 10 0.0254
850 367 9 11 0.0254
584 355 11 13 0.0253
943 223 6 7 0.0252
390 333 7 9 0.0252
139 388 12 14 0.0251
902 338 8 10 0.0251
497 238 7 8 0.0250
442 273 7 9 0.0249
199 563 13 16 0.0249
873 348 9 11 0.0249
868 375 7 10 0.0249
653 286 9 11 0.0248
653 282 9 12 0.0246
456 275 8 9 0.0246
595 293 8 10 0.0245
447 248 6 7 0.0245
943 355 9 10 0.0245
282 326 9 11 0.0245
470 266 8 10 0.0244
959 350 8 11 0.0243
245 388 10 12 0.0242
551 297 8 10 0.0240
87 394 12 13 0.0238
520 327 8 9 0.0238
986 321 8 9 0.0237
996 302 6 8 0.0236
1001 436 12 14 0.0236
522 270 7 9 0.0235
296 378 8 10 0.0235
678 234 8 9 0.0234
730 256 8 9 0.0233
939 223 7 7 0.0233
897 411 10 13 0.0232
1015 546 9 15 0.0232
801 379 9 11 0.0232
0 428 7 14 0.0231
393 332 7 9 0.0230
557 316 10 12 0.0230
941 446 9 12 0.0229
135 368 12 14 0.0229
244 387 9 11 0.0228
577 357 12 15 0.0227
850 367 9 11 0.0226
1008 335 9 11 0.0226
591 291 8 10 0.0225
700 267 8 10 0.0225
626 293 8 10 0.0225
729 266 7 9 0.0225
944 447 10 14 0.0225
620 208 7 9 0.0224
618 233 7 9 0.0223
827 150 7 9 0.0223
955 350 9 11 0.0223
856 311 8 10 0.0223
837 293 8 9 0.0222
905 338 8 9 0.0222
213 417 10 13 0.0221
726 255 8 9 0.0221
841 344 9 10 0.0220
716 299 9 11 0.0220
518 238 7 8 0.0219
367 329 8 11 0.0218
995 353 8 10 0.0218
397 265 7 8 0.0217
489 388 11 13 0.0217
693 332 8 11 0.0217
625 263 8 10 0.0216
932 290 8 9 0.0215
288 257 8 10 0.0210
695 259 8 10 0.0210
883 356 8 11 0.0210
503 191 6 6 0.0210
599 202 7 9 0.0209
985 297 7 8 0.0209
282 303 9 11 0.0209
589 249 7 8 0.0208
831 150 7 9 0.0207
127 339 9 12 0.0207
713 297 8 12 0.0204
416 383 9 12 0.0203
841 293 7 9 0.0202
603 216 7 8 0.0202
739 225 8 10 0.0201
675 346 8 11 0.0200
188 539 11 15 0.0199
973 362 8 10 0.0199
338 316 8 10 0.0199
707 272 7 9 0.0199
988 423 11 13 0.0198
900 267 8 9 0.0198
442 204 6 7 0.0198
342 557 16 20 0.0198
496 263 8 9 0.0197
689 225 7 9 0.0197
440 204 5 7 0.0197
316 331 8 10 0.0196
997 440 10 13 0.0196
634 368 7 11 0.0196
962 250 7 8 0.0195
934 250 7 8 0.0195
595 203 7 8 0.0195
620 209 6 8 0.0195
939 279 8 9 0.0195
483 240 7 8 0.0195
502 216 7 8 0.0194
903 337 8 10 0.0194
822 469 11 14 0.0194
423 290 8 8 0.0194
282 269 7 9 0.0192
185 538 11 15 0.0192
544 209 6 8 0.0192
290 360 10 12 0.0191
689 320 8 9 0.0191
685 318 8 10 0.0190
528 202 6 8 0.0190
687 225 7 10 0.0189
755 266 8 9 0.0189
547 210 6 7 0.0188
962 232 7 8 0.0188
918 287 8 10 0.0188
1019 283 5 9 0.0187
954 274 7 9 0.0187
912 363 9 12 0.0187
958 232 7 8 0.0186
655 244 8 9 0.0186
793 431 9 12 0.0186
311 524 15 15 0.0185
914 265 7 9 0.0185
441 293 7 9 0.0184
572 219 7 9 0.0184
896 320 8 10 0.0183
255 376 10 12 0.0183
1000 588 16 17 0.0182
523 405 11 14 0.0182
569 226 7 9 0.0181
42 392 11 12 0.0181
713 302 9 12 0.0181
893 319 8 10 0.0181
534 474 14 17 0.0180
584 235 7 9 0.0180
402 285 7 10 0.0178
952 608 15 19 0.0178
525 201 6 8 0.0177
538 390 11 11 0.0177
342 418 13 16 0.0176
947 390 11 12 0.0176
244 390 9 11 0.0176
468 245 7 8 0.0176
882 400 10 10 0.0176
974 358 8 11 0.0176
887 632 14 16 0.0175
517 329 8 10 0.0175
715 237 7 8 0.0175
501 191 5 6 0.0174
585 250 7 7 0.0173
725 235 7 9 0.0173
986 756 23 12 0.0172
519 405 11 14 0.0172
941 224 6 7 0.0171
266 340 10 12 0.0169
259 461 12 16 0.0169
1000 362 9 10 0.0169
919 404 9 12 0.0168
797 422 11 12 0.0167
910 286 8 10 0.0167
584 353 9 11 0.0167
927 394 10 12 0.0167
25 435 11 14 0.0166
978 750 21 17 0.0166
279 270 7 9 0.0166
962 321 7 9 0.0166
900 562 12 13 0.0165
456 422 12 13 0.0165
409 391 11 14 0.0165
428 209 6 7 0.0165
597 402 11 14 0.0165
978 260 6 8 0.0165
825 377 10 11 0.0165
1002 359 11 12 0.0164
541 236 7 8 0.0163
433 239 7 9 0.0162
623 276 9 11 0.0162
531 340 10 12 0.0162
977 755 17 13 0.0161
945 711 16 20 0.0161
1 405 11 16 0.0161
873 474 11 14 0.0161
85 417 13 16 0.0161
951 274 7 9 0.0161
627 276 8 11 0.0161
532 336 10 12 0.0160
737 225 7 10 0.0160
670 359 10 13 0.0160
525 270 7 9 0.0159
990 478 12 14 0.0159
1000 439 11 14 0.0158
175 355 12 14 0.0158
934 337 9 10 0.0157
993 647 13 17 0.0157
745 258 8 10 0.0156
511 391 10 12 0.0156
929 540 13 17 0.0156
831 585 11 15 0.0155
572 361 10 14 0.0155
636 245 7 9 0.0155
514 230 6 7 0.0155
647 334 9 11 0.0153
717 302 9 11 0.0153
954 276 7 8 0.0153
252 460 14 17 0.0153
4 400 9 12 0.0153
580 352 10 12 0.0153
468 505 15 20 0.0153
604 400 11 14 0.0152
884 291 7 10 0.0152
717 332 9 11 0.0152
939 350 9 11 0.0151
411 305 8 9 0.0151
988 510 13 16 0.0150
575 364 10 12 0.0149
640 370 9 11 0.0149
878 348 9 11 0.0149
648 313 9 11 0.0148
292 339 9 10 0.0148
824 373 9 10 0.0148
615 317 8 10 0.0147
523 203 7 7 0.0147
289 253 8 10 0.0146
516 339 10 13 0.0146
252 486 11 15 0.0146
465 242 7 8 0.0146
895 369 8 11 0.0144
327 333 9 11 0.0143
405 472 14 19 0.0143
572 362 12 14 0.0142
650 211 7 8 0.0142
539 387 11 13 0.0141
927 470 12 15 0.0140
898 562 13 15 0.0140
946 417 9 12 0.0140
112 392 11 13 0.0138
948 386 10 12 0.0138
745 261 8 10 0.0138
438 203 6 7 0.0138
966 323 8 9 0.0137
314 520 16 17 0.0136
831 438 10 13 0.0136
943 277 8 9 0.0136
739 611 16 19 0.0135
955 611 16 19 0.0135
984 295 7 9 0.0134
965 250 7 8 0.0134
50 393 9 12 0.0133
838 344 9 10 0.0132
413 387 11 13 0.0132
913 365 9 12 0.0132
535 340 9 11 0.0132
65 426 12 14 0.0131
999 554 12 17 0.0131
887 259 7 9 0.0130
726 232 8 10 0.0130
521 401 11 13 0.0129
637 214 7 8 0.0129
641 202 7 8 0.0128
572 205 6 7 0.0128
594 202 7 8 0.0128
503 207 7 8 0.0127
696 252 8 9 0.0127
876 474 11 14 0.0126
620 208 6 8 0.0126
493 358 10 12 0.0126
832 439 10 12 0.0126
553 305 10 13 0.0126
606 309 10 12 0.0126
926 337 8 10 0.0126
619 234 7 9 0.0125
981 260 6 7 0.0125
979 332 9 10 0.0124
997 363 7 10 0.0124
326 519 15 19 0.0124
883 330 8 10 0.0123
664 240 8 9 0.0123
511 352 9 11 0.0122
400 471 15 20 0.0122
861 312 8 10 0.0121
682 275 9 11 0.0121
672 292 8 10 0.0120
598 201 6 8 0.0120
186 521 13 18 0.0119
722 282 8 9 0.0119
479 194 5 6 0.0118
206 563 12 16 0.0118
615 233 6 9 0.0118
503 275 7 8 0.0118
460 498 15 20 0.0118
389 331 7 9 0.0118
866 291 8 11 0.0117
641 306 8 11 0.0117
430 242 7 9 0.0117
762 237 8 10 0.0117
429 210 6 7 0.0117
439 298 7 10 0.0117
465 418 12 15 0.0116
365 314 9 10 0.0116
475 282 8 9 0.0115
992 423 10 13 0.0115
367 274 7 9 0.0115
992 723 14 22 0.0115
804 383 10 11 0.0114
950 298 7 9 0.0114
179 377 11 12 0.0114
594 290 8 10 0.0113
922 315 8 9 0.0112
895 315 8 9 0.0112
892 315 8 9 0.0112
938 276 8 10 0.0111
334 340 8 9 0.0110
883 279 8 10 0.0109
605 405 11 13 0.0109
619 234 7 8 0.0109
826 469 11 14 0.0108
991 482 13 15 0.0108
429 246 6 8 0.0108
1007 643 13 16 0.0108
692 284 8 9 0.0108
975 337 8 10 0.0108
337 557 17 19 0.0108
845 346 8 11 0.0107
403 394 11 13 0.0107
694 284 8 9 0.0107
572 365 10 12 0.0106
598 408 12 14 0.0106
249 486 11 15 0.0106
1011 692 12 23 0.0106
957 338 8 9 0.0106
700 221 7 8 0.0105
621 323 9 10 0.0105
412 250 8 9 0.0105
287 306 8 10 0.0104
857 314 8 10 0.0104
391 305 8 10 0.0103
861 293 8 10 0.0102
660 288 9 11 0.0102
898 384 10 12 0.0102
834 275 7 8 0.0102
259 377 9 12 0.0101
871 570 13 16 0.0101
226 340 10 12 0.0101
975 610 14 17 0.0100
544 404 11 16 0.0100
540 404 11 16 0.0100
