0_Parade_Parade_0_664
517
16 337 35 33 0.8498
939 335 27 30 0.8496
464 339 24 30 0.8257
122 322 21 25 0.8183
619 339 20 28 0.8176
543 350 24 21 0.8155
844 322 19 26 0.8001
214 314 20 25 0.7663
659 318 18 23 0.7370
33 306 19 21 0.7345
359 322 16 19 0.7197
59 307 19 23 0.7124
488 323 18 24 0.6945
168 350 24 20 0.6934
514 312 15 19 0.6903
462 299 15 18 0.6849
410 334 20 26 0.6755
260 356 32 16 0.6483
807 346 19 25 0.6466
582 326 17 21 0.6321
673 313 12 17 0.6116
725 353 32 19 0.5311
15 286 8 10 0.5272
487 301 13 15 0.5124
974 343 20 22 0.4800
999 302 9 11 0.4739
230 297 12 14 0.4709
765 340 19 28 0.4513
424 308 10 14 0.4398
502 297 10 11 0.4382
577 308 11 14 0.4349
109 302 16 19 0.4325
784 326 13 15 0.4262
90 287 10 11 0.4191
982 308 10 11 0.4019
977 344 19 21 0.3794
195 292 13 15 0.3783
935 315 11 13 0.3770
67 284 10 11 0.3664
356 303 12 15 0.3570
135 319 17 22 0.3543
658 301 10 11 0.3478
346 304 10 13 0.3406
204 316 11 17 0.3379
107 302 15 18 0.3371
343 357 26 15 0.3344
1014 309 9 11 0.3339
922 308 9 11 0.3326
701 304 7 9 0.3315
39 287 10 11 0.3261
128 278 10 13 0.3255
748 300 7 8 0.3254
37 287 9 11 0.3252
1013 322 10 13 0.3251
70 284 9 11 0.3246
212 298 12 13 0.3233
920 308 8 10 0.3222
556 292 7 9 0.3135
0 324 11 21 0.3086
632 309 10 14 0.3073
580 326 17 21 0.3064
132 303 12 14 0.3054
535 309 12 13 0.2993
248 306 20 26 0.2993
210 298 11 13 0.2952
246 306 18 25 0.2950
260 355 31 17 0.2923
683 298 7 9 0.2842
976 319 12 14 0.2814
987 293 7 8 0.2809
1011 334 13 20 0.2808
919 296 7 8 0.2774
979 308 10 12 0.2749
438 303 9 12 0.2740
892 320 9 11 0.2725
727 297 5 7 0.2718
915 341 19 20 0.2713
528 301 9 10 0.2694
786 326 14 15 0.2659
732 287 5 7 0.2611
958 315 12 15 0.2603
199 293 12 14 0.2602
794 292 7 7 0.2572
660 302 10 10 0.2553
9 275 7 7 0.2530
270 279 8 10 0.2420
759 323 11 14 0.2394
724 297 6 7 0.2381
1011 299 8 9 0.2376
897 309 7 8 0.2355
712 287 6 7 0.2328
979 319 12 13 0.2316
558 292 8 9 0.2313
685 298 8 9 0.2301
356 306 13 15 0.2292
137 319 14 17 0.2286
1 282 6 10 0.2280
756 292 6 8 0.2251
859 305 8 11 0.2241
25 274 5 7 0.2234
162 304 11 14 0.2188
344 303 9 13 0.2184
890 320 8 12 0.2138
845 297 7 9 0.2114
710 288 5 7 0.2113
916 342 20 20 0.2111
358 294 8 10 0.2106
916 296 7 9 0.2024
491 323 17 24 0.2009
135 304 11 13 0.1992
702 316 9 11 0.1957
513 289 7 8 0.1953
766 305 8 9 0.1920
27 301 13 16 0.1905
126 279 10 12 0.1877
895 308 7 9 0.1863
841 297 8 9 0.1858
504 297 10 11 0.1848
883 359 27 13 0.1844
700 315 8 12 0.1822
881 359 27 13 0.1819
810 347 18 23 0.1809
413 334 19 25 0.1805
205 316 13 20 0.1803
303 324 18 28 0.1802
729 287 6 7 0.1784
977 296 8 9 0.1775
976 296 7 7 0.1756
370 285 7 8 0.1739
0 281 6 10 0.1728
93 286 9 11 0.1718
757 296 7 9 0.1703
342 355 25 16 0.1695
517 313 14 18 0.1678
746 288 6 8 0.1675
785 291 5 7 0.1659
372 302 9 11 0.1636
180 288 9 11 0.1610
382 313 13 17 0.1594
1001 303 9 11 0.1588
638 310 11 14 0.1563
159 304 12 15 0.1542
421 289 7 8 0.1535
762 324 11 13 0.1515
942 294 7 9 0.1507
796 293 6 8 0.1498
915 295 7 9 0.1488
889 320 8 10 0.1487
843 296 7 9 0.1485
22 274 6 7 0.1476
426 308 10 13 0.1464
945 294 7 9 0.1437
272 279 9 11 0.1413
792 315 10 12 0.1406
197 293 13 15 0.1385
177 288 9 10 0.1381
775 286 6 7 0.1360
885 354 24 18 0.1352
860 307 10 11 0.1352
773 285 5 7 0.1346
859 296 7 8 0.1338
863 342 15 17 0.1298
305 328 18 24 0.1290
927 286 5 7 0.1263
249 292 11 12 0.1262
221 284 8 9 0.1257
423 307 9 13 0.1243
683 322 9 13 0.1229
657 317 18 24 0.1215
672 298 7 9 0.1205
409 291 8 10 0.1199
575 308 10 14 0.1187
466 281 8 9 0.1182
955 315 12 14 0.1167
744 287 5 7 0.1161
252 293 10 11 0.1159
770 306 8 10 0.1158
591 297 8 9 0.1144
764 339 16 26 0.1137
925 286 5 6 0.1130
1007 294 7 9 0.1126
355 292 9 10 0.1118
859 342 19 22 0.1115
59 277 6 7 0.1092
577 283 6 7 0.1088
942 295 8 10 0.1088
966 305 8 9 0.1084
42 270 7 8 0.1078
792 292 6 8 0.1074
840 296 7 9 0.1056
269 279 8 10 0.1053
685 324 9 11 0.1045
154 294 9 10 0.1045
580 283 6 7 0.1040
684 297 7 8 0.1038
289 297 10 12 0.1019
893 307 8 9 0.1005
634 308 9 11 0.0999
0 327 12 25 0.0998
41 270 6 7 0.0986
695 281 6 7 0.0985
619 287 9 10 0.0984
576 307 10 13 0.0981
776 286 6 7 0.0972
211 297 11 14 0.0969
1005 292 7 9 0.0968
220 283 7 9 0.0964
864 311 8 10 0.0962
230 296 11 12 0.0959
531 301 9 11 0.0958
599 288 6 7 0.0945
724 352 31 20 0.0940
42 287 9 11 0.0939
292 297 10 11 0.0938
622 286 8 9 0.0926
248 276 8 9 0.0924
590 295 7 8 0.0896
440 303 10 13 0.0888
79 271 7 7 0.0875
8 274 6 7 0.0872
631 308 9 11 0.0862
379 283 6 8 0.0858
24 302 10 13 0.0847
536 280 5 6 0.0828
954 316 14 17 0.0815
539 280 5 5 0.0814
946 295 7 9 0.0811
863 306 8 11 0.0810
674 298 8 9 0.0808
832 364 28 8 0.0807
881 355 25 17 0.0793
407 290 8 10 0.0788
320 307 13 17 0.0762
1010 322 11 13 0.0753
469 281 7 9 0.0751
380 284 8 8 0.0748
180 287 7 8 0.0747
863 343 18 21 0.0745
1 266 6 7 0.0745
9 275 6 8 0.0743
363 284 6 8 0.0741
1 302 8 14 0.0738
699 303 8 9 0.0735
911 342 21 20 0.0735
936 317 13 13 0.0716
272 280 8 10 0.0714
872 327 11 13 0.0709
959 317 14 16 0.0708
900 323 9 12 0.0707
201 316 11 16 0.0705
725 297 7 8 0.0704
812 285 5 6 0.0702
304 285 7 9 0.0694
393 296 9 12 0.0687
84 272 7 8 0.0686
523 295 7 9 0.0685
829 336 15 18 0.0672
906 299 6 7 0.0658
363 321 15 21 0.0658
245 303 15 18 0.0656
548 278 5 6 0.0655
616 298 10 12 0.0650
1002 302 7 9 0.0642
130 279 10 11 0.0639
59 275 7 8 0.0637
525 300 9 10 0.0630
986 294 8 8 0.0624
384 318 12 16 0.0621
974 296 7 8 0.0618
301 283 7 9 0.0615
780 292 6 7 0.0614
809 285 5 6 0.0606
794 287 5 7 0.0604
441 308 10 13 0.0600
59 275 7 8 0.0596
88 286 9 10 0.0595
511 289 6 8 0.0593
202 318 12 16 0.0588
728 352 29 20 0.0587
158 307 13 16 0.0587
151 293 9 11 0.0582
346 355 24 15 0.0581
82 304 9 11 0.0581
755 296 6 8 0.0579
978 320 11 13 0.0574
1009 322 11 13 0.0570
616 307 11 13 0.0567
671 315 13 16 0.0553
422 308 11 14 0.0552
440 300 9 11 0.0550
700 316 9 12 0.0549
390 295 9 10 0.0541
0 320 9 16 0.0541
249 304 15 19 0.0540
360 296 8 10 0.0540
163 322 16 18 0.0539
453 290 9 11 0.0537
316 280 7 10 0.0529
420 288 6 7 0.0527
232 296 11 13 0.0525
594 298 7 9 0.0523
440 283 6 8 0.0515
51 303 14 18 0.0509
754 289 5 7 0.0509
501 296 9 11 0.0507
39 271 7 8 0.0505
466 299 14 18 0.0499
389 296 11 12 0.0492
709 287 6 7 0.0486
156 293 10 13 0.0484
539 298 7 8 0.0484
313 281 7 9 0.0483
502 278 7 8 0.0474
635 281 6 7 0.0472
301 285 7 9 0.0469
115 268 6 8 0.0468
632 280 6 7 0.0466
832 367 30 5 0.0461
607 274 6 7 0.0460
339 279 7 8 0.0460
290 295 9 11 0.0457
742 307 9 11 0.0454
881 293 6 6 0.0453
796 291 6 8 0.0450
401 286 6 7 0.0448
703 317 9 11 0.0447
414 291 9 10 0.0446
387 315 12 16 0.0437
620 292 9 10 0.0435
593 296 7 9 0.0435
620 285 6 8 0.0427
929 287 6 6 0.0422
879 293 5 6 0.0418
37 288 10 12 0.0418
177 287 7 8 0.0418
82 272 7 8 0.0417
697 281 6 6 0.0413
579 308 11 13 0.0411
912 297 7 9 0.0411
575 284 6 7 0.0409
657 300 7 9 0.0409
987 299 8 12 0.0403
880 364 29 8 0.0402
896 319 10 13 0.0396
605 274 6 6 0.0395
823 299 8 10 0.0391
947 295 8 9 0.0390
418 288 5 7 0.0388
656 301 9 10 0.0387
77 274 8 9 0.0382
409 293 8 10 0.0379
636 282 6 7 0.0378
290 295 10 12 0.0372
932 316 12 13 0.0371
246 276 8 10 0.0366
910 341 19 18 0.0360
336 278 7 9 0.0357
692 282 5 6 0.0350
719 281 5 6 0.0350
927 295 8 10 0.0350
129 280 10 12 0.0347
827 342 21 18 0.0344
65 282 8 10 0.0343
373 271 6 6 0.0342
316 282 9 10 0.0340
824 283 5 6 0.0340
269 279 7 9 0.0339
87 287 9 11 0.0338
133 300 11 12 0.0329
664 277 5 5 0.0327
661 277 4 5 0.0326
344 302 9 11 0.0324
131 306 13 14 0.0322
112 269 6 8 0.0322
334 287 8 10 0.0321
84 304 9 12 0.0318
488 297 10 11 0.0316
559 292 8 9 0.0314
193 286 9 9 0.0310
880 295 7 7 0.0307
691 290 7 7 0.0306
160 318 16 18 0.0302
1013 341 10 20 0.0301
164 350 26 20 0.0292
738 332 18 21 0.0290
347 305 12 14 0.0288
836 296 8 9 0.0288
546 278 6 7 0.0287
129 276 8 9 0.0287
466 282 9 10 0.0285
55 308 18 21 0.0284
255 293 12 13 0.0282
845 296 8 8 0.0282
556 293 8 10 0.0279
255 309 20 24 0.0278
499 278 5 7 0.0275
1002 290 7 7 0.0273
340 315 13 17 0.0273
443 282 7 9 0.0273
610 274 5 7 0.0271
500 296 10 12 0.0267
726 353 33 19 0.0263
499 280 7 8 0.0263
802 297 7 8 0.0262
267 298 13 16 0.0257
315 280 7 8 0.0257
46 271 6 8 0.0257
739 329 15 18 0.0255
590 279 5 6 0.0254
162 308 12 15 0.0251
467 280 7 8 0.0246
759 309 11 12 0.0245
130 278 8 10 0.0244
246 276 7 8 0.0242
576 281 5 7 0.0241
720 279 5 6 0.0240
314 289 9 11 0.0236
114 274 7 9 0.0234
125 280 11 12 0.0233
322 305 12 15 0.0231
1007 337 15 21 0.0231
440 289 8 8 0.0229
252 275 6 9 0.0228
224 282 7 8 0.0226
547 276 5 7 0.0225
663 276 4 5 0.0222
756 322 11 14 0.0221
559 316 11 13 0.0220
500 276 6 6 0.0217
339 279 6 7 0.0217
84 305 9 11 0.0211
374 272 6 7 0.0211
605 275 6 7 0.0208
905 281 5 7 0.0207
470 282 8 9 0.0206
787 317 11 14 0.0204
66 287 10 10 0.0203
597 315 11 15 0.0202
830 286 6 6 0.0199
718 276 5 7 0.0198
738 308 9 11 0.0195
371 271 6 7 0.0193
241 309 14 21 0.0192
217 285 8 9 0.0191
909 284 5 6 0.0188
299 330 18 23 0.0187
480 273 6 7 0.0185
795 317 10 12 0.0184
2 320 14 20 0.0183
775 283 5 6 0.0183
553 292 7 9 0.0180
923 341 18 20 0.0179
13 286 9 11 0.0179
565 293 7 10 0.0178
371 272 6 7 0.0175
289 279 7 9 0.0175
485 273 5 6 0.0174
391 313 14 18 0.0174
660 276 5 5 0.0173
825 287 6 7 0.0172
571 275 5 6 0.0169
522 335 16 19 0.0168
94 284 8 11 0.0168
219 277 8 9 0.0166
194 294 11 13 0.0166
629 280 6 7 0.0165
998 335 15 19 0.0164
653 278 5 6 0.0162
886 284 5 5 0.0158
836 326 15 19 0.0157
758 340 20 25 0.0157
896 339 14 16 0.0156
797 314 9 12 0.0156
709 307 8 10 0.0155
771 343 19 27 0.0155
543 277 5 6 0.0154
669 278 5 6 0.0151
59 302 15 18 0.0148
261 308 17 22 0.0147
309 325 17 23 0.0143
31 306 17 20 0.0142
887 320 9 12 0.0142
538 311 11 13 0.0140
535 276 5 6 0.0138
884 366 28 6 0.0136
575 275 5 6 0.0136
341 362 31 10 0.0135
782 325 11 14 0.0135
733 327 18 22 0.0134
309 321 16 22 0.0134
442 281 6 7 0.0134
527 278 6 7 0.0132
107 262 5 7 0.0131
489 306 14 19 0.0129
442 310 10 13 0.0128
0 343 8 22 0.0127
506 276 6 7 0.0126
261 319 16 20 0.0125
626 312 13 14 0.0124
222 269 7 8 0.0123
292 276 7 7 0.0120
252 313 22 25 0.0120
693 277 6 7 0.0115
990 291 6 7 0.0115
835 366 33 6 0.0114
152 355 28 17 0.0113
271 276 7 8 0.0112
377 273 6 7 0.0109
842 288 6 7 0.0109
769 348 16 23 0.0108
55 259 6 6 0.0107
338 317 13 16 0.0106
370 317 12 17 0.0105
673 346 15 19 0.0103
305 300 11 13 0.0102
556 321 13 15 0.0101
1017 287 6 8 0.0101
