0_Parade_Parade_0_611
47
303 169 37 57 0.8773
414 138 37 53 0.8760
589 152 36 50 0.8702
156 164 31 49 0.8664
72 196 23 30 0.8399
500 198 22 39 0.7740
262 197 22 31 0.7090
174 221 17 23 0.6754
918 223 15 18 0.6754
659 198 15 27 0.5656
615 186 19 29 0.5268
760 207 12 23 0.4558
531 208 16 26 0.4492
763 207 11 22 0.3436
528 208 17 27 0.3387
687 215 12 16 0.3332
657 198 15 26 0.3301
619 187 17 28 0.2698
784 249 9 10 0.2455
950 233 12 15 0.2394
684 215 12 15 0.2301
949 232 11 14 0.2076
786 248 9 11 0.1887
722 230 9 12 0.1665
724 230 10 12 0.1499
262 197 23 31 0.1155
783 248 8 11 0.1100
782 249 9 10 0.0987
953 234 11 14 0.0929
952 232 12 14 0.0805
0 238 8 15 0.0581
786 248 8 10 0.0558
916 223 14 18 0.0521
611 179 21 33 0.0390
723 233 9 11 0.0281
170 220 19 24 0.0256
0 257 7 13 0.0234
726 232 9 11 0.0206
205 236 13 15 0.0182
452 181 14 21 0.0140
723 227 10 12 0.0136
782 265 8 10 0.0113
1 260 8 13 0.0112
696 254 9 13 0.0111
204 232 13 15 0.0108
88 220 14 18 0.0104
690 216 10 14 0.0103
