0_Parade_Parade_0_68
405
500 418 14 17 0.5591
711 421 17 20 0.5363
409 421 14 15 0.4921
453 390 13 15 0.3981
525 367 11 13 0.3768
637 385 12 13 0.3596
655 376 10 12 0.3378
870 420 14 16 0.3367
456 390 13 16 0.3212
585 365 11 12 0.3095
179 373 11 12 0.2872
293 367 9 11 0.2798
229 358 9 11 0.2707
448 360 10 12 0.2669
154 356 10 12 0.2651
87 357 9 12 0.2635
116 376 12 15 0.2571
572 384 11 14 0.2568
391 472 15 18 0.2528
274 394 10 13 0.2514
582 364 11 13 0.2479
277 394 10 12 0.2430
83 357 10 12 0.2430
312 451 13 14 0.2409
255 354 9 10 0.2370
151 357 10 11 0.2286
569 384 11 13 0.2241
347 367 9 11 0.2217
226 358 9 11 0.2136
730 366 11 13 0.2132
289 367 9 11 0.2083
796 382 13 15 0.2025
749 325 10 11 0.2015
252 354 8 10 0.1996
523 367 11 13 0.1918
182 352 9 10 0.1913
641 428 13 15 0.1904
550 314 8 10 0.1837
752 325 10 11 0.1795
446 361 10 11 0.1768
634 384 12 14 0.1763
714 422 16 20 0.1737
450 439 14 15 0.1729
315 451 13 14 0.1723
354 405 11 13 0.1705
217 403 11 13 0.1701
118 342 10 11 0.1695
343 367 9 11 0.1684
414 376 10 13 0.1670
314 449 13 15 0.1666
796 448 12 15 0.1663
325 363 8 10 0.1653
351 405 11 13 0.1645
547 314 8 10 0.1640
713 386 11 13 0.1632
311 449 13 15 0.1569
121 343 10 10 0.1523
659 313 10 11 0.1467
388 472 15 19 0.1430
663 313 10 11 0.1364
80 382 13 16 0.1361
417 376 10 13 0.1351
322 362 9 10 0.1335
384 359 9 12 0.1323
653 375 10 13 0.1298
707 315 9 11 0.1278
870 392 11 13 0.1237
214 403 11 13 0.1225
180 350 9 11 0.1215
554 290 8 9 0.1212
710 385 11 14 0.1199
799 448 12 15 0.1192
315 416 12 16 0.1167
728 367 10 12 0.1166
577 295 9 10 0.1159
312 415 13 16 0.1133
795 417 12 14 0.1127
504 419 13 16 0.1110
332 411 12 13 0.1102
179 353 9 10 0.1095
506 372 9 11 0.1037
232 397 12 13 0.1007
389 474 15 18 0.0996
393 374 12 14 0.0982
714 387 12 14 0.0979
502 395 12 13 0.0976
575 295 8 10 0.0962
114 376 10 14 0.0918
412 304 9 11 0.0898
84 382 12 15 0.0895
233 401 12 13 0.0893
704 315 9 11 0.0873
662 311 10 11 0.0872
847 327 10 11 0.0864
381 358 9 12 0.0859
360 300 10 11 0.0853
390 375 11 14 0.0835
393 475 15 17 0.0815
528 367 10 13 0.0813
797 315 11 12 0.0800
711 387 12 14 0.0781
717 306 9 10 0.0779
733 367 10 12 0.0763
497 457 16 19 0.0756
359 297 9 11 0.0717
587 342 9 12 0.0716
357 301 9 11 0.0711
659 311 10 11 0.0689
181 373 11 14 0.0684
800 382 13 16 0.0683
668 339 11 14 0.0674
325 359 9 12 0.0672
415 305 8 10 0.0669
344 365 9 12 0.0663
579 296 8 10 0.0653
502 305 9 11 0.0636
450 361 10 12 0.0635
119 378 11 14 0.0633
506 395 12 14 0.0631
801 315 10 12 0.0627
335 412 12 14 0.0614
392 373 10 13 0.0609
751 323 10 12 0.0601
502 476 15 21 0.0600
407 395 12 14 0.0596
449 437 13 14 0.0587
183 349 9 11 0.0581
748 323 10 12 0.0571
410 304 8 11 0.0562
576 297 7 9 0.0556
400 402 13 16 0.0553
114 374 12 14 0.0548
593 404 11 13 0.0532
584 342 9 11 0.0529
327 340 8 10 0.0524
324 340 8 10 0.0522
311 410 12 15 0.0520
547 289 8 10 0.0518
151 401 13 15 0.0518
420 472 14 16 0.0513
182 372 11 13 0.0510
236 398 11 13 0.0506
314 410 12 15 0.0503
253 331 7 9 0.0501
509 373 9 10 0.0497
850 327 10 11 0.0491
451 359 9 12 0.0489
727 312 9 10 0.0484
551 289 8 9 0.0483
645 428 12 15 0.0473
798 450 12 14 0.0471
117 339 10 11 0.0469
256 331 7 9 0.0464
415 284 7 8 0.0461
413 283 7 8 0.0460
672 340 9 13 0.0453
504 306 9 10 0.0451
179 350 8 11 0.0450
510 282 8 9 0.0438
723 309 10 11 0.0429
156 358 10 11 0.0422
852 395 9 11 0.0417
639 386 12 13 0.0417
406 364 10 11 0.0414
412 420 14 16 0.0412
446 362 10 11 0.0409
390 389 11 13 0.0407
235 399 12 14 0.0403
507 283 8 9 0.0398
798 386 13 15 0.0380
321 363 9 10 0.0380
856 393 12 13 0.0377
650 376 11 14 0.0376
344 368 9 11 0.0374
596 404 11 13 0.0373
392 373 10 13 0.0373
237 401 11 11 0.0370
321 506 16 17 0.0365
184 352 9 11 0.0364
506 374 10 11 0.0362
402 396 13 15 0.0361
426 288 8 9 0.0360
657 376 10 13 0.0360
454 439 13 15 0.0359
363 263 8 10 0.0359
182 352 9 11 0.0348
366 263 8 9 0.0345
871 423 15 18 0.0340
177 372 10 13 0.0340
873 421 13 16 0.0339
609 402 12 14 0.0338
407 420 12 15 0.0336
253 382 10 13 0.0314
153 334 7 10 0.0314
291 365 9 11 0.0311
617 271 7 9 0.0307
430 288 8 9 0.0306
293 345 7 10 0.0302
232 359 9 11 0.0300
710 311 9 11 0.0298
150 395 14 16 0.0298
121 339 9 10 0.0296
215 402 11 13 0.0295
506 476 15 20 0.0293
370 291 8 9 0.0291
403 363 10 12 0.0289
627 288 9 10 0.0289
755 278 6 7 0.0288
548 312 9 11 0.0287
861 384 13 16 0.0282
798 418 13 15 0.0280
707 311 8 11 0.0280
752 279 5 6 0.0280
635 386 12 14 0.0270
615 271 7 9 0.0269
656 375 10 12 0.0269
521 369 11 12 0.0267
291 369 9 11 0.0267
290 345 7 10 0.0265
415 376 10 12 0.0265
576 296 8 10 0.0264
149 401 11 15 0.0260
323 340 8 9 0.0259
796 292 9 11 0.0253
865 385 13 16 0.0252
502 314 9 10 0.0251
12 308 8 8 0.0251
413 420 13 16 0.0250
544 313 9 9 0.0249
15 308 7 8 0.0247
152 359 9 11 0.0246
410 283 7 8 0.0239
704 295 7 10 0.0238
240 368 10 13 0.0238
570 387 10 12 0.0235
19 307 6 9 0.0234
805 389 11 13 0.0233
349 400 11 13 0.0232
543 288 8 9 0.0231
256 353 9 10 0.0230
639 424 14 16 0.0230
754 278 5 6 0.0228
113 376 12 14 0.0227
801 450 12 14 0.0227
799 292 8 10 0.0226
253 353 9 9 0.0225
619 272 7 9 0.0224
89 359 9 11 0.0224
156 355 9 11 0.0223
852 396 12 13 0.0223
624 288 8 10 0.0223
580 293 9 11 0.0222
500 305 8 10 0.0220
369 274 7 9 0.0220
416 375 9 12 0.0218
227 360 9 11 0.0217
183 372 11 13 0.0215
797 420 12 15 0.0214
356 297 9 10 0.0214
846 325 9 11 0.0213
700 295 8 10 0.0213
579 283 7 9 0.0209
548 316 9 10 0.0208
356 282 7 9 0.0207
385 361 9 10 0.0206
81 385 13 17 0.0205
291 347 9 11 0.0204
85 356 10 11 0.0204
667 336 10 13 0.0204
373 366 8 10 0.0204
789 419 11 13 0.0203
874 419 13 16 0.0202
326 339 8 9 0.0202
755 290 8 9 0.0197
751 290 8 9 0.0196
353 401 10 13 0.0195
314 419 13 16 0.0195
596 402 11 13 0.0194
644 426 14 16 0.0194
415 302 9 11 0.0193
628 311 9 12 0.0193
152 386 12 15 0.0192
552 293 8 9 0.0192
705 316 9 10 0.0191
727 370 11 13 0.0191
574 387 10 12 0.0190
455 435 13 15 0.0190
328 507 14 15 0.0187
574 325 8 9 0.0187
412 396 10 13 0.0186
844 327 10 10 0.0185
361 298 9 11 0.0185
155 334 8 9 0.0185
414 307 8 10 0.0184
872 439 12 14 0.0184
756 306 9 11 0.0184
750 324 11 12 0.0183
751 278 6 6 0.0182
584 362 10 13 0.0182
591 318 9 10 0.0181
867 420 12 15 0.0179
581 362 10 13 0.0179
512 283 7 9 0.0178
462 313 10 12 0.0176
99 341 9 10 0.0175
801 311 9 11 0.0175
334 371 8 10 0.0171
288 365 9 11 0.0171
117 343 9 10 0.0170
552 427 13 17 0.0169
871 395 11 13 0.0168
177 374 11 13 0.0168
435 391 13 15 0.0164
184 374 10 13 0.0164
216 400 11 13 0.0164
84 360 11 11 0.0163
378 382 10 13 0.0162
497 420 13 15 0.0162
249 382 11 13 0.0161
122 319 7 10 0.0160
508 285 8 9 0.0159
799 449 12 14 0.0158
420 474 17 19 0.0158
398 400 10 14 0.0157
802 428 13 15 0.0157
274 397 11 13 0.0156
428 288 7 8 0.0155
555 289 8 9 0.0152
718 304 8 9 0.0152
348 403 10 13 0.0152
718 283 8 10 0.0151
878 397 11 14 0.0151
573 322 8 10 0.0151
849 326 10 11 0.0150
650 402 13 17 0.0149
473 282 9 11 0.0147
570 321 9 10 0.0147
797 426 13 15 0.0146
793 413 12 14 0.0146
800 318 10 12 0.0145
87 335 8 10 0.0144
687 322 9 10 0.0144
413 374 10 13 0.0143
321 362 8 10 0.0143
798 312 9 11 0.0141
358 403 10 14 0.0140
798 378 13 15 0.0140
627 304 11 13 0.0139
850 325 9 10 0.0137
359 282 8 9 0.0136
501 304 9 10 0.0135
881 402 11 13 0.0135
417 276 8 10 0.0135
366 261 6 9 0.0134
498 465 17 21 0.0134
499 314 8 10 0.0133
501 397 11 13 0.0132
404 400 14 15 0.0131
421 271 8 10 0.0131
519 316 8 9 0.0130
147 394 13 16 0.0129
252 388 11 14 0.0129
251 353 7 10 0.0126
465 276 8 10 0.0125
615 273 8 9 0.0125
119 320 8 9 0.0124
793 294 9 10 0.0124
798 294 9 11 0.0123
462 307 10 12 0.0121
549 268 7 8 0.0120
702 297 8 9 0.0120
459 313 10 11 0.0120
461 277 8 11 0.0120
462 373 10 12 0.0119
622 273 7 8 0.0119
225 335 7 9 0.0118
363 261 7 9 0.0118
872 399 13 16 0.0117
572 325 8 10 0.0117
547 268 6 8 0.0117
584 268 6 8 0.0116
96 340 8 11 0.0115
417 473 14 17 0.0115
556 371 10 13 0.0115
362 300 9 10 0.0114
415 279 9 10 0.0114
671 337 9 12 0.0113
811 391 9 12 0.0112
464 422 12 14 0.0111
717 331 9 11 0.0111
715 282 8 10 0.0111
119 373 12 14 0.0111
232 358 9 10 0.0110
350 367 9 10 0.0110
323 365 8 9 0.0110
238 379 10 12 0.0107
120 285 7 8 0.0107
514 269 7 9 0.0106
295 385 9 11 0.0106
616 312 9 10 0.0106
536 379 9 11 0.0104
515 315 8 10 0.0102
753 292 8 10 0.0102
511 269 7 8 0.0101
582 268 5 8 0.0100
