0_Parade_marchingband_1_410
1443
696 481 29 48 0.8475
877 446 30 48 0.8454
313 479 20 31 0.8180
465 486 22 35 0.8014
178 492 18 30 0.7822
564 465 24 38 0.7781
1012 339 12 17 0.7511
88 503 17 27 0.7458
266 479 15 18 0.7270
385 479 21 34 0.7000
728 349 14 16 0.6992
0 106 11 15 0.6931
141 486 14 20 0.6910
331 449 15 19 0.6773
60 460 15 19 0.6773
243 238 12 16 0.6650
27 326 13 18 0.6508
998 277 13 17 0.6343
221 479 20 32 0.6334
257 314 12 15 0.6168
0 18 8 15 0.6167
178 258 12 16 0.6163
27 311 14 15 0.6162
140 176 13 15 0.6145
653 397 13 17 0.6121
49 487 14 18 0.6009
809 273 14 17 0.5977
39 110 13 17 0.5975
49 130 13 16 0.5974
216 309 13 17 0.5956
283 285 13 17 0.5952
795 482 17 28 0.5940
650 415 13 17 0.5914
917 46 11 14 0.5901
627 224 12 16 0.5883
239 294 12 17 0.5881
833 174 12 16 0.5848
680 155 12 16 0.5799
647 290 12 15 0.5756
75 83 12 16 0.5748
783 225 12 16 0.5698
830 299 12 16 0.5686
0 162 8 14 0.5685
521 170 14 18 0.5683
412 431 15 21 0.5679
272 269 14 17 0.5641
170 462 13 18 0.5619
168 312 12 15 0.5601
268 330 12 16 0.5591
688 322 12 17 0.5577
640 336 11 15 0.5533
984 212 11 16 0.5518
986 414 14 17 0.5507
254 380 13 17 0.5464
549 151 12 14 0.5457
793 298 12 15 0.5454
500 133 13 16 0.5418
217 469 13 18 0.5414
100 144 12 15 0.5394
471 129 12 15 0.5386
359 316 13 15 0.5386
615 377 13 17 0.5364
779 334 11 16 0.5359
141 146 12 15 0.5355
885 314 11 16 0.5342
803 317 12 15 0.5324
970 334 13 16 0.5310
576 130 12 16 0.5303
566 334 13 16 0.5294
661 219 13 17 0.5288
611 171 12 14 0.5270
111 314 13 16 0.5269
75 311 12 17 0.5263
169 227 13 19 0.5246
228 138 12 15 0.5216
265 253 12 16 0.5213
743 192 13 15 0.5212
239 338 13 16 0.5196
117 212 12 15 0.5162
473 77 12 15 0.5136
127 460 13 18 0.5131
756 385 12 17 0.5126
770 122 12 15 0.5109
123 334 13 16 0.5106
55 403 13 15 0.5091
150 287 13 15 0.5087
577 112 12 16 0.5076
667 332 11 16 0.5076
128 232 12 15 0.5068
213 237 12 15 0.5063
73 244 16 19 0.5061
976 435 13 18 0.5061
422 42 11 15 0.5049
495 111 11 16 0.5034
679 262 12 14 0.5032
141 366 12 14 0.4997
15 136 13 16 0.4975
1 207 11 14 0.4975
100 416 12 17 0.4967
202 216 11 17 0.4946
24 218 13 16 0.4927
827 340 12 17 0.4920
985 136 11 14 0.4916
599 60 11 14 0.4902
179 151 11 14 0.4893
242 214 13 17 0.4892
231 425 12 16 0.4889
163 378 13 15 0.4882
140 386 12 16 0.4878
688 66 10 14 0.4875
589 155 11 13 0.4847
549 39 10 14 0.4847
0 261 6 16 0.4838
753 399 13 18 0.4805
738 123 11 14 0.4805
752 279 14 18 0.4795
27 72 11 14 0.4781
194 13 12 17 0.4780
387 97 12 16 0.4778
897 211 12 15 0.4775
208 39 12 16 0.4759
923 282 12 15 0.4757
86 211 15 17 0.4756
340 465 15 20 0.4751
264 144 12 14 0.4739
665 120 11 14 0.4735
566 378 14 16 0.4730
840 131 10 13 0.4729
894 69 11 14 0.4711
405 347 14 17 0.4705
17 500 19 26 0.4703
652 318 11 16 0.4687
148 73 11 15 0.4652
571 169 12 14 0.4647
204 377 12 14 0.4640
725 161 12 14 0.4615
808 131 12 14 0.4609
996 443 12 20 0.4601
559 57 11 13 0.4601
129 34 11 14 0.4557
659 67 10 13 0.4555
51 32 11 12 0.4532
945 133 10 12 0.4532
660 172 11 14 0.4529
22 55 11 13 0.4524
349 413 13 15 0.4502
791 376 14 16 0.4499
66 67 10 15 0.4497
739 155 12 16 0.4491
361 84 10 12 0.4486
311 413 12 16 0.4482
40 344 15 18 0.4470
632 289 12 15 0.4467
98 51 11 14 0.4460
938 28 11 15 0.4449
916 320 13 16 0.4447
141 48 12 16 0.4442
457 38 11 15 0.4442
473 26 12 15 0.4414
168 30 11 15 0.4399
868 444 15 22 0.4395
930 246 12 14 0.4392
284 112 12 14 0.4391
639 134 11 13 0.4376
718 67 10 14 0.4373
744 262 13 16 0.4372
311 335 13 18 0.4364
356 0 11 12 0.4363
779 90 11 14 0.4345
670 471 13 19 0.4343
328 319 12 17 0.4342
349 350 12 16 0.4337
943 215 11 15 0.4315
277 435 13 18 0.4304
89 334 11 14 0.4301
640 97 11 16 0.4294
16 500 18 27 0.4292
219 255 13 15 0.4276
935 121 11 14 0.4271
985 0 11 8 0.4260
540 66 11 15 0.4256
904 336 12 16 0.4251
933 71 11 13 0.4246
496 314 11 17 0.4238
400 4 11 15 0.4227
245 122 10 13 0.4215
389 413 13 16 0.4197
264 76 11 16 0.4182
693 122 12 14 0.4170
967 297 13 17 0.4160
384 77 11 14 0.4158
434 418 13 17 0.4155
617 116 11 15 0.4150
1011 178 10 12 0.4146
822 106 11 13 0.4144
240 16 11 15 0.4135
155 215 13 16 0.4115
864 210 12 15 0.4102
808 87 11 13 0.4088
38 226 13 16 0.4085
456 7 11 14 0.4069
932 302 11 14 0.4059
391 412 13 17 0.4051
848 279 12 17 0.4049
275 435 13 18 0.4039
221 325 13 15 0.4032
901 336 12 16 0.4019
872 31 9 13 0.4015
610 394 13 15 0.4008
509 24 10 12 0.4007
907 43 10 13 0.4001
842 83 12 14 0.3988
394 41 11 15 0.3982
505 5 11 13 0.3977
402 4 10 14 0.3971
433 9 10 14 0.3969
705 190 12 16 0.3967
220 479 20 32 0.3963
251 35 12 15 0.3948
45 9 11 13 0.3926
825 106 10 14 0.3917
356 23 13 15 0.3913
639 150 12 16 0.3904
313 335 12 18 0.3897
908 0 10 11 0.3896
425 95 11 14 0.3886
653 278 11 15 0.3876
542 66 10 15 0.3872
904 43 10 13 0.3858
589 0 10 8 0.3858
62 54 10 13 0.3839
327 28 10 12 0.3814
914 320 13 16 0.3800
221 74 12 14 0.3793
610 338 12 14 0.3787
237 16 11 14 0.3744
439 257 12 18 0.3711
965 296 13 18 0.3707
243 446 12 16 0.3705
94 177 13 17 0.3705
602 292 11 14 0.3696
179 49 12 15 0.3685
183 178 13 15 0.3685
274 269 14 17 0.3665
926 246 13 15 0.3648
861 210 12 15 0.3643
824 340 13 17 0.3638
656 66 11 14 0.3629
837 131 11 14 0.3613
22 85 12 14 0.3613
607 393 13 16 0.3612
696 122 11 14 0.3603
248 35 12 15 0.3603
661 9 11 13 0.3599
420 323 10 14 0.3584
472 23 12 15 0.3569
284 148 11 15 0.3560
941 28 11 15 0.3560
338 466 14 19 0.3549
616 7 10 12 0.3547
556 174 11 14 0.3541
78 12 11 14 0.3536
503 5 11 13 0.3513
930 71 11 13 0.3504
872 0 10 10 0.3503
493 314 11 17 0.3503
211 39 11 16 0.3501
245 446 13 17 0.3494
579 25 11 15 0.3483
313 413 13 16 0.3470
389 97 12 16 0.3466
445 365 13 16 0.3465
306 48 12 15 0.3441
635 289 11 15 0.3433
959 159 10 12 0.3407
964 245 12 14 0.3402
834 0 12 9 0.3382
91 33 10 13 0.3379
95 51 12 15 0.3362
891 69 11 14 0.3350
276 408 13 15 0.3337
181 74 11 14 0.3332
224 74 12 14 0.3317
261 76 11 16 0.3314
707 190 12 16 0.3311
776 90 11 14 0.3308
492 111 12 16 0.3305
967 245 12 14 0.3301
568 170 12 13 0.3291
428 95 11 13 0.3289
442 257 12 17 0.3284
811 87 11 13 0.3277
637 336 11 15 0.3273
97 178 12 16 0.3265
619 116 11 15 0.3263
453 7 11 14 0.3260
197 14 11 15 0.3250
146 73 11 15 0.3243
940 215 12 15 0.3232
172 462 14 18 0.3229
839 83 11 14 0.3221
19 84 12 16 0.3217
772 122 11 15 0.3214
352 413 12 15 0.3209
120 334 13 16 0.3198
224 325 12 16 0.3196
607 338 12 14 0.3191
43 8 11 14 0.3161
942 133 10 13 0.3155
308 164 12 15 0.3134
685 66 10 14 0.3128
546 25 10 12 0.3123
869 31 9 13 0.3113
236 338 13 16 0.3110
965 174 9 12 0.3109
341 429 13 16 0.3089
18 136 12 16 0.3087
715 67 10 14 0.3080
143 267 12 15 0.3078
722 161 12 14 0.3078
512 76 10 14 0.3076
933 121 10 14 0.3075
243 216 13 16 0.3069
736 123 10 14 0.3061
658 172 11 14 0.3059
969 79 11 17 0.3057
287 148 11 14 0.3041
47 130 12 16 0.3030
623 67 8 11 0.3018
516 320 10 15 0.3002
321 10 12 14 0.2999
202 377 11 14 0.2999
887 314 11 16 0.2998
853 263 11 16 0.2967
261 144 12 14 0.2959
119 212 12 15 0.2956
402 347 13 17 0.2953
569 378 14 16 0.2951
114 3 10 11 0.2947
58 403 12 15 0.2940
72 311 12 17 0.2932
567 23 10 11 0.2931
968 174 9 12 0.2922
658 219 13 17 0.2915
569 334 12 16 0.2912
981 212 11 16 0.2911
968 334 12 16 0.2906
807 397 12 16 0.2895
48 31 11 13 0.2888
557 57 11 13 0.2887
125 232 12 15 0.2886
182 177 12 15 0.2873
596 59 11 15 0.2863
785 225 12 15 0.2862
419 42 11 15 0.2857
274 408 12 15 0.2855
937 5 9 12 0.2851
126 175 11 13 0.2850
351 350 12 16 0.2820
882 47 11 14 0.2816
971 121 10 13 0.2814
850 263 12 15 0.2802
662 120 11 14 0.2796
338 429 13 16 0.2792
184 74 11 13 0.2790
325 29 10 12 0.2785
546 39 11 14 0.2780
454 38 12 15 0.2778
550 0 11 6 0.2770
801 316 11 16 0.2750
29 72 11 14 0.2748
828 299 11 16 0.2746
80 210 14 17 0.2745
144 48 12 15 0.2737
653 319 11 15 0.2734
97 416 12 16 0.2733
108 314 13 15 0.2725
605 76 10 12 0.2723
158 216 12 16 0.2722
685 322 12 17 0.2721
1007 155 11 14 0.2708
211 237 11 15 0.2706
262 253 12 16 0.2705
325 319 13 17 0.2704
638 62 10 14 0.2700
940 4 9 12 0.2699
512 75 9 14 0.2693
542 24 11 12 0.2681
608 171 12 14 0.2631
956 159 10 12 0.2625
242 122 11 13 0.2618
945 190 9 13 0.2618
846 202 11 13 0.2614
506 23 11 13 0.2610
157 13 11 14 0.2609
900 211 11 15 0.2603
273 408 14 17 0.2603
847 279 12 16 0.2598
287 112 11 14 0.2594
785 183 12 15 0.2593
766 362 12 15 0.2592
672 470 13 21 0.2586
171 31 11 14 0.2582
181 50 12 15 0.2577
662 47 11 15 0.2565
875 0 10 10 0.2560
812 274 13 16 0.2551
969 120 9 13 0.2548
87 334 10 14 0.2537
176 151 11 14 0.2531
285 285 12 17 0.2512
835 175 12 15 0.2508
614 7 9 12 0.2503
417 323 10 14 0.2484
66 0 11 12 0.2479
236 294 13 17 0.2474
146 267 12 14 0.2473
468 129 12 15 0.2468
633 154 12 16 0.2463
657 447 12 15 0.2455
639 63 9 13 0.2431
97 144 12 15 0.2418
982 0 11 9 0.2413
704 387 15 19 0.2408
1018 137 6 14 0.2406
29 0 12 10 0.2399
982 136 11 14 0.2394
579 112 12 15 0.2392
814 165 11 14 0.2390
65 225 12 15 0.2380
20 55 10 13 0.2377
175 258 12 16 0.2355
636 134 11 13 0.2338
837 319 12 15 0.2338
111 3 10 11 0.2326
656 446 12 15 0.2325
181 348 10 14 0.2320
608 76 9 12 0.2313
38 343 15 17 0.2281
147 287 13 15 0.2275
776 334 12 16 0.2267
790 298 12 15 0.2262
160 378 13 15 0.2249
720 247 11 15 0.2244
866 443 15 22 0.2240
574 130 11 15 0.2237
443 365 12 16 0.2234
676 262 12 13 0.2227
72 83 12 15 0.2227
750 399 13 18 0.2226
69 0 10 12 0.2219
839 319 12 15 0.2213
906 0 10 11 0.2211
966 79 11 16 0.2207
789 112 10 12 0.2206
929 301 12 15 0.2200
199 216 12 17 0.2187
788 183 12 15 0.2180
787 111 10 13 0.2170
406 136 12 14 0.2149
996 180 9 12 0.2146
979 435 13 18 0.2145
68 68 10 13 0.2143
22 218 12 15 0.2139
382 131 12 14 0.2125
674 97 9 13 0.2125
158 417 11 14 0.2115
647 415 13 17 0.2114
246 122 10 13 0.2106
59 54 10 13 0.2104
127 33 11 14 0.2102
470 77 12 15 0.2092
144 268 13 15 0.2068
255 0 11 11 0.2062
137 386 12 16 0.2061
336 258 11 15 0.2060
838 0 11 9 0.2059
582 25 10 14 0.2051
547 150 11 15 0.2044
167 226 14 19 0.2037
664 332 12 16 0.2032
283 373 11 16 0.2025
170 312 11 15 0.2022
391 42 11 14 0.2002
810 165 12 14 0.1995
381 78 10 14 0.1991
75 12 11 14 0.1991
586 0 10 8 0.1981
160 13 10 13 0.1981
337 285 11 17 0.1955
746 262 12 16 0.1929
620 66 9 12 0.1925
310 165 12 15 0.1921
123 175 11 13 0.1915
139 146 11 15 0.1915
810 131 11 14 0.1911
1004 155 11 14 0.1901
915 129 10 13 0.1897
449 317 11 19 0.1893
69 0 12 11 0.1882
228 425 12 15 0.1871
873 129 10 13 0.1871
429 9 11 14 0.1870
603 321 11 14 0.1864
1008 177 10 13 0.1857
633 474 12 15 0.1853
196 417 11 16 0.1849
648 9 11 14 0.1831
624 224 12 15 0.1830
215 468 12 18 0.1827
123 460 13 18 0.1822
682 156 12 17 0.1821
759 385 11 16 0.1817
671 96 10 14 0.1814
32 0 10 13 0.1805
101 390 12 16 0.1790
490 460 16 22 0.1784
32 0 11 10 0.1783
645 7 11 15 0.1782
659 47 11 15 0.1780
783 8 9 11 0.1779
836 317 12 16 0.1775
993 180 9 11 0.1767
541 183 12 15 0.1759
185 177 12 15 0.1749
748 279 15 18 0.1747
42 226 12 15 0.1743
586 155 11 14 0.1742
63 67 11 15 0.1742
131 13 10 13 0.1734
312 164 11 15 0.1728
599 23 9 12 0.1725
447 317 11 18 0.1714
354 0 11 12 0.1687
303 48 11 14 0.1686
637 474 10 15 0.1685
158 216 12 15 0.1678
383 77 11 13 0.1675
3 404 11 15 0.1674
139 366 11 13 0.1665
214 309 12 17 0.1656
839 318 12 15 0.1652
650 11 11 13 0.1648
577 24 11 15 0.1646
114 449 12 16 0.1642
850 280 12 16 0.1635
998 443 13 20 0.1621
637 97 12 15 0.1621
17 25 9 13 0.1614
339 258 11 15 0.1605
660 446 10 15 0.1602
750 279 14 17 0.1597
359 107 11 13 0.1596
254 313 12 16 0.1586
340 286 11 16 0.1584
518 169 14 19 0.1584
798 483 18 27 0.1580
913 130 10 12 0.1579
160 12 9 13 0.1579
941 190 10 13 0.1576
199 418 10 15 0.1573
566 31 9 13 0.1571
225 137 12 16 0.1563
806 132 11 13 0.1545
865 445 15 20 0.1542
402 136 13 14 0.1539
20 288 10 15 0.1527
129 12 10 12 0.1504
587 153 12 14 0.1499
227 46 11 14 0.1498
381 464 14 18 0.1492
241 238 11 16 0.1491
785 7 9 12 0.1477
870 128 10 12 0.1473
156 13 10 13 0.1456
549 0 10 5 0.1441
493 460 16 21 0.1431
276 409 13 16 0.1422
635 62 10 13 0.1421
618 377 12 16 0.1419
144 146 10 15 0.1418
41 110 12 16 0.1412
897 136 10 13 0.1410
491 282 12 17 0.1399
992 179 9 11 0.1398
290 93 10 13 0.1388
76 12 10 13 0.1375
618 6 9 12 0.1373
509 77 9 13 0.1349
362 316 12 15 0.1348
190 453 11 14 0.1336
22 288 11 15 0.1334
353 23 11 15 0.1330
161 417 11 14 0.1324
5 129 12 14 0.1321
178 349 10 13 0.1319
503 133 12 17 0.1306
218 254 12 14 0.1304
358 84 10 12 0.1302
379 251 13 17 0.1287
410 431 15 21 0.1281
111 449 11 15 0.1271
358 24 12 15 0.1257
989 414 12 16 0.1256
594 172 12 14 0.1249
492 69 10 14 0.1246
519 320 11 15 0.1245
601 24 9 12 0.1243
647 11 11 14 0.1237
1019 141 5 12 0.1229
650 278 11 15 0.1222
70 244 15 18 0.1215
723 248 11 14 0.1207
605 291 10 14 0.1205
346 118 9 11 0.1203
98 390 12 17 0.1194
812 166 12 14 0.1188
474 280 10 12 0.1184
669 471 12 18 0.1179
143 48 13 17 0.1162
495 281 12 17 0.1159
171 227 12 17 0.1158
651 397 12 17 0.1156
650 318 11 15 0.1150
233 425 11 15 0.1149
287 93 10 14 0.1141
895 211 11 14 0.1133
614 95 9 12 0.1128
741 191 12 16 0.1116
700 6 8 11 0.1114
419 96 11 14 0.1107
708 190 11 15 0.1098
375 250 12 17 0.1090
531 15 9 12 0.1090
357 0 11 13 0.1089
469 313 9 16 0.1082
219 414 13 16 0.1079
664 11 10 11 0.1073
93 177 12 16 0.1066
879 46 11 14 0.1064
466 313 10 16 0.1062
334 123 9 13 0.1053
788 376 13 17 0.1051
246 445 13 16 0.1050
331 9 11 13 0.1048
269 331 13 15 0.1047
804 397 11 15 0.1045
220 127 11 13 0.1043
600 292 10 14 0.1042
386 479 22 34 0.1040
881 31 10 13 0.1036
88 32 10 13 0.1035
627 448 15 22 0.1032
697 6 9 12 0.1029
193 303 11 15 0.1029
14 24 10 12 0.1014
640 151 12 17 0.1008
252 380 12 17 0.1007
256 0 11 13 0.1003
912 128 10 12 0.0995
910 0 9 11 0.0987
445 319 12 17 0.0980
438 417 12 17 0.0977
874 140 9 12 0.0974
1013 178 10 12 0.0973
53 98 9 13 0.0970
955 200 10 11 0.0970
1019 66 5 13 0.0965
379 131 12 14 0.0963
727 277 14 16 0.0963
560 397 11 14 0.0954
26 386 11 15 0.0953
57 460 15 19 0.0945
869 129 9 13 0.0938
482 378 12 18 0.0934
694 409 14 18 0.0930
649 4 10 11 0.0929
183 76 11 14 0.0924
18 235 12 16 0.0920
451 448 10 16 0.0918
877 133 10 13 0.0915
116 286 12 18 0.0905
633 150 13 17 0.0904
84 0 10 11 0.0902
292 3 10 14 0.0901
602 318 10 14 0.0893
13 313 12 13 0.0892
6 404 11 15 0.0887
619 491 13 17 0.0871
609 138 11 14 0.0869
131 34 11 13 0.0865
113 1 10 12 0.0864
643 150 10 15 0.0848
781 8 9 11 0.0840
1017 0 7 8 0.0839
804 202 10 14 0.0839
378 255 11 15 0.0837
1009 339 12 17 0.0837
259 314 11 15 0.0833
920 282 12 15 0.0831
945 191 10 13 0.0825
906 1 10 11 0.0824
47 487 13 18 0.0815
763 362 12 15 0.0807
557 177 11 13 0.0805
485 277 12 17 0.0805
805 396 12 15 0.0805
379 465 12 16 0.0795
870 94 10 13 0.0794
508 75 10 14 0.0792
921 281 12 15 0.0791
256 381 13 17 0.0790
581 24 10 13 0.0789
660 447 11 15 0.0788
611 94 9 13 0.0785
607 137 11 16 0.0784
0 305 10 13 0.0776
925 282 12 15 0.0775
610 118 11 15 0.0771
478 377 13 19 0.0771
604 293 10 14 0.0770
382 255 11 14 0.0770
941 191 11 14 0.0768
545 183 11 14 0.0767
1018 264 6 17 0.0765
887 127 10 13 0.0757
866 114 9 12 0.0756
179 345 10 15 0.0751
30 311 13 15 0.0750
643 98 11 14 0.0747
166 313 11 14 0.0738
472 280 9 11 0.0736
930 352 10 14 0.0735
879 137 9 11 0.0723
96 177 12 16 0.0722
354 0 11 13 0.0721
607 140 12 15 0.0719
498 133 11 15 0.0719
253 0 10 11 0.0719
415 432 14 20 0.0719
21 235 11 15 0.0713
201 216 11 16 0.0713
849 203 10 13 0.0712
681 262 12 14 0.0711
124 458 13 19 0.0709
81 0 10 12 0.0705
288 4 10 13 0.0704
8 127 11 14 0.0703
46 195 13 18 0.0700
863 114 10 13 0.0697
292 373 13 16 0.0695
417 458 17 22 0.0694
543 26 11 12 0.0693
331 123 9 13 0.0690
597 24 10 12 0.0689
611 40 8 11 0.0686
309 49 11 15 0.0684
741 192 12 15 0.0684
890 127 9 13 0.0683
42 343 13 17 0.0682
579 112 12 17 0.0681
213 9 9 11 0.0679
188 453 10 14 0.0674
249 108 10 12 0.0668
287 170 11 13 0.0668
309 187 12 14 0.0664
182 49 11 15 0.0662
143 177 12 15 0.0657
284 349 10 14 0.0655
610 140 11 14 0.0651
22 216 13 16 0.0650
514 318 10 16 0.0648
816 166 11 13 0.0643
229 402 12 17 0.0640
1001 327 12 15 0.0629
25 47 11 14 0.0628
843 31 9 10 0.0614
362 106 9 14 0.0613
600 321 11 15 0.0611
23 386 10 14 0.0607
0 206 10 14 0.0605
557 397 11 15 0.0605
514 0 10 12 0.0601
127 13 10 13 0.0599
307 439 12 16 0.0596
144 366 10 14 0.0596
801 202 10 14 0.0593
274 253 12 15 0.0592
313 165 10 15 0.0591
623 491 12 16 0.0589
161 108 9 13 0.0586
649 45 10 13 0.0584
317 10 11 13 0.0582
72 240 15 18 0.0582
354 24 11 15 0.0581
474 354 13 16 0.0575
397 5 11 14 0.0572
42 195 14 19 0.0572
647 5 10 12 0.0571
211 9 8 12 0.0569
933 352 10 14 0.0569
867 94 10 13 0.0559
166 30 11 14 0.0555
884 50 10 13 0.0548
707 100 8 11 0.0545
942 278 10 13 0.0544
668 298 11 14 0.0542
1008 177 11 13 0.0542
158 108 9 13 0.0539
67 223 12 15 0.0538
971 117 9 12 0.0538
646 4 10 11 0.0536
456 37 12 15 0.0531
898 137 10 12 0.0527
81 245 13 17 0.0526
849 201 11 14 0.0524
18 24 9 12 0.0520
407 416 10 14 0.0519
881 50 9 12 0.0517
228 417 13 17 0.0515
849 202 12 15 0.0512
195 108 10 14 0.0511
741 263 12 15 0.0510
874 0 9 11 0.0510
689 37 9 11 0.0506
608 39 9 13 0.0506
791 364 13 17 0.0505
873 129 11 13 0.0502
600 294 10 14 0.0502
64 132 11 15 0.0502
519 69 10 15 0.0498
475 281 11 13 0.0495
414 79 11 15 0.0493
606 317 11 14 0.0492
222 255 11 15 0.0490
188 305 12 15 0.0486
229 138 12 16 0.0480
494 279 12 16 0.0479
590 0 10 10 0.0477
393 340 11 15 0.0477
61 226 12 15 0.0475
132 11 10 12 0.0474
767 417 11 15 0.0474
363 288 11 17 0.0474
1018 1 6 11 0.0470
391 340 11 15 0.0470
840 31 8 10 0.0468
102 482 13 17 0.0468
635 471 11 16 0.0468
517 318 11 15 0.0467
987 0 9 9 0.0464
245 107 10 14 0.0463
366 289 11 16 0.0462
171 228 13 18 0.0461
672 470 12 19 0.0460
771 519 8 10 0.0459
226 139 11 15 0.0453
1001 277 13 18 0.0453
884 275 11 17 0.0443
655 397 13 17 0.0440
992 28 10 12 0.0439
698 410 13 17 0.0439
606 469 11 18 0.0438
434 11 10 13 0.0432
885 261 12 16 0.0431
586 0 10 11 0.0430
693 107 11 13 0.0429
147 268 12 15 0.0428
471 282 10 13 0.0428
431 419 13 16 0.0425
989 27 10 12 0.0424
967 289 13 18 0.0419
110 1 10 11 0.0419
437 420 12 16 0.0419
822 201 10 14 0.0417
738 153 11 16 0.0412
80 13 10 14 0.0410
557 394 11 14 0.0409
710 385 13 19 0.0407
281 111 10 14 0.0405
356 316 12 15 0.0404
1006 154 11 14 0.0404
265 232 11 14 0.0403
690 38 9 11 0.0402
579 131 11 15 0.0401
192 307 11 14 0.0401
187 454 12 16 0.0396
552 0 10 8 0.0392
554 0 9 6 0.0391
2 365 12 15 0.0390
17 193 11 14 0.0390
605 472 13 20 0.0390
476 357 14 19 0.0390
619 64 9 13 0.0389
888 89 10 12 0.0387
944 280 9 12 0.0385
41 429 12 16 0.0385
198 108 10 15 0.0384
453 448 11 17 0.0383
312 187 12 14 0.0382
298 220 14 16 0.0381
968 117 9 12 0.0381
548 0 10 8 0.0377
646 282 12 14 0.0376
37 110 12 16 0.0376
837 0 9 10 0.0373
418 457 14 19 0.0372
632 0 10 9 0.0372
492 280 12 17 0.0372
622 43 10 12 0.0369
774 518 8 10 0.0366
1 307 11 14 0.0366
302 219 14 16 0.0363
809 4 10 12 0.0361
271 330 11 15 0.0359
4 427 9 15 0.0359
112 448 11 15 0.0356
913 445 22 30 0.0355
64 0 10 12 0.0355
732 349 11 16 0.0354
88 333 11 13 0.0351
933 172 8 12 0.0350
184 138 10 14 0.0345
746 192 11 15 0.0344
32 0 12 13 0.0344
1005 153 10 12 0.0343
18 26 10 13 0.0342
683 2 9 12 0.0342
216 256 12 13 0.0340
336 73 10 13 0.0339
518 0 9 9 0.0339
363 104 9 13 0.0337
83 2 10 12 0.0336
367 451 10 16 0.0335
1015 476 9 39 0.0335
609 38 9 11 0.0335
339 257 12 16 0.0334
166 73 10 14 0.0331
957 157 10 13 0.0331
810 398 13 18 0.0330
881 48 10 14 0.0327
186 138 11 14 0.0327
4 79 11 15 0.0326
3 304 11 15 0.0325
640 103 12 17 0.0324
906 276 10 15 0.0324
494 213 11 14 0.0321
479 382 12 17 0.0320
7 426 12 16 0.0318
595 173 11 14 0.0317
448 446 11 17 0.0316
591 0 10 9 0.0315
407 205 12 15 0.0314
547 26 10 12 0.0313
444 73 10 12 0.0312
524 105 10 15 0.0312
993 444 13 19 0.0312
453 37 12 15 0.0311
0 13 8 14 0.0310
431 12 10 13 0.0309
185 178 13 15 0.0309
466 409 12 18 0.0309
392 345 11 16 0.0306
855 72 9 13 0.0305
305 50 10 14 0.0304
538 334 9 14 0.0304
708 352 11 16 0.0303
1014 50 8 13 0.0301
468 25 12 15 0.0301
650 319 11 15 0.0299
257 0 12 11 0.0299
510 25 10 12 0.0297
709 99 9 12 0.0296
930 172 8 12 0.0294
189 303 10 15 0.0294
643 151 12 15 0.0293
105 385 12 16 0.0292
316 12 11 14 0.0291
805 264 13 16 0.0290
548 415 12 17 0.0290
887 87 10 13 0.0290
65 385 12 16 0.0289
60 54 10 13 0.0289
6 126 13 17 0.0289
472 0 10 9 0.0288
61 52 10 13 0.0288
630 223 12 16 0.0288
144 175 11 15 0.0286
187 10 10 15 0.0285
458 187 12 16 0.0285
132 461 12 18 0.0284
223 75 11 15 0.0284
44 429 12 16 0.0283
472 0 11 12 0.0283
467 0 11 14 0.0280
669 333 10 15 0.0279
4 127 11 13 0.0279
188 459 12 15 0.0278
686 36 10 12 0.0278
1018 61 6 14 0.0277
983 0 10 11 0.0277
609 470 11 17 0.0277
310 46 11 15 0.0276
906 279 11 14 0.0275
43 345 14 17 0.0274
111 3 11 12 0.0274
955 201 10 13 0.0272
158 420 12 16 0.0272
607 395 13 16 0.0272
693 405 14 18 0.0272
785 10 8 10 0.0271
491 213 11 13 0.0270
936 4 9 12 0.0269
383 253 11 15 0.0269
472 76 11 15 0.0269
148 456 12 15 0.0267
947 131 9 12 0.0267
726 279 13 15 0.0267
833 0 9 9 0.0266
957 201 9 11 0.0266
144 486 14 21 0.0265
695 101 10 11 0.0265
1020 248 4 16 0.0265
29 374 11 16 0.0265
414 459 16 22 0.0265
870 0 10 10 0.0264
853 22 9 11 0.0263
673 104 10 14 0.0262
166 29 11 14 0.0261
677 155 12 16 0.0261
473 279 10 14 0.0260
611 395 12 15 0.0259
863 442 14 21 0.0258
209 6 10 12 0.0258
344 118 8 12 0.0258
286 349 10 14 0.0258
853 162 10 13 0.0257
903 98 10 14 0.0257
900 97 10 15 0.0256
676 198 10 15 0.0255
177 345 9 14 0.0255
338 75 10 13 0.0254
870 140 9 12 0.0254
16 191 10 14 0.0254
851 163 10 14 0.0253
364 451 11 16 0.0249
964 290 13 18 0.0248
350 116 10 13 0.0247
348 114 10 13 0.0246
610 473 11 16 0.0245
244 80 10 14 0.0245
437 130 10 15 0.0243
340 69 9 14 0.0243
30 327 12 17 0.0243
621 487 12 16 0.0240
984 415 12 15 0.0239
833 26 7 9 0.0239
696 406 14 19 0.0238
992 26 9 11 0.0237
687 38 9 12 0.0235
708 101 9 11 0.0235
911 129 10 13 0.0233
801 202 12 14 0.0232
351 260 9 13 0.0232
361 22 12 15 0.0232
310 190 13 15 0.0231
535 334 9 14 0.0230
969 76 10 14 0.0230
240 214 12 16 0.0230
229 47 11 15 0.0230
219 128 11 14 0.0229
926 282 12 14 0.0229
80 362 12 16 0.0228
339 430 14 16 0.0228
412 74 11 14 0.0227
875 0 10 10 0.0227
415 78 10 13 0.0227
49 98 10 13 0.0227
442 72 10 13 0.0227
20 193 11 14 0.0226
1008 48 9 14 0.0225
988 200 11 14 0.0224
871 1 9 11 0.0223
521 106 11 14 0.0223
846 82 10 14 0.0220
215 414 11 15 0.0220
41 228 12 15 0.0220
445 317 11 17 0.0220
988 26 10 11 0.0219
726 349 13 15 0.0219
20 4 10 11 0.0219
362 25 10 13 0.0218
510 0 11 12 0.0218
507 25 10 12 0.0218
493 457 14 20 0.0217
282 370 10 17 0.0216
227 403 12 17 0.0215
843 372 11 16 0.0213
563 465 24 38 0.0213
484 381 11 17 0.0213
656 277 11 14 0.0213
712 117 10 13 0.0213
50 173 13 16 0.0213
722 0 9 4 0.0212
909 278 12 15 0.0212
54 30 9 12 0.0212
884 373 11 15 0.0211
791 114 9 12 0.0211
489 456 14 20 0.0210
730 280 13 14 0.0210
622 68 9 12 0.0209
185 76 11 14 0.0209
465 486 22 35 0.0209
632 470 12 17 0.0208
795 378 12 15 0.0206
615 114 11 16 0.0205
667 5 9 12 0.0205
490 458 17 23 0.0204
882 278 11 15 0.0204
744 459 13 19 0.0203
722 250 13 16 0.0203
137 384 13 16 0.0202
544 180 12 15 0.0202
351 168 10 14 0.0202
421 96 11 14 0.0202
849 0 9 9 0.0202
660 6 10 11 0.0202
103 375 11 15 0.0201
4 205 12 16 0.0201
363 85 9 12 0.0201
85 333 12 15 0.0201
724 277 13 16 0.0201
322 22 13 15 0.0201
674 434 13 19 0.0201
288 1 11 14 0.0200
619 113 10 15 0.0200
139 487 12 19 0.0200
709 191 12 15 0.0200
546 25 10 13 0.0199
26 86 10 14 0.0199
825 201 11 14 0.0198
240 217 12 16 0.0198
472 356 12 15 0.0197
726 0 8 5 0.0195
1003 276 12 18 0.0194
2 19 9 14 0.0194
260 1 10 13 0.0193
32 374 10 14 0.0193
671 99 10 13 0.0193
112 378 11 16 0.0192
231 411 11 14 0.0192
28 385 11 14 0.0192
376 15 9 12 0.0192
700 386 14 18 0.0191
291 226 12 15 0.0191
940 216 12 15 0.0191
128 417 14 15 0.0191
831 25 9 10 0.0189
603 74 11 14 0.0189
937 3 8 11 0.0188
36 227 13 15 0.0188
992 134 10 13 0.0188
496 218 10 14 0.0188
1017 382 7 21 0.0187
602 76 10 13 0.0187
0 464 8 17 0.0186
850 22 9 12 0.0186
753 385 13 17 0.0185
627 442 14 20 0.0185
455 187 12 15 0.0185
555 151 11 14 0.0185
801 204 10 13 0.0185
536 530 13 19 0.0183
329 449 13 18 0.0183
469 408 13 19 0.0181
19 190 11 14 0.0180
570 435 11 15 0.0180
467 311 11 16 0.0179
796 298 11 15 0.0179
81 460 10 15 0.0179
84 207 14 17 0.0179
291 225 10 14 0.0178
574 436 10 13 0.0178
193 12 12 16 0.0178
745 191 11 14 0.0177
712 381 11 16 0.0177
577 25 10 13 0.0176
967 76 9 14 0.0176
284 378 12 15 0.0175
655 49 11 13 0.0175
805 204 10 12 0.0175
188 145 11 16 0.0175
263 231 11 14 0.0174
618 5 9 12 0.0174
403 138 13 15 0.0174
24 71 12 15 0.0174
286 2 10 11 0.0173
4 404 14 17 0.0173
335 256 10 15 0.0172
640 111 10 14 0.0172
873 30 10 12 0.0172
354 168 9 13 0.0171
414 431 14 19 0.0170
673 199 11 14 0.0170
188 6 11 13 0.0170
215 255 13 14 0.0169
264 75 11 15 0.0169
393 337 10 14 0.0169
840 245 10 14 0.0169
259 0 11 11 0.0168
100 37 11 13 0.0168
970 176 8 11 0.0167
866 120 9 13 0.0166
975 434 13 16 0.0166
297 214 14 16 0.0166
336 123 10 13 0.0165
469 0 10 9 0.0165
625 456 12 18 0.0165
84 364 11 15 0.0164
261 75 11 15 0.0164
852 72 10 14 0.0163
416 458 15 19 0.0163
197 420 11 15 0.0163
806 130 10 13 0.0163
291 370 12 16 0.0162
289 75 9 12 0.0162
286 113 12 15 0.0162
612 378 12 16 0.0162
363 81 10 13 0.0161
982 0 11 10 0.0161
5 365 12 15 0.0161
839 373 12 16 0.0160
643 98 11 14 0.0159
618 9 9 11 0.0159
929 303 12 15 0.0158
189 12 11 15 0.0157
489 220 11 15 0.0157
972 27 9 10 0.0156
603 482 15 22 0.0156
41 203 14 18 0.0156
333 124 10 12 0.0154
130 459 13 17 0.0154
320 7 10 12 0.0154
778 89 10 14 0.0153
322 28 11 13 0.0153
978 433 16 20 0.0153
101 485 15 20 0.0153
380 128 12 14 0.0152
673 144 11 14 0.0151
572 433 11 15 0.0150
304 164 11 14 0.0150
442 74 10 13 0.0150
1009 50 11 14 0.0150
599 316 10 15 0.0150
704 101 10 12 0.0149
222 454 11 16 0.0149
131 7 10 12 0.0149
767 122 11 15 0.0149
983 413 13 16 0.0149
746 260 12 15 0.0149
850 261 13 15 0.0149
829 24 7 10 0.0149
781 7 8 11 0.0148
0 414 8 17 0.0147
691 122 10 13 0.0146
386 131 10 13 0.0146
112 453 13 16 0.0145
142 368 12 13 0.0145
604 336 10 14 0.0145
614 336 11 14 0.0145
424 0 11 7 0.0145
484 360 13 17 0.0145
794 183 11 13 0.0144
628 154 11 14 0.0144
1017 11 7 11 0.0144
102 394 12 15 0.0143
698 4 9 12 0.0143
265 211 11 15 0.0143
671 300 12 15 0.0143
529 12 9 13 0.0142
940 2 8 11 0.0140
60 0 11 12 0.0140
904 44 10 12 0.0140
459 468 13 22 0.0139
292 228 11 14 0.0139
336 78 10 12 0.0139
120 283 11 15 0.0139
681 0 10 10 0.0138
888 262 11 15 0.0138
966 176 9 11 0.0138
408 138 12 15 0.0137
448 449 10 15 0.0137
271 479 12 17 0.0137
46 204 13 17 0.0137
214 10 9 12 0.0137
359 352 13 18 0.0137
844 201 11 13 0.0136
215 292 11 15 0.0135
548 0 10 8 0.0135
161 378 12 16 0.0135
452 445 11 17 0.0135
671 92 9 12 0.0135
339 255 10 15 0.0134
21 270 12 16 0.0134
118 27 10 12 0.0134
1016 378 8 20 0.0133
303 440 11 15 0.0133
1014 135 9 12 0.0133
901 101 10 13 0.0132
108 212 12 15 0.0132
100 374 10 14 0.0132
265 331 12 15 0.0132
971 26 8 10 0.0132
823 203 10 14 0.0132
704 278 11 15 0.0131
1012 468 12 43 0.0131
595 175 10 12 0.0131
54 98 10 13 0.0131
104 269 14 17 0.0131
957 156 10 12 0.0131
0 4 6 11 0.0130
528 219 12 14 0.0130
902 100 10 13 0.0130
447 368 13 15 0.0130
231 46 10 13 0.0130
825 104 10 13 0.0129
1018 424 6 18 0.0129
898 26 10 12 0.0129
831 26 7 9 0.0129
663 49 10 14 0.0129
905 0 10 12 0.0127
424 144 12 14 0.0127
527 215 11 15 0.0127
438 384 11 16 0.0126
644 152 10 14 0.0126
290 1 10 12 0.0126
716 247 11 14 0.0126
770 518 8 10 0.0125
805 4 9 11 0.0125
672 434 12 17 0.0124
539 333 10 14 0.0124
201 420 10 14 0.0124
324 318 12 16 0.0124
286 149 12 14 0.0124
932 175 10 13 0.0123
93 503 16 24 0.0123
502 4 10 13 0.0123
841 0 9 9 0.0122
702 280 11 14 0.0122
876 0 9 11 0.0122
848 30 9 11 0.0121
335 449 14 17 0.0121
959 0 8 6 0.0121
108 383 12 16 0.0120
185 74 11 14 0.0119
853 165 9 12 0.0118
1018 483 6 36 0.0118
333 259 10 15 0.0118
522 104 11 14 0.0118
616 4 9 11 0.0117
417 326 11 14 0.0117
465 404 12 19 0.0117
358 0 12 13 0.0117
674 92 9 11 0.0117
813 3 8 10 0.0117
486 379 10 16 0.0116
301 215 14 15 0.0116
665 48 11 14 0.0116
764 199 11 14 0.0116
936 28 10 13 0.0116
742 454 13 20 0.0116
677 155 12 15 0.0115
380 242 14 16 0.0115
444 362 12 15 0.0115
989 337 12 15 0.0115
708 358 10 14 0.0115
450 365 11 16 0.0114
931 354 11 13 0.0114
753 386 13 17 0.0114
184 51 11 14 0.0114
162 357 10 13 0.0114
29 73 10 14 0.0114
923 386 15 23 0.0113
339 283 12 17 0.0113
371 56 11 13 0.0113
953 1 9 12 0.0112
106 483 13 18 0.0112
385 77 11 13 0.0112
513 74 10 14 0.0112
665 332 11 15 0.0112
981 133 11 14 0.0112
361 318 13 14 0.0111
854 76 9 11 0.0110
566 429 13 17 0.0109
709 380 12 18 0.0109
570 434 13 16 0.0109
575 112 11 15 0.0109
348 202 10 14 0.0109
178 50 12 16 0.0109
285 73 10 14 0.0109
622 53 10 13 0.0108
178 409 11 15 0.0108
859 427 14 19 0.0108
43 175 12 16 0.0108
439 415 12 15 0.0108
470 316 10 14 0.0108
879 275 12 16 0.0108
289 172 11 13 0.0107
68 386 11 15 0.0107
316 384 11 15 0.0107
2 4 10 13 0.0107
285 352 12 16 0.0106
138 363 11 15 0.0106
64 383 12 15 0.0106
1012 0 10 10 0.0106
16 269 13 17 0.0106
625 450 12 20 0.0106
988 178 10 12 0.0105
459 478 15 26 0.0105
406 202 12 16 0.0105
328 125 10 12 0.0104
616 380 13 15 0.0103
469 403 12 20 0.0103
700 388 14 19 0.0103
720 66 10 13 0.0103
82 462 11 14 0.0103
788 364 12 16 0.0103
67 235 14 18 0.0102
305 167 11 14 0.0102
184 349 10 14 0.0102
62 385 12 15 0.0102
207 488 14 24 0.0102
810 3 9 9 0.0102
900 209 12 15 0.0101
366 455 12 16 0.0101
558 417 13 19 0.0101
132 31 10 13 0.0101
393 46 11 13 0.0101
1 21 9 13 0.0101
986 26 10 13 0.0100
566 35 10 12 0.0100
133 322 10 15 0.0100
181 150 10 14 0.0100
