0_Parade_marchingband_1_768
260
821 616 33 45 0.8501
675 635 33 42 0.8363
279 209 38 43 0.8342
911 650 31 32 0.8215
981 639 40 40 0.8206
534 615 20 22 0.7394
462 611 20 29 0.6373
500 635 12 15 0.4947
297 647 13 19 0.4943
783 620 13 17 0.4519
641 635 11 16 0.4101
711 622 11 17 0.3971
714 622 11 17 0.3875
402 625 11 15 0.3639
405 625 11 15 0.3475
611 627 11 15 0.3276
607 627 11 14 0.3215
787 621 11 16 0.3009
464 611 20 29 0.2816
639 635 10 16 0.2758
181 659 29 23 0.2465
301 647 12 18 0.2361
502 634 11 16 0.1722
375 621 11 13 0.1659
379 621 10 12 0.1651
643 635 11 16 0.1539
897 552 8 10 0.1282
152 659 19 20 0.1112
1001 550 9 10 0.1062
534 573 6 8 0.1058
538 573 6 7 0.0979
895 552 8 10 0.0964
628 571 6 7 0.0926
504 567 7 9 0.0871
1003 550 9 10 0.0856
557 622 11 18 0.0850
706 564 7 8 0.0750
498 635 11 15 0.0747
899 553 7 10 0.0738
501 567 8 9 0.0713
3 627 14 19 0.0713
587 600 10 13 0.0711
292 607 10 12 0.0693
585 600 9 13 0.0688
704 602 10 11 0.0647
289 607 10 12 0.0639
626 571 6 6 0.0600
347 648 12 18 0.0595
517 568 7 8 0.0579
708 565 7 8 0.0561
648 572 6 8 0.0539
549 619 14 20 0.0524
591 574 8 9 0.0506
554 662 22 21 0.0503
560 549 6 8 0.0501
63 633 14 17 0.0496
375 653 15 20 0.0490
554 664 26 19 0.0489
190 576 7 8 0.0474
721 564 6 7 0.0462
609 576 7 9 0.0453
459 550 6 7 0.0447
875 558 7 8 0.0447
702 601 9 11 0.0439
278 660 9 12 0.0433
557 549 6 7 0.0432
275 660 10 13 0.0427
651 572 6 8 0.0424
856 549 7 9 0.0417
852 549 7 8 0.0415
501 585 9 10 0.0408
529 550 6 7 0.0406
350 633 11 16 0.0402
776 548 6 7 0.0401
456 550 6 7 0.0400
668 574 8 8 0.0396
779 547 6 8 0.0393
820 556 7 9 0.0389
378 620 9 11 0.0383
503 548 6 8 0.0383
817 557 7 8 0.0379
731 560 6 7 0.0379
3 626 13 19 0.0379
931 550 8 9 0.0377
608 629 11 15 0.0372
611 581 7 8 0.0372
266 644 13 16 0.0369
977 538 7 9 0.0361
624 570 5 7 0.0360
313 660 9 13 0.0360
405 665 22 17 0.0358
535 572 6 7 0.0358
588 574 7 9 0.0357
187 576 7 9 0.0354
701 564 6 8 0.0348
311 660 9 13 0.0347
379 653 15 19 0.0341
516 567 7 9 0.0341
201 578 7 8 0.0338
980 538 7 9 0.0331
935 551 7 9 0.0326
368 624 11 14 0.0319
1003 551 9 11 0.0318
7 626 12 18 0.0318
792 557 7 8 0.0316
625 572 5 7 0.0312
877 557 8 9 0.0310
744 558 6 7 0.0310
925 527 7 8 0.0307
873 557 7 8 0.0307
7 628 13 18 0.0306
500 567 7 9 0.0304
260 644 14 17 0.0303
411 552 6 8 0.0301
452 557 7 7 0.0296
595 585 8 10 0.0293
819 555 7 8 0.0289
375 619 9 13 0.0287
353 633 11 16 0.0286
574 543 7 8 0.0279
899 551 9 10 0.0279
623 547 6 8 0.0276
697 565 7 8 0.0273
612 629 11 14 0.0273
393 560 6 8 0.0272
489 550 7 8 0.0271
498 585 9 10 0.0268
408 552 6 8 0.0264
486 553 7 7 0.0264
434 553 6 7 0.0262
708 535 5 7 0.0261
817 555 6 8 0.0259
517 545 6 7 0.0259
789 558 7 7 0.0259
701 578 9 10 0.0254
574 541 7 7 0.0253
771 562 7 8 0.0252
710 536 6 7 0.0252
403 667 29 16 0.0249
769 540 6 7 0.0249
598 585 7 9 0.0246
729 559 6 7 0.0240
740 558 6 7 0.0239
696 578 9 10 0.0228
696 538 6 7 0.0226
390 560 6 8 0.0225
61 633 11 15 0.0224
651 570 5 7 0.0224
647 570 6 7 0.0219
765 539 6 7 0.0218
374 651 14 18 0.0218
203 579 7 8 0.0217
670 573 8 9 0.0214
608 545 6 6 0.0213
927 528 6 7 0.0209
431 553 5 7 0.0208
929 527 6 8 0.0208
378 652 13 17 0.0207
158 659 17 19 0.0206
626 547 7 8 0.0202
937 552 7 8 0.0200
592 575 8 9 0.0200
572 541 6 8 0.0200
435 552 6 7 0.0198
499 584 8 9 0.0197
310 656 11 15 0.0194
909 531 6 7 0.0193
877 557 7 9 0.0192
899 552 8 10 0.0192
925 554 9 9 0.0191
481 554 6 8 0.0190
351 648 11 17 0.0187
625 572 7 8 0.0185
946 529 7 8 0.0185
370 624 12 15 0.0185
759 561 8 8 0.0179
700 578 7 10 0.0175
669 574 7 10 0.0173
999 550 8 10 0.0173
624 584 7 8 0.0173
291 605 10 12 0.0172
993 529 7 8 0.0171
363 553 7 7 0.0170
367 633 12 14 0.0169
1003 550 10 11 0.0168
360 552 8 8 0.0162
978 540 8 9 0.0162
191 577 8 9 0.0161
705 563 6 8 0.0161
553 628 12 17 0.0161
518 633 9 14 0.0159
678 561 8 8 0.0159
995 530 7 8 0.0158
533 551 6 7 0.0156
728 560 7 8 0.0154
421 541 6 7 0.0154
906 531 6 8 0.0152
706 551 7 8 0.0151
193 660 20 18 0.0151
554 567 8 9 0.0151
289 606 11 13 0.0149
664 597 8 10 0.0148
176 574 6 9 0.0147
742 603 7 10 0.0146
649 573 7 8 0.0144
187 578 8 9 0.0143
990 529 7 8 0.0143
344 651 12 16 0.0143
793 540 7 8 0.0142
706 535 6 7 0.0140
607 544 5 7 0.0139
431 553 6 7 0.0139
308 583 10 13 0.0138
552 566 7 9 0.0138
829 532 7 9 0.0137
456 569 8 9 0.0136
497 602 9 11 0.0135
39 634 12 15 0.0135
702 602 10 12 0.0131
517 630 10 14 0.0131
451 556 6 7 0.0131
943 528 7 8 0.0130
527 551 7 7 0.0130
494 536 5 7 0.0129
372 544 8 10 0.0129
453 570 8 10 0.0129
497 633 11 15 0.0128
734 584 7 8 0.0127
572 549 6 8 0.0127
492 551 7 8 0.0125
853 551 7 9 0.0124
317 620 10 14 0.0123
560 655 17 18 0.0121
739 602 8 10 0.0121
668 572 7 8 0.0119
65 630 10 11 0.0118
845 538 7 8 0.0117
474 570 6 8 0.0117
833 531 7 10 0.0115
153 655 22 25 0.0112
3 548 8 8 0.0112
932 552 8 9 0.0112
305 584 10 12 0.0111
550 662 22 21 0.0111
678 549 7 8 0.0110
624 544 6 7 0.0110
538 573 7 8 0.0110
661 597 8 11 0.0110
821 555 7 8 0.0110
727 567 7 8 0.0110
558 629 12 16 0.0110
557 567 8 9 0.0108
857 551 7 8 0.0106
463 550 6 8 0.0106
745 558 7 8 0.0106
551 665 24 18 0.0106
413 551 6 8 0.0103
182 662 29 21 0.0103
613 627 11 14 0.0102
288 606 9 11 0.0101
