0_Parade_Parade_0_353
122
495 239 26 34 0.8340
391 259 20 26 0.8183
324 293 34 40 0.8102
837 263 22 26 0.7917
600 236 46 52 0.7285
885 248 16 17 0.6910
694 248 13 16 0.6358
33 339 17 21 0.6131
254 287 15 16 0.5984
290 287 14 16 0.4933
852 248 17 18 0.4740
201 300 18 24 0.4655
287 288 14 16 0.3457
720 250 11 16 0.3353
455 282 9 11 0.3220
457 282 10 12 0.3214
799 255 9 10 0.3194
433 282 6 7 0.2633
801 255 9 10 0.2581
78 309 19 23 0.2467
430 282 6 8 0.2449
155 371 10 13 0.2426
380 287 9 11 0.2346
378 287 8 12 0.2136
723 250 11 16 0.1966
782 267 13 19 0.1836
304 305 13 16 0.1609
906 239 12 12 0.1537
666 248 9 12 0.1526
937 250 8 10 0.1503
925 246 8 8 0.1483
663 248 10 12 0.1440
158 371 10 12 0.1422
319 287 9 11 0.1389
30 339 17 21 0.1309
849 248 17 18 0.1257
443 283 6 8 0.1254
814 260 8 9 0.1207
82 309 19 24 0.1166
197 300 16 22 0.1117
150 307 12 14 0.1048
319 286 9 11 0.0982
316 288 10 11 0.0819
78 307 17 22 0.0788
252 287 12 15 0.0780
664 248 9 10 0.0778
935 250 8 9 0.0749
825 255 8 9 0.0717
697 248 13 15 0.0714
102 244 12 15 0.0702
181 297 17 18 0.0694
783 268 15 19 0.0664
380 286 8 10 0.0619
933 249 8 10 0.0611
888 248 15 17 0.0568
173 299 13 14 0.0552
827 255 9 10 0.0549
377 287 8 10 0.0548
187 296 14 19 0.0514
547 268 12 16 0.0492
810 258 8 9 0.0487
815 250 7 8 0.0466
455 284 9 11 0.0452
431 282 8 9 0.0438
81 306 18 23 0.0432
301 304 13 15 0.0429
316 287 8 10 0.0428
3 374 7 9 0.0424
207 301 20 23 0.0421
904 241 11 13 0.0417
154 372 9 11 0.0411
802 272 9 11 0.0402
185 298 14 18 0.0402
104 245 12 16 0.0377
812 250 7 9 0.0374
825 253 9 11 0.0363
543 268 12 15 0.0362
934 250 9 10 0.0355
6 373 7 9 0.0348
866 252 11 14 0.0347
722 249 11 15 0.0340
147 307 12 15 0.0334
432 281 6 7 0.0324
666 248 11 12 0.0321
180 295 15 18 0.0311
850 248 16 18 0.0291
940 251 7 9 0.0290
5 375 7 8 0.0284
905 238 11 12 0.0263
259 302 14 18 0.0249
919 246 10 12 0.0246
788 269 12 15 0.0238
662 247 9 11 0.0236
205 299 18 23 0.0233
172 296 12 15 0.0228
940 249 7 9 0.0206
852 246 16 16 0.0193
263 302 13 16 0.0192
204 302 19 25 0.0189
186 316 16 20 0.0186
157 373 10 12 0.0184
801 254 10 10 0.0178
105 244 11 14 0.0176
547 268 16 21 0.0172
158 371 10 13 0.0170
436 281 7 9 0.0167
800 269 12 14 0.0166
101 245 10 13 0.0162
543 270 14 17 0.0160
827 252 8 9 0.0160
184 317 14 17 0.0134
185 315 21 26 0.0134
777 267 16 20 0.0123
140 278 7 9 0.0118
901 238 13 12 0.0115
152 309 12 14 0.0109
305 304 17 21 0.0106
80 312 19 23 0.0105
102 247 10 14 0.0105
257 289 14 17 0.0104
798 257 11 12 0.0103
426 280 8 10 0.0101
