0_Parade_Parade_0_43
1213
944 519 22 26 0.8226
201 451 21 25 0.8156
188 385 20 24 0.8082
135 426 21 24 0.8065
716 515 19 23 0.8009
267 513 21 24 0.7998
153 506 22 25 0.7947
32 510 21 23 0.7930
444 447 21 24 0.7907
678 448 19 24 0.7866
11 480 21 23 0.7829
306 356 22 24 0.7828
600 342 19 23 0.7790
255 377 21 24 0.7786
549 447 20 23 0.7714
703 376 20 24 0.7636
756 400 19 24 0.7460
545 288 19 23 0.7451
826 517 20 22 0.7225
77 454 20 22 0.7221
311 451 22 26 0.7193
919 499 20 24 0.6761
885 462 20 25 0.6473
605 512 21 24 0.6357
500 512 21 24 0.6195
654 348 20 25 0.6012
442 288 18 21 0.5408
398 512 22 26 0.5299
641 307 9 11 0.5236
813 435 18 22 0.5165
792 387 16 17 0.5059
385 340 19 24 0.5000
670 244 8 10 0.4954
771 381 14 18 0.4786
770 459 19 23 0.4518
730 242 8 9 0.4490
501 393 20 23 0.4441
773 459 19 23 0.4430
577 233 9 10 0.4358
355 270 9 10 0.4352
887 373 10 13 0.4297
504 393 19 23 0.4236
4 278 10 12 0.4198
613 284 9 10 0.4193
489 222 18 23 0.4189
910 256 9 10 0.4146
627 303 8 10 0.4127
603 297 9 12 0.4072
971 256 8 11 0.4030
115 271 9 12 0.4018
756 292 8 10 0.4016
922 278 8 10 0.4013
657 240 8 11 0.3925
896 297 8 12 0.3921
329 280 9 11 0.3918
718 254 8 9 0.3917
909 329 10 12 0.3869
638 270 7 9 0.3867
863 369 11 13 0.3865
492 222 18 23 0.3853
1017 266 7 10 0.3827
979 322 10 14 0.3825
344 271 9 11 0.3814
733 230 7 9 0.3741
603 282 8 11 0.3712
849 324 10 14 0.3685
617 302 8 11 0.3679
388 340 19 24 0.3654
1016 302 8 11 0.3649
900 371 11 12 0.3634
439 288 18 21 0.3625
892 253 8 10 0.3612
890 271 9 11 0.3599
555 253 8 11 0.3582
764 228 7 9 0.3569
958 232 7 9 0.3568
779 317 9 12 0.3559
326 280 9 11 0.3556
776 317 9 12 0.3520
827 270 8 11 0.3519
982 322 10 13 0.3514
41 256 9 11 0.3513
823 367 11 13 0.3493
767 299 8 11 0.3489
156 255 8 11 0.3478
839 372 10 14 0.3477
888 271 8 11 0.3470
643 253 8 10 0.3462
874 264 8 9 0.3455
219 253 7 10 0.3439
848 295 10 12 0.3420
938 331 11 12 0.3413
770 237 8 10 0.3379
789 246 8 10 0.3369
954 232 7 9 0.3362
583 240 8 9 0.3359
760 273 8 10 0.3354
906 329 10 12 0.3350
810 435 18 22 0.3347
852 295 9 12 0.3338
930 272 9 10 0.3336
159 270 8 9 0.3326
153 255 9 11 0.3317
839 259 8 10 0.3299
318 271 8 10 0.3296
1002 265 8 10 0.3295
702 260 8 11 0.3285
586 239 8 10 0.3274
898 298 9 11 0.3264
842 259 8 11 0.3263
65 253 9 11 0.3229
705 260 9 11 0.3222
933 272 8 10 0.3214
651 269 8 10 0.3202
604 258 8 9 0.3192
582 259 8 10 0.3190
666 322 10 12 0.3186
559 239 8 10 0.3181
566 252 8 9 0.3177
579 259 8 10 0.3168
889 253 8 11 0.3161
194 282 9 11 0.3153
842 373 10 13 0.3152
62 253 9 11 0.3145
986 293 8 11 0.3137
786 246 7 10 0.3136
852 325 10 13 0.3131
941 331 10 12 0.3128
366 283 9 12 0.3125
853 263 8 11 0.3122
987 271 8 10 0.3120
809 262 8 11 0.3117
138 240 7 9 0.3091
822 313 9 12 0.3076
989 271 8 10 0.3072
752 322 11 15 0.3068
38 256 9 11 0.3066
627 266 7 10 0.3060
785 214 7 8 0.3048
793 327 9 12 0.3039
983 293 8 11 0.3037
22 278 9 11 0.3033
676 312 9 12 0.3025
739 291 8 10 0.3024
705 337 10 12 0.3020
117 253 8 9 0.3015
334 238 7 9 0.3008
600 283 8 10 0.3007
931 224 7 10 0.2997
370 285 9 11 0.2971
400 512 21 25 0.2961
657 348 19 25 0.2954
796 264 7 10 0.2943
316 238 8 9 0.2941
215 253 8 10 0.2938
1001 308 10 11 0.2923
670 298 9 10 0.2919
910 275 8 10 0.2918
663 321 10 12 0.2907
603 512 21 24 0.2899
687 274 7 10 0.2896
734 280 7 10 0.2884
866 369 11 13 0.2868
712 315 9 11 0.2866
761 228 7 9 0.2859
144 276 9 12 0.2858
623 266 8 10 0.2849
40 239 8 10 0.2841
937 247 8 11 0.2835
709 315 9 12 0.2834
887 462 20 25 0.2833
793 265 7 10 0.2824
830 270 8 11 0.2821
828 293 8 10 0.2820
757 181 7 9 0.2816
197 282 9 11 0.2811
315 270 8 11 0.2794
728 312 8 11 0.2790
639 229 8 10 0.2783
684 274 8 9 0.2775
557 239 8 11 0.2772
569 265 8 9 0.2771
93 265 8 11 0.2765
749 219 7 9 0.2762
1014 322 9 12 0.2758
591 289 8 10 0.2752
717 240 7 9 0.2746
797 276 8 10 0.2735
995 255 8 10 0.2733
686 321 9 10 0.2725
789 327 10 12 0.2721
752 219 7 9 0.2707
956 259 9 11 0.2704
131 264 8 9 0.2703
729 179 7 9 0.2692
1014 302 9 11 0.2690
821 333 10 12 0.2688
331 238 8 9 0.2684
725 312 8 11 0.2670
683 237 7 9 0.2668
714 228 8 10 0.2667
998 307 9 12 0.2659
218 276 9 10 0.2654
642 289 8 9 0.2640
680 237 8 9 0.2633
871 263 8 11 0.2632
371 247 7 9 0.2626
241 275 8 10 0.2625
811 230 7 10 0.2621
674 298 8 10 0.2609
679 254 7 10 0.2601
893 323 8 10 0.2597
748 322 12 15 0.2597
998 255 9 11 0.2595
849 263 8 10 0.2587
645 289 8 9 0.2584
614 303 8 10 0.2582
736 292 8 10 0.2571
135 240 7 9 0.2559
254 279 8 10 0.2559
221 275 9 11 0.2556
241 261 8 10 0.2554
737 280 7 10 0.2548
808 230 7 10 0.2526
896 323 8 10 0.2523
938 213 8 10 0.2518
707 231 6 9 0.2517
722 207 7 10 0.2501
141 277 9 11 0.2499
794 276 8 10 0.2489
636 230 7 9 0.2488
856 222 8 10 0.2474
913 274 7 10 0.2457
673 312 10 13 0.2454
831 292 8 11 0.2453
725 207 7 10 0.2451
903 371 11 12 0.2446
17 278 10 11 0.2429
611 241 8 10 0.2407
114 253 8 10 0.2401
811 215 7 8 0.2394
293 267 8 11 0.2392
660 280 8 10 0.2390
891 207 7 9 0.2374
646 253 8 10 0.2369
238 260 8 10 0.2367
875 193 7 8 0.2364
974 307 9 11 0.2361
311 219 8 9 0.2359
289 267 8 10 0.2355
817 238 8 10 0.2341
927 213 7 9 0.2340
502 512 21 24 0.2339
564 296 9 13 0.2332
908 287 8 10 0.2324
888 207 7 8 0.2323
607 241 8 10 0.2320
725 180 7 8 0.2303
37 239 8 10 0.2293
213 229 7 9 0.2293
368 246 8 10 0.2275
571 204 7 9 0.2269
928 226 7 9 0.2264
750 264 8 10 0.2259
1002 236 8 9 0.2249
572 264 8 10 0.2243
965 201 7 9 0.2241
852 222 8 10 0.2239
825 313 10 12 0.2238
574 204 7 9 0.2216
624 291 8 9 0.2216
243 242 7 9 0.2210
139 214 7 8 0.2207
960 261 8 10 0.2205
153 235 7 9 0.2178
793 206 7 9 0.2174
313 238 7 9 0.2161
712 277 9 11 0.2145
819 333 9 12 0.2133
764 262 9 10 0.2125
765 300 9 11 0.2114
885 190 6 8 0.2112
885 237 7 9 0.2107
318 220 7 9 0.2107
76 254 8 11 0.2104
814 238 8 10 0.2093
90 265 8 12 0.2087
183 217 6 8 0.2087
952 195 7 9 0.2078
675 254 8 10 0.2074
801 186 6 8 0.2065
786 177 7 9 0.2054
714 241 7 9 0.2045
759 203 6 8 0.2044
209 229 7 9 0.2041
362 218 7 10 0.2036
812 262 9 11 0.2030
790 326 10 13 0.2023
941 214 7 9 0.2016
192 253 8 9 0.2014
762 272 9 11 0.2011
834 232 7 8 0.2010
937 212 7 10 0.1999
904 219 7 8 0.1990
901 220 7 9 0.1980
173 272 8 10 0.1979
334 265 9 11 0.1977
968 201 7 8 0.1974
913 204 7 8 0.1973
1006 236 8 9 0.1965
708 277 9 12 0.1965
186 217 6 8 0.1962
756 261 8 10 0.1958
875 317 9 11 0.1947
752 237 7 9 0.1933
769 300 8 10 0.1925
897 243 8 9 0.1924
589 298 8 10 0.1914
238 275 8 11 0.1904
964 250 8 10 0.1903
177 272 9 10 0.1896
920 232 7 10 0.1895
775 382 13 16 0.1891
365 218 7 10 0.1891
749 262 8 10 0.1878
748 235 8 10 0.1877
936 248 8 9 0.1875
190 198 6 7 0.1865
855 309 10 11 0.1862
789 207 7 9 0.1861
146 276 8 12 0.1859
156 220 6 7 0.1858
155 235 6 9 0.1855
67 237 8 11 0.1854
311 304 10 11 0.1850
948 151 7 7 0.1850
1011 322 9 11 0.1846
77 225 8 9 0.1846
189 253 7 9 0.1838
977 177 6 8 0.1830
703 336 10 13 0.1814
931 298 9 12 0.1812
935 299 9 11 0.1807
749 237 7 9 0.1798
663 281 8 10 0.1793
166 259 8 9 0.1791
829 189 6 8 0.1788
939 248 9 10 0.1788
127 220 6 7 0.1779
251 229 7 8 0.1778
150 235 7 9 0.1762
674 276 8 10 0.1759
255 229 7 9 0.1751
808 215 7 8 0.1751
933 170 6 7 0.1745
351 238 7 9 0.1745
949 195 6 8 0.1736
926 184 7 9 0.1731
10 262 7 9 0.1728
654 240 8 10 0.1725
308 219 8 9 0.1725
347 219 7 9 0.1721
251 277 8 11 0.1711
810 278 9 10 0.1707
795 387 15 18 0.1702
105 273 8 10 0.1696
106 274 7 9 0.1695
764 213 7 9 0.1694
957 261 8 10 0.1689
40 217 7 8 0.1684
24 225 7 9 0.1666
627 177 6 8 0.1662
707 299 8 10 0.1661
874 228 8 10 0.1659
181 236 7 9 0.1659
752 180 7 8 0.1653
866 192 7 8 0.1621
914 155 6 8 0.1616
811 262 8 12 0.1609
850 263 9 11 0.1605
229 240 7 9 0.1602
296 283 9 12 0.1602
907 187 6 8 0.1598
762 211 7 9 0.1596
184 236 7 9 0.1594
678 237 7 9 0.1588
167 230 6 8 0.1583
277 234 8 10 0.1582
348 237 8 10 0.1579
835 166 6 7 0.1577
75 225 8 9 0.1575
886 173 7 8 0.1572
553 253 7 11 0.1568
798 185 7 9 0.1565
1004 237 7 9 0.1562
343 220 7 9 0.1559
983 244 8 9 0.1559
1008 174 8 8 0.1559
760 169 7 7 0.1553
964 200 7 9 0.1548
929 169 6 8 0.1536
940 248 8 10 0.1528
889 173 7 9 0.1516
823 516 20 23 0.1514
945 173 6 7 0.1508
958 186 7 9 0.1505
824 314 9 12 0.1499
923 213 7 9 0.1495
814 187 7 9 0.1493
698 308 9 10 0.1491
227 230 7 9 0.1484
206 204 6 8 0.1482
588 290 9 11 0.1482
11 263 7 9 0.1475
730 263 8 10 0.1472
825 189 7 9 0.1468
988 210 7 9 0.1456
259 257 8 10 0.1453
968 200 7 8 0.1449
732 266 8 10 0.1432
586 299 8 10 0.1430
610 180 6 7 0.1423
274 234 7 9 0.1420
719 358 13 17 0.1418
774 188 7 8 0.1415
900 233 8 9 0.1415
806 199 7 9 0.1414
366 273 8 11 0.1411
675 277 8 10 0.1406
945 151 6 7 0.1397
873 315 8 11 0.1396
793 170 7 8 0.1393
920 175 6 8 0.1393
941 174 6 7 0.1385
123 250 8 10 0.1385
688 274 8 10 0.1372
882 236 7 10 0.1368
137 213 7 9 0.1367
963 168 7 9 0.1347
301 230 9 9 0.1345
309 301 10 11 0.1340
870 287 8 11 0.1335
273 218 7 9 0.1334
821 163 6 8 0.1332
8 262 7 9 0.1322
583 283 9 11 0.1319
928 315 9 11 0.1311
691 229 7 9 0.1307
838 357 10 12 0.1303
677 313 9 12 0.1290
755 202 7 9 0.1286
608 259 8 10 0.1282
904 187 6 8 0.1282
142 276 9 11 0.1274
849 157 6 7 0.1274
1015 265 8 10 0.1273
775 263 8 9 0.1268
911 155 6 8 0.1260
815 237 8 10 0.1258
353 238 7 9 0.1253
812 186 7 9 0.1238
27 202 7 9 0.1237
778 188 6 8 0.1236
643 251 7 11 0.1234
326 303 9 11 0.1226
947 171 6 8 0.1226
196 191 6 7 0.1222
654 228 8 10 0.1221
764 273 8 10 0.1215
714 186 7 8 0.1213
346 272 7 10 0.1209
264 235 7 9 0.1206
829 206 7 8 0.1199
818 201 7 8 0.1195
821 366 10 13 0.1191
936 151 6 7 0.1188
670 216 8 10 0.1183
691 241 8 8 0.1183
149 405 14 17 0.1158
20 225 7 10 0.1156
804 363 12 15 0.1155
327 300 9 11 0.1153
274 278 9 11 0.1148
996 174 6 8 0.1147
178 196 6 7 0.1146
917 176 6 7 0.1145
846 189 7 8 0.1145
311 237 8 10 0.1143
224 205 6 7 0.1136
831 176 7 8 0.1135
756 201 7 9 0.1135
832 165 7 8 0.1127
400 512 21 25 0.1111
769 152 6 7 0.1106
373 206 7 9 0.1101
603 194 6 8 0.1098
710 299 9 10 0.1098
735 158 6 7 0.1095
172 275 9 12 0.1093
585 193 7 9 0.1084
286 291 9 10 0.1084
998 175 6 8 0.1084
10 203 7 8 0.1083
112 240 7 9 0.1082
902 186 7 8 0.1078
842 357 9 13 0.1078
861 353 9 10 0.1076
68 227 8 8 0.1073
990 272 8 10 0.1072
969 216 7 9 0.1066
755 292 8 10 0.1065
701 200 7 9 0.1061
871 288 8 10 0.1056
103 274 7 9 0.1049
981 218 7 10 0.1047
150 190 7 8 0.1047
1012 174 7 9 0.1044
937 301 9 11 0.1038
880 237 8 9 0.1037
187 197 5 8 0.1034
181 217 7 7 0.1030
235 214 7 9 0.1028
655 203 7 9 0.1025
607 179 5 8 0.1024
263 256 8 11 0.1022
993 174 6 8 0.1021
908 255 9 10 0.1021
181 237 6 9 0.1016
246 346 14 17 0.1015
966 256 8 11 0.1015
826 314 9 12 0.1014
276 218 6 9 0.1014
238 214 7 9 0.1013
659 301 8 9 0.1011
118 272 8 11 0.1006
22 225 8 9 0.1002
765 152 6 7 0.1000
193 239 7 9 0.0999
624 265 8 10 0.0995
909 275 8 10 0.0986
72 225 7 9 0.0986
673 217 8 10 0.0986
372 248 7 9 0.0982
135 213 7 9 0.0981
985 220 7 9 0.0980
817 164 6 8 0.0975
703 166 6 8 0.0974
623 289 8 10 0.0973
777 173 6 8 0.0969
581 193 7 9 0.0968
20 277 9 10 0.0966
974 176 7 8 0.0963
606 218 8 10 0.0962
342 270 8 11 0.0962
567 298 9 12 0.0960
916 174 6 8 0.0956
330 302 9 11 0.0952
729 313 8 10 0.0951
750 236 7 9 0.0947
957 260 8 10 0.0938
741 169 7 8 0.0938
190 228 7 9 0.0937
1 212 6 9 0.0922
890 172 8 10 0.0917
858 242 8 9 0.0911
697 200 7 8 0.0905
106 238 8 9 0.0902
174 196 6 7 0.0898
73 198 7 8 0.0895
954 196 7 8 0.0887
557 206 6 8 0.0887
751 263 8 10 0.0885
851 157 6 8 0.0883
606 239 8 10 0.0883
959 308 8 10 0.0883
724 209 7 9 0.0882
993 175 7 8 0.0881
852 263 8 10 0.0877
54 204 6 8 0.0877
38 238 8 10 0.0876
362 207 7 8 0.0876
19 224 7 9 0.0870
980 227 8 9 0.0866
24 202 7 8 0.0864
928 184 6 8 0.0860
782 215 7 8 0.0856
615 285 9 10 0.0854
583 259 9 10 0.0848
867 287 8 11 0.0846
705 316 9 11 0.0844
91 264 8 11 0.0835
861 210 8 9 0.0833
301 276 9 12 0.0830
870 222 8 9 0.0829
843 173 6 8 0.0826
623 237 7 9 0.0825
781 176 6 8 0.0824
614 292 8 10 0.0816
76 198 7 8 0.0815
761 273 8 11 0.0814
556 238 8 10 0.0813
725 313 9 10 0.0811
574 233 8 9 0.0810
204 191 6 7 0.0805
279 236 8 9 0.0796
236 273 9 11 0.0793
751 219 7 8 0.0793
43 191 7 8 0.0793
332 265 8 11 0.0791
275 236 8 9 0.0788
705 232 7 8 0.0787
260 205 7 8 0.0785
932 152 6 7 0.0784
829 292 9 10 0.0783
808 214 7 8 0.0782
311 203 7 8 0.0781
983 242 7 9 0.0780
241 241 8 9 0.0779
728 241 7 10 0.0777
708 314 9 12 0.0776
132 263 8 10 0.0774
249 346 15 18 0.0771
723 359 12 16 0.0759
646 184 7 8 0.0759
845 166 7 7 0.0755
233 213 7 9 0.0755
624 265 8 9 0.0751
175 298 8 10 0.0747
865 353 8 10 0.0745
679 237 8 9 0.0744
957 146 7 8 0.0742
626 176 7 8 0.0742
607 259 7 10 0.0740
1013 265 9 10 0.0740
121 201 6 7 0.0740
805 365 12 14 0.0739
876 315 9 11 0.0738
900 241 8 9 0.0736
263 204 7 9 0.0735
70 237 8 10 0.0734
298 287 9 11 0.0734
680 205 7 8 0.0732
367 286 9 11 0.0730
601 259 8 9 0.0727
655 241 8 10 0.0726
353 268 8 10 0.0726
8 263 9 10 0.0724
605 201 7 9 0.0723
194 191 6 7 0.0720
716 160 6 8 0.0717
1005 344 10 12 0.0717
818 214 7 9 0.0716
741 158 6 7 0.0715
905 186 7 9 0.0713
105 223 7 8 0.0711
1 227 7 9 0.0711
2 243 7 8 0.0707
882 237 8 10 0.0707
284 210 7 9 0.0704
936 213 7 9 0.0700
237 213 7 9 0.0699
908 258 8 9 0.0698
316 237 8 10 0.0697
878 265 9 11 0.0695
300 189 6 8 0.0693
1008 344 11 13 0.0692
904 218 7 8 0.0691
650 185 6 8 0.0691
827 178 7 9 0.0690
638 228 7 9 0.0689
704 300 8 11 0.0688
313 266 8 10 0.0685
670 188 7 8 0.0683
277 182 7 9 0.0683
273 183 7 8 0.0681
645 288 8 10 0.0679
688 198 6 8 0.0678
157 219 7 8 0.0678
706 261 9 11 0.0678
930 150 6 8 0.0673
1006 237 8 9 0.0669
828 189 7 9 0.0668
630 197 7 8 0.0667
932 169 6 7 0.0665
846 250 8 9 0.0664
986 210 7 8 0.0662
724 209 7 9 0.0662
750 377 18 21 0.0661
698 167 6 7 0.0658
863 353 9 11 0.0657
600 283 9 10 0.0654
987 185 8 9 0.0652
217 253 7 9 0.0652
122 219 7 8 0.0652
779 175 7 8 0.0652
828 269 8 10 0.0644
747 377 16 20 0.0643
658 196 7 8 0.0641
602 201 6 9 0.0641
659 167 6 7 0.0640
344 219 7 8 0.0640
242 262 8 10 0.0638
572 263 8 10 0.0637
800 185 7 8 0.0635
984 230 8 10 0.0634
702 261 8 10 0.0632
877 192 7 8 0.0631
291 266 8 10 0.0627
110 238 7 10 0.0627
294 283 8 11 0.0627
65 237 8 10 0.0626
623 238 7 10 0.0623
264 235 7 10 0.0620
212 228 7 8 0.0620
954 193 7 9 0.0618
294 246 8 10 0.0616
291 267 8 10 0.0615
832 272 7 10 0.0614
134 238 7 9 0.0613
671 212 7 9 0.0609
881 206 8 9 0.0609
831 232 8 9 0.0608
104 209 7 8 0.0603
584 217 8 9 0.0601
64 230 8 9 0.0600
272 276 8 11 0.0600
4 242 7 8 0.0598
1016 324 8 10 0.0596
398 512 21 25 0.0595
930 270 8 10 0.0594
667 187 8 9 0.0593
933 301 8 11 0.0592
171 298 9 10 0.0592
934 273 8 10 0.0591
1009 200 7 9 0.0590
719 256 8 9 0.0588
236 213 7 9 0.0588
808 322 9 12 0.0587
709 187 7 8 0.0587
713 160 6 7 0.0586
359 207 7 8 0.0585
137 240 8 8 0.0585
78 199 6 8 0.0583
185 236 7 9 0.0582
912 154 6 8 0.0581
90 265 9 10 0.0577
707 338 10 13 0.0576
707 336 10 13 0.0576
185 217 6 8 0.0575
37 216 7 9 0.0575
261 259 8 10 0.0575
967 255 8 10 0.0574
673 187 7 8 0.0573
210 211 7 9 0.0571
853 224 8 10 0.0571
5 265 8 10 0.0570
874 287 9 12 0.0569
755 181 6 8 0.0568
717 169 7 9 0.0568
101 209 6 9 0.0565
807 232 8 8 0.0564
671 216 8 9 0.0562
817 151 7 8 0.0560
808 263 8 10 0.0555
38 239 7 10 0.0554
619 213 7 9 0.0551
312 219 7 8 0.0550
711 186 7 7 0.0546
142 190 7 8 0.0544
864 190 7 9 0.0541
368 248 7 10 0.0541
961 168 7 8 0.0539
216 275 8 11 0.0538
787 247 8 10 0.0536
212 231 7 8 0.0534
783 152 6 7 0.0533
674 313 10 11 0.0533
832 166 7 7 0.0533
903 369 10 13 0.0533
800 362 13 15 0.0533
876 162 6 8 0.0532
1013 200 7 9 0.0532
934 150 6 7 0.0530
826 211 7 8 0.0530
136 214 7 8 0.0526
742 314 10 11 0.0525
1003 308 10 11 0.0521
114 217 7 8 0.0519
317 301 10 12 0.0519
107 225 7 8 0.0517
984 292 9 10 0.0516
816 148 7 9 0.0512
289 211 7 9 0.0509
303 189 7 8 0.0506
750 372 17 20 0.0506
646 288 8 10 0.0506
262 285 8 10 0.0506
677 256 8 9 0.0505
798 386 14 17 0.0503
678 157 6 6 0.0501
813 151 7 8 0.0501
711 230 7 9 0.0501
118 199 7 8 0.0499
596 177 7 7 0.0499
703 211 7 9 0.0497
147 405 13 16 0.0496
364 218 7 9 0.0492
727 181 6 8 0.0492
342 271 9 10 0.0489
96 247 8 10 0.0488
683 342 11 14 0.0486
109 228 7 8 0.0486
137 191 6 8 0.0485
696 185 6 8 0.0484
632 199 7 9 0.0484
372 286 8 10 0.0483
672 187 7 8 0.0483
703 187 7 8 0.0483
405 272 8 9 0.0481
858 223 7 9 0.0480
1005 236 9 9 0.0479
891 210 7 9 0.0479
65 226 7 9 0.0478
570 203 7 9 0.0477
827 272 8 11 0.0477
317 270 9 10 0.0476
123 187 7 8 0.0475
208 228 7 9 0.0474
274 185 7 8 0.0472
308 305 9 10 0.0469
604 163 6 6 0.0468
824 332 9 13 0.0468
177 278 9 12 0.0465
152 217 7 9 0.0465
690 167 7 8 0.0463
315 236 8 10 0.0463
790 145 6 6 0.0463
239 261 8 10 0.0460
987 270 8 9 0.0460
787 145 5 7 0.0460
767 151 6 7 0.0459
623 177 7 8 0.0456
929 315 8 11 0.0456
287 211 7 8 0.0456
1011 324 9 12 0.0453
603 216 8 9 0.0452
777 317 9 11 0.0452
193 192 6 7 0.0451
1011 199 7 8 0.0450
627 198 7 8 0.0449
900 298 8 11 0.0448
831 231 8 8 0.0448
636 191 6 8 0.0445
602 163 6 6 0.0444
663 166 7 8 0.0444
802 364 13 16 0.0442
863 191 6 8 0.0442
72 317 7 10 0.0441
636 202 8 9 0.0441
648 185 6 8 0.0441
671 297 8 10 0.0440
155 235 7 8 0.0437
943 287 8 11 0.0437
220 205 6 7 0.0436
634 228 7 9 0.0436
335 197 6 8 0.0433
870 191 7 8 0.0433
726 270 8 11 0.0432
922 375 10 13 0.0430
320 318 10 12 0.0430
887 207 7 9 0.0429
542 188 6 8 0.0429
271 218 7 9 0.0428
295 283 9 11 0.0427
366 285 9 11 0.0424
934 330 9 12 0.0424
1018 274 6 10 0.0423
68 317 8 10 0.0423
657 167 6 7 0.0421
201 190 5 7 0.0421
336 198 7 8 0.0421
960 150 7 8 0.0420
945 288 8 10 0.0419
601 193 6 8 0.0418
192 283 9 10 0.0412
975 178 7 9 0.0411
851 157 6 8 0.0410
812 148 7 9 0.0410
1007 197 7 9 0.0407
103 229 7 9 0.0407
745 369 16 20 0.0406
644 257 8 9 0.0404
634 170 7 8 0.0400
287 265 8 10 0.0399
701 166 6 7 0.0397
332 196 7 9 0.0395
676 188 6 8 0.0393
826 366 11 14 0.0392
254 227 7 9 0.0390
408 272 8 10 0.0389
740 202 7 9 0.0389
888 361 10 13 0.0388
4 212 6 8 0.0388
784 246 7 8 0.0384
578 231 8 9 0.0384
979 170 7 8 0.0383
189 256 7 9 0.0382
871 597 14 16 0.0382
732 282 8 10 0.0378
765 151 5 7 0.0378
334 237 9 10 0.0377
6 279 10 12 0.0377
157 257 7 9 0.0377
584 238 8 10 0.0370
44 204 7 8 0.0370
175 197 7 8 0.0369
619 212 8 9 0.0367
578 181 7 8 0.0366
77 274 7 10 0.0364
101 222 7 9 0.0363
847 154 6 8 0.0363
298 189 7 8 0.0363
758 168 6 8 0.0359
912 157 6 7 0.0357
889 374 10 12 0.0355
560 237 8 10 0.0350
1001 355 10 14 0.0350
317 318 9 12 0.0348
1006 343 12 12 0.0345
636 326 12 16 0.0343
112 270 9 10 0.0341
874 365 10 13 0.0340
631 327 14 18 0.0337
358 270 9 10 0.0335
123 186 6 8 0.0334
55 206 6 8 0.0334
50 191 6 8 0.0333
643 307 8 11 0.0333
893 324 8 10 0.0332
768 333 9 11 0.0332
782 180 6 8 0.0331
247 167 7 8 0.0330
698 165 6 8 0.0327
674 157 6 6 0.0326
619 237 7 9 0.0325
572 206 7 8 0.0324
753 201 7 9 0.0323
797 169 6 8 0.0323
21 243 7 9 0.0321
699 225 7 8 0.0319
370 205 7 8 0.0319
163 190 7 8 0.0318
278 184 7 8 0.0317
580 193 6 8 0.0317
215 146 6 8 0.0315
259 203 7 9 0.0314
720 361 14 17 0.0313
937 247 7 9 0.0311
623 178 7 8 0.0311
344 286 8 10 0.0307
973 166 6 8 0.0306
207 191 6 8 0.0305
734 159 6 7 0.0305
956 309 9 10 0.0305
594 238 8 10 0.0304
176 299 8 9 0.0303
823 333 10 12 0.0302
1 202 6 8 0.0301
652 206 7 9 0.0297
1 201 5 8 0.0297
130 172 6 8 0.0296
202 151 6 8 0.0296
47 190 7 8 0.0286
619 213 7 8 0.0285
199 152 6 7 0.0283
80 454 19 22 0.0283
751 320 10 11 0.0283
369 245 7 9 0.0282
315 217 7 9 0.0279
228 197 6 7 0.0279
856 221 6 9 0.0278
216 256 8 9 0.0277
838 355 9 11 0.0277
748 366 14 17 0.0275
251 166 6 8 0.0273
582 167 6 7 0.0273
782 351 11 13 0.0273
211 146 6 8 0.0270
618 304 9 10 0.0268
569 230 7 9 0.0268
870 152 6 7 0.0266
773 384 14 18 0.0266
600 163 5 7 0.0264
657 168 5 6 0.0264
258 281 9 10 0.0264
887 170 6 8 0.0263
41 192 7 8 0.0262
703 339 11 13 0.0261
841 354 9 11 0.0260
70 207 7 9 0.0257
963 203 7 8 0.0256
770 296 8 10 0.0256
641 352 13 17 0.0255
66 275 8 10 0.0253
556 240 8 9 0.0252
808 138 5 7 0.0251
1009 172 6 8 0.0251
880 160 7 9 0.0250
800 364 14 17 0.0249
701 336 12 14 0.0247
202 167 5 8 0.0246
951 309 8 10 0.0245
712 354 12 14 0.0245
127 172 6 8 0.0245
246 188 6 7 0.0244
853 243 8 9 0.0242
304 187 6 8 0.0242
997 229 8 9 0.0237
870 165 6 7 0.0237
934 251 9 10 0.0235
195 279 9 11 0.0233
63 255 8 10 0.0233
637 324 11 14 0.0230
164 189 6 8 0.0230
31 178 6 8 0.0230
214 252 7 10 0.0228
667 323 10 12 0.0228
249 188 6 8 0.0227
12 202 6 8 0.0227
542 189 6 8 0.0225
172 300 9 10 0.0224
132 173 5 7 0.0224
737 168 6 9 0.0223
272 184 7 9 0.0223
282 289 8 10 0.0223
198 151 6 7 0.0222
565 289 10 13 0.0222
151 177 6 8 0.0222
66 315 9 10 0.0222
13 174 5 7 0.0222
299 190 6 8 0.0221
63 275 7 10 0.0221
729 210 7 9 0.0219
568 293 10 12 0.0219
992 273 8 10 0.0219
248 147 6 8 0.0219
119 190 6 8 0.0218
1006 185 9 9 0.0218
626 171 6 7 0.0218
551 178 7 8 0.0217
37 258 8 10 0.0217
15 176 5 7 0.0216
246 147 6 7 0.0216
111 178 7 9 0.0215
805 138 5 7 0.0215
902 304 9 10 0.0214
246 188 6 8 0.0213
554 207 6 8 0.0213
783 353 11 14 0.0211
65 273 7 10 0.0207
554 206 7 7 0.0207
874 152 7 8 0.0207
1012 207 8 9 0.0207
955 233 7 9 0.0206
198 168 6 7 0.0205
196 284 9 10 0.0205
78 221 8 9 0.0204
109 174 7 8 0.0204
985 273 8 10 0.0202
180 152 6 8 0.0202
675 158 6 7 0.0202
850 325 11 13 0.0202
898 320 9 11 0.0201
36 174 6 8 0.0201
227 148 6 8 0.0200
13 185 6 8 0.0200
697 351 12 14 0.0199
554 254 8 10 0.0198
268 184 7 9 0.0198
181 177 7 8 0.0197
791 168 7 8 0.0196
896 299 8 11 0.0195
36 175 7 9 0.0194
600 163 5 7 0.0190
230 148 6 8 0.0188
791 247 7 10 0.0187
580 166 6 7 0.0183
704 295 8 10 0.0183
632 325 12 14 0.0181
362 205 7 8 0.0180
311 165 7 9 0.0180
841 255 8 9 0.0179
282 152 6 7 0.0179
67 298 8 9 0.0177
852 294 10 11 0.0177
776 316 9 11 0.0177
741 327 10 13 0.0177
158 166 7 8 0.0176
574 182 6 9 0.0176
251 164 6 8 0.0175
924 280 9 11 0.0174
286 151 6 8 0.0171
169 159 6 7 0.0171
796 281 8 10 0.0170
1019 215 5 11 0.0169
294 234 8 9 0.0168
312 306 10 11 0.0168
851 302 10 12 0.0167
559 223 8 9 0.0166
250 146 6 8 0.0165
825 314 9 11 0.0165
855 205 7 10 0.0164
955 146 7 7 0.0164
587 168 5 7 0.0163
884 372 9 13 0.0163
998 305 9 11 0.0162
53 191 6 8 0.0162
178 151 6 8 0.0161
971 376 13 14 0.0161
630 168 6 7 0.0161
875 323 9 11 0.0160
932 341 9 12 0.0160
552 174 6 8 0.0159
226 178 6 8 0.0158
547 176 6 8 0.0158
677 155 5 6 0.0158
178 175 7 9 0.0157
0 290 6 12 0.0157
806 140 6 7 0.0157
539 188 6 8 0.0156
0 182 4 8 0.0156
949 287 8 11 0.0155
246 166 7 9 0.0154
229 178 7 8 0.0154
375 153 5 8 0.0154
221 163 7 9 0.0153
684 327 10 12 0.0150
544 182 6 8 0.0150
901 295 9 11 0.0149
859 369 10 12 0.0148
70 315 8 11 0.0147
580 167 6 7 0.0147
971 324 9 12 0.0147
33 175 6 8 0.0147
369 155 6 7 0.0145
333 280 9 11 0.0144
823 335 9 12 0.0143
147 179 7 8 0.0142
800 321 10 11 0.0142
159 165 7 8 0.0142
61 273 8 10 0.0141
79 197 6 8 0.0139
890 374 10 12 0.0139
307 166 7 9 0.0138
890 272 8 11 0.0137
323 281 8 11 0.0137
743 338 9 11 0.0136
410 274 7 8 0.0136
216 162 7 8 0.0135
906 328 10 12 0.0134
174 151 7 8 0.0134
150 176 6 7 0.0133
999 355 9 13 0.0133
406 275 7 9 0.0133
553 206 6 8 0.0133
674 155 5 7 0.0131
661 322 12 13 0.0130
781 291 9 10 0.0130
796 386 15 18 0.0130
1012 297 9 11 0.0129
542 288 19 24 0.0129
300 147 6 8 0.0128
49 171 7 7 0.0127
786 146 5 7 0.0126
983 167 6 7 0.0126
156 164 6 7 0.0121
283 151 6 7 0.0121
1003 357 10 13 0.0118
740 339 9 12 0.0118
937 332 9 12 0.0118
300 130 5 7 0.0117
216 149 6 8 0.0117
358 203 6 8 0.0116
945 361 8 9 0.0116
743 155 6 7 0.0116
26 279 8 10 0.0114
523 231 6 9 0.0113
64 298 7 10 0.0111
312 187 7 8 0.0111
942 360 8 10 0.0109
333 164 6 8 0.0109
828 152 7 7 0.0108
405 288 8 10 0.0108
749 324 11 14 0.0107
925 376 10 12 0.0107
111 189 7 8 0.0106
893 147 7 8 0.0106
328 165 7 8 0.0105
139 158 6 8 0.0105
62 251 9 10 0.0105
819 313 9 12 0.0104
850 292 9 11 0.0104
135 158 6 8 0.0104
353 175 6 8 0.0103
924 358 11 12 0.0103
771 156 6 7 0.0103
386 278 9 11 0.0103
131 172 6 8 0.0102
280 151 6 7 0.0102
898 346 11 13 0.0101
247 349 17 19 0.0101
312 165 7 7 0.0101
972 305 8 10 0.0100
