0_Parade_marchingband_1_476
159
743 176 50 64 0.8844
797 129 46 51 0.8670
612 202 37 48 0.8649
858 102 34 38 0.8604
420 275 40 52 0.8581
676 160 32 38 0.8531
592 168 26 33 0.8426
454 220 27 34 0.8374
519 173 23 30 0.8346
336 266 31 45 0.8264
353 223 20 27 0.8199
204 250 22 28 0.8154
431 190 20 23 0.8126
71 253 21 24 0.7929
241 255 20 33 0.7770
385 221 21 29 0.7686
314 215 18 26 0.7526
640 53 15 18 0.7314
281 254 24 38 0.6904
483 191 20 26 0.6329
283 254 22 38 0.5991
155 199 12 16 0.5827
201 177 13 17 0.5739
676 138 21 25 0.5688
58 230 16 21 0.5645
575 160 16 21 0.5413
475 114 14 18 0.5320
175 185 12 15 0.5112
584 91 14 17 0.4699
326 144 12 16 0.4293
313 165 11 14 0.4287
577 160 17 23 0.4053
221 188 15 18 0.4036
408 138 11 16 0.4010
328 143 13 17 0.4001
399 199 18 23 0.3926
710 50 17 20 0.3902
173 185 12 16 0.3814
707 50 17 20 0.3790
494 191 19 25 0.3718
219 187 15 18 0.3682
876 36 20 26 0.3608
582 91 13 17 0.3049
787 33 18 23 0.2977
262 178 11 13 0.2680
248 179 8 10 0.2631
371 141 11 14 0.2579
265 177 10 13 0.2497
56 231 15 22 0.2463
405 139 11 15 0.2436
199 178 13 16 0.2358
302 166 10 11 0.2317
398 199 17 21 0.2306
351 151 10 12 0.2043
250 179 8 11 0.2023
262 177 10 12 0.2017
302 165 9 11 0.1960
265 178 11 12 0.1870
304 164 10 13 0.1757
405 137 12 17 0.1692
222 187 16 18 0.1670
282 254 22 38 0.1638
784 33 18 23 0.1623
786 33 17 21 0.1621
817 36 14 17 0.1564
871 37 20 27 0.1563
354 152 9 11 0.1543
526 98 10 12 0.1392
351 152 11 13 0.1383
305 165 11 13 0.1280
369 139 10 14 0.1246
157 197 13 17 0.1218
395 132 10 13 0.1117
401 200 18 22 0.1087
478 114 14 17 0.1053
392 133 10 12 0.0957
615 68 13 16 0.0869
355 152 10 12 0.0853
676 137 16 20 0.0680
816 33 14 17 0.0667
400 199 18 22 0.0655
784 32 16 21 0.0640
312 164 11 14 0.0638
375 141 10 12 0.0624
696 44 9 11 0.0610
500 102 11 13 0.0580
740 37 12 15 0.0563
154 200 10 14 0.0550
524 96 9 13 0.0550
499 100 10 12 0.0544
753 36 12 14 0.0538
814 37 13 16 0.0519
332 265 23 36 0.0498
367 141 10 12 0.0490
588 67 10 13 0.0488
754 36 13 16 0.0476
735 38 13 16 0.0469
566 103 11 12 0.0423
741 35 9 11 0.0422
584 66 10 13 0.0411
528 99 10 11 0.0408
494 100 10 11 0.0405
538 87 8 10 0.0385
470 109 9 13 0.0363
684 134 20 23 0.0350
737 36 9 11 0.0334
513 84 10 13 0.0329
565 85 9 11 0.0324
602 73 9 11 0.0322
889 35 19 25 0.0316
535 87 8 10 0.0314
393 133 10 12 0.0294
532 96 9 13 0.0276
395 132 9 11 0.0274
553 96 9 11 0.0265
594 74 10 12 0.0262
523 98 10 12 0.0258
497 102 10 12 0.0249
472 116 11 15 0.0242
619 67 13 16 0.0242
569 100 11 13 0.0236
201 193 13 14 0.0236
619 69 13 16 0.0234
599 75 8 11 0.0226
570 103 10 12 0.0211
199 176 13 18 0.0208
778 41 14 18 0.0201
530 99 9 11 0.0199
198 193 11 14 0.0189
503 192 13 21 0.0189
563 85 8 11 0.0183
423 119 10 12 0.0182
820 26 12 13 0.0180
471 107 9 12 0.0180
679 45 9 11 0.0180
245 179 10 13 0.0169
618 73 13 15 0.0167
331 262 17 29 0.0165
814 33 12 16 0.0164
506 86 11 14 0.0164
262 177 11 14 0.0159
312 216 16 25 0.0152
368 145 10 12 0.0150
392 132 9 11 0.0150
472 108 7 10 0.0146
692 66 13 16 0.0142
187 243 12 16 0.0135
500 114 11 14 0.0135
680 137 23 27 0.0132
776 43 11 15 0.0131
748 41 12 16 0.0126
473 112 13 18 0.0125
416 203 14 18 0.0121
858 0 15 18 0.0117
617 54 11 14 0.0117
586 64 10 13 0.0110
864 38 19 27 0.0108
294 167 8 10 0.0108
566 91 11 14 0.0101
