0_Parade_Parade_0_120
148
950 307 41 46 0.8711
109 305 43 46 0.8624
525 331 32 32 0.8455
47 321 23 33 0.7820
628 317 15 17 0.7066
492 312 20 23 0.7041
442 324 18 20 0.6697
328 313 17 20 0.6460
744 309 15 16 0.6058
393 330 15 18 0.5968
666 324 17 20 0.4826
564 317 14 16 0.4381
696 318 14 16 0.4330
663 324 18 20 0.4220
699 319 14 15 0.4027
290 341 15 16 0.3487
759 315 14 16 0.2955
370 331 10 13 0.2758
285 341 16 16 0.2670
908 303 14 21 0.2470
367 331 10 13 0.2287
762 314 14 16 0.2199
989 329 23 38 0.2042
26 371 26 32 0.1865
235 338 13 23 0.1673
984 329 23 37 0.1598
718 315 9 11 0.1530
239 339 12 22 0.1511
810 330 14 17 0.1443
825 320 19 23 0.1397
604 325 9 10 0.1385
747 309 14 16 0.1257
721 316 10 11 0.1256
490 312 19 23 0.1224
732 318 10 12 0.1153
302 334 12 15 0.1000
607 324 10 12 0.0963
823 320 16 22 0.0933
761 314 13 15 0.0911
796 313 9 11 0.0834
904 304 12 19 0.0780
290 339 14 17 0.0776
232 334 14 24 0.0761
222 343 14 22 0.0748
818 296 10 13 0.0740
815 296 9 12 0.0709
557 319 15 18 0.0708
986 326 22 39 0.0687
568 317 12 15 0.0669
797 316 12 15 0.0624
237 337 12 21 0.0574
681 280 5 7 0.0572
271 342 11 15 0.0552
799 312 9 12 0.0551
778 311 9 10 0.0548
825 324 20 28 0.0525
390 330 15 18 0.0524
678 280 5 7 0.0507
606 326 9 10 0.0498
325 313 17 19 0.0498
628 275 5 7 0.0480
630 275 5 7 0.0470
679 279 6 8 0.0442
726 316 10 11 0.0429
677 278 5 8 0.0412
228 353 12 20 0.0393
8 351 22 30 0.0378
601 325 9 11 0.0367
562 315 13 16 0.0365
822 323 18 24 0.0345
318 339 12 14 0.0333
319 342 12 13 0.0330
824 323 17 22 0.0330
271 337 12 15 0.0326
631 276 6 7 0.0319
904 303 14 19 0.0319
602 325 8 10 0.0317
905 301 13 19 0.0315
234 325 14 15 0.0313
856 312 18 23 0.0305
367 331 11 14 0.0304
0 296 9 18 0.0291
235 341 15 24 0.0286
282 338 15 17 0.0284
239 325 12 14 0.0284
978 320 26 36 0.0282
316 343 11 13 0.0273
428 337 12 14 0.0268
592 318 8 9 0.0268
853 306 17 21 0.0257
994 227 15 28 0.0256
633 275 4 6 0.0247
223 349 15 23 0.0243
260 343 12 16 0.0229
162 336 22 26 0.0218
777 311 9 11 0.0214
444 323 18 21 0.0211
343 350 12 14 0.0199
911 304 20 25 0.0195
361 345 11 14 0.0184
565 320 15 17 0.0181
369 329 10 13 0.0178
860 293 11 14 0.0175
259 353 12 15 0.0171
809 326 14 18 0.0170
917 318 19 24 0.0169
853 303 14 16 0.0162
828 337 21 26 0.0161
828 315 16 17 0.0161
848 305 16 18 0.0160
0 362 9 39 0.0158
602 327 8 9 0.0156
426 339 14 15 0.0155
0 299 12 22 0.0151
799 311 8 10 0.0150
867 291 6 7 0.0148
165 332 18 21 0.0140
74 313 9 14 0.0139
568 315 11 14 0.0138
0 381 7 44 0.0138
804 327 14 17 0.0138
598 318 8 10 0.0137
862 291 7 9 0.0136
430 337 13 17 0.0136
74 315 10 15 0.0135
235 331 14 19 0.0135
0 319 4 25 0.0130
824 317 13 14 0.0130
23 371 27 32 0.0129
631 298 8 8 0.0128
426 322 12 15 0.0126
996 231 16 27 0.0125
791 318 10 14 0.0125
678 280 6 8 0.0124
837 339 20 25 0.0124
766 307 10 10 0.0123
865 293 10 13 0.0120
309 333 10 12 0.0118
628 278 6 7 0.0116
4 348 21 32 0.0114
366 330 9 11 0.0114
909 309 19 26 0.0113
240 347 14 20 0.0113
628 277 6 6 0.0109
1 345 12 29 0.0108
264 353 10 15 0.0107
349 334 12 15 0.0105
287 335 11 13 0.0101
