0_Parade_Parade_0_443
52
372 235 50 67 0.8868
688 302 69 82 0.8795
302 176 38 53 0.8708
216 237 23 28 0.7817
522 209 71 85 0.7031
111 329 17 20 0.6579
216 276 26 41 0.6379
792 212 22 36 0.6371
0 253 11 15 0.4779
522 210 71 84 0.4080
217 276 25 41 0.3938
65 255 10 15 0.3670
40 287 23 29 0.2146
67 256 10 12 0.1888
90 263 7 9 0.1657
131 256 7 8 0.1588
118 259 7 9 0.1539
36 284 25 33 0.1465
86 263 8 9 0.1427
62 255 11 16 0.1358
129 256 6 8 0.1204
88 263 7 9 0.0801
3 254 10 14 0.0739
89 253 6 7 0.0733
116 259 6 8 0.0599
70 285 7 9 0.0592
107 253 7 8 0.0543
148 258 7 9 0.0532
120 259 7 9 0.0520
87 253 6 9 0.0508
73 285 7 9 0.0386
152 259 7 8 0.0371
116 260 6 8 0.0354
112 259 7 9 0.0350
127 257 6 8 0.0342
87 262 8 10 0.0335
131 256 6 8 0.0296
163 256 6 8 0.0295
108 329 15 20 0.0236
162 255 6 8 0.0230
118 293 10 13 0.0206
61 255 13 17 0.0189
156 259 7 9 0.0186
159 255 6 8 0.0163
149 263 8 10 0.0139
1 253 13 18 0.0131
65 254 8 11 0.0126
0 252 8 13 0.0121
73 287 8 9 0.0117
134 256 7 8 0.0112
69 287 9 11 0.0109
153 260 9 11 0.0101
