0_Parade_marchingband_1_188
232
549 516 12 14 0.5508
615 433 12 12 0.4289
921 485 11 15 0.4241
254 501 12 14 0.4168
444 549 12 15 0.3982
575 568 12 13 0.3916
441 549 12 15 0.3756
251 501 11 14 0.3623
919 485 10 15 0.3441
708 406 10 12 0.3344
300 375 9 10 0.3326
783 384 10 11 0.3273
341 319 9 10 0.3260
689 350 9 11 0.3249
686 350 9 11 0.3247
344 319 9 10 0.3177
786 384 9 11 0.3138
209 422 10 11 0.3106
610 280 8 9 0.3098
240 326 9 10 0.3096
613 280 8 9 0.3056
796 359 9 11 0.3036
587 324 8 10 0.3008
694 281 8 10 0.2970
710 406 11 12 0.2967
799 359 9 11 0.2957
437 273 8 9 0.2954
303 375 9 10 0.2940
451 320 9 10 0.2873
335 268 8 9 0.2872
156 369 10 10 0.2839
506 280 7 9 0.2822
213 422 9 11 0.2817
243 326 9 10 0.2802
52 432 9 12 0.2775
617 371 8 9 0.2771
603 408 10 11 0.2771
454 320 9 10 0.2766
590 324 8 10 0.2745
524 366 9 10 0.2732
332 268 9 9 0.2711
503 280 8 9 0.2649
440 272 8 10 0.2635
62 323 9 9 0.2584
118 333 8 10 0.2571
521 367 8 10 0.2546
682 305 7 9 0.2541
159 369 9 10 0.2501
121 333 8 10 0.2483
65 323 8 9 0.2474
49 433 9 11 0.2413
554 265 9 10 0.2383
248 263 8 9 0.2368
361 254 9 9 0.2346
722 304 8 8 0.2311
619 371 8 9 0.2262
696 281 8 10 0.2220
725 303 8 9 0.2209
683 305 8 9 0.2194
251 263 8 9 0.2188
780 184 6 7 0.2178
296 247 9 9 0.2177
557 265 8 10 0.2135
600 408 10 11 0.2034
783 183 6 8 0.2029
692 281 8 10 0.1985
491 177 6 7 0.1951
553 264 9 10 0.1896
494 176 6 8 0.1872
364 253 8 10 0.1792
858 427 11 12 0.1780
299 247 8 9 0.1752
507 398 9 10 0.1724
472 430 9 11 0.1703
523 366 9 10 0.1668
613 433 11 12 0.1642
521 366 8 10 0.1633
666 391 9 10 0.1626
220 176 6 7 0.1617
468 430 9 11 0.1610
615 371 9 9 0.1590
504 398 9 10 0.1577
556 264 9 10 0.1568
574 568 11 12 0.1564
721 303 8 9 0.1554
294 247 8 9 0.1553
668 391 9 11 0.1531
680 306 8 9 0.1450
724 302 8 10 0.1370
777 447 11 11 0.1336
140 209 6 9 0.1331
774 447 10 10 0.1315
859 430 11 12 0.1277
995 243 6 9 0.1231
217 176 6 7 0.1209
490 177 6 7 0.1209
360 253 8 9 0.1197
143 209 6 9 0.1179
680 304 8 9 0.1149
249 264 8 8 0.1146
998 243 6 9 0.1124
218 175 6 7 0.1102
51 429 10 11 0.1099
470 430 9 10 0.1078
252 264 8 8 0.1077
333 267 8 9 0.1063
497 401 8 9 0.1054
784 184 6 8 0.1050
360 254 8 9 0.1029
493 176 7 7 0.0964
664 390 8 10 0.0938
467 429 9 11 0.0930
618 435 11 12 0.0930
577 570 12 12 0.0921
514 212 6 8 0.0919
155 368 9 10 0.0897
216 175 6 7 0.0862
244 326 9 10 0.0852
512 212 6 8 0.0838
115 591 12 15 0.0821
591 325 8 9 0.0820
298 249 8 8 0.0816
116 333 9 9 0.0798
502 280 7 9 0.0794
615 369 8 10 0.0791
144 210 6 8 0.0767
665 392 8 10 0.0766
853 428 9 11 0.0758
770 227 7 8 0.0702
855 430 9 11 0.0694
436 272 8 10 0.0670
500 401 8 10 0.0658
241 327 8 10 0.0654
547 516 12 14 0.0653
611 279 8 9 0.0632
510 211 6 8 0.0627
692 280 9 10 0.0619
49 429 9 11 0.0597
66 324 8 8 0.0588
706 405 11 11 0.0588
780 185 6 8 0.0584
511 213 6 7 0.0582
767 228 6 8 0.0574
996 242 6 8 0.0571
866 385 10 10 0.0570
501 281 8 8 0.0564
363 252 8 9 0.0543
141 211 6 8 0.0540
782 384 9 11 0.0531
155 370 9 10 0.0514
605 408 10 11 0.0514
117 332 8 10 0.0505
587 326 9 9 0.0501
337 268 8 9 0.0499
439 274 8 9 0.0498
159 368 8 10 0.0490
601 406 10 11 0.0474
770 224 6 9 0.0444
63 325 7 8 0.0439
674 389 9 10 0.0435
862 426 11 12 0.0430
156 201 6 7 0.0424
574 570 11 12 0.0423
295 250 8 8 0.0416
158 202 6 7 0.0416
343 318 8 10 0.0413
496 403 8 9 0.0409
609 334 8 9 0.0394
115 595 13 14 0.0374
505 279 8 9 0.0372
677 390 9 10 0.0367
725 331 8 9 0.0358
722 331 8 9 0.0354
994 242 5 8 0.0350
450 319 9 11 0.0348
67 323 8 8 0.0347
864 384 9 11 0.0346
449 318 9 11 0.0346
209 417 9 12 0.0343
766 226 6 8 0.0325
611 334 9 10 0.0313
710 405 10 11 0.0302
780 184 6 7 0.0296
512 249 8 10 0.0273
578 567 11 13 0.0265
512 251 8 10 0.0251
776 217 8 9 0.0239
141 210 6 8 0.0238
551 517 13 14 0.0234
863 430 10 10 0.0226
213 417 8 11 0.0224
613 431 11 12 0.0223
336 267 8 9 0.0217
776 446 10 11 0.0215
160 200 6 7 0.0214
695 279 9 10 0.0207
552 516 11 13 0.0200
618 368 9 10 0.0197
453 319 8 9 0.0194
301 377 9 10 0.0189
684 304 7 9 0.0189
161 201 5 7 0.0183
305 376 8 9 0.0182
773 445 9 11 0.0172
112 592 11 13 0.0170
668 390 9 11 0.0169
609 279 8 9 0.0166
708 368 8 9 0.0165
592 323 9 11 0.0163
513 212 7 7 0.0155
509 249 8 10 0.0154
120 332 8 9 0.0150
508 395 9 10 0.0149
492 179 6 8 0.0147
111 593 13 15 0.0147
340 318 9 10 0.0140
686 352 9 10 0.0136
160 369 9 10 0.0131
451 320 8 9 0.0129
63 322 8 9 0.0128
776 445 10 11 0.0127
453 322 8 9 0.0119
331 267 8 9 0.0118
300 248 8 8 0.0118
509 251 8 9 0.0114
112 596 12 13 0.0112
218 178 6 7 0.0112
722 329 8 9 0.0112
502 398 8 9 0.0111
507 400 9 10 0.0107
690 351 9 10 0.0107
440 272 8 9 0.0101
