0_Parade_Parade_0_275
1154
651 597 8 10 0.2945
655 597 7 10 0.2909
977 674 8 10 0.2886
933 646 8 9 0.2776
980 674 8 10 0.2711
584 728 8 9 0.2658
929 646 8 10 0.2649
529 623 7 9 0.2540
649 781 8 10 0.2540
532 623 7 9 0.2458
546 702 8 9 0.2434
707 760 9 10 0.2395
1006 422 7 9 0.2334
588 728 7 9 0.2294
578 666 8 10 0.2284
760 670 8 10 0.2281
763 670 8 10 0.2272
550 702 7 10 0.2208
652 781 8 10 0.2201
473 580 8 10 0.2154
470 581 7 9 0.2109
643 574 7 9 0.2080
779 536 7 9 0.2019
832 634 7 9 0.2019
618 697 8 9 0.1970
669 678 7 8 0.1954
828 634 8 9 0.1950
380 495 7 8 0.1857
782 536 7 9 0.1851
640 574 8 9 0.1828
872 731 8 10 0.1771
384 495 7 8 0.1752
1002 422 8 9 0.1731
648 726 8 9 0.1696
581 667 8 10 0.1693
672 678 7 9 0.1652
533 756 8 10 0.1592
438 682 7 8 0.1589
652 726 8 9 0.1578
439 682 8 9 0.1575
745 522 8 8 0.1558
552 639 8 9 0.1539
748 522 7 8 0.1537
530 757 7 9 0.1506
440 434 5 8 0.1456
602 627 8 10 0.1456
645 574 7 9 0.1453
191 473 7 9 0.1447
503 603 8 9 0.1446
593 562 7 9 0.1442
705 759 9 10 0.1432
617 758 7 9 0.1426
618 759 8 9 0.1425
600 627 7 10 0.1424
706 700 8 10 0.1418
874 732 8 10 0.1416
596 562 7 9 0.1408
475 643 7 8 0.1400
690 488 7 8 0.1367
471 643 8 9 0.1363
445 561 7 9 0.1363
687 487 7 8 0.1361
519 560 7 8 0.1352
187 473 7 9 0.1348
523 560 7 8 0.1346
705 760 8 10 0.1341
704 700 8 10 0.1327
443 434 6 8 0.1320
511 668 7 9 0.1300
448 561 7 9 0.1290
764 726 8 9 0.1287
768 726 8 9 0.1259
569 603 7 8 0.1253
507 603 7 9 0.1250
616 697 7 9 0.1245
690 626 7 9 0.1241
441 681 7 9 0.1230
686 626 8 9 0.1230
508 668 7 8 0.1228
710 760 8 11 0.1203
572 603 7 8 0.1201
690 545 6 8 0.1196
489 540 6 8 0.1192
693 544 7 8 0.1190
1002 554 8 8 0.1174
648 481 7 7 0.1160
575 421 5 7 0.1149
549 409 6 8 0.1144
620 758 8 9 0.1141
513 669 6 8 0.1140
535 514 7 9 0.1133
616 696 8 9 0.1132
834 517 7 8 0.1125
580 667 8 10 0.1113
532 514 6 8 0.1111
621 759 7 9 0.1108
448 501 6 7 0.1072
926 696 8 10 0.1067
442 682 7 9 0.1063
620 697 8 10 0.1046
552 409 6 8 0.1046
473 642 8 9 0.1039
875 731 8 10 0.1038
472 580 8 9 0.1026
1000 553 8 9 0.1021
491 541 6 7 0.1005
509 669 7 9 0.1002
645 480 7 8 0.1001
418 541 7 8 0.1001
556 640 7 9 0.0997
445 501 6 6 0.0994
964 619 9 9 0.0994
377 743 8 9 0.0968
516 505 6 7 0.0967
600 630 8 9 0.0966
0 649 7 10 0.0961
380 743 8 10 0.0952
462 461 6 8 0.0951
464 462 7 8 0.0950
415 541 6 8 0.0942
654 782 7 10 0.0938
650 783 8 10 0.0936
1009 551 7 8 0.0933
951 580 7 8 0.0929
759 669 8 10 0.0926
676 366 6 8 0.0925
709 759 8 10 0.0917
963 617 8 9 0.0915
362 479 7 8 0.0914
577 421 6 7 0.0911
152 782 8 9 0.0911
492 540 6 8 0.0908
534 757 8 10 0.0895
531 758 8 10 0.0891
925 695 8 9 0.0890
550 578 7 9 0.0887
763 669 7 10 0.0887
604 629 7 10 0.0877
830 518 8 8 0.0877
998 555 8 8 0.0869
746 457 6 8 0.0869
680 366 6 7 0.0867
576 665 8 10 0.0867
949 579 7 9 0.0855
930 697 8 9 0.0849
618 438 6 9 0.0847
149 782 8 9 0.0846
550 638 7 9 0.0844
499 409 5 6 0.0841
996 488 7 8 0.0833
359 480 6 8 0.0831
423 545 7 8 0.0829
920 434 8 8 0.0826
968 619 8 10 0.0824
533 516 6 8 0.0823
547 578 7 8 0.0822
614 439 7 8 0.0818
993 488 7 8 0.0816
616 437 7 9 0.0810
923 434 8 9 0.0808
162 478 6 8 0.0806
551 579 7 9 0.0806
688 489 6 8 0.0806
452 619 8 9 0.0796
692 488 6 8 0.0792
450 451 6 8 0.0791
505 605 7 8 0.0790
502 408 6 7 0.0788
548 580 7 8 0.0784
932 644 8 10 0.0773
689 380 6 7 0.0769
349 726 7 8 0.0764
928 695 8 9 0.0760
824 691 6 8 0.0748
537 516 6 7 0.0747
555 460 6 8 0.0746
426 602 6 7 0.0742
455 619 8 9 0.0738
963 528 8 10 0.0735
898 325 6 7 0.0725
469 579 8 10 0.0725
471 641 7 9 0.0723
560 535 7 8 0.0722
732 658 8 10 0.0721
555 640 7 9 0.0720
671 680 7 8 0.0719
1004 423 7 8 0.0718
570 605 7 8 0.0717
748 456 7 8 0.0717
961 527 8 10 0.0712
558 461 6 7 0.0705
461 462 6 8 0.0701
169 746 8 9 0.0695
889 611 8 9 0.0694
871 733 8 9 0.0688
449 502 6 7 0.0688
417 542 7 8 0.0686
513 505 6 7 0.0683
650 357 6 7 0.0678
563 535 7 8 0.0672
832 516 7 8 0.0671
912 551 6 7 0.0671
998 552 7 9 0.0671
613 437 7 8 0.0670
887 425 7 8 0.0668
594 564 7 8 0.0664
895 326 6 7 0.0658
451 618 7 9 0.0658
153 783 8 9 0.0653
72 659 7 8 0.0652
871 653 9 11 0.0650
446 451 7 8 0.0644
436 570 7 8 0.0640
573 604 7 8 0.0639
585 731 8 8 0.0639
168 745 7 9 0.0637
855 343 6 7 0.0637
915 571 8 9 0.0637
886 425 6 8 0.0636
514 504 6 7 0.0634
692 380 6 7 0.0634
827 691 7 8 0.0627
924 626 8 8 0.0626
150 784 8 9 0.0616
859 343 6 7 0.0616
708 700 8 10 0.0615
967 617 8 10 0.0614
743 457 7 8 0.0613
454 617 8 9 0.0606
75 659 7 8 0.0605
893 611 8 9 0.0605
915 551 6 8 0.0597
297 415 7 7 0.0594
445 503 6 7 0.0592
901 558 7 7 0.0591
994 490 7 8 0.0588
508 604 7 9 0.0586
747 415 7 8 0.0585
691 543 7 8 0.0584
388 577 7 8 0.0583
824 567 8 9 0.0583
898 491 6 8 0.0582
158 478 7 8 0.0579
744 521 7 9 0.0575
913 756 7 8 0.0575
781 317 6 7 0.0573
778 317 6 8 0.0573
729 658 8 10 0.0572
347 785 8 10 0.0571
645 575 6 9 0.0566
493 541 7 8 0.0564
619 695 8 10 0.0564
360 478 7 9 0.0561
960 530 7 8 0.0559
894 492 7 8 0.0559
382 744 8 9 0.0559
831 632 7 9 0.0558
828 706 7 8 0.0557
953 578 7 9 0.0554
331 499 7 8 0.0551
433 571 6 7 0.0548
293 415 7 8 0.0546
442 436 6 7 0.0546
547 705 8 8 0.0545
472 393 6 8 0.0541
557 797 8 8 0.0539
783 537 7 9 0.0534
395 621 7 9 0.0533
560 797 8 8 0.0533
337 462 6 8 0.0532
1012 551 7 8 0.0530
391 577 8 8 0.0530
721 404 6 8 0.0528
954 580 7 8 0.0527
561 798 8 9 0.0525
378 745 8 9 0.0524
857 584 7 9 0.0523
647 357 6 7 0.0521
825 709 8 9 0.0521
503 426 6 8 0.0520
779 538 7 8 0.0519
873 655 9 11 0.0518
881 531 7 8 0.0517
674 679 7 9 0.0516
876 733 9 10 0.0515
166 746 8 10 0.0514
870 731 8 9 0.0513
647 405 6 7 0.0513
554 410 6 8 0.0513
827 566 8 9 0.0511
392 621 7 8 0.0510
878 532 6 7 0.0506
997 489 7 9 0.0505
634 459 6 8 0.0504
334 499 7 8 0.0503
278 786 7 9 0.0503
589 730 8 8 0.0501
723 405 7 8 0.0500
650 404 6 8 0.0497
351 725 7 9 0.0496
168 777 10 11 0.0493
829 708 7 9 0.0493
896 325 6 7 0.0492
824 706 8 9 0.0491
582 668 8 10 0.0486
344 786 8 9 0.0484
916 755 7 8 0.0483
466 462 6 8 0.0482
853 584 7 9 0.0480
558 799 8 9 0.0480
415 412 5 7 0.0474
909 777 9 10 0.0474
428 601 7 8 0.0471
824 570 8 9 0.0469
731 653 8 9 0.0468
551 704 8 9 0.0468
318 422 7 8 0.0464
796 772 8 10 0.0461
805 289 5 7 0.0460
347 726 7 8 0.0460
638 459 6 8 0.0457
912 570 8 10 0.0456
751 415 6 8 0.0455
794 770 9 9 0.0453
66 741 9 12 0.0449
834 464 6 7 0.0441
475 393 6 7 0.0441
899 505 6 7 0.0440
721 514 6 7 0.0439
832 463 7 8 0.0438
375 557 6 7 0.0438
925 436 7 8 0.0436
957 442 6 7 0.0433
746 414 6 8 0.0423
570 482 7 8 0.0422
106 499 8 9 0.0421
793 773 8 10 0.0420
567 481 7 8 0.0420
189 475 6 9 0.0418
598 564 7 8 0.0418
275 786 7 9 0.0417
549 411 7 7 0.0415
762 730 8 8 0.0414
638 646 7 8 0.0414
161 477 6 8 0.0412
413 411 5 7 0.0411
809 289 5 6 0.0409
830 403 6 7 0.0408
707 703 8 9 0.0407
652 596 7 9 0.0406
551 640 7 9 0.0406
894 324 6 8 0.0406
642 646 7 8 0.0404
949 581 6 7 0.0400
906 380 6 7 0.0399
906 777 9 10 0.0398
1009 423 6 8 0.0396
795 599 8 10 0.0396
565 538 7 8 0.0395
165 744 8 9 0.0395
665 256 5 6 0.0395
561 539 7 8 0.0393
688 628 7 9 0.0390
934 381 6 7 0.0386
369 600 7 8 0.0386
827 569 8 9 0.0386
767 729 7 9 0.0385
523 446 6 8 0.0384
505 484 6 7 0.0382
522 487 5 7 0.0382
722 435 6 7 0.0381
294 457 7 9 0.0378
726 434 6 8 0.0378
468 518 6 8 0.0377
954 442 6 8 0.0376
830 465 6 7 0.0376
234 741 8 9 0.0374
377 601 7 8 0.0374
367 781 7 9 0.0373
472 517 6 8 0.0373
827 632 7 9 0.0373
336 446 6 7 0.0372
450 562 7 9 0.0372
921 625 8 9 0.0371
426 614 8 9 0.0371
931 381 6 7 0.0371
829 516 7 8 0.0370
519 445 7 8 0.0369
792 599 7 10 0.0368
193 474 6 9 0.0368
157 478 7 7 0.0366
884 363 7 8 0.0366
717 767 8 10 0.0366
891 619 8 9 0.0366
372 600 7 8 0.0365
415 761 7 9 0.0365
321 423 7 8 0.0364
152 695 7 8 0.0364
870 656 8 10 0.0364
833 403 6 7 0.0363
391 498 6 7 0.0362
712 286 6 7 0.0362
424 602 6 7 0.0361
889 425 7 9 0.0361
296 457 8 10 0.0361
913 552 6 8 0.0361
418 482 6 7 0.0359
678 366 6 7 0.0357
295 414 6 8 0.0356
909 380 6 7 0.0356
692 627 7 9 0.0355
916 553 7 8 0.0354
884 426 7 8 0.0354
744 455 7 8 0.0353
766 724 8 9 0.0353
704 704 7 9 0.0350
234 464 6 7 0.0349
956 343 6 8 0.0348
500 427 6 7 0.0348
735 649 7 8 0.0346
895 620 8 9 0.0345
363 781 7 9 0.0345
714 287 5 7 0.0344
1000 422 7 8 0.0343
353 754 8 10 0.0341
39 543 7 8 0.0340
964 524 9 10 0.0340
857 405 6 8 0.0339
591 487 6 8 0.0339
880 530 7 7 0.0338
388 437 6 9 0.0336
668 256 5 6 0.0335
447 778 6 8 0.0335
148 695 8 8 0.0334
608 383 6 7 0.0334
414 482 6 7 0.0332
519 487 6 7 0.0332
921 437 7 8 0.0332
413 447 6 8 0.0331
829 462 7 8 0.0331
929 644 8 10 0.0331
437 682 7 9 0.0330
889 423 7 9 0.0329
734 493 6 8 0.0327
522 557 7 8 0.0327
577 667 8 10 0.0326
579 422 6 7 0.0326
232 464 6 7 0.0326
389 579 7 8 0.0325
467 516 7 8 0.0325
69 740 9 12 0.0324
737 493 6 8 0.0324
952 344 6 7 0.0323
110 499 7 9 0.0322
35 543 7 9 0.0321
372 557 6 7 0.0319
877 530 6 7 0.0317
697 681 6 8 0.0317
418 761 8 9 0.0314
869 652 8 11 0.0312
663 467 7 8 0.0312
727 640 8 9 0.0312
147 693 8 9 0.0311
151 694 7 8 0.0309
927 626 8 9 0.0309
896 505 6 8 0.0308
416 411 5 7 0.0308
716 500 6 7 0.0308
230 463 5 7 0.0307
561 644 7 9 0.0306
630 490 7 8 0.0305
805 446 7 8 0.0305
93 786 11 11 0.0305
470 516 7 8 0.0304
792 769 8 10 0.0304
527 373 6 8 0.0304
376 389 6 7 0.0304
750 414 6 8 0.0303
525 372 6 8 0.0303
896 490 6 8 0.0302
444 777 6 8 0.0302
131 645 8 10 0.0302
887 364 6 8 0.0301
374 388 6 7 0.0300
391 437 7 9 0.0298
429 539 7 7 0.0296
319 425 6 7 0.0296
649 403 6 7 0.0295
710 692 8 10 0.0295
867 478 7 8 0.0294
670 533 7 8 0.0293
276 723 8 9 0.0293
914 757 7 8 0.0291
596 496 7 8 0.0290
719 502 6 7 0.0290
710 287 6 7 0.0288
693 681 7 8 0.0288
238 741 7 9 0.0287
323 424 6 7 0.0286
557 462 6 7 0.0286
956 440 6 8 0.0286
503 409 6 8 0.0286
362 796 7 9 0.0284
611 383 6 7 0.0283
832 401 6 8 0.0283
725 252 5 6 0.0282
688 424 6 7 0.0282
733 493 6 7 0.0282
724 640 7 9 0.0281
564 481 7 8 0.0280
709 285 6 7 0.0279
627 490 7 9 0.0278
616 759 7 9 0.0277
522 372 6 8 0.0276
644 479 6 8 0.0276
703 699 8 11 0.0276
306 666 7 8 0.0275
771 483 6 8 0.0275
884 424 6 8 0.0273
397 773 7 9 0.0271
372 556 6 7 0.0271
528 621 7 10 0.0269
837 517 7 9 0.0268
392 579 7 8 0.0268
416 447 6 8 0.0265
876 657 9 11 0.0264
779 537 7 8 0.0264
694 279 7 7 0.0264
404 775 7 9 0.0264
629 489 6 8 0.0263
758 358 6 6 0.0263
245 696 6 7 0.0263
551 639 8 9 0.0262
757 576 8 10 0.0262
350 754 8 10 0.0261
689 379 7 7 0.0261
329 454 7 8 0.0261
706 691 8 10 0.0261
422 740 7 9 0.0260
767 483 7 8 0.0259
640 643 7 8 0.0259
523 374 6 7 0.0259
875 654 8 10 0.0258
392 773 8 9 0.0258
230 465 6 7 0.0256
575 423 6 7 0.0256
952 440 7 8 0.0255
272 806 9 2 0.0254
418 540 6 8 0.0254
394 531 6 7 0.0253
649 725 8 10 0.0253
359 691 7 8 0.0252
923 697 8 9 0.0252
691 424 6 8 0.0250
732 570 8 9 0.0250
134 645 7 9 0.0249
531 621 7 10 0.0249
653 728 8 8 0.0249
860 404 7 9 0.0248
626 488 6 8 0.0248
848 630 7 8 0.0248
41 597 9 11 0.0247
36 644 9 9 0.0247
928 695 8 10 0.0246
358 477 6 9 0.0246
515 406 7 7 0.0246
728 252 5 6 0.0245
649 523 7 8 0.0245
689 542 6 8 0.0245
303 666 7 8 0.0245
40 643 8 10 0.0244
346 784 7 10 0.0244
826 692 7 9 0.0244
830 517 8 9 0.0243
855 582 7 8 0.0243
430 772 7 10 0.0243
407 523 7 8 0.0243
747 524 7 8 0.0242
806 288 6 7 0.0241
976 672 8 10 0.0240
883 685 9 11 0.0240
871 478 7 8 0.0239
446 558 7 8 0.0238
953 349 7 8 0.0237
719 513 5 7 0.0237
620 512 7 8 0.0237
894 490 6 8 0.0237
624 512 7 8 0.0237
847 629 7 8 0.0236
881 549 6 8 0.0236
830 635 7 9 0.0236
333 455 6 8 0.0235
720 404 6 7 0.0235
865 476 7 9 0.0235
649 729 8 8 0.0235
672 311 6 7 0.0234
444 562 8 8 0.0234
676 311 5 7 0.0233
293 621 8 9 0.0233
260 748 8 9 0.0232
372 603 8 9 0.0232
925 434 8 9 0.0231
392 733 8 9 0.0230
796 439 7 9 0.0230
356 537 6 7 0.0229
646 522 7 9 0.0228
467 464 6 7 0.0228
595 562 7 9 0.0228
276 785 7 9 0.0228
801 446 7 8 0.0227
685 519 6 7 0.0226
959 527 8 10 0.0225
748 521 7 8 0.0224
410 797 7 9 0.0224
528 394 6 7 0.0223
661 407 6 8 0.0223
651 597 7 9 0.0223
797 499 6 7 0.0222
883 365 6 8 0.0222
496 635 7 10 0.0222
930 645 8 10 0.0222
393 620 7 8 0.0221
1008 549 8 9 0.0221
722 436 7 7 0.0221
347 724 7 8 0.0221
488 540 6 8 0.0221
377 696 8 9 0.0221
142 486 7 8 0.0221
411 799 8 9 0.0221
519 557 7 8 0.0220
394 772 8 9 0.0219
395 772 7 9 0.0218
338 446 6 7 0.0218
644 574 7 8 0.0218
957 350 6 8 0.0217
241 696 6 7 0.0217
964 619 7 8 0.0216
339 462 7 7 0.0216
879 685 9 10 0.0216
605 626 8 10 0.0216
910 783 9 10 0.0216
741 298 6 7 0.0215
646 403 6 7 0.0214
243 695 6 7 0.0214
638 246 5 7 0.0214
854 585 8 9 0.0214
852 582 7 8 0.0214
972 601 8 9 0.0213
541 445 6 7 0.0213
317 647 7 9 0.0212
853 589 7 8 0.0212
759 579 8 9 0.0212
720 512 6 7 0.0211
413 759 8 10 0.0211
675 365 6 7 0.0211
273 784 7 9 0.0210
49 668 10 12 0.0210
404 522 6 8 0.0209
359 693 7 7 0.0209
527 622 8 9 0.0209
451 618 7 9 0.0208
720 555 8 9 0.0208
806 320 6 7 0.0208
592 493 8 9 0.0208
331 452 6 7 0.0208
257 371 6 8 0.0208
264 748 8 9 0.0207
492 635 8 10 0.0207
166 746 8 10 0.0206
748 520 7 9 0.0206
829 401 6 8 0.0205
272 712 7 9 0.0205
243 396 5 7 0.0205
651 359 6 6 0.0204
927 625 7 9 0.0204
419 740 7 9 0.0203
743 299 5 7 0.0203
673 312 6 7 0.0203
1 518 7 9 0.0203
809 321 6 7 0.0203
647 359 6 7 0.0202
677 312 5 7 0.0202
289 621 8 9 0.0202
899 555 7 8 0.0202
407 799 9 9 0.0202
45 597 8 10 0.0201
687 518 7 8 0.0201
640 576 7 9 0.0200
356 691 7 8 0.0200
768 724 8 10 0.0200
381 696 8 9 0.0199
335 500 7 9 0.0199
748 454 7 8 0.0198
744 520 7 9 0.0198
965 528 8 9 0.0198
659 469 7 8 0.0198
389 717 6 8 0.0198
417 480 5 7 0.0197
425 611 8 9 0.0197
139 486 7 8 0.0197
619 696 8 10 0.0197
304 495 7 8 0.0196
925 434 7 9 0.0196
417 414 6 7 0.0195
688 427 7 7 0.0195
793 745 8 10 0.0195
531 394 7 8 0.0195
796 602 7 9 0.0194
937 501 7 8 0.0194
392 731 7 9 0.0193
641 247 5 6 0.0193
723 403 6 8 0.0193
254 371 6 7 0.0193
862 586 7 9 0.0192
791 426 6 7 0.0192
892 609 8 9 0.0192
870 476 7 9 0.0192
856 589 7 8 0.0192
726 435 6 8 0.0191
902 504 7 8 0.0191
590 490 6 9 0.0191
933 379 6 7 0.0191
381 493 7 9 0.0191
718 404 7 7 0.0190
738 298 6 7 0.0189
245 396 6 7 0.0188
45 668 10 12 0.0188
780 316 6 7 0.0186
471 341 5 7 0.0186
334 463 7 8 0.0186
1006 421 7 8 0.0186
802 448 7 8 0.0185
716 552 8 9 0.0185
836 515 7 9 0.0185
491 539 7 8 0.0185
388 731 8 10 0.0184
14 504 8 10 0.0184
888 608 8 9 0.0184
474 392 6 7 0.0184
730 660 8 9 0.0184
636 499 6 8 0.0183
369 604 7 10 0.0183
692 544 7 8 0.0183
851 627 7 8 0.0183
423 614 7 9 0.0183
376 692 8 9 0.0183
379 693 8 9 0.0182
441 593 7 8 0.0182
638 644 6 7 0.0182
377 559 7 8 0.0182
958 407 6 8 0.0182
939 503 7 9 0.0181
265 724 7 10 0.0181
659 466 6 8 0.0181
736 492 6 8 0.0181
221 761 9 10 0.0181
436 785 6 8 0.0180
650 724 8 9 0.0180
672 677 7 8 0.0180
590 471 7 8 0.0179
569 480 7 9 0.0179
598 418 6 6 0.0178
392 438 6 8 0.0178
472 643 8 9 0.0178
634 497 7 9 0.0178
761 576 8 9 0.0178
755 307 6 7 0.0177
445 436 6 7 0.0176
804 287 5 7 0.0176
462 328 6 6 0.0176
352 537 7 8 0.0175
165 777 8 10 0.0175
147 370 5 7 0.0175
800 391 7 9 0.0175
392 717 6 8 0.0175
170 744 8 9 0.0174
878 549 6 8 0.0174
637 462 6 8 0.0174
439 591 7 8 0.0173
367 782 7 9 0.0173
347 725 6 8 0.0173
882 363 6 7 0.0173
437 434 6 7 0.0173
112 568 9 11 0.0173
414 448 6 8 0.0173
979 672 8 10 0.0172
520 560 7 8 0.0172
857 342 6 7 0.0172
740 354 6 7 0.0172
788 425 6 8 0.0172
692 425 6 8 0.0171
269 712 7 9 0.0171
283 401 6 7 0.0170
797 769 8 10 0.0170
464 460 6 8 0.0170
727 654 8 9 0.0170
733 345 6 7 0.0170
259 746 7 9 0.0169
907 378 6 8 0.0169
577 667 8 9 0.0169
618 437 7 9 0.0169
592 547 7 8 0.0169
739 299 6 7 0.0169
669 257 5 7 0.0169
655 427 5 7 0.0169
941 501 7 8 0.0169
574 353 6 6 0.0169
268 724 7 9 0.0168
954 407 7 8 0.0167
74 658 7 8 0.0167
38 641 8 10 0.0167
389 438 7 9 0.0167
521 489 6 7 0.0166
220 760 8 9 0.0166
735 646 7 8 0.0166
646 638 8 9 0.0166
474 341 6 7 0.0165
314 648 7 8 0.0165
301 496 6 8 0.0165
364 481 7 8 0.0164
780 651 7 9 0.0164
399 468 7 8 0.0164
432 772 7 9 0.0164
528 424 6 7 0.0163
153 502 7 8 0.0163
721 513 7 7 0.0162
398 394 6 7 0.0162
799 501 6 7 0.0162
68 743 9 11 0.0162
97 786 11 11 0.0162
697 639 7 9 0.0161
917 757 7 8 0.0161
930 379 6 7 0.0161
794 441 8 8 0.0160
413 480 6 7 0.0160
662 466 7 8 0.0160
796 748 7 8 0.0160
411 412 6 7 0.0159
800 499 7 7 0.0159
379 767 8 9 0.0159
442 435 6 7 0.0158
370 600 7 7 0.0158
108 501 7 9 0.0158
513 668 7 9 0.0158
971 626 7 9 0.0158
519 451 7 9 0.0157
575 420 6 7 0.0157
292 619 7 9 0.0157
969 601 7 8 0.0157
714 437 6 7 0.0156
894 414 6 8 0.0156
565 536 7 8 0.0155
272 377 6 7 0.0155
412 798 8 10 0.0154
908 776 8 10 0.0154
804 390 7 10 0.0154
764 724 7 9 0.0154
621 515 7 8 0.0154
723 513 6 7 0.0154
395 469 6 8 0.0154
665 258 5 7 0.0153
897 613 8 9 0.0153
363 479 7 9 0.0153
635 457 7 7 0.0152
691 277 7 7 0.0152
668 429 8 8 0.0151
792 602 7 10 0.0151
240 695 7 7 0.0151
364 782 7 9 0.0151
762 579 8 9 0.0150
393 620 7 9 0.0150
238 359 6 7 0.0150
429 603 7 10 0.0150
443 777 7 9 0.0150
150 370 5 7 0.0150
489 391 6 7 0.0150
691 245 5 7 0.0150
666 531 6 7 0.0149
433 785 6 8 0.0149
735 570 7 9 0.0149
426 601 6 8 0.0149
407 797 7 9 0.0148
705 321 7 8 0.0148
687 245 6 6 0.0148
130 644 7 9 0.0148
732 493 7 8 0.0148
646 482 7 8 0.0147
935 386 6 7 0.0146
827 713 8 9 0.0145
612 547 7 9 0.0145
954 441 7 8 0.0145
233 463 6 8 0.0145
356 755 7 9 0.0145
942 504 8 8 0.0145
702 320 7 9 0.0145
389 770 7 9 0.0145
459 328 5 6 0.0145
378 389 6 7 0.0144
777 651 7 9 0.0144
571 353 5 6 0.0144
476 398 6 8 0.0144
729 570 7 9 0.0144
236 742 7 9 0.0144
555 411 6 8 0.0143
681 273 5 6 0.0143
150 502 6 8 0.0142
129 645 8 10 0.0142
473 398 6 8 0.0142
549 410 7 7 0.0141
730 344 6 8 0.0141
747 457 7 8 0.0141
58 420 7 10 0.0141
48 667 9 11 0.0140
290 445 6 7 0.0139
254 705 7 8 0.0139
907 784 9 8 0.0139
817 329 5 6 0.0139
758 670 8 10 0.0139
717 508 6 8 0.0139
826 567 8 9 0.0138
109 568 8 11 0.0138
665 531 6 8 0.0138
657 597 7 10 0.0138
887 611 8 9 0.0138
321 507 6 8 0.0138
258 372 6 7 0.0138
797 600 8 9 0.0137
343 784 7 10 0.0137
503 359 6 7 0.0137
469 516 7 8 0.0137
830 464 7 8 0.0136
684 517 6 8 0.0136
140 535 7 8 0.0136
767 358 6 7 0.0136
718 766 7 9 0.0136
771 411 7 8 0.0136
209 413 6 7 0.0135
520 563 7 9 0.0135
425 375 6 7 0.0135
547 701 7 9 0.0135
500 409 6 7 0.0134
575 419 6 8 0.0134
782 319 6 8 0.0134
896 491 7 8 0.0134
620 468 6 7 0.0134
712 433 6 8 0.0133
263 746 7 9 0.0133
872 467 7 8 0.0132
659 404 6 7 0.0132
594 498 6 9 0.0132
274 721 7 10 0.0132
172 686 8 9 0.0132
593 546 7 8 0.0132
593 489 6 8 0.0131
803 388 6 7 0.0131
696 639 8 9 0.0131
590 561 7 9 0.0131
272 691 7 8 0.0131
854 342 6 7 0.0131
254 372 6 8 0.0131
695 640 7 9 0.0131
454 564 7 9 0.0130
775 569 8 7 0.0130
345 546 6 8 0.0130
189 666 7 8 0.0130
538 514 6 8 0.0129
813 329 6 7 0.0129
724 435 7 7 0.0129
499 410 6 7 0.0129
625 514 7 9 0.0129
679 273 5 7 0.0128
349 545 6 8 0.0128
806 447 7 8 0.0128
362 795 7 10 0.0128
423 613 8 9 0.0128
628 490 6 8 0.0128
350 756 8 9 0.0128
61 420 8 10 0.0128
891 414 7 8 0.0127
470 583 8 9 0.0127
436 681 7 9 0.0127
134 644 7 8 0.0127
143 487 7 7 0.0127
589 373 6 7 0.0127
171 777 10 11 0.0127
338 461 6 7 0.0127
502 480 6 7 0.0126
768 411 7 8 0.0126
37 542 7 9 0.0126
913 384 6 7 0.0126
379 392 6 7 0.0126
723 250 5 7 0.0126
880 534 7 7 0.0126
332 344 6 7 0.0126
589 728 7 9 0.0126
526 423 6 7 0.0125
44 667 9 11 0.0125
71 657 7 9 0.0124
838 642 7 10 0.0124
417 760 8 9 0.0124
396 393 5 7 0.0124
519 488 6 7 0.0123
911 570 7 9 0.0123
799 751 8 9 0.0123
647 724 8 9 0.0123
236 741 9 10 0.0123
317 507 7 8 0.0123
857 342 6 7 0.0123
729 648 8 9 0.0123
125 458 7 9 0.0123
523 450 6 9 0.0122
463 798 8 8 0.0122
64 742 9 11 0.0122
524 581 8 9 0.0122
293 444 6 8 0.0122
711 612 8 10 0.0122
308 666 6 8 0.0122
696 629 7 9 0.0122
570 483 6 7 0.0122
561 533 7 8 0.0122
417 448 6 8 0.0122
339 521 7 9 0.0122
900 615 7 9 0.0121
881 688 9 10 0.0121
831 382 6 7 0.0121
554 460 7 8 0.0121
427 376 6 7 0.0121
30 635 8 10 0.0121
524 562 7 8 0.0120
793 377 6 8 0.0120
716 616 7 8 0.0120
136 535 7 8 0.0120
377 532 6 8 0.0120
885 610 8 9 0.0119
641 344 6 7 0.0119
614 696 7 8 0.0119
758 308 6 7 0.0119
269 376 7 8 0.0119
798 772 8 9 0.0118
855 346 6 7 0.0118
749 414 7 8 0.0118
298 460 7 9 0.0118
487 539 6 8 0.0118
122 459 7 8 0.0118
551 458 7 8 0.0118
591 545 6 8 0.0118
343 703 7 8 0.0117
218 763 8 11 0.0117
192 666 7 8 0.0117
388 531 7 7 0.0117
394 397 6 7 0.0117
531 626 7 9 0.0116
671 535 7 9 0.0116
778 431 7 8 0.0116
153 469 7 8 0.0116
619 244 5 7 0.0116
92 652 8 9 0.0116
511 504 6 7 0.0115
91 784 11 11 0.0115
692 487 7 9 0.0115
299 458 7 10 0.0115
589 378 6 9 0.0115
416 764 7 9 0.0114
714 613 8 9 0.0114
955 342 6 8 0.0114
618 438 7 8 0.0114
868 542 7 8 0.0114
754 309 6 7 0.0113
691 625 8 10 0.0113
207 411 7 8 0.0113
778 320 6 7 0.0113
398 465 6 8 0.0112
279 401 6 7 0.0112
585 378 7 8 0.0112
594 487 6 9 0.0112
736 354 6 7 0.0112
63 741 9 11 0.0112
931 382 7 7 0.0111
432 568 7 7 0.0111
71 408 7 10 0.0111
829 494 7 8 0.0111
795 486 7 9 0.0111
698 641 7 8 0.0111
533 739 8 9 0.0111
677 367 5 6 0.0110
138 505 7 8 0.0110
389 498 6 7 0.0109
643 644 8 9 0.0109
152 470 7 8 0.0109
426 350 6 6 0.0109
797 770 8 10 0.0109
111 501 7 9 0.0108
295 459 6 8 0.0108
803 446 7 8 0.0108
342 521 8 9 0.0108
114 436 7 8 0.0108
905 377 6 8 0.0108
494 345 6 7 0.0108
879 552 7 7 0.0108
393 499 6 7 0.0107
791 748 7 8 0.0107
251 608 7 8 0.0107
385 494 7 8 0.0107
472 340 5 6 0.0107
558 531 7 8 0.0107
712 683 8 9 0.0107
392 528 6 7 0.0106
351 723 7 9 0.0106
777 316 5 7 0.0106
873 394 7 8 0.0106
796 598 7 9 0.0106
241 359 6 7 0.0106
641 572 7 9 0.0105
440 685 7 8 0.0105
585 373 7 8 0.0105
736 435 6 7 0.0104
779 316 5 7 0.0104
420 743 7 8 0.0104
807 322 6 7 0.0104
441 590 7 9 0.0104
801 502 7 8 0.0104
424 614 7 9 0.0104
498 346 5 6 0.0104
876 476 7 8 0.0103
902 485 7 9 0.0103
188 472 7 8 0.0103
860 345 6 7 0.0103
449 618 8 8 0.0103
726 250 6 7 0.0102
635 342 6 7 0.0102
337 445 5 7 0.0102
834 641 7 9 0.0102
344 754 8 10 0.0102
912 551 7 8 0.0102
770 484 7 8 0.0102
978 676 8 9 0.0102
961 531 7 8 0.0102
243 398 6 7 0.0102
901 502 7 8 0.0102
472 433 6 7 0.0102
294 415 6 7 0.0101
785 536 7 9 0.0101
1 649 8 9 0.0101
756 362 6 7 0.0101
827 382 6 7 0.0101
159 480 6 8 0.0101
609 547 7 8 0.0101
143 504 7 7 0.0101
711 547 7 10 0.0100
247 397 5 7 0.0100
833 494 8 8 0.0100
723 406 6 7 0.0100
471 391 6 8 0.0100
632 338 6 8 0.0100
