0_Parade_marchingband_1_234
108
434 311 17 22 0.7944
471 401 16 23 0.7931
704 418 16 21 0.7921
306 312 16 20 0.7867
844 252 17 20 0.7838
524 415 16 21 0.7815
317 260 16 17 0.7686
702 255 16 17 0.7627
613 321 16 20 0.7587
334 409 17 24 0.7530
678 284 16 18 0.7504
405 410 17 22 0.7363
228 223 16 17 0.7302
343 279 15 17 0.7292
254 255 16 17 0.7292
728 318 17 19 0.7289
243 330 16 19 0.7257
777 255 16 18 0.7150
436 261 15 17 0.7121
367 307 16 21 0.6854
187 326 17 17 0.6671
284 296 15 18 0.6394
507 255 16 19 0.6318
280 420 16 21 0.6038
648 411 16 21 0.6031
481 176 16 16 0.5952
207 419 16 21 0.5950
668 321 16 21 0.5840
539 292 17 18 0.5752
603 206 16 18 0.5743
866 302 14 18 0.5683
762 420 16 21 0.5628
571 268 15 17 0.5518
216 292 15 20 0.5508
470 311 15 17 0.5363
738 231 14 16 0.5356
749 273 15 18 0.5349
399 217 15 17 0.5329
354 231 14 15 0.5270
374 264 14 16 0.5223
489 310 15 18 0.5112
608 305 16 17 0.5058
583 415 16 21 0.5039
469 233 15 18 0.4988
553 166 14 17 0.4893
807 282 16 18 0.4845
642 248 17 18 0.4843
529 222 15 18 0.4674
290 231 15 16 0.4640
401 290 16 17 0.4633
669 210 16 18 0.4566
809 282 16 18 0.4500
557 311 16 21 0.4465
554 312 16 20 0.4346
838 325 16 17 0.4276
672 210 15 17 0.4209
581 415 16 21 0.4182
531 222 16 18 0.4149
785 318 16 21 0.4114
645 249 16 18 0.4091
403 290 16 18 0.4086
466 233 15 18 0.3934
788 318 16 21 0.3898
605 305 16 16 0.3659
759 420 16 20 0.3647
210 419 16 21 0.3566
542 292 16 18 0.3558
492 310 15 18 0.3491
836 325 15 17 0.3479
645 411 16 21 0.3398
670 321 16 21 0.3383
746 273 16 18 0.3245
283 419 16 22 0.3104
402 217 15 17 0.3103
218 292 15 20 0.3016
377 264 14 17 0.2963
568 268 15 17 0.2930
293 232 14 16 0.2912
351 231 14 15 0.2716
556 166 14 17 0.2692
510 255 16 19 0.2540
601 206 16 18 0.2487
479 176 15 15 0.2472
863 302 14 18 0.2429
468 311 14 17 0.1674
735 231 14 16 0.1277
287 296 14 18 0.1203
787 318 16 21 0.0714
403 410 16 22 0.0538
356 203 11 14 0.0470
779 222 12 17 0.0467
439 261 14 17 0.0441
731 319 15 18 0.0424
739 232 14 16 0.0356
365 307 16 21 0.0306
353 203 11 14 0.0282
246 332 15 18 0.0242
401 189 11 15 0.0217
555 167 14 16 0.0184
234 190 11 15 0.0183
256 255 16 18 0.0162
735 232 15 16 0.0161
774 255 15 18 0.0156
337 410 16 23 0.0142
404 189 11 15 0.0107
290 233 13 15 0.0103
776 222 12 16 0.0102
365 307 15 21 0.0101
