0_Parade_Parade_0_288
54
752 331 15 17 0.4776
423 216 12 14 0.4737
495 169 13 17 0.4619
703 406 13 14 0.3729
462 198 12 16 0.3626
508 209 13 17 0.3614
783 383 13 16 0.3426
695 343 12 14 0.3239
505 210 13 15 0.3053
698 345 12 13 0.2287
592 339 14 16 0.2205
298 391 12 16 0.2183
701 406 12 14 0.2180
492 169 13 17 0.2147
425 216 12 14 0.1753
787 383 12 16 0.1673
749 330 14 18 0.1549
459 197 12 16 0.1440
596 340 13 14 0.1375
507 209 13 16 0.1323
659 360 9 11 0.1211
301 392 11 15 0.1200
649 365 12 14 0.1171
421 216 12 14 0.1158
645 365 12 15 0.1100
778 411 12 15 0.1048
662 360 9 11 0.1047
459 199 11 15 0.0925
775 411 12 15 0.0775
296 388 12 16 0.0763
646 361 12 14 0.0645
300 388 11 15 0.0366
497 170 13 16 0.0361
406 188 17 18 0.0342
595 338 13 15 0.0285
647 363 12 15 0.0275
493 171 13 15 0.0239
697 342 12 14 0.0231
590 337 14 17 0.0219
693 340 12 15 0.0175
757 331 12 14 0.0174
712 396 11 13 0.0173
706 407 11 13 0.0152
662 361 9 12 0.0150
580 328 10 14 0.0149
661 354 11 14 0.0145
645 352 12 14 0.0131
657 355 11 13 0.0131
776 412 12 15 0.0131
464 199 13 15 0.0126
505 209 12 16 0.0122
401 189 14 17 0.0116
874 420 12 14 0.0110
780 385 13 15 0.0110
