0_Parade_marchingband_1_759
42
630 117 60 75 0.8773
368 21 50 62 0.8719
341 126 45 56 0.8650
569 136 58 66 0.8596
303 17 46 61 0.8514
408 132 41 53 0.8423
89 15 38 53 0.8418
7 33 37 48 0.8401
54 40 37 46 0.8330
136 44 50 63 0.8261
494 138 50 63 0.8218
229 13 28 52 0.8152
170 2 49 61 0.7595
138 148 49 58 0.7498
0 22 17 44 0.5403
476 110 35 55 0.3880
0 22 13 40 0.2540
30 15 31 41 0.1337
138 149 49 57 0.1322
302 17 47 61 0.0716
0 25 17 46 0.0559
32 0 28 11 0.0536
37 18 29 38 0.0475
69 0 20 16 0.0464
30 22 31 41 0.0444
0 22 25 46 0.0376
169 2 49 63 0.0375
40 0 28 10 0.0362
23 14 31 39 0.0342
64 0 21 15 0.0325
219 0 32 19 0.0221
69 0 23 26 0.0212
132 0 34 9 0.0204
27 9 31 35 0.0186
40 22 31 41 0.0186
24 7 28 32 0.0175
61 1 27 26 0.0175
206 0 34 14 0.0161
193 0 34 18 0.0159
136 45 51 63 0.0154
28 0 27 19 0.0128
139 149 49 57 0.0111
