0_Parade_marchingband_1_445
337
659 121 40 38 0.8591
476 149 43 46 0.8582
819 117 36 38 0.8539
268 112 30 36 0.8293
855 129 19 25 0.7610
157 107 33 34 0.7519
416 124 23 26 0.6817
337 97 28 29 0.4364
337 98 31 29 0.4345
771 110 10 11 0.2736
775 110 9 11 0.2484
901 113 8 10 0.2347
935 113 10 12 0.2247
987 153 9 12 0.1924
904 114 8 9 0.1915
576 142 10 14 0.1803
615 64 9 12 0.1742
738 83 10 13 0.1608
735 84 9 11 0.1602
875 64 10 11 0.1601
578 144 10 13 0.1592
591 121 11 13 0.1527
777 88 8 11 0.1487
933 113 10 12 0.1455
612 64 9 11 0.1437
780 88 8 11 0.1388
990 153 10 13 0.1318
879 64 9 11 0.1236
1007 205 13 15 0.1221
757 83 10 13 0.1206
6 132 25 27 0.1200
950 72 9 11 0.1183
924 158 9 11 0.1130
921 157 10 11 0.1092
753 12 7 9 0.1066
953 72 9 11 0.1053
938 113 10 12 0.1041
591 104 10 11 0.0994
131 72 8 10 0.0988
749 12 7 9 0.0988
575 145 10 13 0.0945
951 161 9 11 0.0942
955 161 9 11 0.0937
870 108 13 16 0.0933
574 142 10 13 0.0931
585 0 10 10 0.0912
743 69 8 10 0.0908
581 0 10 10 0.0890
745 69 9 11 0.0889
74 44 9 12 0.0855
893 135 9 11 0.0847
913 182 10 11 0.0839
134 72 8 10 0.0784
889 35 9 12 0.0775
920 159 9 10 0.0767
725 143 15 20 0.0745
893 35 9 12 0.0743
917 182 9 11 0.0741
872 103 9 10 0.0725
53 34 11 13 0.0717
976 112 11 13 0.0706
595 104 9 11 0.0705
52 90 10 12 0.0694
1007 72 8 11 0.0694
102 73 9 11 0.0669
594 120 11 12 0.0662
896 136 9 10 0.0658
1004 205 13 15 0.0653
70 44 9 12 0.0643
1006 103 11 12 0.0639
580 145 10 12 0.0638
876 103 8 10 0.0634
759 38 9 11 0.0610
937 116 9 10 0.0609
575 57 9 10 0.0604
579 143 10 13 0.0598
975 87 10 12 0.0590
721 143 15 21 0.0584
1011 72 8 11 0.0580
104 44 8 8 0.0577
1003 103 11 12 0.0577
996 43 9 12 0.0576
746 102 11 14 0.0567
982 177 10 13 0.0566
978 177 11 13 0.0565
99 74 8 10 0.0563
991 44 10 11 0.0563
153 58 8 9 0.0545
989 135 9 12 0.0545
895 132 8 11 0.0544
149 58 8 10 0.0541
550 26 9 10 0.0540
992 135 9 11 0.0527
792 69 8 10 0.0526
1014 30 10 14 0.0524
914 183 10 12 0.0523
714 72 7 9 0.0517
763 38 8 10 0.0514
790 68 7 10 0.0512
617 66 8 10 0.0505
129 72 8 10 0.0500
981 111 9 13 0.0497
546 26 9 9 0.0497
962 134 10 12 0.0495
786 11 8 9 0.0493
100 44 8 9 0.0485
114 55 8 10 0.0484
769 108 10 11 0.0468
711 73 6 8 0.0466
985 77 9 11 0.0462
789 70 8 9 0.0458
563 53 8 10 0.0453
877 112 12 14 0.0451
110 55 8 11 0.0451
917 183 10 11 0.0445
949 159 9 12 0.0436
559 51 8 10 0.0424
64 110 10 12 0.0424
994 42 9 11 0.0421
589 122 10 12 0.0420
129 70 8 11 0.0402
750 102 10 13 0.0400
777 63 8 10 0.0395
919 157 9 11 0.0394
982 77 9 11 0.0391
572 173 9 10 0.0390
11 25 10 12 0.0383
571 57 9 10 0.0382
2 132 18 24 0.0377
790 10 8 11 0.0376
757 135 9 9 0.0373
568 173 10 11 0.0372
989 155 9 11 0.0372
56 34 10 13 0.0369
731 100 10 12 0.0369
972 87 9 12 0.0368
736 147 10 13 0.0366
572 55 9 11 0.0364
500 11 11 12 0.0354
720 10 8 10 0.0352
947 71 10 11 0.0347
725 140 13 18 0.0341
49 89 10 12 0.0338
60 109 10 14 0.0338
111 55 9 9 0.0329
613 66 8 11 0.0328
896 64 10 10 0.0327
876 114 12 15 0.0325
102 43 8 9 0.0322
573 145 11 13 0.0317
747 68 9 11 0.0315
603 41 10 12 0.0315
710 71 7 9 0.0308
954 158 9 12 0.0308
713 135 13 18 0.0307
991 131 9 12 0.0305
72 43 9 11 0.0305
1010 207 12 14 0.0304
931 113 11 13 0.0304
713 71 7 9 0.0302
130 46 9 10 0.0300
6 25 11 12 0.0300
617 64 9 11 0.0299
902 115 9 10 0.0293
552 27 8 9 0.0292
780 64 8 10 0.0283
723 11 8 9 0.0282
988 131 9 12 0.0281
87 121 11 12 0.0281
99 42 8 9 0.0281
545 8 9 10 0.0277
755 133 8 11 0.0276
594 120 11 13 0.0275
149 14 9 11 0.0266
599 42 9 12 0.0265
53 93 10 11 0.0260
953 70 10 12 0.0255
94 18 8 10 0.0255
976 92 9 12 0.0249
958 135 10 13 0.0248
717 10 8 9 0.0247
602 39 10 13 0.0247
722 142 15 19 0.0246
151 56 8 10 0.0246
934 116 8 10 0.0246
549 7 9 11 0.0243
578 24 11 13 0.0240
929 227 9 10 0.0240
145 14 9 11 0.0235
933 227 9 10 0.0235
964 36 8 10 0.0233
936 19 8 9 0.0231
968 36 9 10 0.0229
157 73 9 10 0.0229
746 69 9 10 0.0227
590 115 13 15 0.0227
776 89 9 12 0.0226
591 62 10 12 0.0225
924 34 9 10 0.0222
959 132 10 12 0.0222
947 71 10 12 0.0214
973 117 11 12 0.0214
904 115 7 9 0.0212
876 67 10 10 0.0212
969 115 10 13 0.0212
83 121 12 13 0.0211
497 11 10 11 0.0210
983 11 12 12 0.0208
976 89 10 12 0.0207
51 34 10 13 0.0205
148 55 8 11 0.0205
548 28 7 9 0.0199
219 19 10 11 0.0198
247 13 10 12 0.0198
619 8 9 10 0.0197
932 20 8 9 0.0196
599 40 9 12 0.0195
984 152 10 13 0.0194
708 136 14 20 0.0192
854 128 17 22 0.0192
760 41 8 10 0.0190
735 82 10 11 0.0190
878 64 9 12 0.0190
1004 105 11 12 0.0189
622 8 9 10 0.0188
524 3 10 10 0.0188
48 1 8 8 0.0187
704 77 6 8 0.0186
133 71 9 11 0.0185
107 26 8 9 0.0183
616 64 9 10 0.0181
44 1 8 8 0.0179
979 180 10 12 0.0179
892 132 9 11 0.0179
603 27 10 11 0.0178
983 180 10 12 0.0176
735 108 9 11 0.0175
978 113 11 14 0.0174
567 171 9 11 0.0174
595 116 10 14 0.0173
754 13 7 9 0.0172
992 156 9 11 0.0172
927 35 8 10 0.0171
240 87 9 12 0.0171
161 73 8 10 0.0169
561 54 8 9 0.0168
523 6 9 10 0.0168
72 95 9 10 0.0167
952 71 9 11 0.0166
741 69 8 10 0.0165
797 85 11 13 0.0165
919 278 13 15 0.0165
899 111 9 11 0.0164
807 8 11 14 0.0164
776 66 9 10 0.0163
986 79 9 11 0.0162
880 66 9 10 0.0162
21 31 10 11 0.0160
1005 208 12 14 0.0160
168 9 11 12 0.0160
977 11 10 12 0.0160
911 0 8 8 0.0157
897 138 9 11 0.0157
1009 104 10 11 0.0157
2 129 32 37 0.0156
17 31 11 12 0.0156
1010 9 11 15 0.0155
749 14 8 9 0.0155
1007 71 10 11 0.0155
908 0 8 8 0.0155
935 108 11 12 0.0154
521 2 10 11 0.0154
90 19 9 10 0.0153
527 5 9 11 0.0152
1018 173 6 13 0.0150
991 42 9 12 0.0150
986 106 11 13 0.0149
582 2 9 10 0.0149
992 218 11 13 0.0148
875 102 9 10 0.0146
599 40 10 14 0.0146
952 163 10 11 0.0146
900 64 9 11 0.0141
9 131 30 32 0.0141
900 65 9 10 0.0140
570 171 11 12 0.0139
91 17 9 11 0.0138
715 133 10 12 0.0138
111 26 8 9 0.0138
903 111 8 10 0.0137
55 90 10 12 0.0137
86 119 10 12 0.0133
742 107 10 12 0.0133
74 97 11 13 0.0132
250 14 10 12 0.0131
921 33 9 11 0.0131
216 20 9 10 0.0130
753 85 10 11 0.0129
580 29 9 11 0.0128
751 13 8 9 0.0127
645 8 10 11 0.0127
773 111 10 12 0.0126
982 76 9 10 0.0125
585 23 11 12 0.0125
586 2 9 10 0.0125
651 8 8 10 0.0123
934 18 8 9 0.0122
985 151 11 13 0.0120
896 140 9 11 0.0120
55 91 10 12 0.0119
722 11 8 9 0.0118
570 171 9 11 0.0118
220 2 8 8 0.0118
110 102 9 10 0.0117
237 87 10 12 0.0115
951 33 9 10 0.0115
50 94 9 10 0.0114
119 30 9 11 0.0114
764 40 7 9 0.0114
5 128 24 26 0.0113
1019 159 5 12 0.0112
81 105 10 12 0.0109
981 173 10 13 0.0108
994 224 11 11 0.0106
951 11 9 11 0.0106
104 42 9 10 0.0106
56 35 10 13 0.0106
948 160 10 12 0.0105
1005 70 9 11 0.0104
787 13 8 9 0.0103
271 2 10 11 0.0103
9 27 9 11 0.0102
537 45 8 9 0.0101
988 13 9 11 0.0101
801 86 9 12 0.0101
966 8 10 12 0.0101
606 26 10 12 0.0100
