0_Parade_Parade_0_247
161
311 417 11 14 0.3595
314 417 11 14 0.2844
880 486 11 14 0.2525
67 429 8 11 0.2368
69 429 9 11 0.2261
889 451 10 12 0.2080
893 451 10 12 0.1785
36 436 10 12 0.1763
386 420 9 11 0.1642
390 420 8 11 0.1552
101 436 11 12 0.1475
877 486 11 14 0.1417
865 443 9 11 0.1355
33 436 10 12 0.1355
256 448 7 10 0.1295
253 448 7 9 0.1294
861 443 9 11 0.1253
102 437 11 12 0.1110
892 450 10 12 0.1056
38 437 9 11 0.1053
888 450 10 12 0.1043
266 435 6 8 0.0950
882 486 11 15 0.0937
262 435 6 8 0.0923
993 445 14 17 0.0869
98 436 10 12 0.0863
878 487 11 14 0.0859
297 438 7 9 0.0839
98 438 10 12 0.0833
253 450 7 9 0.0831
34 437 9 12 0.0818
990 445 13 17 0.0810
180 440 10 11 0.0795
257 450 7 9 0.0774
703 447 11 13 0.0769
137 432 8 10 0.0749
295 438 7 8 0.0717
865 489 10 12 0.0689
283 440 6 8 0.0669
65 429 9 11 0.0647
863 486 11 13 0.0637
947 465 11 14 0.0629
618 452 7 8 0.0611
134 432 8 11 0.0609
972 494 12 14 0.0567
994 450 14 17 0.0523
178 438 10 11 0.0495
990 449 15 18 0.0489
176 440 10 13 0.0472
944 465 10 13 0.0456
616 451 7 8 0.0436
132 437 9 9 0.0424
65 428 9 10 0.0419
69 427 8 11 0.0407
13 434 10 10 0.0402
275 438 6 8 0.0388
769 496 7 8 0.0384
292 438 6 9 0.0376
969 494 12 14 0.0358
946 459 11 15 0.0313
8 435 9 10 0.0297
466 451 5 6 0.0296
11 437 9 11 0.0283
706 449 10 11 0.0266
105 434 9 12 0.0261
170 447 9 11 0.0259
136 435 8 10 0.0252
1007 454 10 15 0.0246
174 436 9 12 0.0246
66 429 8 11 0.0245
263 435 7 8 0.0240
353 458 6 8 0.0234
956 465 13 16 0.0233
334 451 5 6 0.0231
860 441 8 11 0.0228
700 445 12 14 0.0228
7 438 8 11 0.0225
620 453 6 7 0.0224
357 458 6 8 0.0223
828 435 9 10 0.0218
388 423 9 10 0.0215
257 435 7 10 0.0214
461 451 5 6 0.0214
859 442 8 10 0.0213
615 451 6 8 0.0207
669 453 6 8 0.0206
520 449 7 8 0.0206
943 460 10 13 0.0204
759 491 6 8 0.0200
463 450 5 7 0.0195
664 453 7 8 0.0195
185 440 8 11 0.0194
135 432 8 9 0.0192
524 450 6 7 0.0189
702 450 10 11 0.0188
822 438 11 12 0.0188
20 452 8 10 0.0184
757 491 6 8 0.0184
167 447 9 10 0.0181
763 503 6 8 0.0180
332 450 6 8 0.0180
619 451 7 8 0.0179
477 456 5 6 0.0177
864 441 8 10 0.0171
802 396 17 23 0.0170
164 445 9 11 0.0167
666 451 7 9 0.0166
258 447 7 10 0.0165
767 503 6 9 0.0165
733 504 5 7 0.0164
707 448 9 11 0.0160
180 442 8 10 0.0160
521 451 6 8 0.0158
185 437 8 11 0.0157
615 453 5 7 0.0156
648 444 6 7 0.0156
166 448 8 10 0.0156
328 449 7 8 0.0154
17 451 8 10 0.0154
822 435 11 12 0.0154
701 449 10 11 0.0149
137 430 7 9 0.0149
795 398 17 21 0.0148
861 444 8 9 0.0148
916 439 10 12 0.0146
525 451 6 7 0.0146
741 498 6 7 0.0144
455 440 5 6 0.0141
982 464 14 17 0.0140
767 493 7 9 0.0138
133 430 8 9 0.0137
597 465 7 8 0.0135
330 451 6 7 0.0135
383 420 9 12 0.0134
594 466 7 8 0.0132
566 462 5 5 0.0131
104 435 9 10 0.0130
793 425 12 16 0.0129
263 453 7 9 0.0128
863 446 8 10 0.0128
896 451 9 11 0.0123
452 439 5 6 0.0123
11 434 10 8 0.0123
919 439 11 13 0.0121
389 422 8 10 0.0121
645 444 6 7 0.0121
670 451 7 9 0.0119
106 438 9 10 0.0116
344 447 6 8 0.0113
308 418 10 13 0.0113
769 496 6 8 0.0112
593 465 7 8 0.0112
619 452 5 7 0.0111
827 437 11 12 0.0110
902 435 9 10 0.0109
51 454 9 11 0.0108
290 442 6 8 0.0107
491 453 5 6 0.0105
574 468 6 6 0.0104
46 452 9 12 0.0103
374 425 9 10 0.0101
