0_Parade_Parade_0_465
26
408 113 94 126 0.8810
514 117 103 132 0.8789
105 82 22 38 0.6759
948 120 16 19 0.5781
1005 121 16 22 0.4412
1002 121 16 21 0.4285
904 98 15 17 0.4144
908 124 12 17 0.3812
900 98 16 17 0.2279
905 124 11 16 0.1551
822 96 14 24 0.1062
847 107 16 20 0.0890
103 82 23 38 0.0804
826 97 14 22 0.0738
844 104 15 20 0.0644
850 102 18 21 0.0625
946 119 15 20 0.0311
912 126 12 17 0.0307
952 120 15 19 0.0278
848 103 17 22 0.0272
887 100 12 15 0.0247
851 106 19 21 0.0241
867 112 13 17 0.0178
904 126 13 18 0.0150
902 101 16 18 0.0124
824 97 16 24 0.0122
