0_Parade_Parade_0_377
215
857 359 69 79 0.8663
255 506 72 91 0.8581
573 306 32 37 0.8463
98 363 51 66 0.8322
245 338 29 32 0.7640
249 400 26 36 0.7488
157 315 33 48 0.7385
944 319 18 20 0.7196
979 338 19 24 0.6567
731 307 23 27 0.5436
730 307 22 27 0.5177
765 313 19 22 0.4558
427 306 18 28 0.4397
343 333 24 37 0.4355
16 265 41 66 0.4114
896 308 13 17 0.3771
51 344 33 44 0.3701
547 297 21 28 0.3444
808 310 13 17 0.3253
985 316 15 17 0.2700
348 334 23 36 0.2459
976 338 19 24 0.2448
424 305 19 29 0.2390
13 264 44 69 0.2213
328 332 25 36 0.1820
845 311 12 15 0.1753
812 310 13 16 0.1587
934 319 11 16 0.1559
70 385 46 56 0.1537
637 312 12 16 0.1448
831 318 13 15 0.1440
708 313 15 19 0.1429
930 319 12 15 0.1416
66 384 46 60 0.1410
712 313 14 19 0.1279
98 363 51 66 0.1232
633 311 12 17 0.1221
794 306 14 18 0.1187
357 376 20 27 0.1098
69 384 41 50 0.1063
762 312 17 22 0.1029
711 311 15 19 0.1015
327 329 22 35 0.1008
654 330 12 15 0.1000
457 278 16 19 0.0922
173 271 28 38 0.0898
360 273 19 26 0.0858
86 282 25 33 0.0843
48 343 33 46 0.0842
364 274 20 25 0.0827
157 219 8 9 0.0782
849 311 11 14 0.0737
92 282 24 33 0.0719
773 315 17 20 0.0711
160 219 8 9 0.0681
658 330 11 14 0.0672
395 355 19 24 0.0666
900 309 11 15 0.0666
854 325 13 17 0.0612
483 294 18 21 0.0594
1013 307 8 12 0.0564
183 273 22 33 0.0563
760 313 17 22 0.0561
853 323 12 15 0.0535
997 296 13 16 0.0529
652 306 14 15 0.0516
430 306 16 28 0.0511
456 316 18 22 0.0505
831 313 11 14 0.0494
707 311 15 19 0.0484
386 293 14 18 0.0477
473 294 19 22 0.0455
321 252 11 14 0.0453
699 291 14 16 0.0450
931 318 12 15 0.0443
828 317 12 15 0.0438
403 275 16 19 0.0435
866 317 15 16 0.0431
362 376 20 28 0.0406
848 312 12 15 0.0405
483 317 23 27 0.0394
468 315 17 19 0.0389
982 315 13 16 0.0381
399 274 17 20 0.0376
696 291 13 16 0.0374
268 290 17 22 0.0374
983 314 14 16 0.0369
4 229 35 43 0.0368
219 268 13 16 0.0366
264 249 14 15 0.0364
288 294 18 22 0.0363
769 312 18 22 0.0362
523 292 17 21 0.0354
323 333 22 33 0.0351
688 319 18 22 0.0344
998 302 13 15 0.0339
265 253 15 16 0.0326
319 250 11 13 0.0322
255 255 12 15 0.0308
545 296 20 26 0.0308
810 312 14 18 0.0305
851 325 12 16 0.0297
898 310 15 18 0.0293
847 312 11 15 0.0288
251 255 11 15 0.0286
980 317 15 16 0.0272
337 333 25 35 0.0269
990 317 15 17 0.0260
680 287 11 13 0.0260
652 325 12 17 0.0257
651 331 11 15 0.0253
287 298 22 27 0.0244
74 383 37 49 0.0242
389 293 15 19 0.0242
899 309 14 17 0.0238
453 277 16 20 0.0233
490 295 17 19 0.0232
857 358 69 79 0.0229
805 311 13 17 0.0228
482 321 26 31 0.0226
91 279 23 34 0.0220
344 266 14 21 0.0217
84 279 25 33 0.0212
471 298 23 25 0.0210
0 271 13 67 0.0209
156 218 7 9 0.0208
303 290 16 21 0.0206
525 325 18 23 0.0202
11 232 30 37 0.0195
682 290 13 15 0.0194
794 314 13 17 0.0193
341 331 22 34 0.0192
639 313 12 16 0.0190
173 275 29 39 0.0185
544 302 20 28 0.0185
615 319 16 19 0.0184
652 303 12 14 0.0184
1007 307 12 14 0.0181
355 268 18 27 0.0173
183 225 12 16 0.0173
1018 282 6 15 0.0172
488 291 16 20 0.0170
634 313 12 17 0.0169
688 324 18 21 0.0162
0 322 14 47 0.0159
657 282 10 12 0.0153
1 266 33 68 0.0153
363 269 20 27 0.0152
480 296 26 29 0.0151
61 345 40 44 0.0150
657 325 12 16 0.0150
160 218 6 9 0.0147
286 328 21 28 0.0145
628 329 12 15 0.0144
522 283 17 22 0.0144
267 286 15 20 0.0143
75 346 33 40 0.0141
562 320 22 29 0.0141
397 271 16 20 0.0140
536 292 15 21 0.0139
994 297 13 16 0.0139
649 333 13 16 0.0139
274 334 24 32 0.0138
3 223 34 41 0.0137
1017 330 7 21 0.0136
362 276 20 27 0.0136
187 225 12 16 0.0136
451 315 17 23 0.0135
481 246 9 13 0.0135
261 249 13 15 0.0134
661 283 10 11 0.0134
486 274 10 14 0.0132
698 291 12 15 0.0128
718 287 12 13 0.0126
173 267 26 36 0.0124
182 225 9 12 0.0123
481 339 22 25 0.0122
186 277 21 33 0.0122
794 304 12 14 0.0121
401 355 16 23 0.0120
66 381 49 64 0.0120
894 309 12 14 0.0120
339 265 13 19 0.0119
560 288 13 15 0.0119
126 217 7 10 0.0118
489 317 23 28 0.0117
161 268 36 43 0.0116
187 224 9 14 0.0115
358 376 23 30 0.0115
933 316 10 14 0.0114
0 450 9 61 0.0114
1019 320 5 20 0.0113
79 277 31 41 0.0111
515 290 20 25 0.0111
1001 294 13 13 0.0110
210 297 25 34 0.0110
402 272 15 19 0.0109
465 312 18 22 0.0108
697 289 13 15 0.0108
280 297 23 27 0.0106
279 290 21 26 0.0106
490 322 25 30 0.0106
461 281 17 21 0.0106
681 326 17 20 0.0104
222 267 14 18 0.0104
517 316 14 20 0.0104
808 335 14 16 0.0104
522 319 19 23 0.0104
76 282 29 33 0.0103
388 289 15 19 0.0103
579 280 13 15 0.0102
532 327 14 19 0.0102
464 254 12 16 0.0101
154 219 8 9 0.0101
679 320 16 20 0.0100
