0_Parade_marchingband_1_172
483
246 167 32 40 0.8414
570 240 39 48 0.8257
852 181 30 34 0.8155
746 124 25 31 0.8152
508 142 27 32 0.8109
648 102 22 28 0.8081
942 124 26 30 0.8074
778 99 23 29 0.8071
113 81 24 31 0.8045
374 107 25 29 0.7842
672 179 28 32 0.7831
561 132 24 28 0.7799
491 109 23 26 0.7761
523 92 21 27 0.7759
840 97 22 29 0.7735
279 92 23 27 0.7700
252 94 22 26 0.7640
697 136 26 29 0.7609
440 103 24 27 0.7594
710 100 21 24 0.7557
592 110 23 26 0.7510
228 84 20 25 0.7508
584 75 21 24 0.7431
880 167 22 28 0.7374
70 80 21 25 0.7324
558 47 18 22 0.7086
907 96 19 22 0.6971
172 80 21 25 0.6836
371 83 19 22 0.6705
985 128 21 25 0.6689
0 32 13 19 0.6633
885 139 23 25 0.6539
804 76 20 23 0.6387
439 70 21 23 0.6302
486 67 19 22 0.6282
403 62 18 22 0.6116
928 87 18 20 0.5825
673 52 17 18 0.5822
870 100 20 24 0.5799
250 46 18 21 0.5657
303 76 19 24 0.5547
1006 73 17 21 0.5464
49 70 17 20 0.5370
954 84 17 20 0.5218
539 68 17 19 0.5053
605 47 16 17 0.4810
965 116 20 25 0.4781
192 94 22 26 0.4673
648 40 15 18 0.4554
999 33 13 16 0.4544
693 72 18 23 0.4540
644 75 19 22 0.4512
642 76 19 21 0.4480
396 100 18 26 0.4463
203 36 14 17 0.4437
283 39 16 17 0.4381
66 31 17 19 0.4198
465 38 13 16 0.4162
838 23 12 15 0.3892
114 27 13 15 0.3886
871 75 13 15 0.3880
810 33 11 13 0.3826
784 44 14 16 0.3823
195 94 22 25 0.3787
632 23 11 14 0.3678
823 21 11 14 0.3545
841 22 13 16 0.3526
925 34 13 16 0.3520
743 48 12 13 0.3518
70 31 16 19 0.3476
2 8 10 12 0.3432
193 0 11 12 0.3410
337 3 11 14 0.3402
304 76 20 26 0.3368
504 49 12 14 0.3302
696 72 18 23 0.3243
876 24 11 14 0.3189
608 47 16 17 0.3175
348 0 10 12 0.3138
400 10 12 14 0.3128
950 52 15 17 0.3109
813 32 11 14 0.3055
328 121 22 27 0.2963
409 27 11 14 0.2949
332 16 11 13 0.2924
427 11 12 15 0.2887
953 52 16 17 0.2878
486 2 12 15 0.2715
1003 73 16 20 0.2699
565 21 11 14 0.2695
951 84 17 20 0.2647
166 45 17 18 0.2633
726 36 11 13 0.2624
486 30 11 12 0.2619
468 38 14 16 0.2614
577 35 11 13 0.2581
873 100 20 23 0.2572
511 65 14 18 0.2538
521 20 12 15 0.2533
1015 33 9 16 0.2514
431 10 12 16 0.2502
880 24 11 14 0.2477
0 73 6 21 0.2473
442 23 12 13 0.2430
539 67 15 19 0.2402
796 20 12 14 0.2384
16 8 11 13 0.2367
912 73 13 14 0.2356
368 67 16 18 0.2341
636 23 11 13 0.2340
513 22 11 13 0.2335
129 20 11 14 0.2259
288 39 14 16 0.2245
964 116 19 24 0.2234
351 0 10 12 0.2231
923 13 11 12 0.2229
928 34 14 17 0.2228
197 0 10 12 0.2198
577 3 12 13 0.2193
715 26 11 13 0.2190
729 36 11 13 0.2177
50 8 12 14 0.2160
325 90 20 23 0.2157
247 46 18 21 0.2156
111 27 13 15 0.2143
605 26 11 13 0.2136
774 24 11 13 0.2122
289 65 16 17 0.2120
901 37 13 15 0.2099
552 15 10 13 0.2091
327 91 21 24 0.2082
783 43 13 15 0.2082
273 0 10 10 0.2071
46 9 12 13 0.2062
646 12 11 13 0.2060
631 49 12 14 0.2048
89 14 11 12 0.2025
1015 25 9 15 0.2022
445 23 12 14 0.1990
649 12 12 14 0.1985
403 9 13 15 0.1965
86 14 10 12 0.1932
374 11 11 14 0.1912
321 3 12 13 0.1905
507 49 12 14 0.1897
382 11 11 14 0.1890
406 26 12 14 0.1874
693 33 11 14 0.1827
788 44 13 15 0.1816
354 15 11 14 0.1814
283 9 13 14 0.1812
320 14 11 13 0.1806
747 26 11 13 0.1779
875 75 11 15 0.1763
905 38 12 15 0.1762
397 102 18 26 0.1746
0 6 10 13 0.1724
436 70 22 23 0.1712
91 62 17 20 0.1704
778 24 11 13 0.1686
628 10 11 12 0.1666
286 64 16 18 0.1661
276 0 10 10 0.1639
671 16 12 14 0.1624
675 16 13 14 0.1620
735 16 9 12 0.1581
16 5 11 13 0.1580
206 61 16 19 0.1572
401 100 16 26 0.1572
921 13 10 12 0.1564
126 18 12 15 0.1544
740 48 12 13 0.1539
243 0 10 11 0.1526
74 0 12 11 0.1504
375 41 11 16 0.1503
401 63 17 21 0.1458
997 32 12 17 0.1443
746 47 11 14 0.1418
200 37 13 16 0.1404
810 76 17 22 0.1399
523 44 13 16 0.1395
296 2 12 14 0.1394
569 21 10 14 0.1380
855 27 11 13 0.1347
169 80 21 25 0.1327
71 0 11 11 0.1309
375 0 9 8 0.1298
751 26 10 13 0.1251
625 11 10 12 0.1250
491 67 17 22 0.1248
608 27 12 14 0.1226
989 128 20 25 0.1220
577 9 12 13 0.1199
150 3 13 15 0.1195
459 47 12 14 0.1193
36 0 13 11 0.1192
821 19 11 14 0.1183
239 0 10 11 0.1181
794 19 11 13 0.1178
375 83 17 21 0.1168
650 42 15 17 0.1152
926 87 17 20 0.1139
739 17 9 11 0.1131
213 11 11 12 0.1119
566 16 11 14 0.1098
20 7 11 14 0.1084
308 60 15 18 0.1080
719 12 9 11 0.1059
581 3 11 13 0.1059
600 15 13 15 0.1057
217 11 10 13 0.1056
697 33 10 13 0.1049
103 0 13 10 0.1038
216 30 12 14 0.1034
96 62 16 19 0.1027
484 2 11 14 0.1002
218 33 12 14 0.1000
316 14 11 13 0.0997
787 43 13 15 0.0996
925 13 11 12 0.0986
916 72 12 15 0.0983
20 4 11 13 0.0977
799 19 11 13 0.0972
521 43 13 14 0.0945
444 40 13 16 0.0920
868 16 11 14 0.0903
634 49 12 14 0.0887
549 15 10 13 0.0879
518 11 11 13 0.0868
701 17 9 12 0.0853
512 67 16 20 0.0851
379 41 11 15 0.0844
378 0 10 8 0.0842
521 12 12 13 0.0831
131 20 11 14 0.0812
0 65 5 21 0.0788
337 6 11 13 0.0783
864 16 11 13 0.0778
338 3 12 15 0.0761
225 1 10 11 0.0741
488 31 11 13 0.0729
137 63 15 19 0.0716
583 27 11 14 0.0709
543 68 16 19 0.0709
580 34 12 14 0.0698
114 60 19 22 0.0688
494 15 12 13 0.0665
692 15 11 13 0.0665
521 7 11 11 0.0664
145 2 13 15 0.0652
410 0 12 6 0.0649
768 82 20 24 0.0637
1006 228 18 45 0.0637
882 138 24 27 0.0634
646 41 13 16 0.0629
335 17 10 12 0.0620
547 30 11 12 0.0614
300 2 11 13 0.0614
463 10 13 14 0.0609
489 26 12 14 0.0601
283 22 14 15 0.0599
375 44 12 16 0.0598
489 28 12 15 0.0588
164 43 16 18 0.0575
117 0 11 8 0.0574
518 6 11 11 0.0571
411 27 11 14 0.0560
286 6 12 15 0.0560
454 46 13 16 0.0557
489 4 11 12 0.0550
822 157 25 29 0.0549
672 18 12 14 0.0547
763 16 9 11 0.0544
545 28 12 15 0.0544
317 22 11 14 0.0543
766 16 10 11 0.0541
441 40 13 15 0.0539
748 28 11 13 0.0538
702 19 10 12 0.0532
691 21 13 15 0.0527
164 64 19 21 0.0527
697 31 11 14 0.0525
726 34 12 14 0.0523
545 28 11 13 0.0518
148 6 11 13 0.0508
691 7 11 11 0.0502
317 10 11 14 0.0498
573 6 12 14 0.0490
677 18 12 13 0.0484
153 5 12 14 0.0479
542 33 12 15 0.0474
365 0 12 15 0.0474
608 0 12 6 0.0466
35 0 11 14 0.0461
773 83 20 23 0.0461
612 0 13 7 0.0453
1012 240 12 36 0.0442
238 0 12 13 0.0437
466 7 12 15 0.0435
207 35 13 16 0.0435
518 8 13 15 0.0434
214 8 10 13 0.0432
997 31 12 16 0.0428
13 64 14 19 0.0428
209 61 17 21 0.0423
1016 22 7 12 0.0421
645 10 12 15 0.0417
824 24 12 15 0.0416
624 10 12 13 0.0415
697 13 10 12 0.0407
354 18 11 13 0.0406
483 29 11 14 0.0404
488 3 12 14 0.0401
719 12 10 11 0.0399
48 6 11 13 0.0396
106 1 13 13 0.0394
717 11 9 10 0.0389
313 22 12 13 0.0385
138 66 17 21 0.0380
299 8 11 14 0.0374
16 39 13 16 0.0373
358 18 11 13 0.0370
122 0 9 7 0.0369
154 4 13 14 0.0362
182 1 12 13 0.0354
222 37 12 15 0.0350
488 4 12 15 0.0350
951 55 16 17 0.0350
19 39 15 17 0.0349
903 35 13 15 0.0348
774 79 17 21 0.0342
671 52 15 17 0.0342
626 8 10 12 0.0342
46 69 16 19 0.0341
543 67 15 18 0.0341
817 157 27 29 0.0336
364 67 15 17 0.0335
163 23 16 17 0.0333
924 12 11 12 0.0330
676 38 17 18 0.0328
739 75 16 20 0.0322
649 7 11 12 0.0321
823 31 10 13 0.0315
3 7 12 15 0.0314
205 115 19 23 0.0313
857 28 10 12 0.0311
952 53 16 18 0.0309
322 92 21 25 0.0307
138 2 12 14 0.0305
191 0 11 13 0.0301
776 26 11 14 0.0293
673 11 12 14 0.0288
463 3 12 13 0.0288
548 12 12 13 0.0287
676 53 16 19 0.0286
467 34 14 16 0.0282
369 79 17 20 0.0281
910 71 12 14 0.0281
518 24 13 15 0.0280
542 45 12 15 0.0280
86 10 11 14 0.0279
964 153 25 32 0.0277
207 56 16 19 0.0273
823 150 25 29 0.0266
412 26 12 15 0.0260
772 80 19 21 0.0256
51 6 12 14 0.0255
961 115 19 25 0.0253
442 25 12 15 0.0251
268 10 12 14 0.0251
646 7 10 13 0.0251
397 8 11 15 0.0246
876 26 12 13 0.0243
740 45 12 14 0.0241
1001 32 14 16 0.0241
310 58 16 19 0.0233
598 10 11 14 0.0233
809 31 11 13 0.0229
654 18 11 13 0.0226
955 55 16 17 0.0225
0 31 9 18 0.0224
581 7 10 14 0.0223
913 96 16 22 0.0219
13 68 16 19 0.0218
112 27 14 16 0.0218
776 21 9 12 0.0214
884 167 21 28 0.0209
312 60 15 18 0.0206
727 31 11 13 0.0204
926 33 14 16 0.0203
286 35 14 16 0.0202
322 121 21 26 0.0202
574 32 12 15 0.0200
434 10 11 13 0.0196
601 27 12 14 0.0195
286 59 16 18 0.0195
575 58 14 18 0.0194
288 23 12 13 0.0194
677 8 10 11 0.0193
928 32 11 13 0.0192
124 18 12 14 0.0192
16 44 14 18 0.0190
317 110 21 26 0.0190
363 69 17 19 0.0189
46 71 15 19 0.0189
206 66 18 22 0.0188
192 19 12 14 0.0186
847 25 11 14 0.0185
390 113 19 26 0.0185
379 43 12 16 0.0181
233 16 12 14 0.0179
769 30 11 13 0.0177
314 25 13 15 0.0176
94 0 12 8 0.0176
20 44 15 19 0.0175
443 21 11 13 0.0174
270 0 11 11 0.0173
442 43 14 17 0.0173
770 79 17 21 0.0170
552 18 11 14 0.0170
631 45 12 14 0.0168
915 70 12 15 0.0167
18 64 14 18 0.0167
900 30 12 14 0.0165
161 26 15 17 0.0164
1 73 11 21 0.0163
89 67 17 22 0.0162
1013 224 11 39 0.0162
1 110 16 22 0.0161
516 65 13 17 0.0158
0 78 7 23 0.0158
770 14 11 12 0.0158
550 107 19 22 0.0158
574 3 11 11 0.0157
213 30 12 14 0.0154
462 25 13 15 0.0153
66 80 21 25 0.0152
820 0 11 9 0.0148
91 15 10 12 0.0143
1010 113 12 18 0.0143
398 7 13 13 0.0143
1013 246 11 41 0.0141
715 12 9 9 0.0140
922 10 10 11 0.0139
821 78 16 21 0.0139
3 30 14 20 0.0137
869 75 11 15 0.0135
325 117 20 25 0.0135
745 48 13 15 0.0134
993 63 11 15 0.0131
963 153 22 28 0.0130
1002 225 22 48 0.0130
921 29 14 17 0.0129
171 45 16 17 0.0127
926 84 17 20 0.0126
512 52 14 17 0.0124
160 23 14 16 0.0124
996 65 13 16 0.0123
335 121 18 25 0.0123
566 48 12 18 0.0121
967 60 15 16 0.0120
269 21 15 17 0.0119
913 30 12 15 0.0118
997 231 25 38 0.0116
619 26 13 15 0.0116
283 42 17 19 0.0115
285 67 18 20 0.0111
855 13 11 12 0.0111
407 30 11 13 0.0110
428 1 12 9 0.0109
53 73 18 22 0.0109
307 56 14 16 0.0109
870 15 11 11 0.0109
116 29 13 14 0.0108
719 51 12 16 0.0107
815 1 10 8 0.0106
27 71 16 19 0.0105
742 15 10 11 0.0105
808 31 11 15 0.0104
453 0 11 6 0.0104
873 77 15 18 0.0103
134 60 15 19 0.0102
779 0 10 8 0.0101
