0_Parade_marchingband_1_488
111
445 269 21 28 0.8154
42 266 20 26 0.6891
611 321 14 22 0.5642
323 314 13 18 0.5304
271 333 12 16 0.5126
373 344 10 13 0.3733
689 330 10 16 0.3709
375 344 10 13 0.3598
1016 301 8 20 0.3489
686 330 10 16 0.3097
274 333 11 16 0.2950
326 314 12 18 0.2854
499 340 10 15 0.2851
730 360 8 12 0.2851
768 370 8 11 0.2728
728 360 8 12 0.2633
911 384 7 9 0.2570
643 348 9 13 0.2564
944 374 7 10 0.2486
40 266 21 26 0.2399
809 383 7 9 0.2377
941 374 7 11 0.2295
646 349 9 12 0.2204
764 370 8 11 0.2200
908 384 7 9 0.2163
496 340 10 15 0.2157
894 393 8 9 0.2154
514 354 9 12 0.2079
897 393 8 9 0.2036
608 322 14 21 0.1862
859 368 8 11 0.1806
812 383 6 9 0.1798
976 391 6 8 0.1778
517 354 9 12 0.1738
807 383 7 9 0.1642
644 349 9 12 0.1560
647 349 8 12 0.1530
771 370 8 10 0.1447
973 391 6 8 0.1404
94 360 7 9 0.1364
912 385 7 8 0.1315
857 369 8 11 0.1272
97 360 7 9 0.1258
941 376 7 10 0.1223
974 390 6 9 0.1221
862 368 8 11 0.1143
945 375 7 9 0.1078
371 344 10 13 0.0984
732 361 7 11 0.0933
913 383 6 10 0.0784
728 362 8 11 0.0656
511 354 10 12 0.0594
1019 304 5 19 0.0532
73 368 7 8 0.0457
765 371 8 10 0.0453
769 371 8 10 0.0452
811 384 7 8 0.0452
405 322 14 21 0.0449
76 368 7 8 0.0444
972 390 6 8 0.0432
273 333 12 16 0.0430
770 370 7 10 0.0410
826 398 6 7 0.0388
402 324 13 18 0.0374
909 384 7 8 0.0371
860 371 7 10 0.0370
894 390 7 9 0.0359
98 363 8 9 0.0301
760 369 8 9 0.0297
856 370 9 10 0.0295
856 372 7 9 0.0277
93 366 10 11 0.0269
93 376 11 13 0.0268
807 382 8 9 0.0266
829 398 6 7 0.0265
72 367 6 8 0.0261
1011 298 13 22 0.0256
898 392 7 9 0.0250
366 330 8 10 0.0239
989 404 6 7 0.0236
368 330 8 10 0.0235
985 403 6 8 0.0233
75 367 7 8 0.0231
760 370 7 10 0.0231
808 380 6 10 0.0223
516 353 9 11 0.0212
80 376 8 9 0.0210
844 396 6 8 0.0205
733 360 7 11 0.0203
496 343 11 14 0.0188
978 390 6 9 0.0184
986 404 6 7 0.0175
766 369 7 10 0.0163
859 366 7 10 0.0162
807 385 7 8 0.0155
938 376 8 10 0.0153
946 373 8 10 0.0149
512 352 9 12 0.0148
845 398 7 7 0.0146
695 328 10 14 0.0145
406 319 12 17 0.0141
985 403 7 8 0.0139
94 360 7 9 0.0137
367 329 8 11 0.0131
97 377 9 12 0.0129
826 399 6 7 0.0128
91 375 9 10 0.0121
830 399 6 6 0.0118
496 347 8 11 0.0115
754 374 7 9 0.0110
1014 294 10 25 0.0108
