0_Parade_Parade_0_239
45
353 293 31 42 0.8525
500 372 33 42 0.8495
900 277 34 42 0.8465
395 286 32 37 0.8447
274 300 26 32 0.8310
506 293 30 33 0.8289
225 317 37 43 0.8247
745 287 40 49 0.8221
879 325 36 43 0.8053
608 294 29 35 0.7897
708 289 24 31 0.7576
832 307 12 17 0.3627
853 307 15 19 0.2937
37 297 34 41 0.1687
709 289 24 31 0.1618
35 309 40 45 0.1543
830 307 10 16 0.1499
1013 310 11 22 0.1244
850 307 14 18 0.0621
5 297 12 15 0.0583
8 297 13 15 0.0546
34 305 39 46 0.0516
855 308 16 21 0.0464
1011 308 12 22 0.0425
31 310 39 44 0.0412
32 305 37 44 0.0382
33 299 34 39 0.0380
829 308 12 18 0.0344
850 307 15 20 0.0285
804 307 11 16 0.0247
4 300 13 18 0.0193
860 308 10 16 0.0183
1008 308 15 25 0.0168
960 313 19 23 0.0166
8 300 15 17 0.0153
851 310 14 18 0.0144
799 305 12 18 0.0133
770 127 13 17 0.0132
2 302 21 31 0.0131
835 308 12 17 0.0131
830 311 10 14 0.0122
44 295 24 29 0.0122
45 312 35 43 0.0113
341 287 20 31 0.0107
0 305 11 28 0.0105
