0_Parade_marchingband_1_593
316
801 325 9 10 0.4747
800 299 9 12 0.4242
622 376 10 13 0.4201
761 313 9 11 0.4171
799 338 9 13 0.4116
862 335 10 13 0.4107
505 376 9 12 0.4096
659 375 9 12 0.4093
724 350 9 12 0.4092
778 324 8 11 0.4070
751 328 8 11 0.4060
583 376 9 12 0.4034
103 330 10 12 0.4006
696 346 9 12 0.3994
508 376 9 12 0.3987
625 376 10 13 0.3974
432 375 9 11 0.3959
598 347 9 11 0.3957
256 323 9 11 0.3950
699 346 9 12 0.3943
907 347 10 13 0.3937
77 342 10 13 0.3924
467 378 9 12 0.3919
395 375 9 11 0.3900
225 321 9 11 0.3894
613 301 8 11 0.3859
624 339 8 11 0.3858
865 335 9 13 0.3850
155 335 9 12 0.3839
543 373 9 12 0.3837
587 376 8 12 0.3832
519 308 7 9 0.3828
675 334 8 11 0.3815
662 375 9 11 0.3801
569 325 8 10 0.3795
727 350 9 11 0.3794
212 333 9 12 0.3793
429 375 9 11 0.3733
803 300 9 11 0.3732
540 373 9 12 0.3728
470 378 9 12 0.3710
678 334 8 11 0.3706
626 339 9 11 0.3703
152 335 9 12 0.3682
392 375 9 11 0.3674
910 347 10 13 0.3658
522 308 7 10 0.3656
629 311 9 11 0.3651
353 358 9 11 0.3645
801 339 10 12 0.3628
175 302 9 12 0.3617
601 347 9 11 0.3603
710 323 8 10 0.3603
404 321 9 11 0.3602
209 333 9 12 0.3592
178 303 9 11 0.3582
321 322 8 10 0.3580
488 308 9 11 0.3570
780 324 9 12 0.3570
647 303 9 12 0.3551
532 292 8 10 0.3546
473 313 8 11 0.3531
223 321 8 12 0.3509
652 338 9 11 0.3506
754 328 8 11 0.3488
578 305 9 10 0.3477
699 327 8 11 0.3474
137 305 9 11 0.3473
591 287 9 11 0.3443
506 290 8 10 0.3438
291 320 8 11 0.3427
765 313 8 11 0.3422
655 338 8 11 0.3420
770 303 9 10 0.3417
448 346 9 11 0.3416
401 321 9 11 0.3404
759 344 9 12 0.3404
615 302 9 11 0.3387
317 323 9 10 0.3371
305 303 9 10 0.3368
724 332 7 10 0.3358
470 313 8 11 0.3350
445 346 9 11 0.3349
253 323 9 11 0.3341
572 325 8 10 0.3340
361 298 8 10 0.3339
307 303 9 11 0.3337
139 305 10 11 0.3336
503 289 9 11 0.3334
359 381 10 12 0.3318
650 304 9 11 0.3316
560 291 9 10 0.3300
373 323 9 10 0.3300
371 323 9 10 0.3290
75 342 10 13 0.3282
530 343 8 11 0.3245
350 358 9 11 0.3232
347 315 9 12 0.3232
632 311 9 11 0.3218
599 319 9 10 0.3216
478 341 9 11 0.3212
271 303 9 11 0.3203
726 333 8 9 0.3202
274 303 9 11 0.3201
435 288 9 11 0.3178
694 310 8 10 0.3176
110 309 9 11 0.3161
475 341 9 11 0.3158
594 287 9 11 0.3151
438 321 9 10 0.3150
313 354 9 11 0.3138
535 292 8 10 0.3133
310 354 9 11 0.3128
701 327 8 11 0.3125
107 309 9 11 0.3119
762 344 9 12 0.3119
582 304 9 11 0.3115
540 322 9 10 0.3101
288 320 8 11 0.3040
271 358 10 12 0.3038
437 288 9 10 0.3034
182 330 9 13 0.3029
603 319 8 10 0.2956
358 298 9 10 0.2947
563 291 9 10 0.2921
565 343 8 10 0.2904
791 318 7 10 0.2880
185 330 9 13 0.2876
681 316 8 10 0.2872
533 343 8 10 0.2833
344 315 9 11 0.2813
501 344 9 10 0.2813
458 304 8 10 0.2776
720 293 9 10 0.2743
696 310 8 10 0.2739
793 318 7 10 0.2712
773 302 9 10 0.2674
123 317 8 11 0.2669
600 318 9 11 0.2660
436 321 8 11 0.2647
439 288 9 10 0.2599
455 303 8 10 0.2554
206 306 9 11 0.2549
360 343 9 10 0.2510
505 343 8 10 0.2485
398 289 8 11 0.2425
538 323 9 10 0.2378
229 357 10 12 0.2333
794 318 8 10 0.2293
542 322 8 10 0.2284
268 358 10 12 0.2272
440 320 8 10 0.2243
724 292 8 11 0.2229
209 306 9 11 0.2197
240 305 10 12 0.2158
730 320 9 10 0.2147
679 316 8 10 0.2139
395 289 8 10 0.2134
568 342 8 11 0.2112
486 307 9 11 0.2078
490 308 8 11 0.2071
228 357 10 12 0.2069
210 305 9 11 0.2056
120 318 9 10 0.2041
105 330 10 12 0.2023
241 309 9 11 0.1997
237 305 10 12 0.1947
357 381 9 11 0.1891
692 395 10 11 0.1889
226 357 10 13 0.1850
721 294 9 10 0.1810
238 309 9 11 0.1796
183 331 9 12 0.1726
503 345 8 10 0.1712
107 330 9 12 0.1675
185 331 9 12 0.1577
692 308 9 11 0.1553
694 397 9 10 0.1541
375 323 9 10 0.1512
436 320 9 10 0.1511
761 343 9 12 0.1499
724 294 9 10 0.1496
682 317 8 10 0.1483
405 352 7 9 0.1409
269 357 9 12 0.1316
474 342 8 10 0.1307
361 343 9 11 0.1303
730 321 8 10 0.1216
129 328 8 11 0.1203
709 321 8 11 0.1196
155 351 9 11 0.1151
402 352 8 9 0.1147
561 293 8 10 0.1139
735 320 9 11 0.1067
361 381 9 12 0.1031
446 346 9 10 0.1030
567 343 8 10 0.1000
399 292 8 9 0.0987
349 317 8 10 0.0971
102 330 9 12 0.0963
564 293 9 10 0.0957
617 303 8 11 0.0905
349 357 10 12 0.0889
361 382 9 11 0.0880
471 299 8 10 0.0877
310 340 9 10 0.0820
691 397 10 11 0.0818
506 345 8 10 0.0809
308 353 9 12 0.0806
226 356 10 13 0.0771
530 344 9 10 0.0767
80 342 9 12 0.0716
153 351 8 11 0.0701
563 342 8 11 0.0674
287 319 8 11 0.0673
534 344 8 10 0.0673
580 305 9 10 0.0626
206 306 9 11 0.0618
538 321 9 10 0.0609
274 304 9 11 0.0579
358 383 9 11 0.0569
141 305 9 11 0.0546
469 298 8 10 0.0540
457 288 8 10 0.0534
727 320 9 11 0.0526
800 324 9 10 0.0491
110 308 8 10 0.0487
589 287 9 11 0.0481
396 292 8 9 0.0475
309 304 8 10 0.0473
696 393 10 12 0.0463
536 292 8 11 0.0461
457 305 8 10 0.0427
477 343 9 10 0.0419
317 322 9 10 0.0404
358 296 9 11 0.0393
290 319 8 11 0.0393
532 293 9 10 0.0389
270 304 9 11 0.0386
564 344 8 10 0.0385
702 329 8 10 0.0376
400 320 9 11 0.0365
79 342 10 13 0.0365
345 318 8 10 0.0354
319 321 8 10 0.0349
358 343 8 10 0.0345
312 355 9 10 0.0339
107 308 8 10 0.0337
273 358 9 12 0.0332
542 319 8 11 0.0323
679 316 9 11 0.0317
695 308 9 11 0.0312
469 315 8 10 0.0307
444 345 9 11 0.0294
772 301 9 10 0.0287
371 322 9 10 0.0282
696 395 9 11 0.0279
650 305 9 11 0.0278
207 292 8 10 0.0269
363 341 10 11 0.0265
818 327 8 11 0.0263
485 308 8 11 0.0263
911 348 10 12 0.0255
690 395 10 11 0.0247
474 314 8 10 0.0246
600 346 8 11 0.0237
205 306 9 10 0.0229
570 323 10 11 0.0222
734 397 7 9 0.0219
239 312 9 10 0.0214
439 290 8 9 0.0213
599 318 9 11 0.0209
361 342 9 11 0.0200
505 290 8 10 0.0195
378 351 8 10 0.0193
474 343 9 10 0.0188
702 386 8 10 0.0186
722 278 7 10 0.0184
446 372 8 10 0.0176
395 291 9 11 0.0174
582 305 9 10 0.0173
733 396 7 9 0.0172
777 323 9 11 0.0165
724 278 8 10 0.0163
345 317 9 11 0.0162
403 320 9 10 0.0155
137 306 9 11 0.0150
501 344 8 10 0.0146
400 289 8 11 0.0146
568 342 9 10 0.0145
470 313 9 11 0.0143
737 397 7 9 0.0141
315 355 9 10 0.0140
755 329 9 11 0.0140
272 356 10 12 0.0139
436 291 8 10 0.0134
508 290 8 10 0.0134
736 396 7 9 0.0133
209 332 9 12 0.0128
76 343 9 12 0.0125
223 320 8 11 0.0125
873 270 9 10 0.0124
289 319 10 11 0.0123
656 340 7 10 0.0122
362 298 9 10 0.0120
266 356 9 13 0.0119
652 341 8 10 0.0118
370 323 9 10 0.0118
541 320 9 11 0.0117
520 310 8 10 0.0115
192 353 9 12 0.0113
313 341 8 11 0.0112
399 322 9 10 0.0110
361 298 9 9 0.0105
699 330 8 10 0.0104
565 291 8 10 0.0100
