0_Parade_marchingband_1_1045
145
943 263 43 50 0.8666
88 266 34 39 0.8265
662 269 27 38 0.8140
356 293 20 26 0.7879
694 255 22 32 0.7877
179 313 20 27 0.7579
0 315 13 19 0.7519
279 298 22 28 0.7138
383 298 17 20 0.7103
201 317 14 21 0.6648
755 305 16 20 0.5735
151 316 14 21 0.5523
587 256 26 42 0.5193
589 256 26 41 0.4909
442 304 16 19 0.4806
791 301 13 15 0.4766
483 309 14 15 0.4560
777 296 13 17 0.4072
506 306 16 19 0.3984
57 287 19 23 0.3963
305 300 12 17 0.3940
439 303 16 20 0.3875
502 306 16 18 0.3607
417 308 11 14 0.3480
598 307 14 17 0.3167
465 291 13 17 0.2888
214 307 12 15 0.2842
211 307 12 15 0.2829
420 308 11 15 0.2725
313 288 9 12 0.2701
54 288 18 22 0.2451
1 304 12 16 0.2450
536 295 12 14 0.2350
462 314 12 14 0.2269
468 291 13 16 0.2187
330 305 12 16 0.2001
316 288 9 12 0.1931
774 296 13 17 0.1929
595 306 14 18 0.1924
230 259 8 11 0.1845
13 295 10 13 0.1797
227 259 8 11 0.1559
760 306 14 19 0.1523
533 296 11 13 0.1484
137 323 15 23 0.1417
147 316 15 22 0.1328
284 299 20 27 0.1245
4 332 13 16 0.1194
7 332 13 16 0.1134
779 297 13 16 0.1011
466 314 12 14 0.0985
247 317 11 16 0.0962
11 296 10 13 0.0951
327 305 12 15 0.0943
183 313 18 26 0.0928
232 285 10 12 0.0911
481 309 13 15 0.0844
313 287 8 12 0.0839
406 323 13 16 0.0719
250 314 12 18 0.0710
16 294 9 13 0.0664
133 324 14 21 0.0631
1005 308 5 7 0.0597
315 287 9 11 0.0590
466 312 11 15 0.0586
518 311 10 13 0.0574
234 286 11 13 0.0558
291 306 15 20 0.0555
219 244 10 13 0.0551
486 310 13 14 0.0545
227 260 9 11 0.0535
231 259 9 11 0.0483
796 302 10 13 0.0452
211 308 12 17 0.0448
126 311 13 18 0.0438
789 300 12 15 0.0438
515 307 11 15 0.0426
235 285 11 13 0.0423
19 315 12 15 0.0391
489 308 12 15 0.0384
224 246 8 11 0.0379
388 299 14 19 0.0374
236 285 11 14 0.0364
334 303 14 18 0.0347
123 307 14 19 0.0347
203 320 13 19 0.0339
537 297 13 15 0.0338
1018 311 5 7 0.0337
155 316 13 20 0.0333
13 315 12 16 0.0327
409 277 10 14 0.0321
417 310 12 15 0.0313
120 311 14 19 0.0312
405 277 11 14 0.0288
14 297 10 13 0.0285
310 302 12 17 0.0283
5 331 14 18 0.0264
1003 307 6 7 0.0252
408 276 9 10 0.0237
404 324 12 15 0.0235
470 288 10 13 0.0235
1010 309 5 7 0.0231
154 318 13 21 0.0228
237 287 12 14 0.0226
465 298 12 16 0.0222
863 325 7 8 0.0219
467 290 13 15 0.0218
867 325 6 8 0.0211
5 335 13 17 0.0210
313 288 11 15 0.0207
795 304 12 13 0.0201
329 294 12 16 0.0200
238 316 11 15 0.0199
118 304 15 22 0.0199
246 304 11 15 0.0193
10 294 11 13 0.0185
332 307 12 16 0.0177
231 259 8 10 0.0173
759 306 14 20 0.0167
510 308 14 17 0.0166
1005 311 6 7 0.0164
242 315 12 16 0.0155
731 293 11 17 0.0155
261 306 17 21 0.0153
156 314 13 22 0.0148
135 325 16 22 0.0148
819 307 9 12 0.0147
812 283 9 12 0.0144
327 308 12 15 0.0144
213 244 10 14 0.0136
865 326 6 8 0.0133
467 288 11 14 0.0133
868 326 6 8 0.0133
504 308 15 18 0.0132
1006 307 9 10 0.0130
403 321 12 14 0.0130
601 308 13 17 0.0128
815 284 9 11 0.0119
776 294 12 15 0.0118
230 304 11 14 0.0110
14 293 9 10 0.0109
130 310 17 23 0.0109
825 308 8 11 0.0105
823 309 8 10 0.0101
411 282 10 13 0.0100
