0_Parade_marchingband_1_606
38
46 158 31 36 0.8672
258 139 30 35 0.8632
487 136 33 38 0.8592
843 154 26 33 0.8591
616 192 26 29 0.8460
705 176 25 29 0.8382
133 213 22 24 0.8236
429 180 23 28 0.8041
785 155 38 45 0.7869
192 242 16 19 0.7209
15 211 16 21 0.4815
3 219 12 17 0.3567
18 211 16 21 0.2923
567 208 15 19 0.1255
944 244 21 21 0.1143
395 232 16 21 0.0758
571 208 13 17 0.0730
785 155 38 45 0.0666
13 215 15 19 0.0550
133 212 22 25 0.0393
155 222 12 15 0.0368
0 202 6 18 0.0253
4 221 15 18 0.0245
950 244 19 19 0.0212
395 227 17 21 0.0181
747 196 11 14 0.0173
404 229 14 20 0.0165
388 233 18 21 0.0164
750 196 11 15 0.0149
0 217 11 18 0.0147
158 223 11 14 0.0142
766 194 13 16 0.0132
938 246 20 20 0.0116
166 213 13 16 0.0114
571 205 12 14 0.0110
402 227 15 20 0.0107
356 206 19 25 0.0106
567 206 16 19 0.0103
