0_Parade_Parade_0_688
151
454 531 26 30 0.8193
278 523 23 28 0.7986
881 521 15 19 0.7601
535 461 17 21 0.7299
844 568 14 20 0.6397
452 502 19 26 0.5153
566 540 17 23 0.4922
811 526 16 21 0.4616
5 582 13 17 0.4433
450 502 19 25 0.4120
8 583 13 15 0.4080
808 526 17 21 0.3850
966 511 9 12 0.3754
214 536 15 25 0.3573
217 538 15 24 0.3501
569 541 16 22 0.3454
947 528 9 12 0.3446
537 593 15 23 0.3404
206 545 13 18 0.3370
309 509 13 24 0.3143
969 511 9 12 0.3066
54 553 9 11 0.2872
2 565 11 13 0.2820
944 528 9 12 0.2765
57 553 9 11 0.2722
826 533 10 13 0.2588
784 547 8 10 0.2347
26 563 9 11 0.2287
23 563 9 10 0.2284
72 577 9 10 0.2105
777 538 6 8 0.1959
842 530 10 12 0.1844
69 577 8 10 0.1706
774 538 6 8 0.1628
839 529 10 13 0.1450
366 528 8 11 0.1398
310 513 14 21 0.1310
206 555 14 16 0.1269
369 528 8 10 0.1264
1016 530 7 11 0.1139
786 546 8 12 0.1121
782 547 7 9 0.1077
34 586 8 10 0.1060
816 529 14 18 0.0979
37 586 8 9 0.0970
312 510 14 23 0.0961
812 527 15 19 0.0904
35 552 8 9 0.0813
842 567 13 20 0.0805
776 536 6 9 0.0799
242 533 12 19 0.0767
267 528 13 21 0.0743
265 530 10 18 0.0700
32 552 8 9 0.0682
758 545 7 8 0.0676
870 534 11 13 0.0673
5 566 10 13 0.0660
203 547 11 14 0.0652
843 533 9 12 0.0599
866 535 10 11 0.0579
851 546 8 10 0.0558
1018 531 6 11 0.0517
911 535 8 9 0.0516
773 537 6 8 0.0513
761 545 7 9 0.0512
194 515 6 7 0.0502
910 532 8 9 0.0499
848 546 9 10 0.0493
538 461 16 21 0.0444
1 561 7 10 0.0437
310 511 15 23 0.0434
191 515 6 7 0.0431
45 571 9 10 0.0429
212 540 14 21 0.0429
42 572 8 9 0.0425
534 591 16 24 0.0384
273 522 16 23 0.0381
22 562 8 9 0.0380
827 526 10 13 0.0368
908 534 8 12 0.0366
28 565 8 10 0.0358
543 594 11 20 0.0351
732 479 15 25 0.0348
915 532 7 8 0.0346
36 599 10 13 0.0336
33 552 9 9 0.0321
851 544 8 11 0.0317
832 557 10 13 0.0313
862 531 9 11 0.0303
56 554 9 10 0.0298
781 547 8 10 0.0295
366 531 9 10 0.0281
920 539 7 9 0.0277
173 517 6 8 0.0271
265 533 12 19 0.0271
32 599 11 13 0.0268
887 523 11 16 0.0255
205 541 13 19 0.0253
997 535 7 10 0.0252
118 517 14 23 0.0248
265 528 10 17 0.0244
790 536 10 14 0.0239
314 514 13 20 0.0239
994 535 7 10 0.0236
35 550 7 9 0.0234
238 535 13 19 0.0229
830 555 10 13 0.0225
984 749 37 19 0.0211
57 552 8 10 0.0211
610 510 17 20 0.0206
32 551 7 8 0.0204
992 531 7 10 0.0202
370 530 8 10 0.0200
829 557 9 13 0.0198
35 588 9 11 0.0196
69 580 9 12 0.0195
531 595 16 22 0.0189
737 481 12 21 0.0187
693 470 16 19 0.0185
995 532 7 10 0.0185
194 516 7 8 0.0184
67 575 8 11 0.0177
759 545 7 9 0.0176
845 529 8 11 0.0168
210 555 11 16 0.0156
33 583 8 11 0.0155
959 540 8 10 0.0146
190 516 7 7 0.0144
830 525 9 10 0.0141
538 561 17 22 0.0140
71 575 8 10 0.0138
540 592 15 22 0.0138
73 580 8 10 0.0125
173 519 6 8 0.0124
908 522 7 8 0.0124
367 526 7 10 0.0122
59 554 8 10 0.0121
977 752 37 16 0.0117
197 513 9 11 0.0117
825 536 10 12 0.0111
604 512 15 16 0.0109
176 518 5 7 0.0109
195 575 14 17 0.0109
908 537 9 10 0.0108
1003 548 9 12 0.0108
907 526 8 11 0.0106
771 578 6 7 0.0105
1014 528 8 10 0.0103
971 513 9 11 0.0102
984 740 40 28 0.0102
730 473 17 25 0.0100
