0_Parade_Parade_0_814
274
767 512 20 26 0.7353
893 552 18 22 0.6934
497 377 13 16 0.5551
473 372 12 16 0.5333
126 403 9 10 0.4061
681 395 11 13 0.4025
755 375 11 15 0.3966
322 405 9 11 0.3859
925 525 15 22 0.3805
729 382 10 13 0.3660
777 385 11 14 0.3491
75 415 9 10 0.3467
408 452 16 16 0.3376
132 415 9 11 0.3346
86 409 8 10 0.3272
135 415 9 10 0.3210
149 407 9 10 0.3139
72 415 9 11 0.3133
152 406 9 10 0.3021
114 408 8 10 0.2994
775 385 11 14 0.2988
163 420 9 11 0.2934
111 409 8 10 0.2862
971 424 12 13 0.2861
725 382 11 13 0.2782
706 434 10 13 0.2701
83 409 8 11 0.2667
339 589 22 38 0.2656
752 376 10 14 0.2648
103 394 8 9 0.2640
101 394 7 9 0.2629
102 417 8 10 0.2615
166 420 9 11 0.2608
928 526 16 22 0.2557
291 393 8 10 0.2482
287 428 8 10 0.2463
684 395 10 13 0.2458
290 428 8 10 0.2454
288 393 8 9 0.2396
98 418 8 9 0.2329
337 399 9 12 0.2233
309 399 7 9 0.2185
646 403 9 12 0.2166
709 434 10 13 0.2136
320 394 8 9 0.2049
338 400 10 13 0.2038
341 400 10 13 0.2006
128 389 7 8 0.1887
267 432 7 8 0.1877
340 399 10 13 0.1830
982 410 8 10 0.1691
165 400 8 10 0.1688
243 369 11 15 0.1688
264 432 7 8 0.1683
64 396 7 8 0.1675
312 399 7 9 0.1621
138 386 6 7 0.1582
126 388 6 8 0.1559
649 403 9 12 0.1541
471 372 11 15 0.1515
985 410 8 10 0.1490
168 400 8 10 0.1478
969 424 11 12 0.1442
311 442 8 10 0.1312
260 408 8 9 0.1290
810 545 14 22 0.1247
143 443 8 10 0.1234
55 392 7 8 0.1196
314 445 8 9 0.1189
123 388 7 9 0.1184
814 546 14 20 0.1160
80 388 8 8 0.1153
407 450 15 16 0.1121
949 407 9 11 0.1062
147 443 7 10 0.1046
115 410 7 9 0.1029
475 372 12 16 0.1027
495 377 12 16 0.0988
974 425 11 12 0.0963
263 408 8 9 0.0940
423 402 10 11 0.0913
52 393 7 8 0.0896
417 449 12 16 0.0887
297 419 7 9 0.0887
775 386 11 14 0.0871
319 394 7 9 0.0861
92 381 7 8 0.0858
419 450 13 16 0.0823
53 392 6 7 0.0816
393 392 6 9 0.0792
298 403 7 9 0.0785
396 392 7 9 0.0773
257 408 7 9 0.0762
525 383 9 11 0.0758
420 403 9 10 0.0754
307 418 7 9 0.0752
140 443 8 10 0.0750
408 392 7 9 0.0739
969 426 11 12 0.0725
113 380 6 7 0.0724
778 386 11 14 0.0712
367 340 13 15 0.0702
309 441 7 9 0.0679
891 551 18 21 0.0666
112 407 7 9 0.0661
818 339 8 9 0.0647
287 427 8 10 0.0646
129 403 8 10 0.0645
814 339 8 9 0.0635
71 415 9 10 0.0634
605 537 16 22 0.0629
290 392 8 9 0.0623
13 393 9 11 0.0613
530 397 8 11 0.0602
954 406 9 10 0.0597
164 401 8 10 0.0590
89 382 7 8 0.0578
320 404 8 11 0.0572
165 383 7 9 0.0571
10 393 9 11 0.0567
109 380 7 7 0.0564
308 440 8 10 0.0564
522 382 8 12 0.0562
317 392 7 10 0.0538
944 407 8 10 0.0530
413 451 13 15 0.0529
52 420 8 9 0.0529
140 431 8 10 0.0522
986 411 7 10 0.0519
532 397 9 11 0.0518
85 408 7 9 0.0518
104 417 8 9 0.0489
420 401 10 11 0.0488
168 383 7 9 0.0484
111 379 6 7 0.0481
816 338 8 9 0.0478
704 434 9 13 0.0472
751 375 11 14 0.0470
336 588 18 36 0.0468
137 386 6 7 0.0467
49 421 7 9 0.0466
406 391 7 8 0.0458
108 379 5 7 0.0457
110 381 7 7 0.0435
73 375 6 8 0.0432
262 407 7 9 0.0429
952 406 8 10 0.0424
70 375 6 7 0.0419
364 340 13 15 0.0417
165 441 8 9 0.0416
89 380 7 8 0.0415
950 396 8 9 0.0408
94 424 8 9 0.0406
239 368 12 16 0.0404
602 534 16 24 0.0402
736 363 9 11 0.0392
1012 394 7 9 0.0391
89 381 7 8 0.0391
975 423 10 12 0.0389
753 374 10 15 0.0381
811 548 15 21 0.0377
419 402 9 11 0.0371
323 408 8 10 0.0354
813 339 7 8 0.0350
265 430 7 8 0.0350
993 401 7 9 0.0338
167 422 8 10 0.0336
620 561 21 34 0.0336
152 436 9 11 0.0333
734 362 8 10 0.0329
51 391 6 8 0.0327
289 428 8 10 0.0326
263 404 8 9 0.0325
739 361 9 11 0.0323
134 418 9 10 0.0318
37 434 7 8 0.0315
60 397 7 9 0.0312
259 405 7 9 0.0312
262 430 7 9 0.0311
265 430 8 10 0.0310
655 389 7 9 0.0309
338 400 10 12 0.0306
164 422 8 10 0.0306
526 410 8 9 0.0301
394 392 6 8 0.0301
247 369 9 14 0.0300
158 403 8 10 0.0294
240 370 12 15 0.0294
137 431 9 11 0.0288
953 400 8 10 0.0286
923 524 14 22 0.0286
995 401 7 9 0.0284
977 425 9 11 0.0281
657 390 8 9 0.0274
34 434 6 8 0.0274
404 453 15 16 0.0270
524 409 8 10 0.0267
394 393 7 9 0.0266
287 392 7 10 0.0261
607 536 20 25 0.0258
678 396 11 12 0.0258
407 399 6 9 0.0257
982 410 8 9 0.0257
995 403 8 9 0.0256
648 402 10 12 0.0254
312 443 8 9 0.0253
290 395 8 9 0.0251
1010 410 8 10 0.0247
683 398 9 11 0.0246
141 445 8 9 0.0246
72 376 6 8 0.0244
606 533 17 25 0.0239
882 597 13 21 0.0239
1016 420 8 15 0.0237
886 602 14 18 0.0237
424 385 10 11 0.0232
1018 425 6 13 0.0232
165 383 7 8 0.0221
726 380 11 12 0.0221
147 406 9 9 0.0218
818 549 13 19 0.0214
425 451 11 14 0.0206
645 401 9 11 0.0202
522 382 8 11 0.0197
66 418 7 9 0.0192
943 404 7 9 0.0190
725 386 10 12 0.0190
528 411 7 9 0.0189
43 438 6 8 0.0189
78 416 8 10 0.0179
941 410 8 9 0.0179
464 394 10 12 0.0174
143 457 8 9 0.0174
404 420 6 9 0.0172
391 390 7 9 0.0172
245 372 10 13 0.0168
676 412 10 12 0.0166
428 385 9 11 0.0163
485 393 11 14 0.0163
35 432 7 9 0.0160
686 398 9 11 0.0160
811 583 12 21 0.0152
293 403 7 10 0.0147
951 392 7 8 0.0146
471 374 11 14 0.0142
771 513 20 26 0.0139
939 406 7 10 0.0139
529 383 8 10 0.0138
407 420 6 9 0.0136
1014 425 10 13 0.0136
120 425 8 9 0.0132
495 377 11 14 0.0132
94 658 24 23 0.0129
952 411 10 12 0.0128
326 409 8 10 0.0128
982 387 7 7 0.0121
525 411 7 9 0.0118
819 547 12 19 0.0118
99 422 8 10 0.0116
897 316 10 14 0.0116
714 361 8 9 0.0114
664 389 9 11 0.0114
58 399 7 9 0.0110
954 391 7 9 0.0110
1006 411 9 10 0.0108
1008 401 9 10 0.0108
755 393 10 12 0.0107
936 407 7 10 0.0106
140 456 8 9 0.0106
405 450 11 14 0.0105
979 387 7 8 0.0104
50 416 7 9 0.0104
709 437 8 11 0.0101
313 444 8 10 0.0101
