0_Parade_marchingband_1_78
1294
310 160 7 10 0.3809
586 342 8 10 0.3485
589 342 8 10 0.3459
725 134 7 9 0.3426
598 145 8 10 0.3422
728 134 7 9 0.3353
595 145 8 10 0.3318
489 133 7 9 0.3302
855 401 9 11 0.3288
852 401 8 11 0.3233
846 186 8 10 0.3231
678 253 8 10 0.3227
686 138 7 10 0.3184
944 150 7 9 0.3182
831 231 8 10 0.3125
896 203 7 9 0.3119
781 174 7 9 0.3112
642 8 6 8 0.3112
689 138 7 9 0.3099
428 174 8 9 0.3068
843 187 8 9 0.3061
977 634 9 12 0.3059
903 101 7 8 0.3041
654 358 9 11 0.3022
511 128 7 8 0.3020
508 128 7 8 0.3019
394 162 7 9 0.2997
424 127 7 8 0.2997
567 255 8 10 0.2992
1012 169 9 11 0.2968
570 255 8 10 0.2955
514 186 7 10 0.2952
676 23 6 8 0.2946
636 154 7 10 0.2943
947 150 7 9 0.2935
778 174 7 9 0.2932
1015 111 7 9 0.2924
405 135 7 9 0.2915
963 188 7 10 0.2911
546 153 7 10 0.2911
704 266 7 9 0.2908
963 269 8 10 0.2891
680 253 9 10 0.2891
647 137 7 9 0.2888
437 149 7 9 0.2886
462 170 8 9 0.2879
391 162 7 9 0.2878
516 325 7 10 0.2864
498 161 7 9 0.2852
511 96 6 8 0.2842
531 126 6 8 0.2833
402 135 7 9 0.2833
460 305 7 10 0.2822
543 153 7 9 0.2812
519 325 8 10 0.2785
465 108 6 9 0.2781
863 98 7 8 0.2777
638 154 8 9 0.2776
706 266 8 10 0.2774
550 205 7 9 0.2765
600 114 7 9 0.2763
238 187 7 9 0.2744
966 269 8 10 0.2726
547 205 7 9 0.2724
511 186 7 10 0.2721
433 149 7 9 0.2719
697 191 7 8 0.2718
745 113 6 9 0.2712
453 143 7 9 0.2707
507 96 7 8 0.2704
650 137 7 9 0.2698
426 173 8 10 0.2697
576 119 7 10 0.2697
909 572 10 12 0.2694
679 23 6 8 0.2681
130 343 10 13 0.2675
267 170 7 9 0.2675
187 192 7 9 0.2672
292 167 8 10 0.2670
1002 143 7 9 0.2664
883 157 7 9 0.2662
918 216 7 8 0.2651
1013 528 10 14 0.2643
940 103 7 9 0.2642
961 188 7 10 0.2640
784 69 8 10 0.2634
587 22 6 8 0.2632
459 171 7 9 0.2627
583 200 7 9 0.2627
190 192 7 9 0.2623
580 200 7 9 0.2619
765 380 7 9 0.2616
974 153 8 11 0.2614
653 190 8 11 0.2613
654 190 8 11 0.2612
1010 170 7 10 0.2610
52 441 9 13 0.2609
848 120 7 9 0.2589
421 127 7 8 0.2586
912 307 8 10 0.2582
463 142 7 10 0.2557
699 191 7 8 0.2555
603 114 7 9 0.2555
495 161 7 9 0.2550
605 9 6 8 0.2548
766 140 7 9 0.2546
768 380 7 9 0.2544
326 153 8 9 0.2543
958 119 6 9 0.2542
695 7 6 7 0.2542
777 49 6 8 0.2541
866 98 7 8 0.2535
585 22 5 8 0.2534
1004 125 6 8 0.2524
809 150 8 9 0.2521
666 111 7 8 0.2519
235 187 7 9 0.2515
816 119 7 9 0.2512
906 572 10 12 0.2506
915 171 7 9 0.2505
657 358 8 11 0.2501
880 157 7 9 0.2497
966 89 7 9 0.2496
992 193 7 9 0.2494
669 111 6 9 0.2492
330 153 6 9 0.2488
910 126 8 10 0.2480
709 52 6 8 0.2479
463 305 7 10 0.2462
267 203 8 10 0.2454
534 126 6 8 0.2450
629 111 7 9 0.2443
912 84 7 9 0.2439
975 110 7 8 0.2436
14 242 9 11 0.2435
262 136 6 8 0.2429
665 11 5 7 0.2428
736 173 7 9 0.2428
720 10 6 7 0.2424
980 634 9 12 0.2418
777 126 6 9 0.2411
668 11 5 7 0.2409
627 111 6 9 0.2405
573 119 7 10 0.2393
921 216 7 8 0.2390
269 203 9 11 0.2366
264 170 7 9 0.2363
473 81 6 8 0.2363
853 498 8 10 0.2361
443 126 6 9 0.2356
332 298 8 9 0.2353
916 307 8 10 0.2352
1009 290 7 10 0.2344
998 574 7 12 0.2344
906 101 6 8 0.2333
66 396 9 13 0.2325
943 104 7 8 0.2325
265 136 6 8 0.2323
918 170 7 9 0.2323
200 160 7 8 0.2322
328 116 6 8 0.2322
197 160 7 8 0.2318
290 167 7 10 0.2314
747 114 7 8 0.2314
11 242 9 11 0.2307
936 229 7 8 0.2291
1012 110 7 10 0.2279
329 298 8 10 0.2278
746 14 5 8 0.2269
465 143 7 9 0.2267
780 49 7 9 0.2266
415 149 7 8 0.2265
241 145 6 9 0.2261
708 169 6 9 0.2258
446 126 6 9 0.2250
744 114 7 8 0.2242
324 116 7 8 0.2238
969 89 7 9 0.2232
944 170 7 9 0.2225
739 173 7 9 0.2224
462 108 6 9 0.2218
574 174 7 9 0.2216
811 183 7 9 0.2211
371 168 8 9 0.2209
941 171 7 9 0.2203
943 248 6 8 0.2202
856 498 8 11 0.2199
178 76 5 8 0.2197
387 105 7 9 0.2196
779 126 7 9 0.2195
1006 289 7 10 0.2193
654 24 7 8 0.2192
954 119 7 9 0.2181
577 174 7 9 0.2171
1006 125 7 9 0.2170
823 105 7 9 0.2170
768 140 7 8 0.2162
840 150 7 8 0.2156
744 95 6 8 0.2155
1005 142 7 10 0.2131
486 133 7 9 0.2131
557 555 10 14 0.2130
368 167 8 10 0.2119
497 14 6 7 0.2117
307 160 7 10 0.2112
946 248 7 8 0.2112
399 193 8 10 0.2105
814 183 8 9 0.2098
741 96 6 8 0.2097
237 146 7 8 0.2096
855 55 6 8 0.2096
692 7 6 8 0.2093
933 228 7 9 0.2093
207 199 6 7 0.2084
811 150 7 9 0.2083
912 54 6 8 0.2083
908 126 8 10 0.2071
627 15 6 7 0.2055
493 111 7 8 0.2051
469 81 7 8 0.2042
976 567 8 10 0.2041
450 143 7 9 0.2040
500 14 6 7 0.2034
883 130 7 9 0.2032
995 194 7 9 0.2027
652 24 6 8 0.2014
909 85 7 9 0.2012
464 224 7 9 0.2012
653 358 8 11 0.2012
990 313 8 10 0.2007
712 52 6 8 0.2006
852 55 6 8 0.1994
629 16 6 7 0.1989
843 150 7 9 0.1981
373 134 7 9 0.1980
787 94 6 8 0.1979
817 222 7 8 0.1976
705 169 7 9 0.1972
846 120 7 9 0.1971
346 178 7 9 0.1969
180 76 6 8 0.1968
879 130 7 9 0.1965
697 468 10 14 0.1962
964 188 8 10 0.1959
749 14 5 7 0.1944
978 110 7 8 0.1935
324 181 8 11 0.1924
881 130 8 9 0.1921
728 200 7 9 0.1920
928 198 7 10 0.1917
640 8 6 8 0.1916
951 217 7 9 0.1915
949 135 6 9 0.1912
218 197 6 8 0.1905
1010 169 9 10 0.1899
808 149 7 10 0.1888
993 313 8 11 0.1881
288 128 7 9 0.1876
384 141 7 9 0.1870
814 119 6 9 0.1866
560 555 11 14 0.1853
833 231 8 10 0.1849
385 105 7 8 0.1846
443 95 6 9 0.1836
880 131 7 9 0.1828
790 93 7 9 0.1827
490 110 7 8 0.1826
355 116 7 8 0.1825
749 596 10 14 0.1823
697 593 11 13 0.1813
826 105 7 9 0.1812
680 92 7 8 0.1810
723 10 6 8 0.1799
814 222 7 8 0.1796
358 116 7 8 0.1794
607 9 6 8 0.1792
993 195 7 8 0.1789
786 69 7 9 0.1784
931 198 7 10 0.1783
291 128 7 9 0.1780
910 54 7 8 0.1780
367 143 6 9 0.1774
257 91 5 7 0.1771
466 142 7 9 0.1768
731 200 7 9 0.1768
758 211 8 9 0.1760
254 91 6 7 0.1753
1018 96 6 10 0.1752
693 6 5 8 0.1750
386 142 7 8 0.1745
343 178 7 9 0.1745
321 181 8 10 0.1741
524 38 6 8 0.1739
877 195 7 9 0.1729
829 232 8 9 0.1728
786 93 7 9 0.1726
440 95 7 8 0.1717
954 217 7 9 0.1716
788 210 7 9 0.1715
545 178 7 9 0.1713
656 191 8 9 0.1711
788 92 8 9 0.1695
784 141 7 8 0.1685
752 596 10 14 0.1676
383 104 7 9 0.1675
626 16 5 7 0.1673
424 173 8 10 0.1673
908 53 7 8 0.1670
89 103 6 6 0.1660
471 80 7 9 0.1644
859 595 11 13 0.1644
791 210 7 9 0.1643
879 194 7 9 0.1635
816 221 7 9 0.1630
980 364 7 9 0.1629
384 106 7 8 0.1627
700 468 10 14 0.1626
844 261 7 8 0.1619
92 103 6 7 0.1606
165 205 7 10 0.1605
133 343 10 13 0.1603
161 205 8 9 0.1599
782 69 7 9 0.1594
542 179 7 8 0.1592
461 225 7 8 0.1591
526 38 7 8 0.1590
483 218 6 8 0.1590
33 126 5 8 0.1588
467 143 7 9 0.1588
374 231 8 9 0.1586
1017 207 7 10 0.1582
171 120 5 7 0.1577
486 218 6 8 0.1576
976 154 8 10 0.1565
682 93 7 8 0.1562
984 363 7 10 0.1559
348 154 6 8 0.1550
462 108 6 8 0.1546
468 80 7 8 0.1546
974 566 8 11 0.1541
501 14 6 7 0.1527
700 593 11 14 0.1522
674 168 7 9 0.1513
875 194 8 9 0.1512
898 204 7 8 0.1508
824 106 7 8 0.1506
677 167 7 9 0.1506
841 261 7 9 0.1501
701 26 6 7 0.1496
373 168 7 10 0.1491
977 151 8 11 0.1486
912 128 7 9 0.1483
0 543 10 13 0.1477
701 589 10 12 0.1472
331 297 8 10 0.1468
377 231 8 10 0.1464
258 91 6 8 0.1464
375 33 5 7 0.1462
996 194 7 9 0.1462
48 441 10 14 0.1460
880 195 7 9 0.1454
909 55 6 8 0.1452
69 396 9 13 0.1450
704 26 6 8 0.1448
294 168 7 10 0.1445
847 119 7 9 0.1444
67 399 9 12 0.1444
622 187 8 9 0.1440
656 25 6 8 0.1440
894 204 7 9 0.1433
813 221 7 8 0.1432
946 136 7 8 0.1420
851 55 6 7 0.1414
364 143 6 9 0.1414
566 93 6 8 0.1413
849 119 8 9 0.1413
413 102 6 7 0.1410
401 193 8 9 0.1409
742 129 7 8 0.1405
217 155 6 7 0.1404
955 89 7 8 0.1396
363 140 7 9 0.1396
30 127 5 7 0.1394
290 168 8 10 0.1390
181 241 8 10 0.1389
137 318 9 12 0.1388
618 55 7 8 0.1386
426 127 6 8 0.1381
810 182 7 10 0.1380
698 590 9 12 0.1377
512 214 6 9 0.1374
216 196 6 9 0.1369
461 170 7 9 0.1365
119 161 6 8 0.1364
370 134 7 9 0.1363
252 270 9 10 0.1357
705 170 6 8 0.1353
132 317 10 11 0.1343
266 170 7 9 0.1342
555 131 6 8 0.1341
619 186 8 10 0.1340
827 106 7 8 0.1338
913 84 7 9 0.1330
916 170 8 9 0.1328
747 15 6 7 0.1325
813 182 8 9 0.1318
557 63 7 7 0.1301
677 168 7 9 0.1298
682 253 8 10 0.1298
973 153 8 10 0.1296
881 157 7 9 0.1295
886 314 8 9 0.1292
347 179 7 9 0.1291
239 145 7 8 0.1286
560 63 7 8 0.1279
219 155 6 8 0.1278
93 104 6 7 0.1276
746 114 7 9 0.1270
683 91 7 8 0.1268
410 102 6 8 0.1262
249 269 9 11 0.1260
320 182 8 10 0.1259
331 154 6 9 0.1257
914 170 7 9 0.1247
245 155 6 8 0.1247
285 198 7 9 0.1245
360 116 6 9 0.1240
557 131 6 9 0.1240
882 315 8 9 0.1236
603 8 7 8 0.1230
514 214 7 8 0.1215
937 181 7 8 0.1213
955 118 7 9 0.1212
731 159 7 9 0.1210
760 212 7 9 0.1207
372 34 5 6 0.1193
862 596 10 12 0.1192
941 105 7 8 0.1191
742 95 7 8 0.1185
1015 207 8 10 0.1182
633 31 6 8 0.1175
941 170 7 9 0.1169
19 479 12 16 0.1168
604 115 7 9 0.1166
790 208 7 9 0.1162
328 296 8 11 0.1159
462 223 7 8 0.1159
635 31 7 8 0.1157
236 145 6 8 0.1146
528 39 6 9 0.1144
785 36 7 8 0.1143
710 53 6 8 0.1142
559 45 6 8 0.1136
854 55 6 8 0.1125
487 218 6 8 0.1120
853 113 7 8 0.1109
1003 143 8 9 0.1108
446 210 6 8 0.1108
369 169 8 10 0.1104
943 246 7 9 0.1104
165 260 7 11 0.1103
161 306 9 11 0.1100
300 251 8 9 0.1099
814 118 6 9 0.1098
401 194 8 9 0.1098
355 76 5 6 0.1097
564 93 6 8 0.1097
304 251 7 8 0.1097
169 120 5 6 0.1093
721 284 7 9 0.1093
562 94 7 8 0.1075
764 173 7 8 0.1073
973 155 8 9 0.1069
722 285 7 9 0.1067
326 117 6 8 0.1058
355 118 7 8 0.1050
184 241 8 9 0.1048
562 45 6 8 0.1044
263 169 7 9 0.1042
164 306 9 11 0.1041
254 93 6 7 0.1032
168 121 6 7 0.1028
443 210 6 8 0.1027
843 247 7 8 0.1024
757 210 7 9 0.1015
140 243 7 9 0.1013
725 284 6 8 0.1011
937 230 7 8 0.1011
331 180 8 8 0.1011
213 197 7 8 0.1009
22 479 12 16 0.1009
706 27 5 7 0.1004
756 211 7 9 0.1003
271 204 8 11 0.0999
171 291 9 10 0.0993
674 169 7 8 0.0990
717 33 6 8 0.0983
574 118 8 10 0.0981
639 9 6 8 0.0980
623 92 8 9 0.0979
787 209 7 8 0.0975
553 130 7 8 0.0974
138 243 7 8 0.0972
617 54 7 8 0.0970
128 343 9 12 0.0970
168 261 8 11 0.0968
1010 529 10 12 0.0965
708 484 10 12 0.0955
1004 627 9 12 0.0954
329 117 7 7 0.0951
508 73 6 8 0.0947
966 90 7 9 0.0941
511 73 6 8 0.0939
216 156 5 7 0.0938
910 84 7 8 0.0936
498 15 5 7 0.0933
944 104 7 8 0.0930
154 242 8 10 0.0928
728 159 7 9 0.0922
352 76 5 6 0.0919
412 208 7 8 0.0915
53 237 9 11 0.0910
977 223 7 10 0.0910
512 186 7 9 0.0907
273 61 5 6 0.0906
485 133 7 9 0.0904
720 9 5 8 0.0901
445 209 6 8 0.0898
345 151 7 9 0.0897
1016 94 7 9 0.0893
656 192 8 9 0.0885
268 206 7 9 0.0878
476 196 7 8 0.0878
552 118 7 9 0.0876
117 160 6 7 0.0874
116 161 7 9 0.0873
524 40 6 9 0.0865
176 290 9 10 0.0865
702 28 6 7 0.0864
289 130 7 9 0.0863
16 243 8 11 0.0861
884 312 8 9 0.0858
974 567 8 11 0.0853
934 230 6 8 0.0850
914 308 8 10 0.0847
16 242 9 11 0.0846
843 186 8 9 0.0841
55 190 6 7 0.0841
488 110 6 8 0.0837
368 377 8 10 0.0836
1007 627 9 12 0.0834
176 235 7 8 0.0832
192 193 6 8 0.0832
970 89 7 9 0.0828
397 192 8 10 0.0825
270 61 5 6 0.0822
770 141 6 8 0.0822
58 190 6 7 0.0819
1005 630 9 11 0.0818
909 129 7 9 0.0818
464 307 7 8 0.0815
541 188 7 9 0.0814
121 161 6 8 0.0812
636 155 7 10 0.0811
711 484 10 12 0.0810
965 270 7 10 0.0810
805 613 10 13 0.0804
740 94 6 8 0.0802
292 129 7 9 0.0802
551 205 7 9 0.0799
943 169 7 9 0.0799
173 234 7 9 0.0797
269 75 6 7 0.0789
561 92 7 9 0.0789
620 55 7 8 0.0789
783 68 7 9 0.0788
620 91 8 10 0.0778
639 154 8 10 0.0778
163 208 8 8 0.0778
729 156 8 10 0.0777
435 54 5 7 0.0776
442 209 6 8 0.0776
1006 143 8 9 0.0775
726 285 6 9 0.0774
373 33 5 6 0.0771
514 218 6 8 0.0766
167 207 7 9 0.0766
713 53 6 8 0.0766
854 78 7 9 0.0765
989 312 8 9 0.0763
977 566 8 11 0.0762
802 613 10 13 0.0761
603 10 6 8 0.0758
734 43 6 7 0.0756
844 153 7 8 0.0755
473 196 7 8 0.0753
188 193 7 9 0.0753
620 53 7 8 0.0748
531 128 7 8 0.0747
414 105 6 9 0.0746
181 77 7 8 0.0741
851 79 6 8 0.0737
165 256 8 11 0.0733
766 142 7 8 0.0729
435 55 6 8 0.0728
1009 630 8 11 0.0722
0 261 6 11 0.0720
853 80 6 8 0.0719
250 271 9 10 0.0715
575 173 7 8 0.0708
982 362 7 9 0.0706
511 219 6 7 0.0700
904 103 6 8 0.0698
952 219 7 8 0.0693
431 54 6 7 0.0691
173 121 5 7 0.0691
979 224 8 9 0.0686
841 153 7 9 0.0686
376 232 8 9 0.0684
841 246 7 8 0.0683
254 271 8 10 0.0681
344 148 7 8 0.0678
15 516 10 15 0.0673
434 147 6 8 0.0673
603 166 8 10 0.0670
601 171 7 10 0.0669
264 134 6 9 0.0669
90 105 6 7 0.0669
439 95 6 8 0.0666
113 232 8 10 0.0665
282 198 7 9 0.0657
616 56 7 8 0.0656
601 116 6 9 0.0656
708 266 8 10 0.0655
705 118 7 8 0.0652
548 206 7 9 0.0650
110 232 8 10 0.0649
707 118 7 8 0.0648
906 198 7 8 0.0647
955 219 7 8 0.0643
879 157 7 8 0.0641
817 291 6 8 0.0639
156 244 8 9 0.0636
178 78 6 8 0.0635
861 41 7 8 0.0633
261 135 6 8 0.0633
430 414 9 10 0.0631
183 242 8 10 0.0627
451 142 7 8 0.0627
175 235 7 9 0.0626
327 155 7 9 0.0625
604 171 7 10 0.0625
51 236 8 11 0.0622
1009 169 8 10 0.0622
544 155 7 9 0.0622
271 75 6 8 0.0621
431 56 6 7 0.0620
365 143 7 9 0.0619
140 320 8 10 0.0612
445 125 6 7 0.0611
572 118 7 10 0.0608
978 567 8 11 0.0604
779 173 7 9 0.0604
766 379 7 8 0.0603
595 622 9 10 0.0600
513 128 6 9 0.0599
907 102 7 8 0.0596
64 400 9 12 0.0595
415 101 6 8 0.0590
458 169 7 9 0.0582
785 68 8 9 0.0581
865 96 7 8 0.0581
626 16 6 7 0.0580
196 158 7 9 0.0577
417 148 7 8 0.0575
842 147 6 9 0.0571
545 180 7 9 0.0564
780 127 6 8 0.0564
398 194 8 9 0.0562
996 575 7 10 0.0556
558 65 6 8 0.0554
679 92 6 8 0.0554
547 154 7 9 0.0549
839 184 8 10 0.0548
513 211 7 9 0.0543
569 256 8 9 0.0540
912 126 8 10 0.0539
320 180 7 10 0.0537
342 148 8 10 0.0535
111 234 8 10 0.0535
1000 575 8 11 0.0534
839 149 7 8 0.0533
515 325 7 9 0.0532
598 621 10 11 0.0531
749 15 6 7 0.0527
473 193 7 9 0.0525
730 43 6 7 0.0525
737 171 7 9 0.0523
656 359 9 10 0.0523
917 308 8 10 0.0522
607 7 6 8 0.0515
879 195 7 9 0.0515
616 36 8 9 0.0514
114 234 8 9 0.0514
820 291 6 7 0.0513
167 119 5 7 0.0510
56 238 9 11 0.0510
667 78 7 8 0.0509
466 109 7 8 0.0508
579 199 7 8 0.0505
858 595 10 12 0.0504
676 25 6 8 0.0503
493 113 6 8 0.0500
824 587 9 13 0.0500
729 198 7 9 0.0498
60 214 8 9 0.0497
271 60 5 6 0.0497
670 110 7 9 0.0496
233 186 7 9 0.0496
371 377 8 10 0.0494
918 218 7 8 0.0492
760 209 7 9 0.0491
828 587 9 12 0.0485
684 92 7 7 0.0485
167 291 7 10 0.0483
844 281 7 9 0.0482
561 42 6 8 0.0482
979 363 7 9 0.0482
242 155 7 8 0.0480
52 232 9 10 0.0480
141 243 8 9 0.0479
848 282 6 8 0.0478
561 65 7 8 0.0477
829 279 6 8 0.0474
215 197 6 8 0.0473
558 43 6 8 0.0470
411 105 7 9 0.0470
302 250 7 8 0.0469
825 279 7 8 0.0468
509 94 7 9 0.0467
852 109 7 8 0.0464
840 247 7 8 0.0463
704 170 7 9 0.0463
642 9 6 8 0.0463
707 267 7 9 0.0462
649 135 6 9 0.0462
681 24 6 8 0.0456
992 311 8 10 0.0455
401 133 7 9 0.0448
975 114 7 8 0.0448
697 193 7 8 0.0448
687 141 7 8 0.0446
666 9 5 8 0.0445
744 16 6 7 0.0443
461 307 6 9 0.0442
135 321 9 10 0.0441
521 52 7 8 0.0441
627 112 6 8 0.0436
954 217 7 9 0.0436
664 78 7 8 0.0436
1006 252 7 7 0.0435
977 108 7 8 0.0429
584 20 6 8 0.0427
120 159 6 8 0.0425
286 197 8 9 0.0425
887 313 8 10 0.0425
53 189 6 8 0.0424
442 95 6 8 0.0423
1009 252 6 9 0.0422
897 201 7 9 0.0421
597 144 7 10 0.0419
882 313 7 9 0.0419
305 161 8 9 0.0419
529 37 6 9 0.0419
583 198 7 8 0.0416
237 185 7 9 0.0415
956 117 7 10 0.0414
691 6 5 8 0.0413
409 208 8 9 0.0413
727 157 7 9 0.0412
627 110 6 9 0.0412
690 140 7 8 0.0411
858 500 8 9 0.0409
954 331 8 10 0.0408
221 207 7 8 0.0407
700 192 7 9 0.0403
12 244 9 10 0.0402
550 120 7 8 0.0402
884 319 7 9 0.0399
572 120 7 9 0.0398
57 213 8 10 0.0397
792 34 7 8 0.0393
516 213 7 8 0.0393
387 141 7 9 0.0392
422 125 6 8 0.0387
722 12 6 8 0.0387
867 149 7 9 0.0387
217 154 5 7 0.0386
518 324 8 10 0.0386
723 8 5 8 0.0386
156 243 7 8 0.0384
433 413 9 11 0.0384
70 398 8 12 0.0381
677 23 6 7 0.0381
951 332 8 10 0.0381
723 10 6 8 0.0381
1005 288 7 10 0.0380
1011 111 9 10 0.0380
466 142 7 8 0.0380
618 185 7 9 0.0379
959 286 7 9 0.0377
138 245 7 8 0.0376
667 110 6 8 0.0374
299 250 7 8 0.0372
466 222 7 8 0.0371
964 190 7 9 0.0369
509 129 7 9 0.0368
55 200 8 10 0.0366
854 400 8 11 0.0365
623 93 7 8 0.0365
95 103 5 7 0.0365
136 320 8 10 0.0365
678 93 7 8 0.0364
234 278 9 12 0.0364
275 61 5 6 0.0363
310 162 7 10 0.0363
601 115 6 8 0.0363
929 198 7 9 0.0362
285 197 8 9 0.0362
371 33 5 6 0.0361
904 198 7 8 0.0360
943 340 7 8 0.0360
695 8 6 8 0.0356
719 10 6 7 0.0356
31 128 6 7 0.0356
808 148 7 9 0.0353
470 193 7 9 0.0351
977 110 7 9 0.0348
949 148 8 9 0.0348
863 97 6 9 0.0346
537 107 7 9 0.0346
934 227 7 9 0.0344
414 101 6 7 0.0343
1016 95 8 10 0.0342
183 242 8 9 0.0342
851 400 8 10 0.0342
127 311 8 10 0.0342
496 159 7 9 0.0342
653 193 7 9 0.0341
710 130 7 9 0.0340
1006 628 10 13 0.0340
747 14 7 7 0.0339
590 75 6 7 0.0339
506 95 6 8 0.0339
854 500 8 10 0.0337
172 119 6 7 0.0336
883 316 7 9 0.0335
909 124 7 9 0.0334
444 83 7 8 0.0333
986 84 7 9 0.0333
488 136 8 8 0.0332
565 92 7 8 0.0332
217 242 8 10 0.0330
900 200 7 9 0.0330
442 95 7 8 0.0329
784 33 8 9 0.0328
11 508 12 16 0.0327
425 173 7 9 0.0327
863 39 7 9 0.0325
946 133 7 8 0.0324
214 242 7 10 0.0324
25 473 11 14 0.0323
709 169 7 9 0.0322
341 147 7 9 0.0322
1003 235 7 9 0.0322
535 106 7 9 0.0319
162 308 9 10 0.0318
978 139 7 10 0.0316
392 160 8 9 0.0316
731 44 6 7 0.0316
763 172 7 9 0.0315
809 149 7 9 0.0314
474 196 6 9 0.0312
728 200 7 8 0.0311
764 378 6 9 0.0311
424 172 8 10 0.0310
915 79 7 8 0.0310
792 32 8 8 0.0309
778 51 7 8 0.0309
403 194 8 9 0.0308
778 49 6 7 0.0307
77 245 8 10 0.0305
587 74 6 8 0.0304
1011 525 10 13 0.0302
133 345 9 11 0.0302
726 198 7 8 0.0302
514 188 7 9 0.0301
955 287 7 9 0.0301
372 230 8 10 0.0299
291 168 8 10 0.0299
514 141 7 9 0.0299
604 10 6 7 0.0297
478 222 7 8 0.0296
524 39 7 9 0.0296
440 55 5 7 0.0296
379 232 7 9 0.0295
369 167 7 10 0.0295
703 267 7 9 0.0294
168 121 6 6 0.0292
176 486 10 11 0.0292
464 110 6 8 0.0289
699 474 9 12 0.0289
54 188 6 7 0.0288
277 146 7 8 0.0287
703 117 7 8 0.0283
978 150 7 9 0.0283
34 128 5 8 0.0283
1017 283 6 12 0.0283
594 145 7 9 0.0283
361 115 7 9 0.0282
4 543 10 13 0.0281
238 146 7 8 0.0281
116 162 7 8 0.0280
776 126 6 8 0.0278
514 215 7 8 0.0278
770 139 7 9 0.0278
429 412 8 11 0.0278
64 398 10 12 0.0274
342 176 8 9 0.0274
10 243 9 11 0.0273
579 198 7 10 0.0273
572 173 7 9 0.0272
1004 142 9 11 0.0271
648 139 7 8 0.0271
30 124 5 7 0.0270
115 159 6 8 0.0268
646 135 6 9 0.0266
497 14 6 7 0.0266
702 118 8 8 0.0265
81 246 8 10 0.0264
601 170 7 10 0.0263
844 282 6 8 0.0262
166 308 8 9 0.0262
850 119 6 9 0.0261
272 146 7 8 0.0261
487 217 7 8 0.0261
127 311 8 11 0.0260
961 187 7 9 0.0258
206 167 7 8 0.0257
369 49 6 8 0.0257
805 183 7 9 0.0256
827 277 7 9 0.0256
504 319 7 8 0.0256
58 198 7 10 0.0255
377 33 4 6 0.0254
18 517 11 14 0.0253
704 268 7 9 0.0252
976 222 7 9 0.0252
939 260 7 8 0.0252
909 141 7 9 0.0250
820 295 6 8 0.0250
911 572 10 11 0.0250
669 112 7 8 0.0250
655 158 7 8 0.0250
55 239 9 11 0.0247
535 127 6 8 0.0247
1006 292 8 9 0.0247
958 318 6 8 0.0247
173 486 10 11 0.0246
496 164 7 8 0.0246
979 222 8 10 0.0245
812 146 7 9 0.0245
376 31 5 7 0.0243
697 169 7 8 0.0243
574 173 7 9 0.0242
979 632 10 12 0.0241
56 191 7 8 0.0241
508 70 6 7 0.0240
59 216 8 10 0.0240
696 6 6 8 0.0239
269 59 5 6 0.0239
32 126 6 6 0.0237
169 293 8 9 0.0237
652 192 8 9 0.0236
967 270 8 9 0.0236
399 193 8 9 0.0236
810 152 7 9 0.0236
263 137 6 8 0.0235
192 259 7 9 0.0235
483 86 6 8 0.0235
429 68 6 9 0.0234
783 69 8 9 0.0233
432 412 8 11 0.0233
664 82 6 8 0.0232
220 246 7 9 0.0231
373 34 5 7 0.0231
165 203 7 8 0.0229
90 102 5 7 0.0227
682 254 8 10 0.0226
826 590 8 11 0.0226
621 185 8 9 0.0225
85 379 10 13 0.0225
139 243 7 8 0.0224
441 55 6 8 0.0223
612 30 7 9 0.0222
621 189 8 9 0.0222
444 212 7 8 0.0218
266 171 7 8 0.0218
954 318 7 8 0.0218
1002 233 8 9 0.0218
124 309 7 10 0.0217
964 90 7 8 0.0217
5 505 13 18 0.0216
939 340 7 8 0.0216
1020 68 4 10 0.0215
960 190 7 9 0.0215
204 268 8 8 0.0214
266 200 8 10 0.0214
237 188 7 9 0.0212
908 89 7 9 0.0212
981 366 7 8 0.0211
354 77 6 7 0.0210
664 110 6 8 0.0210
195 260 7 9 0.0210
1019 224 5 10 0.0209
776 172 7 9 0.0209
698 190 7 9 0.0208
811 119 7 9 0.0208
267 197 7 9 0.0207
466 107 7 8 0.0207
290 127 7 9 0.0207
524 85 6 8 0.0205
510 210 7 9 0.0204
391 163 7 9 0.0204
274 58 5 7 0.0203
431 68 6 8 0.0203
28 127 6 7 0.0203
678 255 8 10 0.0201
270 62 6 6 0.0201
664 10 5 7 0.0200
545 176 7 8 0.0199
962 270 8 9 0.0199
675 168 7 8 0.0198
1009 526 9 11 0.0198
189 193 7 8 0.0198
984 82 7 8 0.0198
1015 242 7 10 0.0198
766 404 11 11 0.0197
462 448 8 11 0.0197
113 243 8 9 0.0196
929 197 7 9 0.0196
464 229 7 8 0.0196
25 361 9 12 0.0195
57 188 6 7 0.0195
493 159 7 9 0.0195
937 171 7 9 0.0195
1018 271 6 11 0.0194
824 250 7 8 0.0194
429 172 7 9 0.0191
600 168 7 10 0.0190
778 173 7 9 0.0190
22 361 9 12 0.0189
854 499 8 10 0.0188
369 375 8 10 0.0188
943 300 6 9 0.0188
838 149 6 9 0.0187
598 202 8 9 0.0187
780 44 6 9 0.0187
802 180 8 9 0.0187
654 360 8 10 0.0186
389 133 7 9 0.0186
860 41 8 9 0.0186
24 359 9 13 0.0186
745 113 7 8 0.0186
509 184 7 9 0.0186
1009 169 9 11 0.0185
32 124 6 8 0.0184
252 307 8 12 0.0184
749 115 6 8 0.0184
216 246 7 9 0.0183
132 343 10 12 0.0182
387 104 7 9 0.0182
649 139 7 9 0.0182
968 382 6 8 0.0181
556 552 9 14 0.0179
844 149 7 8 0.0179
0 540 7 14 0.0179
620 190 8 9 0.0178
525 36 6 7 0.0178
62 397 10 12 0.0178
421 123 6 9 0.0177
947 248 7 8 0.0177
624 190 7 9 0.0177
913 171 7 9 0.0177
1000 573 9 12 0.0176
513 96 8 8 0.0176
565 44 6 8 0.0175
81 379 10 13 0.0175
464 306 7 9 0.0175
568 92 6 9 0.0174
271 77 7 7 0.0174
572 256 7 9 0.0174
366 375 7 10 0.0173
733 172 7 9 0.0172
710 486 9 11 0.0172
27 477 9 13 0.0171
912 53 7 8 0.0171
371 50 6 7 0.0170
55 242 9 12 0.0170
744 95 7 9 0.0169
703 265 7 9 0.0169
1007 251 8 9 0.0167
559 552 11 14 0.0167
463 305 7 9 0.0166
50 232 8 9 0.0166
907 84 7 8 0.0165
297 308 7 11 0.0165
352 74 5 6 0.0165
464 169 7 9 0.0165
207 269 8 9 0.0165
822 118 7 9 0.0164
847 187 8 9 0.0164
258 90 6 7 0.0164
180 76 6 7 0.0164
593 40 7 8 0.0163
80 245 8 10 0.0162
590 93 7 9 0.0161
153 239 7 8 0.0161
173 208 7 8 0.0160
13 479 12 15 0.0160
368 376 8 11 0.0160
726 206 7 8 0.0159
631 113 6 9 0.0158
419 222 6 8 0.0158
688 195 7 9 0.0158
904 609 9 12 0.0158
529 125 6 9 0.0157
516 139 7 9 0.0156
1011 108 7 9 0.0155
19 474 12 15 0.0155
459 448 7 11 0.0155
571 40 6 7 0.0154
730 205 7 9 0.0153
764 404 10 11 0.0152
955 324 8 10 0.0152
954 334 7 9 0.0152
324 116 6 8 0.0152
961 192 6 9 0.0152
186 509 8 12 0.0151
1010 529 11 14 0.0151
786 39 7 9 0.0150
166 266 8 10 0.0149
785 95 7 8 0.0149
971 382 6 8 0.0149
562 555 10 12 0.0148
215 244 7 9 0.0148
768 379 7 9 0.0146
602 110 7 8 0.0146
900 609 10 12 0.0146
177 97 6 8 0.0145
679 251 7 10 0.0145
677 252 8 10 0.0145
591 73 6 8 0.0145
978 155 8 9 0.0145
621 105 8 10 0.0144
871 186 7 8 0.0144
822 291 6 8 0.0144
863 98 6 8 0.0143
416 210 7 9 0.0143
709 118 7 9 0.0142
387 110 7 8 0.0142
830 590 9 11 0.0142
844 263 7 9 0.0142
518 53 7 9 0.0141
350 84 6 8 0.0140
518 325 7 9 0.0140
917 31 7 9 0.0139
973 337 7 9 0.0139
631 150 7 9 0.0137
249 306 8 13 0.0136
912 307 7 9 0.0136
513 73 6 8 0.0136
659 192 7 9 0.0136
112 240 8 9 0.0136
224 206 6 9 0.0136
505 96 7 8 0.0136
189 510 9 12 0.0135
256 269 8 11 0.0135
982 82 7 8 0.0135
325 151 7 9 0.0134
532 106 7 8 0.0134
694 490 9 11 0.0134
561 156 7 9 0.0133
816 296 7 8 0.0132
416 222 7 8 0.0132
698 472 10 13 0.0132
979 222 8 9 0.0132
207 163 7 8 0.0132
606 22 7 8 0.0132
987 313 8 10 0.0132
827 104 6 7 0.0131
606 166 8 10 0.0131
11 513 10 16 0.0129
597 145 8 10 0.0129
618 58 6 8 0.0129
553 218 7 8 0.0129
136 345 9 11 0.0129
1018 50 6 9 0.0129
906 573 10 12 0.0129
555 63 7 8 0.0128
0 276 5 11 0.0128
134 314 8 9 0.0127
656 324 8 11 0.0127
621 45 7 9 0.0127
880 128 7 8 0.0127
758 211 7 9 0.0126
691 138 7 9 0.0126
21 358 10 14 0.0126
545 151 7 8 0.0126
939 296 8 9 0.0125
179 95 7 9 0.0125
939 299 7 8 0.0125
863 42 7 8 0.0124
411 100 6 7 0.0124
173 489 10 11 0.0124
909 52 7 8 0.0124
332 298 9 9 0.0124
676 84 7 8 0.0123
956 290 7 9 0.0122
500 191 7 8 0.0122
834 186 7 9 0.0122
554 343 8 8 0.0121
914 130 7 8 0.0120
247 270 8 11 0.0120
277 198 7 8 0.0120
548 203 7 8 0.0120
868 145 7 9 0.0119
373 232 7 9 0.0119
1000 364 8 8 0.0119
402 398 9 11 0.0119
53 443 9 12 0.0118
582 21 7 8 0.0118
920 116 7 9 0.0118
53 199 7 10 0.0117
480 198 7 9 0.0117
653 324 9 11 0.0117
819 288 6 8 0.0117
796 36 6 8 0.0117
858 594 9 12 0.0116
844 246 7 9 0.0116
654 323 8 10 0.0115
594 620 8 10 0.0115
939 102 7 8 0.0114
914 31 8 10 0.0113
803 616 10 11 0.0112
989 314 7 9 0.0112
11 479 11 15 0.0112
597 623 9 11 0.0112
879 322 7 9 0.0112
971 335 8 9 0.0112
973 566 7 10 0.0111
299 309 7 10 0.0111
95 105 6 7 0.0111
724 132 6 9 0.0111
976 631 9 12 0.0111
406 397 9 12 0.0111
184 238 8 8 0.0110
769 382 8 10 0.0110
947 169 7 10 0.0110
171 289 8 10 0.0109
235 281 8 11 0.0108
203 270 8 8 0.0108
86 248 9 11 0.0108
179 292 7 9 0.0108
659 359 8 10 0.0108
437 53 5 7 0.0108
597 620 9 10 0.0107
750 598 11 13 0.0107
11 521 11 14 0.0107
460 451 8 10 0.0106
348 89 6 8 0.0105
579 206 7 9 0.0105
754 209 7 9 0.0105
614 54 8 9 0.0105
18 509 11 15 0.0105
349 117 7 8 0.0105
126 174 8 9 0.0104
726 131 8 10 0.0104
899 320 7 8 0.0104
2 544 10 13 0.0102
713 486 9 11 0.0101
1017 196 7 10 0.0101
944 279 7 9 0.0101
55 441 9 13 0.0101
