0_Parade_Parade_0_102
198
524 538 21 26 0.8062
661 527 22 24 0.7711
933 438 25 29 0.7660
495 520 18 20 0.7329
267 530 17 23 0.7284
58 542 20 22 0.7252
740 537 16 22 0.7242
421 539 20 22 0.7117
184 535 20 23 0.7092
596 525 19 19 0.7028
329 541 19 22 0.6767
866 541 17 21 0.5562
85 539 15 19 0.5549
550 540 18 22 0.5331
221 525 13 16 0.4653
362 538 12 13 0.4645
293 524 12 14 0.4640
381 544 13 15 0.4578
613 527 13 16 0.4526
514 524 14 17 0.4500
806 444 25 27 0.3824
375 523 10 12 0.3658
805 443 25 28 0.2911
49 530 10 13 0.2845
139 527 9 11 0.2670
296 542 9 12 0.2522
136 527 9 11 0.2424
224 525 12 15 0.2352
639 541 12 15 0.2168
379 523 9 11 0.2135
34 525 8 10 0.1991
365 538 12 13 0.1952
407 508 8 10 0.1945
15 531 10 12 0.1861
12 530 11 13 0.1854
30 525 9 10 0.1827
398 515 8 10 0.1757
425 539 18 21 0.1653
50 531 11 13 0.1520
400 517 8 9 0.1433
517 524 14 18 0.1432
0 514 8 10 0.1375
967 488 16 19 0.1373
11 532 10 11 0.1337
9 529 11 12 0.1272
406 507 8 10 0.1266
182 535 20 23 0.1254
47 531 11 13 0.1243
379 542 12 15 0.1236
863 541 18 21 0.1194
327 528 15 19 0.1191
695 528 9 13 0.1151
699 529 9 11 0.1106
592 524 19 20 0.1105
291 525 11 13 0.1103
394 533 9 10 0.1003
185 374 9 11 0.0944
404 507 8 11 0.0927
617 527 11 14 0.0903
715 531 9 11 0.0891
379 544 12 14 0.0872
66 524 11 13 0.0862
321 528 14 17 0.0831
297 525 10 13 0.0825
718 532 9 10 0.0824
82 539 15 19 0.0823
478 522 10 12 0.0806
128 533 7 9 0.0795
963 487 17 21 0.0776
548 539 18 22 0.0765
641 542 13 16 0.0758
727 524 10 12 0.0754
300 541 10 12 0.0739
125 531 7 9 0.0729
182 374 9 11 0.0703
636 540 11 15 0.0702
13 524 9 10 0.0681
555 541 17 20 0.0667
297 543 10 12 0.0656
18 532 10 11 0.0645
420 523 11 12 0.0645
554 540 17 19 0.0635
361 486 8 9 0.0622
125 533 7 9 0.0610
754 536 13 17 0.0608
56 542 18 22 0.0606
363 486 8 10 0.0594
322 530 15 19 0.0592
55 515 7 8 0.0556
862 541 18 21 0.0539
397 517 8 10 0.0509
33 524 8 11 0.0505
203 528 10 12 0.0495
10 524 10 11 0.0487
516 523 12 16 0.0487
714 532 9 11 0.0454
417 523 10 11 0.0434
467 531 8 10 0.0409
30 524 7 9 0.0404
70 523 9 11 0.0399
115 552 10 13 0.0392
34 524 7 9 0.0388
438 516 10 12 0.0384
68 520 8 9 0.0384
644 539 12 15 0.0373
171 522 9 9 0.0370
586 531 12 15 0.0357
359 486 7 10 0.0354
959 492 20 27 0.0350
477 522 9 11 0.0348
142 529 8 9 0.0347
638 543 10 13 0.0343
436 520 11 13 0.0339
764 532 14 18 0.0336
185 508 10 13 0.0333
292 540 11 14 0.0322
467 534 8 9 0.0313
137 527 8 9 0.0312
470 533 8 10 0.0308
63 524 9 11 0.0307
967 490 19 23 0.0305
694 529 11 14 0.0291
384 543 12 14 0.0273
374 524 9 10 0.0272
960 501 18 23 0.0271
110 553 9 13 0.0268
440 517 12 13 0.0268
291 524 12 14 0.0265
364 539 12 14 0.0250
646 545 13 17 0.0248
334 540 16 20 0.0247
300 543 9 12 0.0241
809 448 23 25 0.0239
188 508 10 13 0.0238
545 539 16 21 0.0237
72 520 8 9 0.0234
724 524 10 12 0.0225
318 526 9 12 0.0223
636 526 11 14 0.0223
838 506 19 23 0.0220
390 491 7 8 0.0217
582 522 13 17 0.0216
698 527 9 12 0.0211
113 547 9 12 0.0211
615 528 13 16 0.0207
722 523 8 10 0.0207
393 491 7 8 0.0203
273 531 13 19 0.0199
686 542 10 11 0.0198
209 518 8 10 0.0196
476 523 9 10 0.0196
353 497 7 9 0.0189
893 544 16 21 0.0185
419 521 9 10 0.0183
0 511 6 9 0.0178
350 496 7 9 0.0176
756 529 13 17 0.0173
245 522 10 13 0.0172
681 541 12 15 0.0170
169 521 8 10 0.0162
167 522 8 10 0.0160
359 485 8 9 0.0160
617 526 11 14 0.0158
220 510 7 7 0.0155
728 539 11 14 0.0155
442 515 11 13 0.0152
363 488 7 8 0.0150
962 461 10 13 0.0149
832 505 21 25 0.0143
221 510 9 9 0.0143
628 521 9 11 0.0141
413 516 10 11 0.0138
108 556 10 12 0.0138
219 524 10 13 0.0134
393 495 7 9 0.0134
245 536 12 14 0.0131
376 494 7 9 0.0131
995 455 15 19 0.0131
587 530 16 19 0.0130
194 528 13 16 0.0128
392 492 7 9 0.0127
145 527 8 11 0.0127
319 538 11 15 0.0125
869 517 11 12 0.0122
487 518 10 14 0.0122
340 482 6 8 0.0116
79 520 9 10 0.0115
378 522 8 9 0.0114
224 510 7 8 0.0112
857 527 14 19 0.0110
207 531 12 15 0.0110
124 521 7 9 0.0107
112 556 10 12 0.0107
972 487 16 20 0.0104
725 523 9 12 0.0104
805 446 25 28 0.0103
965 461 9 12 0.0100
493 521 16 18 0.0100
