0_Parade_marchingband_1_147
23
502 87 81 90 0.8692
306 132 54 63 0.8669
616 148 33 40 0.7788
89 150 32 39 0.7645
165 124 37 37 0.7203
872 160 39 44 0.6712
218 161 46 44 0.5560
217 161 47 44 0.5277
403 178 64 64 0.5275
19 166 26 29 0.3274
44 174 21 22 0.0618
317 37 15 17 0.0532
15 167 24 28 0.0417
357 62 13 15 0.0303
651 158 20 25 0.0262
718 104 16 20 0.0185
649 71 16 20 0.0167
321 39 14 16 0.0156
0 11 14 26 0.0139
657 160 17 21 0.0129
25 167 26 29 0.0125
43 176 24 26 0.0115
718 134 17 18 0.0101
