0_Parade_marchingband_1_649
46
410 84 35 44 0.8801
23 199 37 46 0.8797
295 286 40 52 0.8781
812 200 36 46 0.8735
940 208 40 44 0.8731
176 282 40 49 0.8716
558 82 34 47 0.8699
895 320 39 50 0.8666
490 122 33 43 0.8640
662 216 37 43 0.8627
701 288 37 49 0.8607
247 191 40 46 0.8600
131 237 34 43 0.8565
249 144 30 33 0.8496
344 118 31 39 0.8481
57 118 30 37 0.8479
761 150 27 35 0.8418
651 145 29 39 0.8403
103 135 27 32 0.8286
4 127 28 34 0.8280
530 129 29 38 0.8238
859 153 30 38 0.8204
906 178 24 29 0.8126
703 174 23 30 0.8027
970 151 32 39 0.7465
799 284 38 51 0.6358
835 179 21 26 0.6254
152 123 17 30 0.6053
859 153 31 38 0.5694
970 151 32 39 0.4998
441 132 26 33 0.3543
234 154 18 28 0.3047
791 164 22 32 0.2501
798 165 19 30 0.2433
799 283 38 52 0.2323
833 179 21 27 0.2098
237 154 20 28 0.1261
238 156 19 28 0.1092
441 132 25 32 0.0643
148 156 15 23 0.0448
788 158 20 30 0.0427
798 161 17 27 0.0249
236 156 17 28 0.0217
150 122 15 30 0.0192
146 154 14 23 0.0168
150 125 13 27 0.0106
