0_Parade_marchingband_1_309
100
496 71 35 37 0.8563
388 94 28 33 0.7928
728 90 27 30 0.7620
47 86 24 26 0.7523
846 97 27 28 0.7430
300 93 30 29 0.7206
272 96 23 25 0.7117
128 114 27 29 0.6935
442 93 22 26 0.6518
210 89 26 30 0.6347
956 87 22 22 0.6213
894 96 22 24 0.3933
818 111 23 24 0.3640
821 112 23 23 0.3223
612 98 29 33 0.2782
926 106 22 25 0.2538
592 93 28 30 0.2159
710 105 19 23 0.2106
712 108 19 22 0.1965
915 93 20 24 0.1926
923 105 22 24 0.1798
918 98 23 26 0.1667
609 97 27 32 0.1572
982 100 19 23 0.1552
909 33 13 17 0.1413
0 85 12 25 0.1401
671 88 19 23 0.1377
366 118 19 19 0.1319
592 91 28 29 0.1296
906 32 14 18 0.1281
344 69 15 17 0.1234
898 96 27 27 0.1207
922 105 21 24 0.1152
51 44 15 18 0.1140
308 53 13 15 0.1068
53 46 16 19 0.0982
588 94 26 25 0.0979
193 103 17 23 0.0951
1010 134 14 27 0.0937
604 92 27 30 0.0859
667 86 20 24 0.0829
611 101 27 31 0.0798
0 83 9 19 0.0780
194 108 16 20 0.0741
550 87 16 18 0.0641
667 80 17 20 0.0603
1010 128 14 20 0.0587
615 101 29 34 0.0531
269 95 23 25 0.0480
708 105 18 21 0.0473
317 9 14 17 0.0411
586 91 23 25 0.0408
675 95 17 19 0.0402
997 87 14 21 0.0378
253 24 15 18 0.0367
670 77 19 24 0.0362
708 108 19 21 0.0361
815 105 21 26 0.0358
26 65 15 16 0.0348
373 49 11 14 0.0316
574 94 18 19 0.0314
297 95 21 24 0.0297
141 84 18 20 0.0292
892 94 20 25 0.0262
668 89 21 25 0.0246
88 89 17 20 0.0243
574 95 21 22 0.0239
141 13 13 16 0.0238
347 71 15 18 0.0232
208 94 20 24 0.0231
0 89 11 31 0.0214
313 10 14 17 0.0207
931 69 14 15 0.0199
1 86 16 28 0.0199
963 87 18 21 0.0197
33 16 15 19 0.0196
312 53 11 14 0.0191
983 91 17 22 0.0191
438 94 21 25 0.0190
589 91 30 32 0.0184
362 118 19 18 0.0181
986 16 12 13 0.0176
622 64 16 18 0.0176
138 79 18 22 0.0156
906 35 12 15 0.0150
193 96 17 21 0.0147
616 94 25 29 0.0140
763 99 19 22 0.0135
670 94 17 21 0.0131
763 90 17 20 0.0128
555 88 15 16 0.0126
278 95 22 25 0.0126
53 16 13 15 0.0116
1006 135 18 30 0.0116
550 87 13 13 0.0113
341 70 15 17 0.0112
568 94 20 21 0.0107
1006 123 17 24 0.0104
360 78 14 17 0.0104
30 16 14 18 0.0102
