0_Parade_Parade_0_218
229
740 384 34 40 0.8464
1016 535 8 13 0.4816
969 545 10 12 0.4752
857 526 14 23 0.4072
929 621 11 13 0.3889
142 559 12 14 0.3559
945 611 8 12 0.3395
927 621 10 13 0.3362
920 546 9 12 0.3046
942 611 8 12 0.3011
958 552 8 10 0.2719
917 546 9 11 0.2662
996 557 9 11 0.2529
992 557 10 11 0.2424
873 496 6 8 0.2350
1010 600 12 14 0.2142
853 526 15 22 0.2016
870 496 6 8 0.1983
955 552 8 10 0.1965
946 541 9 11 0.1825
942 541 9 11 0.1769
98 563 9 10 0.1591
102 563 8 10 0.1525
1007 600 11 14 0.1392
923 582 9 12 0.1351
146 559 11 14 0.1192
922 580 9 13 0.1152
130 552 9 11 0.1123
41 558 9 12 0.1042
929 556 9 10 0.1033
116 569 9 10 0.1020
919 583 9 11 0.0968
15 565 8 10 0.0937
140 560 10 12 0.0919
966 545 9 12 0.0866
35 573 7 10 0.0857
31 573 8 10 0.0830
871 496 6 8 0.0819
1013 535 9 12 0.0796
681 508 8 9 0.0793
960 553 7 9 0.0780
884 548 9 12 0.0778
926 578 9 12 0.0776
645 490 6 8 0.0772
956 553 7 10 0.0770
323 536 9 11 0.0768
114 556 8 10 0.0760
994 556 10 11 0.0748
38 559 8 11 0.0741
927 556 8 10 0.0735
113 570 8 10 0.0732
679 531 8 10 0.0732
648 490 6 7 0.0728
943 543 9 10 0.0721
877 535 7 11 0.0682
682 531 8 10 0.0669
968 544 9 12 0.0644
911 578 9 11 0.0634
678 508 8 9 0.0619
919 544 9 12 0.0608
956 552 8 10 0.0596
326 536 9 11 0.0587
0 613 9 15 0.0580
92 552 9 10 0.0559
13 566 8 9 0.0555
149 552 10 12 0.0545
277 526 7 9 0.0533
838 492 6 8 0.0531
683 527 9 11 0.0519
841 492 7 8 0.0516
65 551 8 10 0.0514
116 543 8 9 0.0512
0 603 10 14 0.0506
280 526 7 9 0.0504
52 568 7 9 0.0503
697 564 7 10 0.0491
679 507 8 9 0.0484
118 544 8 9 0.0473
58 550 8 10 0.0467
991 556 10 11 0.0454
814 639 10 13 0.0438
693 566 8 9 0.0438
39 556 9 11 0.0419
818 639 9 12 0.0407
925 579 9 12 0.0402
975 610 9 13 0.0400
875 555 7 8 0.0400
869 495 6 8 0.0387
927 580 8 11 0.0384
139 559 11 13 0.0379
89 551 8 10 0.0373
84 588 9 11 0.0363
1007 601 13 15 0.0340
987 538 9 11 0.0337
88 588 9 11 0.0335
896 553 9 10 0.0334
46 566 9 11 0.0330
297 514 5 7 0.0329
668 536 7 10 0.0328
916 545 9 11 0.0325
925 550 8 11 0.0324
332 508 6 8 0.0317
292 532 7 9 0.0313
974 606 9 12 0.0313
114 546 8 10 0.0309
310 526 7 8 0.0307
289 531 7 8 0.0301
891 552 10 10 0.0301
1014 532 9 13 0.0299
649 491 6 7 0.0298
331 507 6 8 0.0296
876 533 8 13 0.0290
1014 536 8 11 0.0278
875 534 8 11 0.0271
37 559 9 11 0.0267
646 491 6 8 0.0265
838 494 8 10 0.0264
674 572 7 8 0.0264
910 578 8 10 0.0261
976 607 10 12 0.0258
13 579 8 9 0.0257
905 588 8 11 0.0253
37 558 8 9 0.0252
903 579 8 11 0.0250
71 560 7 9 0.0249
679 532 8 9 0.0246
328 507 6 8 0.0244
105 561 8 10 0.0232
328 508 7 8 0.0230
879 553 7 9 0.0226
906 609 8 10 0.0223
271 557 7 10 0.0216
948 542 8 10 0.0215
932 600 9 12 0.0215
106 513 7 9 0.0210
1013 603 9 12 0.0209
679 508 7 9 0.0208
1008 603 10 13 0.0206
89 553 8 10 0.0206
320 535 8 10 0.0203
842 493 8 9 0.0201
633 505 7 9 0.0201
970 610 10 12 0.0200
813 629 9 11 0.0198
861 527 11 17 0.0198
114 543 8 9 0.0196
851 527 16 21 0.0189
16 567 9 10 0.0188
13 565 8 10 0.0185
312 510 6 8 0.0184
639 513 7 8 0.0183
870 543 9 11 0.0183
1018 539 6 10 0.0180
61 553 9 9 0.0179
693 541 7 9 0.0179
695 567 7 9 0.0176
10 577 9 11 0.0175
677 507 7 8 0.0175
105 524 8 10 0.0173
853 528 16 21 0.0173
872 497 7 8 0.0169
816 630 9 11 0.0167
978 609 9 12 0.0163
11 575 8 11 0.0163
273 559 7 9 0.0159
982 538 9 10 0.0157
943 577 9 11 0.0155
268 536 7 9 0.0154
142 554 12 15 0.0154
672 570 7 9 0.0154
119 570 8 10 0.0153
109 512 8 9 0.0153
69 557 7 10 0.0153
696 540 7 9 0.0147
686 535 9 10 0.0145
663 563 7 8 0.0144
321 537 8 9 0.0144
265 535 7 9 0.0144
120 543 7 10 0.0142
676 529 8 10 0.0142
33 575 8 9 0.0142
663 537 7 9 0.0139
670 572 7 8 0.0139
945 579 8 10 0.0137
867 533 10 16 0.0136
647 489 6 8 0.0136
324 539 8 10 0.0134
953 534 8 10 0.0134
877 550 10 13 0.0134
983 534 8 9 0.0133
240 559 8 10 0.0132
313 563 8 10 0.0131
683 509 8 10 0.0130
1000 556 9 10 0.0130
289 529 7 9 0.0128
2 605 10 13 0.0127
313 511 6 7 0.0126
914 548 8 10 0.0126
655 459 6 8 0.0125
309 509 6 8 0.0124
970 606 8 12 0.0124
54 549 8 9 0.0119
911 644 7 7 0.0118
634 510 8 9 0.0117
879 627 10 13 0.0117
317 563 9 11 0.0114
697 567 8 10 0.0114
698 543 7 9 0.0114
87 586 9 10 0.0113
275 557 7 9 0.0111
281 528 7 8 0.0111
947 610 9 12 0.0110
978 533 8 10 0.0109
957 533 8 10 0.0108
90 549 7 9 0.0108
874 495 7 8 0.0107
1010 532 8 11 0.0107
153 555 8 11 0.0107
629 531 7 9 0.0107
695 565 7 8 0.0107
149 565 8 10 0.0106
240 515 7 8 0.0106
918 554 8 10 0.0105
9 579 9 11 0.0102
237 514 7 9 0.0102
294 514 6 7 0.0101
676 552 8 10 0.0101
905 592 8 10 0.0101
936 611 10 12 0.0100
