0_Parade_marchingband_1_465
755
44 302 8 9 0.3226
81 305 7 9 0.3100
47 302 8 9 0.2983
84 305 7 9 0.2969
1007 162 7 8 0.2916
595 235 8 9 0.2873
598 235 8 9 0.2814
669 260 7 9 0.2794
772 161 5 7 0.2784
1004 162 7 8 0.2778
618 264 6 8 0.2674
711 264 7 8 0.2648
519 262 7 8 0.2605
159 265 7 7 0.2560
522 261 7 8 0.2527
753 160 5 6 0.2509
162 265 7 7 0.2509
708 264 7 8 0.2494
620 264 7 7 0.2484
469 257 6 8 0.2476
883 213 6 7 0.2453
466 257 6 8 0.2453
701 127 5 5 0.2430
671 260 7 9 0.2405
938 136 6 7 0.2399
316 176 5 6 0.2368
630 235 6 7 0.2362
658 151 5 7 0.2331
793 165 5 7 0.2331
313 176 6 6 0.2330
569 153 6 7 0.2294
1010 256 8 10 0.2272
950 159 6 8 0.2263
946 160 7 7 0.2249
880 213 6 7 0.2248
750 160 5 6 0.2227
93 222 6 8 0.2206
984 138 5 7 0.2194
0 314 5 10 0.2155
986 138 6 6 0.2153
529 157 5 6 0.2141
769 161 6 7 0.2131
572 153 6 7 0.2092
698 237 7 8 0.2083
118 604 11 15 0.2075
878 167 7 8 0.2065
875 167 7 8 0.2044
689 126 4 6 0.2041
733 241 6 7 0.2040
847 167 6 6 0.2030
392 167 5 6 0.2020
349 166 5 7 0.2008
761 266 7 8 0.1997
731 158 5 6 0.1988
627 235 6 7 0.1979
981 192 7 7 0.1966
562 234 6 7 0.1962
849 159 6 7 0.1961
389 166 5 7 0.1949
736 241 6 7 0.1947
796 165 5 7 0.1941
1011 257 8 9 0.1934
962 134 6 7 0.1932
686 127 5 5 0.1921
660 151 6 7 0.1919
881 131 5 7 0.1915
466 166 5 6 0.1909
901 137 5 6 0.1906
429 166 6 6 0.1903
706 155 6 6 0.1896
521 240 7 8 0.1879
524 240 6 8 0.1859
559 234 6 7 0.1856
708 199 6 7 0.1854
432 166 6 6 0.1848
701 236 7 9 0.1846
764 266 7 8 0.1836
683 154 5 6 0.1833
365 250 6 8 0.1831
352 166 5 6 0.1827
89 223 7 7 0.1821
984 192 6 7 0.1815
802 201 7 8 0.1813
977 157 6 8 0.1812
527 157 5 6 0.1804
799 201 7 8 0.1786
1007 257 8 9 0.1784
852 159 6 7 0.1784
855 130 5 6 0.1782
878 131 5 7 0.1769
903 138 5 6 0.1759
667 260 7 9 0.1751
879 254 6 6 0.1740
368 250 6 8 0.1738
9 261 6 7 0.1718
469 166 5 5 0.1707
924 140 5 6 0.1694
925 281 7 8 0.1688
503 164 5 7 0.1680
711 199 5 7 0.1678
852 130 5 6 0.1677
733 128 5 6 0.1663
728 158 5 6 0.1656
815 167 5 7 0.1654
131 236 6 7 0.1650
703 155 5 6 0.1648
705 155 5 6 0.1646
117 284 6 7 0.1641
76 174 5 6 0.1638
959 135 6 6 0.1635
159 161 5 6 0.1616
817 168 5 6 0.1614
936 135 6 8 0.1612
169 227 7 7 0.1597
561 233 6 7 0.1580
663 239 7 7 0.1576
704 127 5 6 0.1569
1014 142 5 7 0.1565
6 262 6 6 0.1561
680 154 5 6 0.1558
876 254 7 6 0.1557
880 131 5 7 0.1555
916 172 6 7 0.1554
856 130 5 6 0.1553
734 129 6 5 0.1552
919 172 6 7 0.1534
797 166 5 6 0.1516
113 285 7 7 0.1515
558 233 6 7 0.1507
214 149 5 6 0.1503
1010 141 5 6 0.1494
839 144 6 6 0.1487
128 236 6 7 0.1484
73 174 5 6 0.1482
878 228 7 7 0.1477
172 227 6 7 0.1475
26 191 6 6 0.1473
618 97 5 6 0.1473
731 128 5 6 0.1462
877 131 5 7 0.1457
1007 256 8 9 0.1452
996 292 9 8 0.1448
335 153 5 6 0.1448
333 153 5 6 0.1440
666 239 6 7 0.1431
818 168 5 7 0.1427
628 234 6 8 0.1417
615 97 6 6 0.1416
876 228 6 6 0.1410
491 144 5 6 0.1394
606 134 5 6 0.1391
1012 142 5 6 0.1383
29 191 5 6 0.1379
838 143 5 6 0.1379
351 167 5 6 0.1372
211 149 5 6 0.1366
111 166 5 6 0.1347
114 166 5 6 0.1346
115 283 7 8 0.1343
603 156 5 6 0.1341
90 222 7 7 0.1336
131 164 5 6 0.1331
504 166 6 6 0.1326
608 198 5 7 0.1326
506 164 6 7 0.1317
287 134 6 7 0.1314
987 246 7 9 0.1304
289 134 7 7 0.1281
815 169 5 6 0.1273
233 249 6 7 0.1273
929 280 8 9 0.1271
841 143 6 7 0.1262
961 134 5 6 0.1256
826 221 7 8 0.1255
134 171 5 6 0.1253
504 140 5 6 0.1243
390 167 5 6 0.1240
214 175 7 8 0.1240
244 276 6 6 0.1237
876 168 7 7 0.1236
799 131 5 6 0.1227
975 157 6 7 0.1226
239 178 6 6 0.1225
611 198 5 7 0.1224
253 123 6 7 0.1222
793 167 6 6 0.1220
336 154 5 6 0.1220
983 247 8 8 0.1217
242 179 6 6 0.1216
904 282 7 8 0.1202
433 167 6 6 0.1200
136 172 6 6 0.1193
129 235 6 7 0.1188
227 152 5 5 0.1187
731 240 6 7 0.1181
828 220 8 8 0.1179
986 245 7 8 0.1178
667 259 8 9 0.1174
250 123 6 7 0.1167
985 192 7 8 0.1163
526 182 6 7 0.1158
121 603 11 16 0.1154
385 147 5 6 0.1150
880 167 6 8 0.1144
467 258 6 7 0.1142
41 237 6 7 0.1133
507 139 5 7 0.1133
730 158 5 6 0.1130
681 186 7 9 0.1122
992 293 8 8 0.1121
393 167 5 6 0.1111
914 152 6 6 0.1110
826 219 7 8 0.1109
947 158 6 7 0.1107
797 131 5 5 0.1098
217 175 7 8 0.1097
707 199 6 7 0.1094
104 254 7 8 0.1093
174 155 5 6 0.1088
907 282 7 8 0.1087
131 189 6 7 0.1078
601 155 6 7 0.1075
195 154 5 6 0.1074
629 152 5 6 0.1066
524 183 6 6 0.1056
115 167 6 6 0.1055
536 164 5 6 0.1052
130 311 7 8 0.1044
430 168 5 5 0.1010
198 154 5 5 0.1009
570 155 6 6 0.0994
241 276 6 6 0.0993
157 161 5 6 0.0992
927 282 7 8 0.0991
599 155 6 6 0.0990
175 243 7 7 0.0983
177 156 5 5 0.0980
604 135 5 5 0.0980
488 144 6 6 0.0965
230 250 6 6 0.0961
178 244 7 6 0.0956
36 201 6 6 0.0953
553 166 5 6 0.0946
382 148 5 5 0.0944
963 190 7 7 0.0942
1009 143 6 6 0.0930
605 133 5 6 0.0928
899 136 5 6 0.0926
573 154 5 6 0.0922
128 310 7 8 0.0918
678 186 7 9 0.0916
8 260 5 7 0.0913
983 244 7 8 0.0908
178 156 5 6 0.0902
555 168 5 6 0.0893
751 159 5 7 0.0892
974 158 6 7 0.0884
853 131 5 6 0.0884
251 186 6 6 0.0877
925 226 7 8 0.0876
600 157 5 6 0.0873
113 283 6 8 0.0870
107 254 7 8 0.0869
917 171 6 7 0.0867
262 158 4 6 0.0864
706 199 6 7 0.0864
470 257 6 8 0.0862
168 227 6 8 0.0858
504 141 5 6 0.0853
467 167 5 6 0.0851
231 247 6 6 0.0845
732 129 5 6 0.0836
260 157 5 6 0.0835
616 263 7 9 0.0833
874 149 7 7 0.0831
75 173 5 6 0.0829
734 242 6 7 0.0821
635 162 5 7 0.0818
800 130 5 5 0.0811
700 234 7 8 0.0810
366 249 6 7 0.0809
982 193 6 8 0.0808
354 167 5 6 0.0808
902 226 7 8 0.0796
831 177 7 7 0.0792
112 168 6 6 0.0778
626 152 5 6 0.0778
739 116 6 6 0.0776
134 189 6 7 0.0769
286 132 7 8 0.0768
470 166 5 6 0.0767
741 116 6 6 0.0767
5 260 5 7 0.0763
536 76 5 5 0.0760
609 196 6 7 0.0751
384 146 4 6 0.0741
294 245 6 7 0.0736
536 167 6 6 0.0734
175 157 5 6 0.0729
30 226 7 7 0.0726
487 144 6 7 0.0724
1019 198 5 9 0.0723
959 134 5 6 0.0723
633 163 5 6 0.0715
659 153 5 6 0.0711
698 235 7 8 0.0707
127 234 6 7 0.0707
485 516 15 17 0.0698
661 105 6 5 0.0687
363 249 6 8 0.0684
437 145 5 6 0.0680
877 149 6 7 0.0671
662 153 5 6 0.0670
727 157 5 6 0.0666
659 104 6 6 0.0666
905 283 7 8 0.0665
879 229 6 7 0.0664
296 248 6 7 0.0660
105 256 8 7 0.0653
626 233 6 8 0.0653
908 282 7 9 0.0651
671 259 7 8 0.0648
876 229 7 7 0.0648
86 261 7 7 0.0643
697 127 4 5 0.0643
935 136 5 7 0.0642
536 134 5 7 0.0634
597 233 7 9 0.0633
665 105 6 6 0.0626
74 238 6 8 0.0625
292 245 6 7 0.0620
185 279 7 7 0.0618
289 131 7 8 0.0618
539 76 4 6 0.0614
72 172 5 6 0.0614
605 181 5 6 0.0610
584 95 5 6 0.0608
836 212 7 8 0.0604
801 131 5 5 0.0603
993 295 7 8 0.0601
486 527 14 14 0.0597
932 265 7 8 0.0596
663 103 6 7 0.0596
101 253 7 8 0.0593
700 152 5 6 0.0592
831 217 7 8 0.0592
263 156 5 6 0.0590
520 204 6 7 0.0588
966 191 6 7 0.0586
76 189 7 7 0.0577
595 234 7 8 0.0574
240 180 6 7 0.0574
292 248 7 7 0.0569
243 180 6 6 0.0568
987 139 5 7 0.0567
710 199 6 7 0.0566
914 171 6 7 0.0565
687 128 5 6 0.0562
608 134 5 6 0.0562
918 150 6 7 0.0558
852 157 5 8 0.0556
903 137 4 6 0.0556
580 94 6 6 0.0555
30 193 5 6 0.0546
574 135 6 6 0.0546
903 147 6 7 0.0543
518 260 7 8 0.0542
523 204 6 7 0.0541
978 159 7 7 0.0540
26 193 6 6 0.0538
242 275 6 6 0.0537
229 247 6 6 0.0537
526 156 5 6 0.0530
712 100 7 7 0.0530
381 146 5 6 0.0530
796 132 5 5 0.0529
748 159 6 6 0.0520
616 96 6 6 0.0517
533 135 5 7 0.0513
961 190 6 7 0.0508
264 158 5 5 0.0508
571 136 6 6 0.0502
930 282 7 8 0.0500
83 261 7 8 0.0498
435 143 5 6 0.0495
709 101 7 6 0.0490
940 229 7 8 0.0489
188 279 6 7 0.0486
82 306 7 8 0.0484
910 226 7 7 0.0483
603 180 5 7 0.0482
221 126 6 7 0.0480
934 266 8 7 0.0479
77 238 6 8 0.0478
44 239 7 7 0.0473
88 222 7 7 0.0472
433 145 5 6 0.0470
834 178 7 7 0.0470
570 200 5 6 0.0468
210 148 5 7 0.0463
866 264 8 9 0.0461
1001 293 10 9 0.0459
943 229 6 8 0.0455
573 200 5 6 0.0452
27 225 7 8 0.0451
313 175 5 6 0.0451
581 121 5 5 0.0442
583 93 5 7 0.0441
503 186 6 7 0.0440
73 190 6 7 0.0437
171 230 6 7 0.0436
923 225 6 8 0.0436
882 212 6 7 0.0430
944 158 6 7 0.0430
232 152 6 6 0.0430
579 104 5 6 0.0423
315 174 5 6 0.0422
540 77 5 5 0.0422
930 236 8 8 0.0421
1009 143 6 7 0.0421
869 264 8 8 0.0420
501 164 5 7 0.0418
581 97 5 6 0.0405
36 232 7 7 0.0403
486 143 6 6 0.0400
903 138 5 7 0.0399
1007 161 8 8 0.0395
665 236 7 8 0.0392
772 161 6 7 0.0391
489 232 6 7 0.0391
959 136 6 7 0.0389
124 311 8 8 0.0389
1003 295 8 7 0.0388
949 160 7 8 0.0385
935 137 6 7 0.0384
432 217 7 8 0.0384
709 266 7 8 0.0383
752 160 6 6 0.0383
501 165 6 6 0.0383
1000 294 8 8 0.0383
983 139 6 7 0.0382
116 599 13 18 0.0382
524 205 6 7 0.0382
927 236 8 8 0.0378
135 171 5 6 0.0372
85 305 7 9 0.0367
199 153 6 6 0.0365
975 291 7 8 0.0363
336 135 5 6 0.0360
800 203 7 8 0.0358
795 130 5 5 0.0357
537 78 4 5 0.0357
430 224 8 7 0.0356
1005 296 8 8 0.0353
521 206 6 7 0.0352
879 254 6 7 0.0352
797 164 5 7 0.0349
357 210 6 6 0.0348
426 114 6 6 0.0348
762 268 7 8 0.0348
981 192 7 8 0.0345
427 227 7 7 0.0344
984 246 7 8 0.0342
0 316 6 10 0.0341
333 135 6 6 0.0340
128 188 6 7 0.0340
835 209 7 7 0.0339
617 262 7 8 0.0339
347 166 6 7 0.0337
972 290 7 8 0.0335
700 125 6 7 0.0331
1018 195 6 8 0.0331
601 180 6 7 0.0327
997 249 8 9 0.0326
925 226 7 7 0.0323
314 177 5 6 0.0323
38 202 6 7 0.0323
522 242 6 8 0.0320
213 150 5 6 0.0319
707 199 6 7 0.0318
828 219 7 9 0.0316
977 158 6 8 0.0315
89 224 6 7 0.0314
963 191 6 7 0.0311
317 177 5 7 0.0310
878 167 6 8 0.0310
159 161 5 7 0.0310
432 142 5 6 0.0305
663 289 7 8 0.0300
901 226 7 7 0.0299
182 185 6 7 0.0299
626 151 6 7 0.0298
316 174 5 6 0.0296
552 166 5 6 0.0296
841 180 6 7 0.0296
737 125 6 7 0.0296
882 215 6 7 0.0295
845 165 6 7 0.0294
121 599 11 17 0.0290
250 121 6 7 0.0289
730 158 5 6 0.0288
482 120 6 6 0.0288
522 257 7 8 0.0287
366 250 7 7 0.0287
660 289 7 8 0.0286
678 148 6 8 0.0285
469 166 5 6 0.0284
68 192 7 6 0.0281
663 237 6 7 0.0279
523 174 6 7 0.0278
168 231 7 7 0.0276
113 167 6 7 0.0276
532 134 6 6 0.0274
392 167 5 5 0.0273
1004 163 7 8 0.0272
351 209 5 6 0.0272
534 134 6 6 0.0271
215 149 6 6 0.0269
879 212 6 7 0.0268
78 191 6 6 0.0264
765 267 7 8 0.0262
476 319 7 8 0.0262
190 190 6 7 0.0260
730 240 7 8 0.0260
133 188 7 7 0.0258
129 163 5 6 0.0258
109 256 7 7 0.0256
723 200 7 8 0.0256
998 310 9 9 0.0255
469 90 4 6 0.0254
351 210 6 7 0.0253
474 319 7 7 0.0253
850 160 6 7 0.0252
576 104 5 6 0.0251
533 153 6 7 0.0251
231 275 7 7 0.0249
481 119 5 5 0.0248
801 200 6 8 0.0248
737 242 6 7 0.0244
429 217 7 8 0.0244
192 193 6 7 0.0243
515 101 5 6 0.0242
116 311 8 8 0.0241
159 263 7 8 0.0239
602 61 5 6 0.0239
501 165 5 7 0.0238
160 266 6 8 0.0238
617 121 6 6 0.0237
553 105 6 6 0.0236
168 227 7 8 0.0236
465 90 5 5 0.0236
490 233 7 7 0.0234
297 272 7 7 0.0234
614 96 5 6 0.0233
36 237 8 8 0.0230
130 237 6 7 0.0230
534 181 6 6 0.0228
627 154 5 6 0.0228
428 114 6 6 0.0227
253 120 6 7 0.0226
605 61 4 6 0.0226
584 120 5 6 0.0225
293 248 7 7 0.0224
468 92 5 6 0.0223
523 266 6 8 0.0222
635 245 6 7 0.0219
658 151 5 7 0.0219
837 143 6 6 0.0218
680 188 6 7 0.0218
29 191 6 7 0.0217
424 113 5 7 0.0216
976 272 8 8 0.0215
8 262 7 9 0.0215
480 121 5 6 0.0214
161 266 7 7 0.0213
512 101 5 7 0.0213
731 126 5 7 0.0212
620 263 7 8 0.0211
985 136 6 7 0.0211
479 119 5 5 0.0211
494 143 6 7 0.0209
135 169 5 7 0.0209
164 189 5 7 0.0206
241 276 6 7 0.0206
617 97 5 5 0.0203
914 171 6 8 0.0203
506 54 5 7 0.0202
571 153 5 6 0.0202
44 301 7 9 0.0201
166 189 6 7 0.0200
39 238 7 7 0.0200
31 225 6 7 0.0199
81 258 7 7 0.0199
130 242 6 7 0.0198
626 236 7 8 0.0196
1016 197 7 8 0.0196
709 263 6 8 0.0194
223 127 6 7 0.0194
700 239 7 8 0.0193
500 186 6 7 0.0193
45 305 8 9 0.0193
983 137 5 6 0.0193
0 311 4 11 0.0192
226 152 5 6 0.0192
193 154 6 6 0.0192
549 105 5 6 0.0190
724 199 6 7 0.0189
33 197 6 7 0.0188
995 310 8 9 0.0188
169 224 6 8 0.0188
988 293 7 8 0.0187
488 523 15 15 0.0187
1 315 7 10 0.0187
973 273 7 8 0.0187
471 318 6 8 0.0186
216 174 6 7 0.0185
482 101 5 5 0.0185
186 280 6 7 0.0184
356 208 6 6 0.0184
508 54 6 7 0.0184
108 252 6 7 0.0183
521 263 7 8 0.0182
620 96 5 6 0.0180
559 195 5 6 0.0179
872 267 7 8 0.0178
77 173 6 7 0.0175
577 101 5 7 0.0174
605 135 5 7 0.0172
240 178 6 6 0.0171
744 198 8 9 0.0170
963 141 6 7 0.0170
947 175 6 8 0.0169
472 319 6 8 0.0168
511 68 5 6 0.0167
233 248 6 7 0.0166
620 260 7 9 0.0166
526 159 6 6 0.0165
572 199 6 6 0.0161
878 252 7 8 0.0161
46 300 8 9 0.0161
565 266 8 8 0.0160
711 262 7 8 0.0159
124 307 7 9 0.0157
502 186 5 7 0.0157
618 80 5 5 0.0156
377 106 6 5 0.0156
930 238 7 7 0.0155
114 603 12 16 0.0154
921 225 7 7 0.0154
77 245 6 7 0.0152
660 148 6 8 0.0152
853 129 6 6 0.0151
380 109 6 6 0.0150
66 192 6 6 0.0149
822 168 5 6 0.0149
505 51 6 7 0.0148
520 265 6 8 0.0148
568 265 7 7 0.0148
336 153 5 6 0.0148
163 190 6 7 0.0147
241 190 7 7 0.0146
746 198 6 7 0.0145
386 165 5 7 0.0145
669 261 8 9 0.0145
347 167 5 6 0.0145
218 125 6 8 0.0144
965 206 7 7 0.0144
975 294 7 8 0.0143
708 264 7 8 0.0143
558 195 5 6 0.0143
239 156 6 6 0.0143
736 129 6 6 0.0141
53 278 8 8 0.0140
188 192 6 7 0.0140
924 181 7 8 0.0139
332 131 6 6 0.0139
371 255 7 7 0.0139
294 272 7 7 0.0138
367 254 6 8 0.0138
838 208 6 7 0.0137
634 244 5 7 0.0137
80 189 6 7 0.0137
928 280 8 9 0.0136
75 233 6 7 0.0135
557 170 5 7 0.0135
509 165 5 7 0.0135
3 274 7 8 0.0135
163 266 6 7 0.0133
606 198 6 7 0.0133
180 183 5 6 0.0133
103 237 7 8 0.0132
112 606 11 14 0.0132
583 119 5 6 0.0131
322 204 6 7 0.0131
597 237 7 8 0.0130
132 190 7 8 0.0130
479 100 5 5 0.0129
514 106 5 6 0.0128
579 120 6 7 0.0128
923 170 6 8 0.0128
487 234 6 8 0.0128
962 192 6 8 0.0128
85 262 6 8 0.0127
867 267 7 9 0.0127
904 227 6 8 0.0127
705 170 6 8 0.0127
581 97 5 6 0.0127
189 280 6 7 0.0126
524 236 7 8 0.0125
284 134 6 6 0.0125
437 145 5 6 0.0125
386 167 5 6 0.0124
377 117 5 6 0.0123
509 50 5 7 0.0122
114 288 7 8 0.0122
894 164 7 7 0.0122
335 131 6 6 0.0122
712 265 7 8 0.0122
977 271 7 8 0.0122
539 140 6 7 0.0122
51 278 7 8 0.0120
241 189 6 7 0.0119
56 276 6 7 0.0119
0 288 6 9 0.0118
44 302 7 10 0.0117
675 177 7 8 0.0116
551 97 6 7 0.0115
239 274 6 7 0.0115
657 148 6 8 0.0114
261 162 6 6 0.0114
800 129 4 6 0.0114
386 147 5 6 0.0113
155 161 6 6 0.0112
921 181 7 8 0.0112
461 70 5 6 0.0111
133 238 7 8 0.0110
427 122 5 7 0.0110
132 311 7 8 0.0110
237 154 6 5 0.0110
129 313 7 7 0.0110
878 130 6 6 0.0109
594 196 7 7 0.0107
760 266 7 8 0.0107
27 546 10 12 0.0107
550 147 6 7 0.0106
678 173 6 7 0.0106
65 196 6 8 0.0105
574 131 6 7 0.0105
632 161 5 6 0.0104
223 133 6 6 0.0103
473 319 6 8 0.0103
971 295 7 8 0.0103
102 299 7 9 0.0103
530 246 7 7 0.0102
172 224 7 7 0.0100
