0_Parade_marchingband_1_910
29
374 258 47 46 0.8713
207 208 44 46 0.8678
77 242 34 36 0.8375
41 225 30 39 0.8337
526 228 43 52 0.8313
774 345 70 86 0.8297
138 225 33 34 0.8254
943 278 57 77 0.8123
484 192 34 46 0.8091
441 271 48 46 0.8055
285 260 39 37 0.8050
338 232 39 47 0.7413
114 241 19 23 0.6172
572 234 47 55 0.3341
0 237 20 28 0.1734
338 232 39 47 0.1503
6 263 21 23 0.1383
0 265 7 23 0.1208
571 232 49 57 0.1138
115 242 20 25 0.0765
119 240 18 23 0.0618
2 237 25 28 0.0384
31 232 19 28 0.0304
0 246 14 26 0.0257
0 266 9 30 0.0250
1 234 23 30 0.0209
27 246 19 24 0.0208
3 256 21 29 0.0183
1 234 16 26 0.0140
