0_Parade_marchingband_1_379
112
191 317 20 27 0.6777
428 303 29 35 0.6473
698 288 24 31 0.6434
538 314 20 30 0.5764
280 302 23 30 0.5327
662 325 15 19 0.4563
814 318 17 21 0.4418
899 313 13 18 0.4373
957 315 12 13 0.3952
987 327 11 14 0.3925
601 321 12 14 0.3555
814 319 19 23 0.3467
954 315 11 13 0.3141
384 317 15 18 0.3126
849 320 11 14 0.3122
505 305 8 14 0.2934
508 305 8 14 0.2883
768 322 11 13 0.2772
87 318 16 20 0.2653
853 320 9 12 0.2633
263 322 19 22 0.2517
879 326 8 10 0.2321
1014 320 8 10 0.2264
869 328 8 9 0.2165
789 321 11 12 0.2004
580 300 8 9 0.1988
658 326 14 17 0.1859
770 323 10 13 0.1849
579 299 7 10 0.1800
88 321 18 21 0.1769
932 323 9 11 0.1764
582 299 7 10 0.1742
990 328 10 12 0.1740
786 321 10 12 0.1702
583 299 7 10 0.1607
984 327 11 14 0.1576
260 323 17 21 0.1553
603 322 12 14 0.1552
929 322 9 11 0.1444
622 318 9 11 0.1379
282 316 20 22 0.1367
902 313 13 17 0.1276
282 301 24 31 0.1266
934 324 8 10 0.1256
540 314 21 29 0.1232
619 318 9 11 0.1210
866 327 7 10 0.1119
930 324 9 11 0.1069
766 322 9 12 0.1057
811 320 17 21 0.0964
599 324 11 12 0.0927
1011 320 8 10 0.0909
1016 321 8 10 0.0903
598 321 11 14 0.0902
387 320 15 18 0.0888
263 318 17 22 0.0845
765 324 11 12 0.0792
388 318 15 18 0.0741
885 315 7 9 0.0654
811 319 16 19 0.0630
786 323 11 14 0.0629
426 308 22 28 0.0623
878 325 8 11 0.0585
687 310 13 16 0.0581
882 321 7 11 0.0561
877 326 7 9 0.0546
747 326 9 11 0.0505
85 320 15 19 0.0449
882 316 7 8 0.0437
1010 321 9 10 0.0430
790 323 11 14 0.0421
431 301 33 39 0.0415
771 322 10 12 0.0411
386 316 18 21 0.0375
931 324 9 11 0.0361
684 311 14 16 0.0360
392 321 15 17 0.0346
851 322 11 14 0.0341
620 319 9 12 0.0323
852 321 10 13 0.0323
901 316 12 15 0.0290
578 300 8 9 0.0286
897 311 12 16 0.0278
598 322 12 14 0.0276
266 327 19 23 0.0256
747 303 7 9 0.0239
984 327 11 12 0.0237
286 317 23 24 0.0236
84 324 14 18 0.0236
745 324 8 11 0.0232
748 325 9 10 0.0229
383 307 16 20 0.0223
381 317 13 17 0.0219
686 309 12 14 0.0215
745 303 6 7 0.0197
661 323 13 16 0.0196
85 318 14 18 0.0194
262 318 20 24 0.0184
753 310 8 10 0.0184
521 339 10 12 0.0172
606 322 10 12 0.0155
518 339 10 13 0.0149
561 327 13 17 0.0139
91 318 17 20 0.0132
820 319 16 18 0.0129
260 320 16 20 0.0128
902 310 11 15 0.0118
666 323 14 18 0.0117
696 295 19 25 0.0111
87 332 16 16 0.0109
578 300 9 11 0.0108
577 299 7 9 0.0103
