0_Parade_Parade_0_72
40
134 333 31 42 0.8244
457 385 27 30 0.8051
738 364 20 23 0.7823
665 347 26 39 0.7803
624 342 21 24 0.7526
207 367 22 25 0.7350
495 338 20 21 0.7290
350 467 22 27 0.7179
255 384 17 18 0.6882
628 365 19 23 0.6832
789 265 20 23 0.6765
545 376 19 24 0.6580
411 380 16 19 0.6074
68 557 22 22 0.5150
775 343 16 19 0.4483
1 475 15 18 0.4327
772 343 16 19 0.3946
346 372 17 21 0.3161
548 348 13 16 0.2310
348 374 17 20 0.2268
4 475 16 19 0.1965
350 372 17 20 0.1914
414 380 16 18 0.1785
3 476 16 19 0.1670
574 597 37 34 0.1480
631 366 18 23 0.1027
546 349 11 14 0.0871
413 448 14 21 0.0834
579 369 11 14 0.0698
416 446 15 23 0.0575
549 350 15 18 0.0541
415 450 14 21 0.0463
583 369 10 13 0.0401
353 374 16 20 0.0324
7 477 16 18 0.0283
542 376 18 23 0.0273
417 450 16 21 0.0181
79 499 15 17 0.0130
546 351 12 16 0.0123
624 363 17 22 0.0123
