0_Parade_Parade_0_470
34
932 268 60 73 0.8860
315 377 81 99 0.8820
297 239 64 80 0.8813
839 229 52 70 0.8788
621 137 56 74 0.8786
122 474 84 104 0.8768
419 202 63 85 0.8763
900 172 59 71 0.8760
150 174 72 92 0.8752
472 336 70 90 0.8749
778 227 59 74 0.8742
38 168 80 96 0.8742
328 161 56 76 0.8739
598 244 77 94 0.8733
533 183 66 88 0.8722
464 144 57 67 0.8631
698 229 67 86 0.8518
0 153 32 45 0.8470
219 177 62 77 0.8442
261 174 40 49 0.6327
763 169 17 26 0.6051
851 174 51 61 0.5077
472 336 70 90 0.4867
760 170 17 25 0.2901
465 145 56 66 0.2408
813 175 17 31 0.0681
993 191 8 11 0.0663
997 191 8 10 0.0606
674 199 18 28 0.0387
817 176 18 32 0.0238
807 174 20 32 0.0219
668 200 18 27 0.0186
808 177 21 31 0.0137
672 198 27 41 0.0132
