0_Parade_Parade_0_125
44
520 341 25 33 0.8559
1006 341 18 32 0.7939
583 276 18 25 0.7828
11 409 14 17 0.7207
475 270 19 26 0.5622
589 249 17 26 0.3478
15 479 15 18 0.3456
55 431 10 15 0.3221
1006 341 18 32 0.3202
477 270 19 26 0.3088
58 432 10 14 0.2260
372 279 13 22 0.1976
95 460 10 13 0.1384
98 460 9 13 0.1315
18 479 14 18 0.0949
375 283 12 20 0.0736
43 429 10 14 0.0476
0 490 12 15 0.0450
39 424 10 13 0.0444
16 410 11 16 0.0443
592 251 17 24 0.0440
52 428 11 15 0.0401
136 461 11 12 0.0345
69 469 10 11 0.0334
72 469 9 11 0.0312
376 279 14 21 0.0278
139 461 11 13 0.0269
64 450 10 15 0.0266
898 426 6 7 0.0255
886 427 7 8 0.0221
883 427 7 8 0.0173
900 427 6 7 0.0171
37 428 9 13 0.0171
159 469 9 12 0.0151
57 429 9 13 0.0149
589 252 18 27 0.0142
901 427 6 7 0.0141
370 280 13 23 0.0135
110 453 8 10 0.0125
1 491 12 17 0.0125
71 468 9 11 0.0117
163 469 9 11 0.0108
4 487 14 17 0.0107
589 247 13 22 0.0102
