0_Parade_marchingband_1_329
93
137 312 23 28 0.8340
572 421 20 27 0.8194
715 376 19 20 0.8094
895 335 23 25 0.8078
510 426 19 25 0.8049
448 415 20 27 0.7965
522 318 18 18 0.7824
213 341 20 21 0.7757
633 426 20 26 0.7694
610 315 19 20 0.7682
253 386 20 19 0.7648
293 319 17 19 0.7626
570 305 18 19 0.7364
372 325 17 20 0.7350
392 384 17 18 0.7294
659 334 18 19 0.7254
180 393 21 22 0.6967
590 316 15 17 0.6948
193 313 20 22 0.6897
159 327 19 20 0.6885
331 389 17 19 0.6748
756 394 18 17 0.6670
81 299 20 22 0.6595
564 337 17 20 0.6226
766 336 13 15 0.6133
836 325 20 23 0.6105
333 324 16 17 0.5827
707 335 15 16 0.5720
784 352 16 17 0.5713
796 402 18 18 0.5560
480 316 17 19 0.5538
747 344 15 15 0.5092
640 311 16 18 0.4990
683 333 14 15 0.4913
638 311 16 18 0.4620
412 320 17 17 0.4512
415 320 16 17 0.4140
507 335 15 16 0.3857
787 352 16 17 0.3846
799 402 17 18 0.3806
750 344 15 15 0.3565
444 322 15 17 0.3488
541 323 14 16 0.3478
685 333 15 15 0.3313
477 315 18 20 0.3311
834 325 20 23 0.3305
336 324 15 17 0.3188
568 337 16 21 0.3125
544 323 14 16 0.2960
195 314 19 21 0.2690
759 393 17 18 0.2685
79 299 20 22 0.2655
709 335 15 17 0.2348
329 388 17 19 0.2294
446 325 15 16 0.1510
464 326 14 17 0.1223
156 326 19 21 0.1131
768 337 14 16 0.0873
505 334 14 16 0.0868
463 316 15 19 0.0863
678 309 14 15 0.0787
740 322 12 14 0.0685
468 327 13 16 0.0649
255 386 19 19 0.0641
738 323 11 12 0.0625
541 325 15 16 0.0620
593 316 15 17 0.0533
216 327 17 17 0.0478
441 322 15 17 0.0460
463 311 14 17 0.0460
182 393 21 22 0.0414
375 326 16 19 0.0331
465 314 14 17 0.0304
686 308 17 18 0.0281
631 426 19 26 0.0257
568 306 18 18 0.0204
390 384 16 18 0.0196
770 336 14 16 0.0183
402 329 14 16 0.0177
774 332 15 15 0.0172
442 326 15 15 0.0171
294 309 17 20 0.0169
337 359 15 17 0.0144
654 373 12 12 0.0133
215 330 19 24 0.0133
278 312 12 14 0.0132
340 359 14 17 0.0125
657 334 18 19 0.0124
782 329 12 12 0.0117
789 329 14 14 0.0116
733 341 12 14 0.0108
510 336 15 17 0.0104
65 301 17 20 0.0101
