0_Parade_Parade_0_873
486
820 505 62 80 0.8797
982 462 42 71 0.8774
98 584 75 100 0.8495
401 322 27 35 0.8488
930 401 45 55 0.8469
319 461 49 61 0.8463
873 576 84 108 0.8417
453 525 68 83 0.8359
608 491 49 65 0.8337
726 482 48 67 0.8316
531 357 28 32 0.8279
664 605 63 79 0.8270
132 383 29 35 0.8217
716 406 33 44 0.8172
314 403 35 46 0.8150
277 373 23 27 0.8130
452 397 34 43 0.8124
150 409 34 40 0.8122
29 428 34 47 0.8120
11 361 28 31 0.8102
745 353 25 31 0.8050
300 354 23 25 0.8035
445 368 29 35 0.8033
853 325 24 30 0.8024
859 377 28 39 0.7972
932 296 22 28 0.7887
903 375 25 36 0.7871
818 318 23 28 0.7857
771 356 26 31 0.7791
559 425 33 51 0.7725
372 321 18 23 0.7708
625 332 20 29 0.7700
782 416 35 47 0.7688
337 369 27 29 0.7644
510 370 23 30 0.7582
481 309 18 23 0.7338
0 391 22 31 0.7301
86 455 49 54 0.7203
629 363 23 31 0.7178
147 480 38 62 0.7167
253 574 34 63 0.6958
80 369 23 29 0.6945
959 344 27 32 0.6938
793 314 16 22 0.6906
978 421 34 60 0.6855
188 358 18 22 0.6829
703 289 14 18 0.6800
994 309 20 26 0.6789
368 449 38 64 0.6632
897 348 28 33 0.6365
664 391 26 38 0.6331
787 343 21 25 0.6223
908 307 15 18 0.6193
665 391 26 38 0.6087
807 352 24 26 0.6014
1012 318 12 27 0.5879
743 312 21 28 0.5876
232 328 14 16 0.5866
983 280 16 19 0.5807
565 328 14 17 0.5794
17 524 41 52 0.5702
246 343 14 17 0.5682
216 353 15 19 0.5674
574 307 12 17 0.5650
933 269 14 18 0.5625
662 311 15 18 0.5501
196 405 27 36 0.5422
474 301 13 16 0.5362
808 263 12 16 0.5288
534 318 14 17 0.5219
774 395 28 41 0.5219
467 347 18 24 0.5180
212 310 17 19 0.5134
583 343 23 29 0.5130
670 361 22 30 0.5032
258 329 12 15 0.5003
524 337 16 21 0.4951
257 352 16 21 0.4932
501 344 17 19 0.4841
427 306 13 18 0.4809
922 274 12 15 0.4585
965 294 14 19 0.4566
1 327 11 16 0.4561
806 352 23 26 0.4485
737 299 16 20 0.4472
545 328 17 21 0.4399
460 316 13 16 0.4368
709 305 17 23 0.4366
34 335 16 19 0.4191
21 398 29 34 0.4189
460 332 14 17 0.4118
707 270 10 13 0.4093
895 347 27 34 0.4069
318 322 13 17 0.4026
61 334 15 19 0.4009
1016 271 8 14 0.3994
631 310 16 21 0.3974
633 310 17 20 0.3825
59 334 15 19 0.3807
872 269 11 12 0.3790
784 300 13 19 0.3755
968 295 14 17 0.3755
917 403 30 43 0.3726
240 369 22 28 0.3674
210 310 16 19 0.3668
500 321 14 18 0.3666
173 333 17 20 0.3650
23 297 13 17 0.3628
912 325 16 19 0.3607
981 294 17 19 0.3538
744 313 22 27 0.3520
430 306 13 17 0.3441
1000 293 17 21 0.3376
560 309 12 16 0.3350
25 297 13 17 0.3320
291 435 19 27 0.3315
668 361 21 29 0.3194
584 319 13 17 0.3192
531 301 11 13 0.3127
588 366 25 30 0.3096
502 321 15 19 0.3082
734 299 16 20 0.3047
292 333 12 15 0.2970
524 348 18 24 0.2950
710 270 10 13 0.2928
982 296 15 18 0.2926
459 316 11 15 0.2915
129 339 12 17 0.2912
272 318 13 15 0.2908
854 280 9 12 0.2891
557 309 12 15 0.2889
866 284 12 15 0.2824
241 369 20 25 0.2769
464 347 18 24 0.2738
221 416 27 31 0.2738
920 274 11 14 0.2653
154 328 12 15 0.2647
4 327 11 16 0.2642
1009 317 15 28 0.2547
856 280 10 13 0.2539
869 343 22 27 0.2528
875 269 10 12 0.2427
77 354 19 21 0.2421
914 324 18 21 0.2418
247 323 11 13 0.2392
261 329 12 15 0.2351
500 358 17 20 0.2350
1002 366 21 31 0.2338
321 322 12 17 0.2335
23 398 29 35 0.2308
581 344 22 27 0.2303
0 364 9 23 0.2256
248 343 14 18 0.2219
202 339 12 14 0.2210
316 382 16 21 0.2186
227 339 12 16 0.2169
787 300 14 19 0.2149
472 301 11 15 0.2119
532 318 13 17 0.2112
534 301 11 13 0.2112
998 365 23 31 0.2110
911 268 11 12 0.2095
590 366 26 31 0.2090
32 335 16 18 0.2084
587 365 22 30 0.2056
867 340 21 25 0.2046
443 351 20 25 0.2046
929 289 16 21 0.2039
175 333 17 21 0.1946
276 317 14 18 0.1938
502 358 18 24 0.1887
811 263 12 16 0.1768
48 333 12 17 0.1757
998 366 24 31 0.1743
707 305 16 22 0.1698
504 321 14 18 0.1670
260 351 17 24 0.1649
97 364 20 24 0.1630
236 328 12 15 0.1627
165 317 11 13 0.1626
289 333 11 15 0.1622
250 323 11 13 0.1561
806 291 14 16 0.1551
799 315 16 22 0.1547
743 278 13 15 0.1545
155 360 17 22 0.1525
504 344 17 19 0.1509
1002 293 18 23 0.1503
31 336 15 18 0.1491
916 411 31 41 0.1361
0 458 7 67 0.1361
788 344 22 27 0.1358
101 336 12 14 0.1304
869 304 17 20 0.1292
202 327 9 11 0.1281
935 269 15 19 0.1276
164 344 13 17 0.1265
127 340 10 15 0.1264
806 264 11 15 0.1240
98 350 16 21 0.1206
681 310 11 13 0.1194
225 338 12 16 0.1185
767 301 15 18 0.1176
0 455 6 63 0.1160
745 262 11 15 0.1159
681 311 13 17 0.1151
68 471 43 54 0.1149
831 298 11 12 0.1138
568 328 14 18 0.1127
190 357 18 23 0.1099
816 299 13 15 0.1089
908 268 10 12 0.1082
867 284 13 16 0.1070
192 405 27 36 0.1067
679 384 26 41 0.1064
100 346 13 15 0.1044
523 336 13 18 0.1033
758 256 8 10 0.1026
804 321 16 22 0.1004
249 307 10 11 0.0989
760 295 13 15 0.0985
811 298 14 18 0.0981
769 399 25 35 0.0950
587 322 16 18 0.0948
153 324 12 15 0.0944
863 284 13 16 0.0908
40 315 13 15 0.0905
1001 294 17 22 0.0895
151 328 12 15 0.0885
380 309 13 15 0.0883
378 309 12 15 0.0878
919 335 20 27 0.0868
660 310 14 18 0.0867
761 256 8 10 0.0858
763 296 13 14 0.0846
701 289 13 17 0.0836
1018 272 6 15 0.0812
681 392 25 37 0.0795
252 307 10 11 0.0789
77 397 22 28 0.0785
160 362 16 18 0.0779
685 309 11 14 0.0777
685 325 20 30 0.0762
98 336 12 13 0.0761
978 294 16 20 0.0754
660 310 14 18 0.0751
81 355 18 20 0.0746
686 332 22 29 0.0741
574 340 17 23 0.0733
314 381 15 21 0.0728
993 306 20 25 0.0723
832 298 12 13 0.0721
351 343 21 22 0.0714
172 333 14 18 0.0692
707 306 18 23 0.0687
161 345 13 16 0.0686
533 300 11 12 0.0682
425 329 12 16 0.0676
745 259 9 12 0.0675
589 364 25 32 0.0668
221 416 30 34 0.0645
146 480 37 61 0.0643
368 448 35 64 0.0634
443 347 17 20 0.0630
278 342 13 17 0.0624
549 428 27 43 0.0623
366 316 12 16 0.0583
531 300 10 12 0.0583
958 345 27 31 0.0577
990 277 13 16 0.0570
872 341 20 25 0.0536
784 260 8 10 0.0535
1001 365 22 32 0.0533
819 278 10 13 0.0527
478 310 17 22 0.0526
896 326 18 21 0.0526
549 335 17 21 0.0521
79 397 25 29 0.0518
589 320 14 19 0.0516
77 392 19 26 0.0512
154 356 17 24 0.0509
198 327 11 14 0.0489
505 357 18 22 0.0484
782 249 8 9 0.0482
259 349 15 20 0.0472
835 297 10 13 0.0472
331 369 21 24 0.0464
67 468 36 49 0.0464
156 327 13 15 0.0464
160 344 15 20 0.0461
279 348 17 22 0.0456
908 270 11 12 0.0430
16 342 14 18 0.0426
530 338 16 23 0.0423
201 326 9 11 0.0420
213 352 15 18 0.0418
684 313 15 18 0.0418
221 354 12 17 0.0417
27 324 12 14 0.0414
300 325 11 14 0.0403
77 368 24 30 0.0401
855 279 10 11 0.0401
991 310 18 23 0.0391
212 375 18 23 0.0387
784 343 21 25 0.0384
517 341 18 25 0.0381
259 328 12 15 0.0381
103 348 13 16 0.0379
924 338 20 24 0.0378
742 264 10 14 0.0372
347 348 21 24 0.0365
910 308 16 19 0.0362
225 335 13 14 0.0362
186 336 12 15 0.0355
981 281 14 17 0.0353
928 289 14 17 0.0350
78 350 14 14 0.0347
97 344 13 15 0.0342
0 360 7 21 0.0337
80 352 15 17 0.0335
567 326 14 17 0.0333
294 335 12 14 0.0333
926 398 35 48 0.0332
783 251 8 11 0.0323
828 297 13 15 0.0322
317 322 11 16 0.0316
269 344 15 20 0.0316
737 298 14 16 0.0314
937 270 14 16 0.0314
127 337 11 16 0.0313
445 392 28 42 0.0312
247 367 17 24 0.0307
812 294 11 14 0.0307
235 328 13 15 0.0306
327 312 9 12 0.0306
290 330 12 15 0.0303
920 273 11 14 0.0303
578 309 12 18 0.0302
350 347 24 26 0.0299
28 297 11 14 0.0290
892 343 20 27 0.0285
911 306 15 18 0.0284
802 294 14 17 0.0283
62 366 15 21 0.0283
750 262 10 13 0.0281
319 461 50 61 0.0279
786 256 8 12 0.0279
537 318 14 18 0.0276
873 300 14 16 0.0273
326 352 19 22 0.0273
164 379 21 25 0.0271
685 371 26 39 0.0269
746 275 12 14 0.0269
158 356 17 22 0.0263
919 397 29 44 0.0262
329 313 10 10 0.0262
794 345 20 27 0.0262
914 419 23 32 0.0260
758 301 15 21 0.0258
22 298 13 16 0.0257
214 412 25 32 0.0255
741 278 11 14 0.0253
349 345 17 19 0.0251
746 278 12 15 0.0248
160 383 26 29 0.0246
869 339 23 28 0.0246
960 268 11 12 0.0244
687 365 21 31 0.0241
757 256 9 10 0.0240
725 363 19 28 0.0239
232 303 9 9 0.0239
151 325 11 13 0.0239
44 315 12 15 0.0238
1000 295 21 30 0.0235
438 324 14 17 0.0229
956 385 34 39 0.0228
982 278 13 16 0.0228
217 416 28 33 0.0227
329 328 14 16 0.0226
781 249 7 9 0.0223
441 345 21 27 0.0222
989 276 11 14 0.0219
1013 332 10 29 0.0219
1012 272 12 15 0.0218
725 330 17 21 0.0215
780 250 8 10 0.0214
779 396 34 44 0.0213
757 254 8 9 0.0211
0 466 9 64 0.0210
922 341 20 25 0.0205
742 260 9 11 0.0205
463 315 13 17 0.0204
951 384 36 43 0.0204
683 323 15 24 0.0204
501 453 30 47 0.0204
546 424 28 42 0.0202
237 370 20 24 0.0201
780 301 12 16 0.0201
683 336 17 24 0.0198
347 368 21 28 0.0195
957 269 11 13 0.0193
569 394 27 34 0.0192
580 345 20 26 0.0190
65 468 30 46 0.0190
855 278 8 11 0.0189
697 403 27 37 0.0188
131 339 13 16 0.0186
992 275 12 13 0.0185
692 394 26 36 0.0182
570 393 25 30 0.0179
785 250 8 10 0.0179
104 367 17 24 0.0177
704 418 24 31 0.0176
439 344 15 19 0.0175
870 322 18 23 0.0175
874 317 19 24 0.0175
163 318 10 11 0.0175
580 311 12 17 0.0175
572 306 11 14 0.0172
909 266 10 11 0.0171
789 297 13 17 0.0171
439 352 20 25 0.0171
0 391 24 31 0.0170
633 309 15 20 0.0164
965 268 9 11 0.0163
706 289 14 17 0.0160
288 435 16 27 0.0159
873 304 18 21 0.0157
289 434 18 26 0.0156
249 370 17 25 0.0156
367 314 9 12 0.0156
0 432 14 48 0.0154
204 373 18 20 0.0154
361 325 14 17 0.0153
733 296 14 17 0.0153
74 367 20 27 0.0153
873 270 12 13 0.0152
202 365 18 23 0.0151
317 383 22 30 0.0150
315 354 18 23 0.0146
870 269 10 13 0.0145
872 322 22 25 0.0145
224 306 12 14 0.0143
65 473 31 46 0.0143
58 335 14 18 0.0140
313 323 14 17 0.0139
649 432 27 34 0.0136
130 342 14 18 0.0136
557 310 13 16 0.0136
124 366 20 26 0.0136
760 259 8 10 0.0136
906 307 13 17 0.0135
169 317 11 13 0.0133
1 372 16 34 0.0131
211 372 16 19 0.0131
0 456 12 64 0.0131
537 322 15 18 0.0131
269 316 11 12 0.0129
561 310 12 16 0.0129
248 305 9 9 0.0128
21 421 29 45 0.0125
974 424 28 54 0.0123
710 305 19 24 0.0119
458 331 13 18 0.0118
343 328 14 14 0.0118
317 322 13 17 0.0116
327 318 12 15 0.0116
654 433 25 32 0.0113
205 404 23 31 0.0113
252 575 36 64 0.0113
291 352 16 19 0.0112
104 334 11 13 0.0112
251 305 8 9 0.0112
331 337 16 18 0.0111
686 389 24 38 0.0111
3 324 13 17 0.0110
105 364 18 24 0.0107
432 361 25 34 0.0107
170 380 20 23 0.0107
437 389 27 37 0.0104
627 363 24 31 0.0103
931 270 14 17 0.0103
100 371 19 23 0.0102
154 366 20 25 0.0102
492 450 35 51 0.0101
784 298 12 17 0.0100
