0_Parade_marchingband_1_382
39
146 169 35 44 0.8628
802 123 38 41 0.8509
450 41 27 34 0.8308
339 103 31 36 0.8288
200 67 26 39 0.8275
932 72 20 26 0.7255
955 67 17 29 0.7167
767 0 30 17 0.6700
910 27 15 24 0.5924
906 64 17 26 0.5385
979 95 20 29 0.5360
997 21 13 20 0.5059
932 0 14 13 0.3368
998 97 16 27 0.2996
980 72 18 27 0.2926
1002 97 14 28 0.2464
981 75 20 28 0.2276
1003 97 15 27 0.1931
904 63 16 24 0.1600
995 21 11 19 0.1394
929 0 13 13 0.0981
914 28 15 23 0.0973
941 0 10 12 0.0943
1015 105 9 30 0.0536
976 94 18 29 0.0447
989 5 11 13 0.0441
1007 99 14 29 0.0415
903 65 15 25 0.0283
1001 92 17 28 0.0220
1007 5 9 12 0.0187
1013 79 11 27 0.0178
930 0 13 10 0.0152
1003 99 18 31 0.0137
1000 21 14 18 0.0133
987 4 11 13 0.0110
952 68 16 27 0.0110
981 96 20 28 0.0106
770 0 30 18 0.0102
978 71 16 22 0.0101
