0_Parade_marchingband_1_765
320
308 370 18 23 0.8134
906 383 19 22 0.8132
845 372 18 22 0.8129
90 323 18 23 0.8103
664 380 19 19 0.8063
370 369 17 22 0.8058
114 298 16 21 0.8001
807 322 14 18 0.7734
429 373 19 22 0.7727
140 273 15 17 0.7656
766 351 15 17 0.7640
728 382 18 21 0.7606
650 316 15 19 0.7535
728 312 15 18 0.7493
856 354 16 20 0.7460
833 298 15 16 0.7415
692 352 15 17 0.7415
624 348 15 17 0.7382
493 367 17 23 0.7271
405 309 16 20 0.7219
500 313 16 20 0.7160
151 381 19 20 0.7121
539 347 15 19 0.7048
369 290 14 18 0.6981
458 290 14 17 0.6928
689 295 14 18 0.6853
226 317 15 18 0.6706
613 381 16 22 0.6704
203 220 14 17 0.6493
500 263 13 17 0.6416
716 270 12 17 0.6399
894 266 13 17 0.6305
833 203 13 14 0.6297
780 221 12 14 0.6280
537 252 13 17 0.6252
872 246 14 15 0.6251
615 294 14 18 0.6081
232 198 13 16 0.5929
250 369 17 21 0.5915
769 293 13 16 0.5911
284 233 13 14 0.5813
745 251 12 15 0.5701
584 313 15 18 0.5552
665 210 12 16 0.5445
650 266 12 16 0.5432
316 305 16 19 0.5423
194 373 18 20 0.5411
256 344 16 18 0.5362
848 224 13 15 0.5249
745 203 11 13 0.5243
309 203 11 14 0.5217
284 148 11 14 0.5211
781 139 10 11 0.5030
675 247 13 15 0.5001
174 258 14 16 0.4987
804 252 12 15 0.4975
541 297 14 15 0.4947
475 214 12 13 0.4892
311 248 12 17 0.4878
286 289 13 18 0.4869
630 199 11 14 0.4867
352 342 16 21 0.4866
342 265 13 16 0.4840
556 376 18 23 0.4834
245 184 12 13 0.4810
503 233 12 15 0.4795
641 234 11 13 0.4783
540 208 12 14 0.4774
692 199 11 15 0.4748
384 204 11 13 0.4711
912 289 15 18 0.4706
454 341 16 21 0.4681
785 274 14 16 0.4675
784 383 17 19 0.4612
451 341 17 21 0.4584
717 153 10 13 0.4563
361 229 13 16 0.4550
332 217 11 15 0.4531
413 213 12 14 0.4500
605 210 11 13 0.4494
465 250 12 16 0.4489
441 234 12 16 0.4482
788 273 13 17 0.4477
251 267 14 18 0.4457
722 213 12 14 0.4425
350 184 11 13 0.4424
805 155 11 16 0.4419
443 234 13 16 0.4398
567 201 10 14 0.4383
757 189 11 14 0.4348
822 178 12 15 0.4345
568 234 11 13 0.4333
423 268 13 17 0.4330
763 229 11 14 0.4326
331 171 10 14 0.4268
600 189 10 12 0.4213
576 268 13 16 0.4199
741 160 10 13 0.4191
554 376 17 23 0.4189
485 190 10 13 0.4180
660 164 9 11 0.4176
571 234 11 13 0.4152
449 202 11 13 0.4143
328 171 10 14 0.4135
765 229 12 14 0.4135
343 150 9 12 0.4132
705 166 10 12 0.4131
468 250 12 16 0.4099
339 265 12 16 0.4098
456 173 10 13 0.4094
399 243 12 16 0.4089
792 149 10 12 0.4087
513 170 10 13 0.4081
260 173 11 13 0.4080
504 203 10 13 0.4074
258 345 16 17 0.4070
568 172 9 12 0.4062
506 233 11 15 0.4049
353 184 11 13 0.4039
422 190 11 13 0.4039
420 190 10 13 0.4031
602 189 10 13 0.4028
569 201 10 14 0.4010
541 187 10 13 0.4007
371 161 10 13 0.4006
760 188 10 14 0.3992
915 289 14 18 0.3985
197 373 17 20 0.3978
459 173 10 13 0.3973
597 164 10 12 0.3972
507 203 10 13 0.3968
571 172 9 12 0.3952
368 161 10 13 0.3951
318 305 16 19 0.3930
289 289 13 18 0.3922
487 190 10 12 0.3910
398 172 10 13 0.3907
654 189 10 12 0.3894
606 242 13 18 0.3893
273 161 10 13 0.3875
345 150 10 12 0.3856
544 187 9 13 0.3850
253 267 14 19 0.3850
607 210 11 13 0.3845
629 177 9 13 0.3830
802 155 11 15 0.3829
772 126 10 13 0.3809
549 165 9 13 0.3807
420 268 13 17 0.3790
416 213 11 14 0.3787
396 243 13 16 0.3779
510 170 10 12 0.3760
738 160 10 13 0.3756
262 172 11 14 0.3740
276 161 10 13 0.3732
632 199 11 14 0.3729
689 200 11 14 0.3720
657 164 10 11 0.3714
436 163 10 12 0.3707
705 231 12 15 0.3691
825 178 12 15 0.3686
682 181 9 12 0.3684
703 230 12 16 0.3683
551 165 9 12 0.3670
647 266 12 16 0.3653
406 149 10 12 0.3652
409 149 9 12 0.3642
301 142 10 12 0.3627
725 213 11 14 0.3622
434 163 10 12 0.3619
491 162 10 12 0.3607
523 146 10 12 0.3601
747 251 12 15 0.3592
309 129 10 12 0.3589
543 208 11 14 0.3588
314 248 12 17 0.3587
672 247 13 15 0.3580
365 229 12 16 0.3576
396 171 10 14 0.3567
578 268 13 17 0.3561
786 383 17 19 0.3555
463 147 9 11 0.3554
600 164 10 12 0.3547
801 251 12 16 0.3543
488 162 10 12 0.3510
248 369 16 21 0.3494
172 258 14 16 0.3474
628 153 10 11 0.3417
679 154 8 11 0.3401
775 126 9 13 0.3359
544 297 13 15 0.3355
730 181 10 12 0.3303
689 169 9 11 0.3297
478 213 11 13 0.3253
631 177 9 13 0.3253
677 154 8 11 0.3247
311 202 12 14 0.3219
571 151 9 11 0.3185
574 151 9 11 0.3182
789 149 10 12 0.3177
520 146 10 12 0.3177
685 181 9 12 0.3160
447 202 11 12 0.3152
664 211 11 14 0.3140
640 234 10 13 0.3085
715 153 10 13 0.3070
299 142 10 13 0.3047
851 224 12 15 0.3034
582 314 14 17 0.3029
732 181 10 12 0.2966
605 242 12 17 0.2961
611 381 16 22 0.2883
703 166 10 12 0.2871
713 191 10 13 0.2842
247 185 12 13 0.2818
711 191 10 12 0.2813
461 147 9 11 0.2780
235 198 12 16 0.2700
613 294 14 18 0.2649
782 319 11 13 0.2627
656 188 9 13 0.2469
298 141 11 13 0.2384
287 233 12 14 0.2381
627 153 9 11 0.2372
383 204 10 13 0.2289
652 189 10 12 0.2167
153 381 18 20 0.2121
503 263 12 17 0.2114
312 129 9 12 0.2087
202 220 12 16 0.1913
451 201 11 13 0.1870
836 203 12 14 0.1802
310 130 10 12 0.1603
608 242 13 18 0.1595
627 178 10 12 0.1555
608 242 13 17 0.1537
630 152 10 12 0.1417
465 147 9 11 0.1393
349 342 16 21 0.1365
400 172 10 12 0.1365
680 154 8 11 0.1353
495 367 17 23 0.1266
707 166 9 12 0.1244
714 270 12 17 0.1195
726 382 17 21 0.1142
701 320 11 14 0.1137
875 246 13 15 0.1126
771 293 14 16 0.1084
643 233 11 14 0.1012
334 218 11 14 0.1007
363 229 13 16 0.0950
781 141 8 11 0.0836
684 175 10 12 0.0814
580 268 12 15 0.0797
703 321 10 13 0.0771
785 318 11 14 0.0754
700 321 10 13 0.0750
350 342 16 21 0.0740
718 154 10 12 0.0650
542 347 15 19 0.0611
540 253 12 15 0.0576
892 266 12 16 0.0575
631 153 8 11 0.0574
312 130 10 12 0.0565
386 203 11 13 0.0518
536 252 12 16 0.0498
686 294 15 19 0.0493
733 181 10 12 0.0486
772 292 13 17 0.0482
786 382 17 20 0.0470
400 243 12 15 0.0469
668 211 12 15 0.0464
808 185 10 13 0.0456
438 163 10 12 0.0440
456 290 13 17 0.0402
503 313 15 19 0.0317
778 220 12 14 0.0284
487 162 9 13 0.0274
734 179 9 13 0.0268
699 319 11 14 0.0259
805 185 10 12 0.0255
224 317 14 18 0.0244
353 342 16 21 0.0238
283 203 10 11 0.0235
776 128 9 12 0.0232
703 231 12 15 0.0229
710 193 11 12 0.0228
622 348 14 17 0.0203
403 309 16 20 0.0202
747 204 10 12 0.0199
461 146 9 11 0.0198
386 205 11 13 0.0191
313 150 10 12 0.0188
534 160 9 11 0.0187
687 295 13 18 0.0187
331 218 10 15 0.0181
713 269 13 18 0.0177
421 152 11 13 0.0177
351 112 10 10 0.0177
354 113 9 10 0.0173
824 178 12 16 0.0172
335 216 10 15 0.0166
427 373 18 22 0.0145
330 217 11 14 0.0141
359 119 9 10 0.0141
438 164 10 12 0.0137
587 294 11 13 0.0136
354 118 10 12 0.0134
783 382 17 20 0.0131
570 171 10 12 0.0128
489 189 10 13 0.0125
627 155 9 11 0.0125
779 139 10 13 0.0124
859 355 15 20 0.0119
285 148 10 13 0.0111
575 153 8 10 0.0109
250 268 14 18 0.0107
714 192 11 12 0.0105
434 166 9 12 0.0105
822 210 11 12 0.0100
