0_Parade_Parade_0_478
100
843 475 15 19 0.6400
217 376 14 18 0.5130
910 478 11 13 0.3577
654 448 11 14 0.3304
27 356 12 13 0.3174
205 424 14 23 0.3098
203 424 14 22 0.2906
7 374 10 13 0.2437
10 375 10 12 0.2437
909 478 9 12 0.2083
913 478 10 13 0.2042
214 376 14 17 0.1934
444 406 10 14 0.1843
90 374 13 14 0.1833
447 406 11 13 0.1801
657 449 10 13 0.1715
615 446 9 11 0.1703
612 447 8 10 0.1695
47 373 10 13 0.1582
44 374 10 12 0.1508
32 357 9 12 0.1406
195 379 10 15 0.1187
117 348 10 11 0.0928
214 377 12 16 0.0880
115 348 9 11 0.0773
652 448 11 13 0.0756
838 475 14 18 0.0699
362 411 13 16 0.0620
367 411 11 15 0.0617
94 373 12 16 0.0591
633 471 10 13 0.0516
73 384 9 13 0.0513
93 377 12 14 0.0506
193 376 10 15 0.0482
88 375 11 12 0.0476
636 471 11 13 0.0461
76 384 10 14 0.0454
569 427 8 11 0.0445
572 427 9 12 0.0421
23 357 11 12 0.0413
119 348 10 12 0.0390
8 377 9 11 0.0369
492 424 8 11 0.0369
613 445 9 10 0.0333
455 418 8 9 0.0327
190 380 10 15 0.0313
476 424 8 10 0.0310
445 403 11 14 0.0298
694 461 9 13 0.0292
12 376 9 12 0.0286
1008 508 10 15 0.0272
175 373 11 15 0.0266
365 416 10 13 0.0258
489 423 8 12 0.0254
1011 507 10 17 0.0252
202 424 11 20 0.0252
455 415 8 11 0.0249
45 377 9 11 0.0246
630 458 9 12 0.0234
626 459 9 12 0.0231
762 459 7 9 0.0227
1014 528 10 16 0.0222
704 458 7 10 0.0220
750 496 9 16 0.0212
611 445 7 10 0.0211
202 426 12 20 0.0211
652 448 10 12 0.0206
765 458 8 8 0.0203
912 479 11 13 0.0198
1017 531 7 16 0.0196
833 475 11 15 0.0194
365 412 11 15 0.0194
260 395 10 12 0.0190
761 458 6 8 0.0190
474 423 8 10 0.0181
766 458 9 9 0.0181
691 462 8 12 0.0180
31 360 10 12 0.0180
617 446 8 10 0.0174
476 426 8 9 0.0167
466 421 7 10 0.0162
570 429 8 11 0.0161
261 393 8 9 0.0159
472 427 7 9 0.0152
702 456 8 11 0.0148
9 372 10 12 0.0146
909 480 10 12 0.0141
25 353 12 15 0.0139
728 459 7 10 0.0137
445 410 10 11 0.0136
310 414 14 26 0.0129
846 475 15 19 0.0127
574 429 8 10 0.0123
101 381 16 18 0.0121
492 422 8 11 0.0116
58 392 8 11 0.0112
55 392 8 10 0.0112
88 373 11 12 0.0108
268 393 7 8 0.0106
314 414 14 25 0.0102
