0_Parade_marchingband_1_695
148
574 97 59 67 0.8694
847 199 41 41 0.8667
184 212 41 46 0.8370
518 239 28 32 0.8280
753 269 26 29 0.8279
143 249 31 34 0.8115
79 270 24 29 0.7767
313 175 48 55 0.5384
280 167 15 22 0.4887
937 93 12 14 0.3853
878 112 9 11 0.2913
881 112 9 11 0.2899
976 267 24 26 0.2841
431 170 13 17 0.2805
705 152 9 11 0.2666
435 172 12 16 0.2600
478 178 11 14 0.2596
995 72 10 13 0.2573
966 86 11 12 0.2567
941 93 11 14 0.2511
992 71 10 14 0.2493
894 107 8 11 0.2433
907 108 9 11 0.2341
969 86 11 13 0.2230
263 178 15 18 0.2189
745 151 9 10 0.2171
828 146 9 11 0.2123
481 178 12 15 0.2071
910 110 9 11 0.2041
702 152 9 11 0.2032
825 146 9 11 0.2008
282 168 16 22 0.1914
259 178 14 19 0.1829
928 99 8 10 0.1690
891 107 8 11 0.1682
747 151 9 10 0.1564
743 152 8 9 0.1442
1015 115 9 14 0.1427
385 172 12 17 0.1355
719 142 8 10 0.1302
760 141 7 8 0.1231
1005 77 9 10 0.1196
312 175 48 54 0.1179
21 291 16 23 0.1062
763 141 7 9 0.1044
801 129 6 8 0.1007
797 129 7 8 0.1000
743 150 9 10 0.0973
1015 59 8 11 0.0935
17 291 14 22 0.0920
994 70 11 13 0.0910
925 99 9 9 0.0831
517 173 11 15 0.0808
771 146 7 8 0.0763
824 128 7 7 0.0734
430 172 13 16 0.0730
1013 58 8 10 0.0723
1010 99 10 13 0.0698
896 108 8 10 0.0684
689 153 8 9 0.0666
991 70 11 13 0.0654
570 140 21 29 0.0606
1008 99 9 13 0.0593
836 130 7 8 0.0580
526 186 12 14 0.0546
514 170 12 16 0.0540
557 149 11 14 0.0486
821 127 7 8 0.0467
747 150 9 10 0.0456
787 131 7 8 0.0427
965 84 10 12 0.0419
969 83 10 13 0.0418
521 174 11 14 0.0417
1008 115 10 13 0.0395
519 173 10 13 0.0394
1011 59 8 10 0.0379
702 152 9 11 0.0372
757 139 7 9 0.0360
438 171 11 15 0.0352
720 143 7 10 0.0352
800 128 7 8 0.0351
506 166 12 15 0.0347
419 176 9 12 0.0344
776 144 8 9 0.0344
848 124 7 8 0.0329
427 170 14 17 0.0325
564 148 12 17 0.0319
263 176 13 18 0.0319
796 128 6 8 0.0315
824 128 7 7 0.0311
703 151 8 11 0.0295
772 146 8 9 0.0294
740 151 8 8 0.0293
762 139 6 9 0.0289
1008 98 11 12 0.0289
826 147 9 11 0.0282
1011 117 11 15 0.0275
22 293 20 26 0.0265
17 293 17 26 0.0261
800 127 7 8 0.0260
765 167 11 12 0.0253
519 173 11 14 0.0246
939 94 12 14 0.0236
699 152 8 10 0.0231
777 145 7 9 0.0231
868 121 8 10 0.0228
907 106 8 10 0.0228
420 174 11 14 0.0224
762 167 10 12 0.0222
752 140 7 9 0.0221
523 187 11 13 0.0220
74 269 19 26 0.0218
848 124 7 8 0.0218
389 173 10 14 0.0217
255 178 10 16 0.0217
845 124 6 7 0.0217
1005 82 10 12 0.0216
385 170 11 16 0.0212
475 177 10 13 0.0205
276 223 22 26 0.0205
783 132 7 7 0.0191
259 181 15 20 0.0183
877 111 8 10 0.0181
570 149 19 25 0.0180
829 147 9 11 0.0178
826 146 9 11 0.0177
183 212 42 46 0.0177
387 171 13 18 0.0171
1014 119 9 15 0.0170
782 163 9 10 0.0168
25 292 19 24 0.0161
935 95 10 11 0.0160
689 152 7 9 0.0152
717 142 7 8 0.0145
533 183 12 14 0.0137
389 170 10 13 0.0132
1000 71 9 12 0.0129
556 147 10 14 0.0126
879 114 8 10 0.0125
932 80 8 9 0.0123
532 185 16 17 0.0120
74 269 10 17 0.0116
928 80 7 8 0.0113
788 129 6 8 0.0112
908 113 8 10 0.0111
867 120 8 10 0.0109
708 152 9 10 0.0109
567 152 16 21 0.0106
