0_Parade_Parade_0_639
140
639 575 46 68 0.8735
976 518 48 119 0.8615
591 99 29 34 0.8569
713 78 25 33 0.8459
339 205 34 45 0.8355
516 158 28 36 0.8348
437 271 28 32 0.8031
274 195 39 51 0.7720
807 442 13 19 0.5617
950 422 16 20 0.5056
967 475 37 67 0.4513
938 408 10 13 0.4432
823 437 12 15 0.4308
986 408 9 11 0.4245
702 446 10 12 0.4090
953 422 15 20 0.3943
883 428 14 16 0.3767
926 412 7 8 0.3588
752 449 11 12 0.3182
940 408 11 14 0.2885
912 436 11 14 0.2623
1012 418 10 15 0.2574
750 449 10 12 0.2556
826 437 12 15 0.2468
912 413 7 8 0.2347
881 427 13 15 0.2331
904 414 8 9 0.2309
687 452 12 15 0.2260
965 404 11 12 0.2209
1002 405 8 10 0.1674
1009 419 10 13 0.1612
968 404 9 11 0.1594
1001 405 8 9 0.1564
964 404 10 11 0.1539
935 431 13 16 0.1499
980 417 10 15 0.1449
424 288 20 23 0.1426
969 404 10 12 0.1421
839 427 8 11 0.1417
917 435 11 15 0.1405
1004 404 8 9 0.1337
546 200 17 25 0.1232
688 0 26 12 0.1198
906 413 8 9 0.1181
842 427 8 11 0.1135
983 418 10 15 0.1130
1005 405 8 11 0.1087
989 395 8 9 0.1041
988 395 7 7 0.0979
836 447 10 15 0.0908
823 466 14 16 0.0864
903 414 9 10 0.0847
740 442 8 9 0.0814
339 206 34 44 0.0797
738 444 8 9 0.0750
839 449 11 14 0.0709
736 442 8 9 0.0700
684 452 13 15 0.0664
807 440 12 17 0.0651
826 465 12 16 0.0637
776 445 9 11 0.0610
694 0 24 12 0.0580
690 453 11 14 0.0571
984 409 9 11 0.0535
1009 418 10 13 0.0532
920 254 6 8 0.0504
779 445 9 12 0.0498
458 498 12 17 0.0495
811 444 11 16 0.0485
822 464 14 17 0.0468
926 412 8 9 0.0459
923 253 7 9 0.0458
822 432 9 11 0.0417
912 412 6 7 0.0414
686 453 12 15 0.0405
924 412 6 8 0.0383
572 290 22 26 0.0379
285 222 30 37 0.0374
904 415 9 10 0.0366
828 466 12 16 0.0361
888 429 12 16 0.0350
987 395 8 9 0.0349
670 450 11 14 0.0302
928 411 10 12 0.0300
676 446 8 9 0.0297
842 428 8 11 0.0283
880 428 11 12 0.0281
992 395 7 8 0.0280
843 471 10 14 0.0280
671 447 8 9 0.0272
670 453 12 14 0.0266
908 436 11 13 0.0264
929 433 12 15 0.0261
805 442 12 16 0.0254
700 447 9 12 0.0247
700 446 9 11 0.0245
777 444 9 12 0.0236
880 429 13 14 0.0230
1003 402 7 9 0.0227
783 428 7 9 0.0227
895 544 28 80 0.0196
867 458 12 17 0.0188
786 428 7 9 0.0173
940 425 11 15 0.0171
1014 426 8 16 0.0163
824 439 11 13 0.0160
666 0 20 8 0.0159
875 414 8 10 0.0157
429 284 20 23 0.0157
541 198 19 26 0.0156
905 412 5 7 0.0156
342 482 10 14 0.0155
846 426 7 10 0.0154
825 464 13 16 0.0151
813 431 9 11 0.0149
785 429 7 8 0.0147
673 447 8 10 0.0146
734 443 8 10 0.0140
865 459 11 16 0.0140
604 442 12 15 0.0130
964 396 7 8 0.0130
23 20 7 9 0.0128
1007 427 10 14 0.0127
882 426 9 10 0.0126
674 0 31 11 0.0125
455 497 13 17 0.0124
749 447 11 12 0.0122
29 90 7 9 0.0116
986 395 7 8 0.0114
538 417 12 17 0.0113
836 426 8 10 0.0112
699 447 9 10 0.0109
781 428 7 9 0.0109
345 482 10 14 0.0106
27 91 7 8 0.0105
728 454 11 12 0.0105
31 90 7 9 0.0105
20 19 8 10 0.0103
707 737 155 31 0.0102
578 290 21 24 0.0100
