0_Parade_Parade_0_472
138
321 115 41 51 0.8719
60 137 32 35 0.8605
512 128 34 45 0.8505
602 263 46 55 0.8084
932 226 18 25 0.7495
561 134 17 28 0.7359
654 167 17 23 0.6450
707 109 22 24 0.6397
973 145 19 21 0.6027
403 128 28 31 0.6022
742 117 15 27 0.5341
628 161 18 21 0.5320
642 119 13 25 0.5296
832 115 16 27 0.5077
600 218 14 26 0.4599
215 238 14 18 0.4364
815 120 16 25 0.4293
785 162 13 26 0.3584
800 222 17 22 0.3501
354 280 41 44 0.2942
946 149 17 22 0.2895
631 161 18 21 0.2772
791 125 20 27 0.2619
949 151 16 21 0.2607
257 291 14 16 0.2494
797 221 16 23 0.2318
732 118 16 23 0.2258
675 124 16 21 0.2196
705 109 21 24 0.2167
747 118 14 27 0.1995
784 161 12 26 0.1827
842 169 17 27 0.1741
918 144 16 19 0.1696
990 140 17 21 0.1689
238 277 13 17 0.1521
836 116 16 27 0.1462
250 157 10 12 0.1286
787 161 13 25 0.1280
254 157 9 13 0.1257
688 134 14 26 0.1253
0 193 11 17 0.1171
657 167 17 24 0.1164
645 119 14 25 0.1132
261 291 12 16 0.1097
234 277 13 17 0.1077
988 136 18 24 0.1015
219 264 13 17 0.0949
0 192 9 15 0.0931
976 144 19 22 0.0911
222 183 9 12 0.0864
690 136 15 25 0.0820
212 237 14 18 0.0812
812 121 15 23 0.0751
678 126 16 24 0.0746
225 183 10 13 0.0733
951 149 16 22 0.0695
252 155 9 13 0.0644
789 163 12 25 0.0609
844 173 17 25 0.0569
114 178 17 23 0.0527
122 268 14 16 0.0487
826 147 15 22 0.0481
1018 182 6 29 0.0479
596 155 21 25 0.0474
602 262 46 55 0.0474
610 155 18 23 0.0441
249 156 9 12 0.0429
683 137 15 24 0.0423
984 136 19 25 0.0422
1019 187 5 28 0.0417
247 179 9 13 0.0410
801 180 21 24 0.0400
953 151 16 21 0.0399
820 145 16 24 0.0388
872 238 16 21 0.0378
113 175 15 23 0.0375
731 125 14 19 0.0374
2 247 7 9 0.0370
825 151 19 27 0.0366
730 112 14 21 0.0364
791 122 17 27 0.0345
223 264 12 16 0.0335
820 150 20 26 0.0334
915 144 13 17 0.0330
234 279 15 20 0.0312
915 139 15 21 0.0312
804 192 19 21 0.0287
827 115 16 28 0.0274
876 238 15 21 0.0269
994 219 15 20 0.0268
693 133 16 25 0.0265
249 179 9 12 0.0265
922 142 17 21 0.0257
591 155 18 25 0.0253
597 219 13 24 0.0252
818 122 16 24 0.0247
224 181 10 12 0.0247
120 268 13 16 0.0237
239 280 16 19 0.0234
220 238 11 15 0.0216
602 262 47 55 0.0210
251 181 8 11 0.0210
695 132 18 24 0.0208
0 246 7 10 0.0202
220 182 10 11 0.0201
167 180 14 20 0.0198
221 270 13 17 0.0194
847 167 20 27 0.0191
237 189 11 14 0.0177
252 198 11 18 0.0176
672 124 14 20 0.0174
842 244 15 20 0.0169
833 78 14 17 0.0167
123 270 13 16 0.0166
788 128 16 23 0.0164
173 181 16 21 0.0163
968 210 16 22 0.0156
236 274 13 17 0.0152
237 191 11 14 0.0150
121 178 17 23 0.0150
212 239 14 18 0.0140
797 128 17 24 0.0137
837 168 15 27 0.0136
824 156 19 28 0.0133
745 120 14 26 0.0131
241 185 12 16 0.0130
794 127 20 29 0.0128
607 173 18 22 0.0128
120 175 14 22 0.0124
242 258 11 13 0.0120
949 145 18 23 0.0117
216 266 13 18 0.0115
601 169 21 25 0.0115
832 242 16 21 0.0112
830 73 14 19 0.0111
991 219 14 19 0.0111
260 293 13 16 0.0109
29 284 13 15 0.0103
