0_Parade_marchingband_1_881
126
140 256 13 16 0.6018
637 163 18 30 0.5033
722 180 18 34 0.4969
890 196 20 28 0.4681
51 233 11 15 0.4564
95 239 11 15 0.4241
337 159 19 33 0.3905
98 239 11 15 0.3519
571 204 9 11 0.3290
568 204 10 11 0.3286
539 284 9 12 0.3165
229 214 10 12 0.3152
226 214 9 12 0.3136
184 213 11 12 0.3102
281 205 10 14 0.3054
718 181 20 33 0.2884
278 205 9 13 0.2855
25 218 8 10 0.2738
79 216 9 11 0.2645
243 261 9 13 0.2563
999 260 10 12 0.2557
332 159 21 33 0.2497
187 213 12 12 0.2495
537 284 9 12 0.2471
54 234 11 14 0.2393
541 284 9 12 0.2340
7 216 10 13 0.2256
800 218 7 9 0.2151
76 216 9 11 0.2127
144 257 11 15 0.2025
10 216 10 13 0.2021
1002 260 10 12 0.1943
775 210 7 11 0.1932
797 218 7 9 0.1853
962 261 9 12 0.1793
772 211 7 10 0.1792
937 271 8 9 0.1777
239 261 10 13 0.1632
939 270 8 10 0.1615
966 261 8 11 0.1604
194 297 11 13 0.1510
244 263 9 13 0.1409
882 196 21 30 0.1373
240 263 9 14 0.1274
1001 262 9 11 0.1272
186 211 12 13 0.1266
22 217 8 11 0.1260
81 216 9 11 0.1165
183 211 11 13 0.1165
776 212 7 10 0.0991
773 212 7 10 0.0984
199 297 10 12 0.0979
933 221 10 13 0.0962
49 233 11 15 0.0935
935 271 8 9 0.0932
930 221 10 12 0.0855
224 299 9 11 0.0770
964 263 9 11 0.0697
982 262 8 10 0.0666
967 263 9 11 0.0653
939 273 7 9 0.0641
796 216 7 10 0.0630
227 299 9 11 0.0581
77 215 8 11 0.0557
180 317 13 12 0.0535
195 299 12 14 0.0528
958 271 8 10 0.0511
298 189 12 15 0.0491
228 212 9 12 0.0488
1002 260 11 11 0.0477
800 215 7 10 0.0475
225 301 9 11 0.0458
8 216 11 12 0.0457
980 261 8 11 0.0451
799 217 7 9 0.0449
775 211 8 10 0.0423
999 256 9 9 0.0409
979 259 8 11 0.0390
228 301 9 10 0.0342
1004 262 9 10 0.0339
8 214 8 11 0.0335
961 262 9 11 0.0326
936 271 8 9 0.0294
895 199 16 25 0.0284
18 214 9 11 0.0282
876 197 15 27 0.0273
979 252 8 10 0.0271
26 218 8 10 0.0263
240 261 10 14 0.0257
900 198 12 20 0.0253
975 245 8 10 0.0219
931 224 9 11 0.0216
200 299 10 13 0.0211
179 287 11 13 0.0205
935 273 8 8 0.0202
225 213 9 11 0.0200
541 284 8 11 0.0193
935 223 10 12 0.0190
936 268 8 10 0.0189
81 215 9 11 0.0188
181 289 11 13 0.0186
246 260 8 12 0.0184
878 198 19 28 0.0182
300 187 16 19 0.0181
983 274 7 10 0.0180
50 236 10 13 0.0171
644 164 14 28 0.0165
80 214 9 11 0.0163
943 226 9 12 0.0155
987 276 7 10 0.0153
961 263 9 11 0.0152
889 193 20 28 0.0150
963 254 9 9 0.0147
537 287 9 11 0.0142
282 204 11 14 0.0141
932 218 9 12 0.0139
568 209 9 11 0.0134
900 195 11 19 0.0134
54 234 11 15 0.0133
946 272 7 10 0.0131
184 316 12 14 0.0129
798 220 7 8 0.0121
185 212 12 13 0.0121
138 256 12 15 0.0118
231 213 9 11 0.0117
192 296 10 12 0.0109
