0_Parade_marchingband_1_267
170
166 245 34 40 0.8646
511 235 26 31 0.8606
468 223 31 37 0.8580
356 235 25 32 0.8506
316 222 25 34 0.8501
426 203 25 32 0.8312
583 180 20 25 0.8296
585 226 26 32 0.8270
506 195 22 26 0.8185
550 180 20 23 0.8091
625 175 17 21 0.7593
804 140 17 18 0.6966
831 146 15 15 0.6954
711 164 17 21 0.6565
565 138 17 17 0.6376
653 196 20 24 0.6187
681 144 15 16 0.6170
678 199 17 23 0.5781
704 187 19 26 0.5515
587 142 15 15 0.5420
704 149 12 13 0.5170
924 145 15 19 0.5107
607 210 21 26 0.4939
648 156 15 18 0.4922
664 149 12 14 0.4757
764 154 12 14 0.4004
633 149 12 14 0.3784
761 154 13 14 0.3722
0 218 29 47 0.3589
776 150 10 12 0.3470
898 122 9 11 0.3417
927 145 15 19 0.3415
0 218 29 47 0.3120
735 145 12 15 0.2992
636 149 12 15 0.2939
645 156 15 18 0.2914
845 131 11 12 0.2906
985 112 7 8 0.2661
589 142 15 16 0.2631
408 118 8 9 0.2508
708 187 18 25 0.2463
405 118 8 9 0.2395
738 146 13 15 0.2263
508 113 7 9 0.2225
616 105 11 13 0.2196
474 198 20 21 0.2187
511 113 8 9 0.2152
972 112 6 7 0.2130
895 122 9 10 0.2116
788 138 10 12 0.2115
568 138 16 17 0.2069
438 112 7 8 0.2060
713 164 17 22 0.2026
637 105 9 10 0.1966
491 105 8 10 0.1953
884 120 8 10 0.1803
657 196 18 23 0.1758
618 106 12 12 0.1741
983 112 6 8 0.1730
794 137 10 12 0.1716
847 132 11 12 0.1704
435 112 8 8 0.1647
936 105 6 7 0.1633
964 112 6 7 0.1617
849 131 10 11 0.1613
935 105 5 7 0.1592
880 121 8 10 0.1529
487 92 6 8 0.1491
440 112 8 9 0.1469
707 149 11 13 0.1458
620 105 11 12 0.1435
882 119 8 10 0.1431
484 92 6 8 0.1429
638 106 9 10 0.1401
938 105 6 7 0.1341
493 106 8 9 0.1323
916 121 9 11 0.1263
880 120 7 9 0.1216
478 107 7 8 0.1192
409 118 7 10 0.1165
604 210 19 25 0.1147
964 133 10 13 0.1099
435 111 8 9 0.1034
806 140 17 19 0.1027
406 119 7 9 0.1006
960 111 7 8 0.1004
477 197 20 22 0.0894
988 144 9 14 0.0890
775 149 11 12 0.0792
913 116 8 10 0.0773
968 133 10 13 0.0773
613 107 10 11 0.0730
623 106 10 11 0.0708
984 145 8 12 0.0707
985 143 9 13 0.0659
916 115 8 10 0.0647
966 111 6 8 0.0641
976 112 6 7 0.0562
962 131 10 13 0.0557
582 96 8 10 0.0547
585 96 8 9 0.0547
880 121 9 10 0.0538
611 106 10 11 0.0534
680 143 13 16 0.0519
737 144 12 13 0.0482
509 111 7 9 0.0471
899 123 8 9 0.0456
646 156 15 17 0.0452
684 144 14 15 0.0449
1003 111 6 7 0.0448
701 149 11 13 0.0445
776 148 11 12 0.0440
643 104 8 9 0.0427
901 122 9 10 0.0421
487 93 7 9 0.0421
705 188 20 25 0.0413
484 93 6 9 0.0412
962 112 7 8 0.0412
440 110 7 9 0.0395
982 112 6 8 0.0381
461 117 6 8 0.0379
843 132 11 12 0.0377
616 157 10 11 0.0350
734 144 12 14 0.0345
439 112 7 9 0.0341
749 144 10 12 0.0335
584 94 7 9 0.0334
829 146 12 14 0.0325
581 94 8 9 0.0322
463 118 7 7 0.0314
966 131 10 12 0.0309
680 199 21 24 0.0306
793 137 9 11 0.0301
744 145 10 13 0.0299
850 132 10 11 0.0298
984 144 9 12 0.0291
432 110 7 9 0.0279
619 158 10 10 0.0277
940 106 7 8 0.0245
1000 110 7 8 0.0221
786 138 9 10 0.0218
702 148 11 12 0.0212
645 105 7 8 0.0203
641 104 8 9 0.0196
835 145 13 15 0.0193
663 148 10 12 0.0181
934 105 7 7 0.0180
464 117 7 8 0.0174
487 92 7 9 0.0174
993 140 10 13 0.0171
513 113 7 9 0.0168
599 90 7 8 0.0160
938 132 10 11 0.0149
860 91 7 7 0.0140
954 103 7 7 0.0140
698 190 18 24 0.0136
471 105 7 9 0.0134
410 117 8 9 0.0127
459 118 6 8 0.0127
924 118 8 9 0.0124
513 114 7 9 0.0122
802 141 15 17 0.0121
863 91 7 7 0.0121
948 118 8 10 0.0118
508 115 8 9 0.0114
954 99 6 7 0.0113
620 104 9 10 0.0108
990 144 10 13 0.0107
592 142 12 15 0.0105
679 145 12 15 0.0100
