0_Parade_marchingband_1_355
27
690 103 42 52 0.8703
816 178 29 35 0.8655
562 87 30 41 0.8519
887 107 27 34 0.8468
453 111 27 35 0.8389
354 104 22 29 0.8147
905 83 23 32 0.5827
816 177 29 36 0.2072
961 105 15 23 0.1188
965 105 15 23 0.0583
983 167 18 25 0.0568
324 127 10 14 0.0542
538 114 13 18 0.0537
323 125 9 14 0.0314
321 129 8 11 0.0244
910 84 22 30 0.0242
540 112 10 13 0.0224
656 105 14 22 0.0217
329 126 13 16 0.0200
984 172 18 25 0.0195
659 105 16 22 0.0164
321 127 9 13 0.0158
327 124 11 16 0.0150
963 108 16 24 0.0146
1008 100 16 32 0.0145
437 48 9 14 0.0133
438 49 10 15 0.0104
