0_Parade_Parade_0_850
96
484 299 23 30 0.8348
941 286 28 34 0.8284
249 314 20 25 0.8268
833 295 29 38 0.8251
152 315 18 20 0.8235
748 305 23 27 0.8190
187 316 16 19 0.8085
363 313 22 25 0.8076
72 320 17 18 0.7937
124 319 15 18 0.7864
858 335 16 18 0.5593
623 290 29 35 0.5434
989 328 13 18 0.5312
33 320 15 16 0.5241
542 335 12 14 0.5175
49 325 10 13 0.4715
271 314 12 16 0.4322
31 320 15 16 0.3927
621 289 32 37 0.3800
992 328 13 18 0.2717
545 335 11 14 0.2681
407 327 5 7 0.2181
51 326 11 13 0.2062
408 327 6 7 0.1957
391 330 8 10 0.1782
410 327 6 7 0.1744
427 329 5 7 0.1693
428 329 6 7 0.1655
862 335 15 17 0.1595
394 330 8 9 0.1461
430 328 6 7 0.1357
681 336 7 8 0.1294
3 325 8 11 0.1199
431 328 6 7 0.1107
270 312 12 16 0.1066
679 336 6 8 0.1047
683 336 7 8 0.0903
6 327 9 10 0.0863
274 314 12 15 0.0829
5 328 8 11 0.0776
514 328 6 8 0.0771
516 329 6 8 0.0701
12 339 12 14 0.0664
707 332 7 9 0.0648
7 329 10 11 0.0596
518 327 6 9 0.0531
605 299 18 23 0.0474
704 333 7 8 0.0453
85 322 11 15 0.0434
204 328 11 14 0.0429
842 335 11 12 0.0414
273 313 11 14 0.0413
682 337 7 8 0.0400
860 335 15 18 0.0378
518 329 7 8 0.0373
40 308 10 12 0.0358
681 335 5 8 0.0336
878 335 10 12 0.0314
539 305 5 7 0.0286
89 326 11 14 0.0280
680 334 6 8 0.0269
536 306 5 6 0.0254
678 338 6 7 0.0248
59 325 12 14 0.0237
10 338 12 14 0.0223
231 327 11 13 0.0217
205 322 10 14 0.0215
537 305 5 6 0.0213
611 293 29 33 0.0211
583 296 8 12 0.0210
157 315 16 21 0.0205
534 305 5 7 0.0196
705 333 6 8 0.0194
412 326 6 8 0.0190
577 295 5 7 0.0187
230 325 10 12 0.0186
511 329 8 9 0.0181
574 295 5 7 0.0180
576 294 5 7 0.0167
582 303 7 8 0.0163
573 294 5 6 0.0156
48 327 10 13 0.0154
526 340 7 8 0.0153
845 336 9 12 0.0152
709 332 10 12 0.0152
1018 344 6 14 0.0149
394 330 8 10 0.0139
548 305 6 7 0.0134
5 322 9 12 0.0133
130 320 11 16 0.0127
44 309 9 10 0.0127
284 295 6 8 0.0126
106 340 12 13 0.0122
79 308 12 15 0.0107
111 322 11 14 0.0105
54 323 11 12 0.0104
