0_Parade_Parade_0_29
95
540 166 62 69 0.8772
977 185 35 41 0.8664
316 229 30 40 0.8627
237 232 24 29 0.8625
800 167 41 47 0.8465
421 246 20 21 0.7952
160 248 18 19 0.7773
487 232 16 19 0.7663
584 239 26 28 0.7569
192 238 21 23 0.7428
293 240 14 16 0.7422
140 246 14 16 0.7362
746 239 22 27 0.7269
859 233 19 21 0.6871
355 238 16 19 0.6743
704 242 17 21 0.6374
512 242 13 15 0.6318
119 242 12 13 0.5266
219 248 11 14 0.4172
647 238 8 10 0.3408
670 239 7 9 0.3314
705 242 18 21 0.3285
650 238 7 10 0.3243
589 239 23 26 0.2946
799 167 43 47 0.2744
693 245 12 16 0.2593
680 237 8 11 0.2389
122 242 12 13 0.2344
691 245 12 15 0.2333
861 233 19 21 0.2039
667 239 7 9 0.2014
409 239 13 19 0.1682
376 251 8 10 0.1647
459 247 9 10 0.1574
195 238 20 22 0.1397
677 237 8 10 0.1373
462 248 8 9 0.1282
76 251 7 8 0.1264
515 243 11 14 0.1236
615 251 12 15 0.1114
101 247 9 9 0.1101
73 252 6 7 0.1045
104 248 9 11 0.1019
690 247 10 13 0.0958
101 248 8 9 0.0872
179 255 11 12 0.0863
87 244 7 7 0.0863
222 249 11 15 0.0844
380 251 8 10 0.0722
708 242 16 20 0.0602
216 248 12 13 0.0599
457 247 8 10 0.0585
745 240 19 26 0.0571
407 241 10 14 0.0537
362 241 11 13 0.0536
280 255 11 12 0.0517
619 251 10 14 0.0459
443 251 9 12 0.0443
380 251 7 9 0.0441
462 246 10 11 0.0441
746 239 20 27 0.0378
388 249 8 12 0.0349
388 251 8 10 0.0329
669 239 7 10 0.0306
584 239 26 27 0.0300
454 250 9 9 0.0291
453 238 7 8 0.0277
117 244 10 11 0.0255
456 238 7 9 0.0251
264 254 9 12 0.0235
138 246 14 16 0.0227
617 248 12 14 0.0222
695 244 13 15 0.0219
426 248 17 19 0.0192
359 238 16 21 0.0191
471 248 8 9 0.0191
649 238 7 9 0.0190
78 250 6 8 0.0190
180 257 11 13 0.0183
70 239 6 7 0.0181
278 256 14 15 0.0174
215 246 13 16 0.0172
72 237 7 8 0.0140
68 237 7 8 0.0134
411 243 16 20 0.0128
61 250 6 6 0.0122
298 239 12 18 0.0122
1012 184 12 27 0.0119
73 239 6 7 0.0114
1013 8 11 20 0.0112
1 242 5 8 0.0112
60 248 6 7 0.0108
683 236 7 10 0.0105
137 247 13 15 0.0104
445 256 8 10 0.0103
