0_Parade_marchingband_1_227
193
916 142 40 49 0.8289
462 136 28 38 0.8147
175 106 24 31 0.8132
288 139 24 31 0.8057
599 132 22 29 0.7902
845 122 30 38 0.7843
416 112 20 30 0.7670
719 97 35 41 0.7663
561 84 18 24 0.7118
512 107 23 29 0.6973
292 100 21 27 0.6873
489 96 19 26 0.5766
790 87 21 26 0.5411
36 91 15 18 0.5104
151 103 16 21 0.4416
70 93 18 25 0.4294
250 94 18 25 0.4276
44 117 18 24 0.3802
0 83 10 20 0.3738
347 103 17 22 0.3702
329 90 15 20 0.3672
379 95 14 19 0.3638
41 118 18 23 0.3262
253 94 18 25 0.3090
168 76 13 17 0.2813
249 81 18 21 0.2630
132 90 12 15 0.2551
215 74 11 15 0.2427
775 129 18 23 0.2266
136 91 11 14 0.2171
150 92 13 15 0.2156
492 96 18 27 0.2130
506 82 16 20 0.2054
639 101 14 19 0.2044
246 81 18 21 0.2026
325 90 15 20 0.2022
362 91 14 18 0.1984
351 104 16 21 0.1855
590 91 8 12 0.1775
67 94 18 23 0.1746
600 85 11 13 0.1496
943 105 23 25 0.1463
188 85 13 16 0.1451
637 93 12 15 0.1397
529 94 13 18 0.1272
771 129 18 23 0.1270
99 95 17 21 0.1268
61 72 12 16 0.1257
502 82 18 20 0.1256
211 74 12 15 0.1242
7 106 16 21 0.1218
610 108 15 19 0.1104
102 100 16 18 0.1088
2 106 17 22 0.1016
533 94 12 17 0.1015
216 75 11 15 0.1006
586 91 9 13 0.0990
309 94 14 20 0.0983
0 85 13 20 0.0943
433 102 13 17 0.0943
588 90 9 12 0.0896
605 106 16 20 0.0888
57 71 13 17 0.0854
944 110 23 27 0.0850
212 75 11 15 0.0834
397 101 14 17 0.0833
522 85 12 15 0.0817
370 92 15 19 0.0684
619 93 12 15 0.0672
129 88 12 16 0.0646
432 100 12 17 0.0622
27 111 14 17 0.0584
29 114 14 18 0.0578
633 93 12 15 0.0556
514 107 22 29 0.0539
366 85 15 21 0.0530
362 89 16 20 0.0517
165 75 12 16 0.0511
475 91 12 15 0.0501
34 91 13 18 0.0494
298 101 18 26 0.0493
649 86 10 13 0.0486
93 80 14 19 0.0478
133 89 13 16 0.0478
518 85 15 20 0.0470
265 91 14 21 0.0459
394 98 13 18 0.0455
5 106 17 24 0.0434
30 111 16 20 0.0430
1 84 14 19 0.0426
424 94 15 20 0.0421
749 101 21 23 0.0417
657 103 13 18 0.0409
645 86 10 13 0.0400
63 76 12 16 0.0395
635 101 13 18 0.0374
185 86 14 17 0.0360
619 91 12 14 0.0354
610 112 18 23 0.0349
191 87 13 16 0.0343
376 99 14 17 0.0338
98 83 15 18 0.0337
662 104 13 17 0.0322
172 77 13 16 0.0322
71 73 12 14 0.0315
949 103 23 28 0.0308
619 90 10 13 0.0307
380 85 15 20 0.0303
148 90 11 14 0.0296
678 95 11 14 0.0288
134 89 10 14 0.0281
450 94 10 12 0.0275
361 87 15 20 0.0273
0 78 9 13 0.0263
470 90 12 15 0.0260
785 88 20 26 0.0259
59 76 11 15 0.0257
617 109 14 18 0.0253
662 89 10 12 0.0253
154 91 12 15 0.0247
507 85 19 23 0.0244
334 90 14 19 0.0243
592 88 12 16 0.0242
797 88 19 25 0.0242
41 93 11 16 0.0236
34 91 14 18 0.0234
602 86 11 13 0.0234
148 104 14 19 0.0233
938 106 20 23 0.0228
105 89 15 19 0.0219
311 92 14 20 0.0217
585 88 9 13 0.0205
382 98 13 18 0.0203
419 89 13 17 0.0201
982 149 24 27 0.0198
25 59 11 14 0.0197
645 88 12 15 0.0195
328 86 14 20 0.0192
422 87 13 16 0.0190
67 96 18 23 0.0186
155 104 17 22 0.0182
385 92 14 18 0.0181
538 92 12 17 0.0179
256 89 17 25 0.0176
471 115 18 22 0.0173
172 76 10 13 0.0170
108 101 13 17 0.0167
446 92 11 15 0.0165
33 112 14 18 0.0160
534 90 11 15 0.0158
93 74 11 14 0.0155
817 105 17 23 0.0153
107 87 12 14 0.0152
94 93 16 22 0.0151
72 95 17 24 0.0150
264 88 13 16 0.0141
665 91 10 12 0.0141
59 70 12 14 0.0139
107 93 13 18 0.0139
951 110 20 25 0.0138
967 183 19 22 0.0137
455 92 10 13 0.0136
292 75 9 11 0.0136
474 108 15 18 0.0136
11 111 16 19 0.0134
288 74 10 12 0.0134
817 109 22 28 0.0133
748 99 19 23 0.0132
239 95 11 14 0.0132
936 110 27 32 0.0130
242 83 14 18 0.0126
347 97 15 19 0.0124
989 150 21 27 0.0122
3 111 16 20 0.0119
273 75 12 15 0.0118
633 91 11 13 0.0116
184 87 14 17 0.0115
971 147 26 30 0.0114
228 106 15 20 0.0113
4 83 13 18 0.0113
1018 132 6 33 0.0112
471 89 10 13 0.0112
379 56 13 15 0.0111
388 87 12 16 0.0111
601 84 8 10 0.0110
469 111 16 20 0.0109
942 101 29 35 0.0109
97 101 15 17 0.0109
439 101 12 16 0.0109
749 111 21 27 0.0109
415 84 13 16 0.0105
447 90 9 10 0.0105
21 60 11 14 0.0101
