0_Parade_marchingband_1_359
120
734 115 55 61 0.8830
167 171 34 40 0.8372
1009 117 15 29 0.8224
865 149 24 27 0.7975
908 119 23 28 0.7944
609 187 18 24 0.7462
0 213 14 19 0.7084
411 192 17 21 0.6518
483 192 15 20 0.5151
310 194 14 18 0.5097
144 203 13 15 0.4058
51 211 16 18 0.3908
508 193 12 14 0.3692
505 192 12 15 0.3187
271 197 11 13 0.2972
362 197 10 14 0.2963
285 210 11 12 0.2750
148 203 12 15 0.2534
965 133 10 14 0.2433
968 133 11 14 0.2351
314 194 13 18 0.2142
365 197 10 13 0.2096
480 193 15 19 0.1816
253 197 9 12 0.1794
289 210 10 12 0.1683
249 197 9 13 0.1575
539 195 7 9 0.1492
59 209 14 17 0.1394
252 195 8 12 0.1296
541 195 7 9 0.1252
537 195 7 9 0.1231
452 209 8 11 0.1177
566 193 9 10 0.1174
664 191 6 7 0.1124
667 192 6 6 0.1090
526 201 7 8 0.1065
961 161 12 15 0.1009
269 195 11 14 0.0992
570 192 9 11 0.0981
275 195 10 13 0.0909
249 194 8 13 0.0901
309 194 12 17 0.0887
414 192 16 20 0.0853
848 156 6 8 0.0818
454 209 8 11 0.0756
643 194 7 8 0.0700
676 195 6 7 0.0662
480 192 16 20 0.0661
846 156 5 8 0.0623
561 199 7 10 0.0611
360 195 10 14 0.0607
288 209 10 12 0.0601
849 156 7 9 0.0593
452 197 7 9 0.0583
450 208 8 11 0.0572
387 213 9 13 0.0520
679 195 6 7 0.0509
364 196 10 12 0.0501
567 196 8 10 0.0485
287 208 10 13 0.0481
834 173 7 8 0.0480
390 213 9 13 0.0467
359 198 10 12 0.0450
54 208 15 19 0.0448
455 196 9 10 0.0445
58 207 13 16 0.0440
830 173 7 9 0.0437
449 209 8 11 0.0429
676 195 5 7 0.0424
832 172 6 7 0.0398
454 207 8 12 0.0397
285 208 10 12 0.0370
387 201 9 11 0.0340
646 195 6 8 0.0326
958 162 11 14 0.0315
239 191 8 12 0.0309
963 161 13 16 0.0296
449 208 10 11 0.0291
665 190 6 8 0.0290
964 132 10 14 0.0278
967 130 11 16 0.0266
392 203 9 13 0.0265
571 195 8 9 0.0257
389 209 9 13 0.0255
127 208 7 9 0.0252
848 156 8 10 0.0249
568 192 9 10 0.0244
649 196 6 7 0.0222
383 196 8 11 0.0220
821 168 7 8 0.0203
4 214 13 17 0.0200
689 180 6 9 0.0200
52 207 15 17 0.0192
646 194 6 8 0.0189
734 115 55 62 0.0187
376 213 10 13 0.0182
139 204 12 14 0.0179
540 195 7 8 0.0175
663 191 5 7 0.0168
125 211 8 9 0.0164
666 192 7 7 0.0164
544 194 7 10 0.0164
960 159 11 13 0.0162
959 159 11 14 0.0162
525 201 8 10 0.0161
48 213 13 17 0.0149
691 179 8 10 0.0145
585 194 8 10 0.0145
244 191 10 11 0.0143
589 200 8 9 0.0143
267 199 10 13 0.0141
447 208 8 11 0.0139
138 204 11 13 0.0135
448 198 8 10 0.0133
17 226 11 13 0.0128
809 171 7 9 0.0119
128 209 8 10 0.0109
2 210 14 20 0.0108
960 166 13 16 0.0108
962 132 10 15 0.0108
