0_Parade_Parade_0_628
123
449 200 27 36 0.8298
626 223 19 27 0.8032
307 239 23 28 0.7805
981 258 22 22 0.7796
575 236 23 28 0.7230
692 264 18 23 0.5976
903 277 17 20 0.5943
785 289 12 13 0.4464
757 292 10 12 0.3580
788 289 12 13 0.3077
785 339 13 15 0.2734
695 264 17 23 0.2551
900 277 16 19 0.2525
788 339 13 15 0.2509
755 292 9 12 0.2146
81 330 6 8 0.1894
105 333 7 9 0.1775
158 344 6 7 0.1685
759 292 10 12 0.1669
824 275 11 17 0.1620
140 338 6 8 0.1554
120 341 6 8 0.1512
161 344 7 7 0.1457
27 329 9 11 0.1456
137 339 6 7 0.1453
705 295 11 14 0.1350
22 328 9 11 0.1300
828 275 10 17 0.1288
109 334 6 8 0.1285
138 338 6 7 0.1272
108 334 7 9 0.1192
78 329 7 9 0.1149
135 338 6 7 0.1144
730 327 9 12 0.1129
706 297 12 15 0.1059
68 337 7 8 0.1024
156 343 6 8 0.0931
727 327 9 12 0.0894
2 316 11 15 0.0879
83 341 6 8 0.0815
194 336 6 6 0.0813
88 340 6 8 0.0813
30 335 9 10 0.0755
34 336 8 9 0.0705
193 336 5 6 0.0693
196 336 6 7 0.0677
31 334 8 10 0.0664
883 318 6 9 0.0646
886 318 7 8 0.0635
48 331 6 7 0.0593
2 345 7 8 0.0573
76 332 7 8 0.0571
743 313 9 11 0.0557
160 343 6 7 0.0544
709 296 10 13 0.0542
194 337 5 7 0.0537
25 302 9 11 0.0534
28 302 8 11 0.0520
941 296 10 12 0.0505
198 335 5 7 0.0503
56 339 6 7 0.0488
945 296 10 12 0.0485
108 334 6 7 0.0418
81 330 7 8 0.0406
152 355 6 7 0.0399
23 328 8 10 0.0391
710 298 11 13 0.0379
30 329 8 10 0.0377
82 329 7 8 0.0346
577 237 23 27 0.0335
43 330 7 8 0.0334
47 330 6 8 0.0332
754 294 9 12 0.0328
946 298 10 14 0.0322
160 344 6 7 0.0314
941 298 12 14 0.0310
104 330 7 9 0.0296
117 341 6 7 0.0285
86 343 7 7 0.0278
803 292 9 13 0.0270
727 326 10 13 0.0261
5 320 10 12 0.0252
82 331 7 8 0.0249
39 349 7 8 0.0236
740 313 9 12 0.0233
885 326 7 8 0.0220
149 354 6 7 0.0217
741 312 9 11 0.0217
30 303 8 10 0.0211
109 331 6 8 0.0208
76 328 7 9 0.0199
283 326 13 16 0.0195
14 323 10 12 0.0190
137 337 5 6 0.0187
4 345 7 8 0.0183
884 317 7 8 0.0181
138 340 6 6 0.0180
825 274 11 16 0.0178
537 232 20 30 0.0160
978 209 7 7 0.0156
64 335 6 7 0.0153
25 335 8 10 0.0153
194 336 5 6 0.0153
882 326 7 8 0.0152
355 288 8 9 0.0151
1002 205 8 9 0.0142
5 322 8 10 0.0141
883 320 6 8 0.0138
881 317 7 9 0.0136
30 302 8 10 0.0135
982 208 7 9 0.0134
702 295 12 15 0.0133
67 350 6 7 0.0132
359 288 7 9 0.0130
357 286 8 8 0.0123
134 326 6 8 0.0115
62 342 7 8 0.0114
36 347 7 9 0.0114
805 296 9 11 0.0112
163 347 6 7 0.0106
2 356 6 9 0.0106
811 275 12 17 0.0101
496 244 17 25 0.0100
