0_Parade_marchingband_1_149
28
536 298 24 35 0.8788
442 371 29 41 0.8681
281 229 24 31 0.8655
663 235 25 32 0.8630
310 312 25 32 0.8630
672 315 25 34 0.8626
281 383 26 37 0.8626
226 313 24 32 0.8625
631 376 27 35 0.8609
713 386 28 39 0.8601
526 383 28 36 0.8600
603 320 23 34 0.8579
783 312 27 33 0.8572
728 239 24 29 0.8572
405 223 23 30 0.8570
808 237 25 34 0.8544
372 378 26 39 0.8523
599 239 23 31 0.8517
213 232 23 33 0.8480
352 238 25 29 0.8477
534 220 23 33 0.8472
390 308 25 31 0.8470
465 304 23 30 0.8465
474 231 22 30 0.7523
663 234 25 33 0.0928
704 271 20 22 0.0843
708 271 19 21 0.0293
475 231 22 30 0.0157
