0_Parade_Parade_0_53
42
271 167 43 54 0.8964
469 217 13 17 0.3457
466 217 13 17 0.3197
244 213 10 12 0.3127
792 179 47 60 0.2720
242 213 9 12 0.2610
1013 232 8 9 0.2532
468 217 13 17 0.2359
793 180 46 59 0.2090
1011 232 8 9 0.1667
1015 231 7 10 0.1465
1005 244 6 8 0.1309
1003 245 7 8 0.1297
1001 245 7 8 0.1276
466 217 13 17 0.0702
989 242 8 9 0.0606
992 244 7 9 0.0500
1004 244 7 8 0.0471
615 224 15 18 0.0433
246 213 9 12 0.0373
0 263 7 10 0.0324
651 269 11 13 0.0315
486 228 9 11 0.0274
870 204 6 9 0.0239
860 232 8 9 0.0237
511 237 6 7 0.0230
1011 231 6 8 0.0214
988 243 7 9 0.0201
619 223 15 19 0.0179
862 232 7 9 0.0168
977 239 8 10 0.0143
514 237 6 7 0.0142
872 204 7 9 0.0135
617 221 15 17 0.0131
665 226 8 12 0.0129
616 215 14 16 0.0121
662 226 8 12 0.0118
653 270 10 13 0.0106
612 230 17 21 0.0104
988 264 8 10 0.0103
863 231 8 10 0.0101
982 225 7 8 0.0101
