0_Parade_Parade_0_137
129
715 446 15 21 0.6850
0 431 12 18 0.5650
997 511 15 18 0.5064
752 449 16 23 0.4974
661 486 16 22 0.4864
955 460 15 21 0.4585
239 467 15 19 0.4444
251 446 17 22 0.3995
965 486 18 22 0.3976
750 449 15 23 0.3223
710 353 18 21 0.3218
952 461 14 20 0.3031
235 468 15 18 0.2840
660 448 15 18 0.2695
460 327 30 33 0.2378
657 448 14 18 0.2328
1016 314 8 19 0.2314
707 352 17 22 0.2306
963 486 17 21 0.1972
250 421 15 18 0.1767
247 420 15 19 0.1635
394 343 20 22 0.1585
665 486 15 21 0.1371
932 365 18 24 0.1243
0 455 10 19 0.1168
453 326 32 35 0.1160
564 342 36 42 0.1010
506 349 22 24 0.0959
247 445 16 21 0.0958
323 347 28 33 0.0898
378 342 20 21 0.0777
338 348 21 27 0.0709
397 349 18 20 0.0702
1012 443 12 18 0.0615
503 342 25 30 0.0596
311 345 31 35 0.0505
473 327 23 28 0.0498
374 342 18 20 0.0466
819 346 39 38 0.0454
128 304 46 47 0.0440
964 488 17 21 0.0419
2 432 12 16 0.0417
1001 511 13 17 0.0407
861 346 26 33 0.0381
60 347 23 30 0.0381
903 367 20 22 0.0352
240 404 12 15 0.0340
237 403 12 16 0.0339
300 345 33 34 0.0335
932 371 21 25 0.0323
255 447 16 22 0.0319
282 320 19 31 0.0317
558 345 34 39 0.0314
335 346 21 26 0.0307
654 455 14 19 0.0306
2 430 13 18 0.0301
663 467 13 15 0.0287
565 336 38 43 0.0286
387 343 24 25 0.0282
329 360 19 22 0.0266
101 278 30 43 0.0248
1015 310 9 20 0.0237
967 487 18 22 0.0231
62 340 19 22 0.0231
573 334 34 40 0.0230
316 357 28 29 0.0228
852 345 32 38 0.0218
717 477 17 22 0.0216
400 344 17 20 0.0216
22 436 14 17 0.0214
326 343 31 36 0.0210
131 332 37 34 0.0210
503 350 20 23 0.0208
137 335 32 33 0.0207
133 306 45 43 0.0202
816 347 32 34 0.0198
455 328 30 33 0.0197
287 320 19 31 0.0197
572 339 35 43 0.0191
651 459 11 15 0.0186
660 468 12 15 0.0185
1 452 12 19 0.0185
1002 508 15 18 0.0184
129 314 41 37 0.0180
669 447 13 17 0.0180
256 446 16 21 0.0177
67 347 25 31 0.0172
1006 443 13 16 0.0171
994 511 14 17 0.0168
444 331 33 34 0.0164
822 357 36 31 0.0164
570 335 41 45 0.0162
1015 438 9 17 0.0161
497 339 25 29 0.0156
322 342 30 35 0.0146
561 338 41 46 0.0143
505 341 29 34 0.0142
749 450 14 22 0.0141
641 381 17 21 0.0140
658 486 16 21 0.0139
665 447 15 19 0.0137
440 323 36 38 0.0135
999 310 9 12 0.0134
239 402 12 15 0.0133
1000 514 15 18 0.0132
927 367 20 26 0.0130
690 401 19 21 0.0127
226 429 14 18 0.0127
12 364 17 22 0.0125
303 340 39 42 0.0123
381 448 15 19 0.0123
381 346 24 25 0.0122
1008 446 15 21 0.0120
945 314 17 19 0.0118
1014 493 10 21 0.0117
1016 449 8 21 0.0117
146 306 39 38 0.0115
307 339 32 39 0.0115
515 348 21 27 0.0115
444 363 21 25 0.0113
897 367 20 22 0.0111
712 447 13 20 0.0111
558 351 31 38 0.0110
86 393 16 21 0.0109
647 382 14 18 0.0105
652 450 14 19 0.0105
816 357 31 29 0.0104
830 357 37 33 0.0102
827 346 38 39 0.0102
