0_Parade_marchingband_1_20
87
543 358 37 40 0.8603
466 355 25 29 0.8279
255 369 32 36 0.8241
30 404 28 34 0.8208
854 273 42 48 0.8160
83 391 22 25 0.7956
588 369 17 17 0.7237
731 346 17 18 0.7029
629 394 18 21 0.6951
448 346 19 23 0.6446
386 368 15 17 0.6353
335 379 17 18 0.6043
804 354 16 19 0.5592
494 372 15 18 0.4444
680 360 12 13 0.4398
778 359 13 15 0.4342
618 368 13 13 0.4066
127 376 11 15 0.3637
234 374 19 23 0.3561
236 374 19 23 0.3269
775 359 13 15 0.2979
660 387 15 16 0.2763
129 376 12 15 0.2563
338 379 16 18 0.2278
683 360 11 13 0.2052
620 368 13 13 0.1645
661 390 15 15 0.1635
235 372 20 24 0.1566
658 389 15 16 0.1479
980 340 25 31 0.1277
631 393 18 22 0.1237
389 368 14 17 0.1181
450 346 18 24 0.1164
802 355 13 16 0.1076
490 371 16 19 0.0815
679 360 10 13 0.0809
758 355 10 13 0.0711
638 374 16 17 0.0670
702 368 9 11 0.0641
988 343 21 24 0.0600
131 376 11 14 0.0545
285 266 8 12 0.0526
757 353 9 10 0.0518
795 365 12 14 0.0510
980 342 27 32 0.0508
699 368 9 11 0.0495
311 276 9 12 0.0480
315 276 9 12 0.0466
657 387 15 16 0.0464
299 269 10 12 0.0416
700 363 10 12 0.0400
621 367 11 14 0.0398
281 267 8 11 0.0394
699 367 9 11 0.0382
303 269 10 13 0.0380
452 346 19 23 0.0358
86 370 14 15 0.0329
619 355 10 11 0.0315
687 351 12 13 0.0291
663 372 11 13 0.0279
635 355 11 11 0.0278
313 274 9 13 0.0257
652 364 9 11 0.0251
649 365 11 13 0.0248
126 377 12 14 0.0248
630 354 11 12 0.0240
284 264 7 11 0.0234
621 362 12 14 0.0226
980 313 16 19 0.0226
801 357 15 17 0.0219
618 364 12 14 0.0211
285 266 7 10 0.0196
977 314 15 17 0.0192
981 311 13 15 0.0187
678 361 10 13 0.0170
634 353 10 11 0.0165
83 370 12 14 0.0162
978 311 12 14 0.0134
492 367 15 19 0.0132
232 373 18 22 0.0132
683 349 12 14 0.0129
733 346 17 18 0.0126
1016 338 8 23 0.0121
811 347 14 20 0.0120
303 267 8 10 0.0114
280 265 8 10 0.0105
775 360 13 15 0.0101
