0_Parade_Parade_0_559
26
436 352 69 61 0.8412
639 370 50 49 0.8246
995 436 29 36 0.7896
185 372 46 44 0.7206
527 352 41 50 0.6779
571 305 52 64 0.4866
529 354 38 44 0.4208
756 356 36 53 0.2649
768 308 61 58 0.2280
0 332 14 43 0.1762
328 314 36 46 0.1640
309 280 50 49 0.1405
0 329 10 43 0.1240
211 289 45 51 0.1198
211 307 47 58 0.1008
1 326 18 52 0.0392
751 360 33 47 0.0358
571 309 50 59 0.0332
0 334 15 52 0.0312
320 311 44 50 0.0268
773 331 52 66 0.0267
772 324 53 61 0.0254
320 310 45 53 0.0215
1 336 26 37 0.0198
750 362 36 48 0.0191
768 326 50 59 0.0111
