0_Parade_marchingband_1_104
133
451 262 28 32 0.8492
317 253 33 38 0.8452
126 252 17 20 0.7160
240 245 15 19 0.7048
35 252 15 18 0.6521
739 229 16 20 0.6364
1002 215 18 27 0.5500
571 250 17 25 0.5127
151 242 12 15 0.4746
833 228 14 16 0.4681
356 234 10 14 0.4393
24 237 11 13 0.3729
104 240 10 13 0.3708
22 237 10 13 0.3035
574 250 16 25 0.3019
1003 214 19 28 0.2997
353 234 10 14 0.2767
409 243 10 12 0.2705
603 227 9 10 0.2285
969 232 8 10 0.2265
106 240 10 13 0.2229
193 243 10 13 0.2137
502 225 8 9 0.2129
893 236 8 11 0.2062
102 241 10 12 0.1981
897 235 8 12 0.1971
343 227 9 12 0.1955
407 243 9 11 0.1904
737 229 15 20 0.1872
966 232 8 10 0.1872
252 235 10 12 0.1854
197 244 9 11 0.1845
601 227 9 10 0.1833
505 225 8 9 0.1799
340 228 9 11 0.1766
149 242 12 15 0.1716
68 247 10 12 0.1670
284 233 10 14 0.1606
838 228 12 15 0.1591
72 247 9 11 0.1543
461 245 12 12 0.1437
970 233 7 9 0.1435
606 226 9 11 0.1404
460 244 10 12 0.1361
32 252 14 18 0.1250
417 255 8 9 0.1241
54 257 13 16 0.1218
967 233 7 10 0.1211
835 229 14 16 0.1196
500 225 8 9 0.1110
195 245 10 12 0.1101
180 241 9 11 0.1074
549 244 9 13 0.1041
501 224 7 9 0.1001
245 236 13 15 0.1000
547 246 8 11 0.0998
550 245 9 13 0.0983
176 241 9 11 0.0922
287 233 10 14 0.0909
4 265 13 16 0.0884
282 232 10 13 0.0846
71 245 9 12 0.0843
269 235 10 13 0.0812
411 245 9 11 0.0780
546 244 8 12 0.0756
67 245 10 12 0.0754
407 245 9 11 0.0738
252 234 8 11 0.0665
420 256 7 9 0.0655
934 231 8 11 0.0645
153 242 12 16 0.0590
931 231 8 11 0.0581
199 245 8 11 0.0574
220 243 9 12 0.0574
58 257 11 15 0.0569
416 256 8 9 0.0562
286 232 10 13 0.0561
249 235 9 10 0.0558
8 266 12 15 0.0528
504 223 8 10 0.0519
895 234 8 11 0.0501
55 254 12 16 0.0488
458 244 9 11 0.0469
237 245 15 18 0.0427
224 244 9 12 0.0418
933 233 8 11 0.0389
269 232 9 11 0.0381
128 252 17 21 0.0378
602 227 8 9 0.0365
547 245 10 13 0.0361
412 243 8 11 0.0352
937 233 7 10 0.0350
892 235 7 10 0.0349
500 225 8 9 0.0347
260 238 10 13 0.0337
191 245 10 12 0.0327
905 236 8 10 0.0294
602 225 9 10 0.0292
461 244 12 13 0.0283
340 230 11 14 0.0280
217 244 9 12 0.0274
902 235 7 10 0.0256
457 245 11 12 0.0247
190 245 10 12 0.0244
341 227 10 12 0.0226
604 229 8 9 0.0204
281 243 9 11 0.0201
464 244 10 12 0.0199
579 250 12 21 0.0187
106 241 11 13 0.0187
467 255 14 18 0.0186
285 236 11 14 0.0184
719 230 7 10 0.0182
499 225 7 8 0.0180
607 224 8 10 0.0177
619 229 8 9 0.0177
514 233 8 10 0.0176
898 237 8 9 0.0163
177 244 9 12 0.0157
233 241 12 16 0.0157
614 229 8 9 0.0145
947 232 7 9 0.0143
948 230 8 11 0.0141
413 243 9 11 0.0139
716 231 7 8 0.0138
484 234 7 9 0.0135
66 246 10 13 0.0129
6 270 11 12 0.0120
618 228 7 9 0.0119
155 242 11 14 0.0119
5 267 14 15 0.0109
620 231 8 9 0.0107
540 230 7 8 0.0107
