0_Parade_marchingband_1_360
105
475 106 50 62 0.8645
93 164 43 43 0.8381
856 133 47 57 0.8176
579 227 22 26 0.7888
934 297 16 19 0.7573
857 132 46 57 0.6659
240 260 19 22 0.5130
765 317 12 15 0.4540
324 320 11 12 0.4034
762 317 13 14 0.3531
327 320 11 12 0.2715
1001 326 9 10 0.2648
7 335 8 10 0.2517
10 335 8 10 0.2416
195 345 6 7 0.2224
198 345 6 8 0.2063
999 325 9 10 0.1759
999 326 9 10 0.1615
296 350 8 9 0.1449
718 331 9 11 0.1405
1003 325 8 10 0.1326
298 350 8 9 0.1269
1003 326 9 10 0.1165
8 336 8 10 0.1119
11 336 8 10 0.0988
181 347 6 7 0.0967
212 348 6 7 0.0935
299 349 8 10 0.0853
668 318 7 9 0.0833
715 332 9 9 0.0797
178 348 6 7 0.0794
801 320 7 10 0.0752
804 319 8 10 0.0718
678 309 9 10 0.0709
211 348 5 7 0.0690
295 351 8 8 0.0673
215 348 5 7 0.0664
181 349 6 7 0.0606
665 318 6 9 0.0569
679 311 9 11 0.0527
977 332 7 8 0.0511
198 346 5 7 0.0511
26 328 6 9 0.0482
194 343 6 9 0.0436
178 350 5 7 0.0435
19 337 7 8 0.0383
212 348 5 6 0.0369
45 197 17 19 0.0354
675 309 8 9 0.0320
294 350 8 9 0.0317
195 345 6 7 0.0306
719 333 9 10 0.0275
395 240 15 21 0.0274
720 330 9 11 0.0271
800 322 8 9 0.0257
42 197 15 17 0.0256
801 321 8 11 0.0253
198 343 6 8 0.0253
24 328 6 8 0.0251
668 318 8 9 0.0243
682 310 9 10 0.0241
300 350 7 8 0.0235
396 243 16 20 0.0229
720 331 10 11 0.0221
1006 278 6 8 0.0220
295 351 7 8 0.0218
978 331 7 8 0.0198
298 331 6 7 0.0196
634 357 6 8 0.0183
631 357 6 8 0.0180
630 324 7 8 0.0174
1004 278 6 8 0.0173
686 313 8 10 0.0170
632 325 7 8 0.0158
247 261 16 20 0.0149
238 263 17 20 0.0147
634 324 6 8 0.0143
931 296 16 19 0.0142
716 334 8 9 0.0142
677 308 7 8 0.0141
294 331 6 8 0.0141
805 322 7 9 0.0138
170 331 6 6 0.0137
638 344 6 7 0.0137
47 195 12 13 0.0136
1005 283 6 8 0.0136
21 329 7 8 0.0134
296 331 6 7 0.0132
1003 326 9 9 0.0132
1003 276 6 7 0.0132
635 344 6 7 0.0130
26 329 7 9 0.0130
240 258 17 19 0.0130
1018 286 6 9 0.0130
569 233 16 20 0.0126
813 325 8 10 0.0122
630 325 7 8 0.0116
779 320 9 11 0.0116
158 347 6 7 0.0105
655 339 7 9 0.0105
811 322 8 11 0.0105
1006 276 6 7 0.0105
43 195 12 13 0.0105
657 341 6 7 0.0103
636 311 6 8 0.0100
