0_Parade_marchingband_1_74
508
189 363 35 43 0.8422
409 357 15 17 0.7334
781 382 16 19 0.7281
769 341 15 18 0.7142
744 369 15 17 0.6986
867 380 17 20 0.6977
385 338 16 19 0.6762
959 358 15 18 0.6746
565 371 14 17 0.6497
501 383 16 19 0.6469
295 317 14 17 0.6331
497 358 14 17 0.6241
804 358 15 18 0.6241
651 343 14 15 0.6133
701 383 15 17 0.6112
548 343 14 17 0.5878
872 352 17 19 0.5802
718 400 17 20 0.5750
463 337 15 18 0.5668
484 332 13 16 0.5602
513 343 14 15 0.5576
754 322 13 15 0.5514
904 341 14 17 0.5494
795 305 13 15 0.5348
526 361 14 17 0.5265
316 328 14 17 0.5224
654 300 13 16 0.5182
577 357 13 15 0.5147
573 331 13 15 0.5079
584 390 15 19 0.5000
469 371 14 18 0.4975
628 304 11 13 0.4958
508 315 14 17 0.4949
563 281 12 13 0.4932
840 374 15 18 0.4892
176 298 14 15 0.4863
662 413 17 20 0.4782
539 322 13 15 0.4762
822 395 14 17 0.4721
403 328 15 18 0.4710
705 334 14 15 0.4709
954 327 15 17 0.4676
460 315 12 14 0.4674
733 302 13 16 0.4636
267 314 13 15 0.4621
663 282 11 12 0.4621
854 349 14 18 0.4557
660 365 14 17 0.4536
528 404 14 16 0.4505
437 309 13 16 0.4367
707 358 15 17 0.4357
762 392 16 19 0.4322
604 407 16 19 0.4292
738 336 14 15 0.4291
710 358 15 17 0.4265
920 323 13 15 0.4252
756 272 12 13 0.4240
777 315 12 14 0.4234
995 328 13 16 0.4234
675 320 13 16 0.4232
553 298 12 15 0.4206
616 322 14 16 0.4205
349 344 13 16 0.4203
421 312 14 15 0.4181
279 297 13 15 0.4172
584 294 13 15 0.4093
251 307 14 17 0.4084
435 362 14 18 0.4038
930 363 15 18 0.4032
686 346 14 18 0.4024
910 374 14 18 0.4017
630 374 16 19 0.4000
581 294 13 15 0.3995
212 313 15 16 0.3988
346 311 14 15 0.3970
607 407 16 19 0.3903
591 313 13 15 0.3894
247 307 15 17 0.3889
856 292 12 16 0.3773
628 374 16 18 0.3762
369 310 12 13 0.3726
604 349 12 14 0.3709
657 365 14 17 0.3692
683 346 14 18 0.3684
839 322 14 16 0.3647
823 335 13 16 0.3634
617 358 13 15 0.3633
673 393 15 16 0.3614
432 362 15 18 0.3609
1007 272 10 12 0.3606
216 281 12 14 0.3600
644 293 11 12 0.3556
759 392 16 19 0.3543
911 374 15 19 0.3539
783 297 10 12 0.3522
671 320 13 16 0.3512
401 328 14 18 0.3509
260 266 11 13 0.3501
767 301 12 14 0.3499
631 268 11 12 0.3484
1003 272 11 13 0.3468
496 302 13 14 0.3458
596 383 14 16 0.3451
736 302 13 16 0.3376
581 390 15 19 0.3372
887 307 12 13 0.3326
352 344 13 16 0.3306
531 405 14 15 0.3298
836 322 14 17 0.3291
726 285 11 13 0.3266
407 293 11 14 0.3258
876 352 15 19 0.3244
951 327 15 17 0.3240
557 298 12 14 0.3237
670 392 14 17 0.3235
891 307 11 14 0.3193
826 396 13 16 0.3180
615 297 11 13 0.3178
722 285 12 13 0.3173
706 301 12 14 0.3163
404 293 10 14 0.3155
827 335 12 15 0.3125
209 313 15 16 0.3112
465 371 15 18 0.3101
842 291 10 14 0.3093
1003 296 12 15 0.3066
194 288 11 14 0.3062
635 268 11 12 0.3042
1006 296 12 15 0.3030
972 350 13 16 0.3030
820 277 11 12 0.2990
263 266 11 13 0.2983
774 316 12 13 0.2981
348 312 14 15 0.2964
505 315 13 16 0.2944
963 311 13 15 0.2938
275 297 13 15 0.2915
312 328 15 17 0.2910
548 278 10 13 0.2901
828 302 12 13 0.2896
1017 375 7 18 0.2891
659 413 17 20 0.2888
1015 374 9 18 0.2871
423 312 14 16 0.2846
935 297 11 13 0.2829
347 295 10 12 0.2813
784 336 12 16 0.2794
336 302 11 13 0.2791
132 278 11 14 0.2718
620 323 13 15 0.2717
824 301 12 14 0.2695
991 193 9 10 0.2681
648 279 10 12 0.2656
641 344 12 14 0.2654
839 291 10 14 0.2611
715 400 18 20 0.2533
457 315 11 14 0.2514
644 279 11 12 0.2502
605 312 12 14 0.2500
234 282 11 13 0.2491
816 277 11 12 0.2488
967 311 12 14 0.2421
544 279 11 12 0.2417
238 282 11 13 0.2395
988 193 9 10 0.2364
974 351 13 16 0.2354
570 331 13 15 0.2345
449 291 10 13 0.2323
816 349 13 15 0.2316
320 282 12 14 0.2312
787 336 12 15 0.2311
136 279 11 12 0.2297
942 354 13 16 0.2285
991 328 14 16 0.2241
593 383 14 18 0.2239
492 302 13 14 0.2233
441 310 12 14 0.2226
606 313 13 16 0.2203
588 312 14 14 0.2201
764 301 12 14 0.2187
165 294 10 12 0.2184
729 324 12 15 0.2164
759 272 12 13 0.2161
179 299 14 15 0.2161
161 293 10 12 0.2159
607 349 12 14 0.2152
704 300 12 14 0.2149
888 326 13 14 0.2134
542 322 13 15 0.2112
434 344 14 15 0.2092
870 337 12 14 0.2080
8 108 8 11 0.2057
929 363 15 17 0.2039
891 325 13 15 0.2035
621 358 13 15 0.2023
709 334 12 14 0.2003
580 358 12 14 0.1997
472 297 11 13 0.1994
735 335 13 16 0.1992
366 310 11 13 0.1962
888 348 14 17 0.1954
786 297 10 13 0.1932
686 311 12 14 0.1929
612 296 11 13 0.1926
932 297 10 12 0.1922
811 269 10 12 0.1908
635 326 11 13 0.1882
609 312 12 14 0.1882
379 322 13 16 0.1881
462 337 14 17 0.1858
11 109 9 11 0.1839
855 350 14 17 0.1789
887 291 10 12 0.1782
1017 355 7 16 0.1763
683 312 12 14 0.1734
192 287 11 14 0.1715
887 324 12 15 0.1710
422 294 11 12 0.1709
766 300 12 13 0.1655
638 344 11 13 0.1650
212 281 12 14 0.1648
928 364 13 17 0.1637
376 322 12 15 0.1634
533 308 13 15 0.1620
841 374 16 19 0.1619
837 374 15 18 0.1619
901 297 10 12 0.1617
771 289 10 12 0.1615
904 297 10 12 0.1590
13 110 8 10 0.1580
805 306 13 15 0.1549
692 296 9 12 0.1543
9 110 8 10 0.1523
891 324 12 14 0.1490
530 308 13 14 0.1488
154 281 9 10 0.1484
928 320 11 15 0.1482
652 299 13 15 0.1463
468 297 11 13 0.1427
973 293 12 14 0.1426
438 285 10 13 0.1319
783 338 13 16 0.1318
706 285 10 12 0.1300
816 275 12 13 0.1294
445 291 10 13 0.1289
632 326 11 14 0.1271
374 286 10 13 0.1269
698 383 14 17 0.1215
774 289 10 11 0.1206
855 288 11 13 0.1201
657 301 12 14 0.1182
378 286 10 13 0.1151
530 360 14 17 0.1151
1003 348 10 15 0.1147
964 312 14 17 0.1131
566 281 11 14 0.1130
917 323 13 15 0.1121
625 303 11 13 0.1118
812 349 14 16 0.1114
334 301 11 13 0.1106
523 292 10 12 0.1095
763 299 11 14 0.1061
332 302 10 13 0.1031
818 350 13 16 0.1027
755 272 10 13 0.1022
688 312 12 14 0.1022
545 343 14 17 0.1017
851 348 14 18 0.1016
494 300 13 14 0.1015
688 296 10 11 0.1004
884 289 10 11 0.0995
1007 348 10 15 0.0991
504 383 15 19 0.0960
824 300 11 13 0.0954
196 288 12 13 0.0950
517 343 12 15 0.0916
376 289 10 13 0.0900
201 337 16 20 0.0878
265 312 13 15 0.0838
618 324 14 16 0.0836
324 284 11 13 0.0817
519 292 10 13 0.0812
176 329 12 15 0.0810
725 324 12 14 0.0793
893 346 14 16 0.0782
987 193 8 10 0.0760
150 280 10 11 0.0759
474 18 8 10 0.0757
891 349 13 16 0.0754
447 290 9 12 0.0753
708 300 11 14 0.0749
470 17 9 10 0.0743
350 294 10 12 0.0742
492 12 7 9 0.0716
964 293 11 13 0.0697
921 325 13 15 0.0689
203 335 13 15 0.0677
751 322 12 15 0.0676
854 290 12 15 0.0676
646 291 11 12 0.0673
810 309 10 13 0.0671
635 319 12 15 0.0668
860 315 11 14 0.0663
795 284 11 12 0.0660
529 361 14 17 0.0651
496 12 6 8 0.0635
453 346 12 14 0.0633
494 358 13 16 0.0618
285 280 11 14 0.0608
481 320 12 14 0.0603
264 314 12 14 0.0600
161 784 24 30 0.0588
889 289 9 11 0.0587
317 284 12 14 0.0586
811 294 12 13 0.0584
383 337 15 19 0.0581
869 342 15 18 0.0579
163 292 10 13 0.0548
481 333 13 17 0.0544
378 325 12 15 0.0530
380 288 10 13 0.0530
703 285 10 11 0.0527
851 350 14 17 0.0521
976 349 12 16 0.0517
439 311 13 16 0.0514
475 20 8 9 0.0509
343 288 11 13 0.0506
344 293 11 13 0.0502
802 358 13 17 0.0497
471 21 8 9 0.0491
212 284 12 13 0.0486
135 277 10 12 0.0485
807 269 10 11 0.0483
367 310 11 14 0.0481
872 337 13 16 0.0476
977 351 12 15 0.0474
445 292 11 13 0.0470
651 301 13 15 0.0467
938 351 14 17 0.0462
466 337 15 18 0.0460
521 290 10 13 0.0451
298 317 13 16 0.0442
722 351 12 16 0.0438
632 373 15 19 0.0435
756 324 13 15 0.0432
776 292 11 13 0.0425
884 291 10 12 0.0424
491 299 12 14 0.0420
172 328 12 15 0.0420
665 284 10 12 0.0419
927 362 13 17 0.0412
432 344 12 15 0.0409
1005 351 10 14 0.0409
490 278 12 13 0.0408
866 337 13 15 0.0408
775 314 13 15 0.0406
703 285 11 14 0.0395
606 350 12 15 0.0392
546 278 10 11 0.0389
131 277 11 12 0.0381
788 337 12 16 0.0381
476 299 11 13 0.0377
735 338 14 15 0.0376
265 313 12 15 0.0372
190 289 11 14 0.0371
510 343 13 15 0.0359
937 299 11 14 0.0359
901 296 10 12 0.0354
211 312 15 16 0.0344
568 371 13 17 0.0339
208 311 14 16 0.0337
975 292 11 14 0.0333
543 278 10 11 0.0332
956 359 14 17 0.0331
493 278 11 13 0.0328
808 269 10 12 0.0326
594 385 14 17 0.0325
619 359 14 16 0.0324
555 323 11 14 0.0324
135 282 11 13 0.0320
863 316 11 14 0.0318
593 312 13 14 0.0315
323 286 10 12 0.0308
176 282 10 12 0.0302
902 340 13 16 0.0300
859 296 11 14 0.0300
864 380 16 19 0.0298
296 283 12 13 0.0298
714 274 9 11 0.0293
658 414 17 19 0.0292
943 352 13 16 0.0290
711 274 9 10 0.0288
410 293 10 12 0.0288
479 319 12 14 0.0284
534 296 12 14 0.0283
469 296 10 12 0.0283
797 287 11 13 0.0279
932 296 10 12 0.0279
837 375 15 18 0.0270
948 284 10 13 0.0265
491 10 6 9 0.0265
785 298 12 13 0.0264
522 290 10 12 0.0256
884 291 10 12 0.0253
218 285 11 13 0.0252
293 317 12 16 0.0251
759 273 12 14 0.0249
617 295 10 12 0.0249
419 312 12 14 0.0244
453 291 10 11 0.0243
237 284 11 13 0.0243
1004 299 12 16 0.0243
987 191 8 10 0.0241
617 361 13 16 0.0240
373 288 10 13 0.0236
549 325 15 16 0.0228
645 279 10 10 0.0225
315 282 12 14 0.0225
574 357 12 15 0.0224
939 296 11 14 0.0223
438 341 13 15 0.0221
739 338 14 15 0.0220
837 288 10 13 0.0217
162 783 20 21 0.0216
960 294 10 12 0.0213
561 280 10 12 0.0213
495 11 6 8 0.0213
518 290 10 12 0.0209
825 336 14 16 0.0209
163 292 9 12 0.0206
809 268 9 11 0.0201
556 298 11 16 0.0199
723 286 12 14 0.0198
542 323 13 16 0.0197
665 283 11 13 0.0197
118 104 11 13 0.0192
372 342 13 16 0.0192
424 291 10 12 0.0191
593 377 13 16 0.0188
813 269 9 10 0.0188
991 191 8 10 0.0188
461 314 11 14 0.0188
419 313 12 15 0.0180
482 288 11 13 0.0180
493 276 10 11 0.0179
932 300 11 13 0.0178
552 398 12 13 0.0176
457 314 12 13 0.0176
968 313 13 15 0.0176
926 318 12 15 0.0175
546 341 14 16 0.0174
854 298 11 13 0.0173
200 334 13 15 0.0172
489 276 11 13 0.0172
118 0 8 6 0.0171
8 110 9 10 0.0169
344 371 13 15 0.0168
1007 299 12 16 0.0166
441 310 12 15 0.0165
857 314 11 14 0.0164
240 285 9 11 0.0159
351 312 12 14 0.0157
235 285 11 12 0.0153
535 320 13 16 0.0151
973 290 11 13 0.0150
649 341 12 16 0.0149
960 311 13 15 0.0148
798 307 12 14 0.0147
625 305 11 14 0.0147
655 342 12 15 0.0145
592 322 11 13 0.0143
614 293 9 11 0.0139
400 279 9 10 0.0137
822 277 10 11 0.0136
198 338 16 20 0.0135
175 300 13 14 0.0135
721 399 17 19 0.0134
868 52 11 11 0.0132
282 294 11 14 0.0132
516 340 13 16 0.0132
619 337 13 15 0.0131
987 193 8 10 0.0130
406 292 9 12 0.0129
565 284 11 12 0.0128
915 375 13 17 0.0124
1005 292 12 15 0.0124
668 282 10 12 0.0123
671 391 15 17 0.0122
402 288 10 13 0.0119
882 288 9 12 0.0119
993 324 14 17 0.0118
283 278 11 12 0.0118
345 312 12 15 0.0118
905 299 10 13 0.0116
287 279 11 11 0.0116
845 289 10 13 0.0115
122 103 11 13 0.0112
601 348 11 14 0.0111
650 340 13 15 0.0111
885 308 10 13 0.0110
1006 270 11 12 0.0106
134 285 10 12 0.0105
567 367 14 16 0.0104
404 278 9 10 0.0103
138 285 10 12 0.0103
493 11 7 10 0.0102
562 370 12 16 0.0101
489 334 13 15 0.0100
