0_Parade_Parade_0_266
88
957 336 25 33 0.8075
28 418 13 17 0.5243
863 571 24 39 0.4626
710 363 41 76 0.3668
908 444 17 22 0.2871
32 418 12 17 0.2222
166 336 10 13 0.1866
858 570 23 39 0.1748
209 324 10 15 0.1690
0 422 9 16 0.1506
713 369 36 68 0.1326
164 337 10 12 0.1073
212 324 10 15 0.0992
78 432 12 17 0.0972
50 336 11 15 0.0783
368 357 19 22 0.0764
912 444 18 22 0.0732
210 326 10 14 0.0695
915 482 15 25 0.0659
27 334 10 13 0.0599
194 345 10 14 0.0544
70 330 11 13 0.0544
912 483 13 24 0.0498
74 330 10 13 0.0495
24 334 9 12 0.0486
143 341 9 12 0.0479
911 447 17 21 0.0427
197 343 10 15 0.0381
1 427 9 15 0.0377
856 570 21 38 0.0365
179 416 11 14 0.0361
1000 406 20 45 0.0349
90 322 9 11 0.0346
172 416 13 15 0.0343
164 340 9 12 0.0339
1002 406 21 47 0.0329
82 432 11 15 0.0315
914 486 13 23 0.0302
175 414 12 16 0.0302
168 338 9 12 0.0302
2 421 11 14 0.0295
905 444 13 22 0.0292
213 325 10 15 0.0292
905 435 19 28 0.0290
4 425 10 14 0.0283
47 336 11 14 0.0281
162 337 11 13 0.0274
217 383 11 15 0.0252
44 418 11 16 0.0247
127 330 11 13 0.0235
47 339 11 15 0.0235
91 342 11 14 0.0229
904 439 19 27 0.0229
52 338 11 15 0.0221
139 341 9 13 0.0216
6 428 9 13 0.0215
123 331 11 14 0.0214
1004 410 20 43 0.0214
87 322 9 11 0.0212
53 335 10 14 0.0211
214 383 11 14 0.0209
170 336 9 13 0.0201
151 397 11 14 0.0185
73 344 9 12 0.0184
29 334 9 13 0.0172
1001 411 21 41 0.0170
76 345 9 12 0.0163
140 339 10 13 0.0161
148 397 10 14 0.0149
866 318 8 11 0.0148
170 414 14 16 0.0145
191 346 9 12 0.0141
726 372 26 64 0.0141
916 485 15 24 0.0140
862 318 9 11 0.0139
117 340 14 18 0.0137
947 485 18 32 0.0123
996 325 16 20 0.0121
95 343 10 14 0.0120
953 310 8 11 0.0119
372 359 18 23 0.0118
947 481 14 31 0.0116
939 345 11 15 0.0115
956 310 8 11 0.0115
192 343 9 12 0.0114
91 323 9 11 0.0109
140 331 10 12 0.0108
128 404 12 15 0.0102
