0_Parade_marchingband_1_746
60
140 80 33 42 0.8729
744 85 30 41 0.8706
370 88 30 40 0.8633
626 108 29 36 0.8510
764 45 28 38 0.8501
298 76 27 33 0.8411
423 81 28 35 0.8383
165 65 28 39 0.8344
597 86 29 40 0.8157
814 92 32 44 0.7918
452 99 22 28 0.6917
26 105 26 33 0.5726
1000 135 13 16 0.5619
544 84 35 47 0.5272
963 183 14 17 0.5139
1001 178 13 16 0.5137
1007 161 13 16 0.4892
958 159 13 18 0.4800
423 81 28 35 0.4760
950 179 11 14 0.4530
926 184 13 15 0.4298
1004 161 13 16 0.3705
545 84 33 47 0.3031
945 142 12 15 0.2789
1004 179 13 15 0.2734
882 180 12 16 0.2707
929 184 12 15 0.2698
966 182 14 18 0.2587
1002 135 13 15 0.2115
956 159 11 17 0.1741
922 164 12 15 0.1016
956 156 12 16 0.1001
942 141 12 15 0.0965
963 181 14 17 0.0843
927 164 10 14 0.0789
879 180 12 15 0.0764
953 181 11 13 0.0670
22 104 27 34 0.0635
947 144 12 15 0.0591
925 182 12 16 0.0528
883 182 13 16 0.0521
944 144 11 14 0.0512
952 179 11 15 0.0507
966 179 14 19 0.0500
918 171 10 14 0.0407
814 92 32 44 0.0376
567 91 21 32 0.0358
926 162 11 13 0.0340
903 164 11 15 0.0325
911 165 12 16 0.0322
13 105 25 32 0.0269
929 183 12 14 0.0228
955 160 12 16 0.0223
922 159 11 14 0.0206
885 180 11 15 0.0156
878 182 14 16 0.0155
451 99 22 27 0.0151
968 172 13 15 0.0121
940 135 11 13 0.0112
944 135 11 13 0.0112
