0_Parade_marchingband_1_439
313
127 563 39 59 0.7061
2 463 13 24 0.5690
130 452 16 24 0.4669
969 639 31 75 0.4411
0 427 9 12 0.4334
948 406 11 14 0.4301
11 427 9 11 0.3756
9 440 11 13 0.3523
1 427 11 13 0.3480
12 440 10 13 0.3323
970 638 28 72 0.3320
374 432 9 11 0.3306
162 443 14 19 0.3180
918 484 27 47 0.3097
920 485 27 47 0.2952
474 421 8 9 0.2902
386 440 11 13 0.2888
459 416 6 9 0.2840
922 487 27 46 0.2783
484 422 7 8 0.2506
550 458 13 20 0.2328
528 419 7 9 0.2128
276 413 8 10 0.2128
14 427 9 11 0.2114
141 427 10 11 0.2105
391 423 8 10 0.2058
517 412 7 9 0.2047
25 428 8 10 0.2037
450 416 6 8 0.2019
403 421 9 10 0.1980
507 417 7 8 0.1977
207 421 8 11 0.1931
921 485 27 46 0.1884
536 476 16 29 0.1877
134 451 15 23 0.1830
946 406 10 14 0.1803
310 468 14 26 0.1800
510 417 7 8 0.1796
344 430 10 12 0.1784
384 438 11 14 0.1768
27 428 8 10 0.1730
270 432 9 11 0.1723
447 415 7 9 0.1703
243 427 8 11 0.1695
279 413 8 10 0.1679
246 428 8 11 0.1678
341 430 10 13 0.1643
357 430 8 10 0.1521
242 459 17 27 0.1464
520 412 7 9 0.1458
159 443 15 19 0.1417
497 410 7 8 0.1335
221 422 8 9 0.1271
441 414 6 7 0.1241
531 418 7 9 0.1236
484 443 10 18 0.1221
131 432 9 11 0.1211
305 415 7 9 0.1205
307 416 7 8 0.1196
309 416 7 9 0.1165
467 409 6 8 0.1153
348 414 7 8 0.1150
186 424 8 9 0.1134
143 428 10 11 0.1129
113 436 9 10 0.1096
145 427 9 11 0.1066
109 440 10 13 0.1064
480 442 11 19 0.1059
981 427 16 22 0.1040
112 440 10 13 0.1021
388 407 7 8 0.1006
96 431 8 10 0.0999
114 426 7 9 0.0974
394 422 9 11 0.0958
93 431 9 10 0.0948
1011 399 11 13 0.0936
317 413 7 7 0.0935
377 412 7 9 0.0929
1012 417 11 14 0.0926
383 440 10 13 0.0898
353 417 7 9 0.0892
919 399 10 13 0.0872
314 468 13 25 0.0866
183 424 7 9 0.0856
68 424 8 10 0.0856
351 415 8 9 0.0851
332 412 7 7 0.0838
350 416 7 8 0.0834
327 430 10 12 0.0827
241 457 16 26 0.0815
72 424 7 9 0.0802
29 443 9 10 0.0790
391 407 7 9 0.0764
282 443 10 12 0.0747
232 419 8 10 0.0734
392 438 10 13 0.0727
298 424 8 10 0.0710
470 408 6 8 0.0688
266 447 12 14 0.0687
9 440 11 14 0.0687
320 413 7 8 0.0665
437 418 7 8 0.0661
249 440 9 13 0.0660
394 438 11 12 0.0655
367 268 7 9 0.0649
231 418 7 8 0.0634
29 428 8 9 0.0629
537 409 7 8 0.0627
6 464 12 22 0.0618
420 476 10 21 0.0617
168 418 7 9 0.0615
539 428 8 9 0.0613
267 431 9 10 0.0607
176 446 9 13 0.0603
370 268 7 9 0.0601
251 441 10 12 0.0597
304 417 8 11 0.0562
177 426 7 8 0.0559
483 410 6 8 0.0554
473 420 7 9 0.0553
429 416 7 8 0.0551
554 412 7 9 0.0544
412 402 8 9 0.0540
417 477 11 20 0.0536
225 434 8 10 0.0529
228 434 8 10 0.0529
466 408 6 7 0.0526
387 406 6 8 0.0524
496 410 6 7 0.0516
32 444 8 10 0.0500
916 400 9 12 0.0494
392 421 7 10 0.0492
447 416 6 8 0.0488
280 414 8 10 0.0487
882 421 12 13 0.0479
469 407 6 7 0.0477
557 412 7 9 0.0467
377 420 8 9 0.0462
104 422 8 8 0.0459
388 438 10 13 0.0449
277 415 8 10 0.0443
521 415 8 9 0.0438
555 458 10 19 0.0431
201 426 8 10 0.0427
1008 399 10 13 0.0425
548 424 7 10 0.0423
416 417 7 8 0.0422
209 420 8 10 0.0421
49 440 9 11 0.0419
207 417 8 12 0.0415
126 419 6 7 0.0405
128 419 6 8 0.0401
495 448 12 14 0.0401
978 428 13 19 0.0394
390 406 6 8 0.0381
922 401 10 12 0.0381
50 442 10 13 0.0381
372 432 9 11 0.0372
416 402 7 9 0.0372
800 431 11 16 0.0369
534 410 6 7 0.0364
72 459 15 21 0.0360
811 411 9 10 0.0360
145 428 10 12 0.0358
419 475 9 20 0.0358
204 425 9 11 0.0351
340 429 9 10 0.0350
110 440 10 12 0.0349
1009 417 11 13 0.0346
30 430 7 9 0.0342
303 424 8 10 0.0342
102 421 7 8 0.0341
342 433 10 11 0.0340
488 420 7 9 0.0339
871 398 11 14 0.0332
804 431 10 17 0.0329
917 402 9 11 0.0323
347 415 8 8 0.0322
815 411 8 10 0.0322
238 417 7 8 0.0314
233 418 7 9 0.0313
551 405 6 8 0.0310
187 423 6 9 0.0310
543 408 6 7 0.0308
309 415 7 9 0.0306
411 431 9 11 0.0305
85 421 8 10 0.0303
2 461 12 23 0.0302
550 413 8 9 0.0301
549 425 8 10 0.0296
494 410 5 7 0.0296
124 420 6 7 0.0296
546 460 14 21 0.0290
1013 400 10 13 0.0278
269 432 9 11 0.0278
886 407 9 11 0.0276
413 403 8 9 0.0274
518 410 6 8 0.0273
69 427 7 9 0.0271
517 432 9 10 0.0270
250 426 8 11 0.0265
111 425 6 8 0.0265
373 415 8 9 0.0264
280 439 9 12 0.0262
950 406 12 14 0.0260
87 420 8 9 0.0258
981 396 10 12 0.0250
285 388 6 7 0.0247
84 420 8 8 0.0244
289 387 6 8 0.0241
427 523 13 26 0.0240
133 434 10 13 0.0239
421 430 9 11 0.0235
978 396 10 12 0.0230
30 437 8 10 0.0230
54 440 9 11 0.0221
12 427 8 9 0.0217
285 441 9 11 0.0214
69 424 7 9 0.0214
648 400 7 9 0.0214
1009 414 13 17 0.0214
6 461 11 20 0.0208
306 444 12 18 0.0207
681 400 7 9 0.0206
425 521 13 26 0.0203
430 520 12 27 0.0202
557 413 7 9 0.0202
193 495 17 24 0.0201
1009 401 10 12 0.0201
61 428 8 9 0.0200
91 427 9 11 0.0199
970 642 29 73 0.0199
141 427 7 8 0.0199
888 405 9 11 0.0198
617 415 7 9 0.0198
212 419 7 10 0.0198
684 400 8 9 0.0197
166 419 7 10 0.0197
879 420 11 14 0.0194
160 408 5 7 0.0193
651 400 7 9 0.0184
253 420 7 9 0.0183
586 455 15 22 0.0182
72 427 8 10 0.0182
162 408 6 7 0.0180
730 403 6 7 0.0180
160 441 13 17 0.0177
412 446 9 12 0.0177
183 421 6 8 0.0176
132 456 15 20 0.0175
487 441 9 14 0.0173
520 431 9 11 0.0172
204 418 8 10 0.0169
29 427 7 8 0.0165
3 460 15 25 0.0163
92 439 10 11 0.0163
547 458 14 21 0.0160
416 475 10 20 0.0150
311 470 15 26 0.0149
68 421 8 8 0.0149
538 478 16 31 0.0146
90 432 9 10 0.0146
283 412 7 10 0.0145
732 403 6 7 0.0144
274 416 8 9 0.0143
552 460 13 20 0.0142
469 424 8 10 0.0142
60 441 10 13 0.0141
874 402 10 13 0.0140
837 406 7 9 0.0139
300 397 6 8 0.0137
950 407 11 14 0.0136
78 243 7 11 0.0135
881 423 14 18 0.0133
415 402 6 7 0.0133
162 408 4 6 0.0133
413 438 9 11 0.0133
431 525 12 25 0.0132
619 416 7 9 0.0130
11 505 23 36 0.0130
218 441 9 13 0.0119
727 402 6 7 0.0118
542 474 14 29 0.0117
179 444 9 12 0.0116
869 399 10 12 0.0115
229 437 9 12 0.0115
729 403 6 7 0.0114
338 439 11 15 0.0114
136 447 12 20 0.0113
520 436 10 11 0.0113
840 405 8 11 0.0112
969 454 17 20 0.0112
159 407 5 7 0.0112
447 577 20 33 0.0112
634 411 7 10 0.0111
343 405 6 7 0.0110
853 404 10 13 0.0109
416 404 8 9 0.0109
833 422 10 16 0.0108
982 418 14 20 0.0108
286 441 10 14 0.0108
248 400 6 7 0.0108
454 408 6 8 0.0108
339 398 6 7 0.0107
981 458 15 21 0.0107
287 389 6 7 0.0106
368 266 7 9 0.0106
76 461 14 19 0.0106
929 406 10 12 0.0105
811 413 9 12 0.0104
242 431 9 10 0.0102
135 493 17 30 0.0100
55 451 11 16 0.0100
