0_Parade_marchingband_1_525
118
191 373 26 30 0.8234
289 393 22 25 0.8209
400 385 23 26 0.8177
677 380 22 27 0.8004
536 396 20 24 0.7827
38 424 16 19 0.7613
764 436 16 20 0.7482
133 412 20 23 0.7356
983 462 14 16 0.5756
832 419 15 17 0.5221
900 422 20 23 0.4840
898 422 20 23 0.4422
120 409 12 17 0.4226
859 483 13 18 0.3910
797 430 13 16 0.3332
861 483 13 18 0.3317
814 429 12 14 0.2824
780 419 14 17 0.2802
624 413 12 14 0.2795
958 466 12 18 0.2628
621 413 12 14 0.2471
810 430 12 14 0.1922
782 421 14 17 0.1839
732 398 11 16 0.1623
331 391 15 20 0.1599
16 425 8 10 0.1589
954 466 13 18 0.1439
13 424 8 10 0.1395
577 425 13 15 0.1380
513 417 9 11 0.1349
834 420 15 17 0.1301
77 421 9 10 0.1276
510 417 8 10 0.1148
78 423 10 12 0.1117
122 409 13 17 0.1032
795 419 12 14 0.1031
157 419 8 13 0.0944
13 426 7 8 0.0903
75 424 10 12 0.0900
836 418 14 17 0.0875
119 409 11 15 0.0872
75 422 8 9 0.0774
980 462 13 16 0.0758
353 398 17 23 0.0673
348 399 17 23 0.0586
10 423 7 8 0.0549
331 392 17 23 0.0543
729 398 9 15 0.0515
798 433 13 14 0.0511
862 483 13 17 0.0510
131 412 19 23 0.0506
936 447 8 9 0.0495
602 426 13 17 0.0492
12 425 8 10 0.0489
18 423 7 10 0.0472
815 420 11 14 0.0470
729 396 10 16 0.0453
80 422 9 10 0.0449
582 425 11 15 0.0418
802 433 12 13 0.0414
938 447 8 10 0.0401
921 447 8 10 0.0399
955 468 13 17 0.0398
728 398 11 15 0.0379
486 483 10 11 0.0367
969 457 10 15 0.0367
818 431 11 12 0.0366
734 399 12 16 0.0365
159 419 9 12 0.0355
334 392 18 21 0.0350
61 422 8 10 0.0348
570 413 10 13 0.0342
584 415 11 14 0.0341
729 416 10 12 0.0334
777 421 14 17 0.0332
924 448 8 10 0.0297
828 420 13 16 0.0289
799 428 12 15 0.0274
947 436 7 9 0.0270
80 422 8 10 0.0270
812 421 12 13 0.0255
973 459 12 15 0.0254
483 483 9 11 0.0254
353 395 15 19 0.0252
925 431 9 13 0.0234
86 436 7 9 0.0227
90 436 6 9 0.0226
949 437 7 10 0.0216
719 420 8 9 0.0212
776 419 13 16 0.0207
574 422 13 16 0.0196
579 418 12 16 0.0193
157 419 10 14 0.0179
920 447 8 11 0.0177
358 396 18 21 0.0173
337 392 13 17 0.0168
514 416 9 12 0.0168
345 402 20 25 0.0167
260 396 7 7 0.0167
366 408 20 22 0.0167
569 409 10 13 0.0166
934 445 10 11 0.0165
929 432 8 10 0.0163
86 434 8 11 0.0161
960 469 12 18 0.0154
577 412 11 12 0.0153
584 412 10 12 0.0151
512 415 8 10 0.0149
951 473 14 19 0.0148
156 422 10 12 0.0128
621 416 12 15 0.0127
988 463 11 14 0.0120
365 404 19 20 0.0116
352 401 25 29 0.0114
815 453 10 13 0.0108
954 460 10 14 0.0108
326 391 15 20 0.0101
721 418 10 13 0.0100
