0_Parade_marchingband_1_653
188
76 142 16 18 0.7787
679 190 15 20 0.7762
537 192 16 21 0.7751
871 191 16 20 0.7703
961 178 17 23 0.7639
765 187 16 21 0.7584
460 144 16 20 0.7542
395 196 14 20 0.7526
512 130 14 19 0.7474
650 126 14 19 0.7224
808 89 14 16 0.7098
601 184 15 20 0.7096
740 132 14 19 0.7070
782 132 16 19 0.6983
319 40 13 16 0.6890
604 136 15 20 0.6795
373 144 14 18 0.6735
982 128 14 17 0.6709
418 141 16 19 0.6622
587 91 13 15 0.6523
27 142 15 18 0.6506
960 37 14 16 0.6488
717 82 13 15 0.6422
933 93 13 15 0.6401
272 154 13 16 0.6329
409 32 14 16 0.6240
692 121 15 19 0.6220
21 95 15 16 0.6086
560 128 14 17 0.6070
166 94 12 14 0.6055
272 50 14 15 0.6011
535 94 13 16 0.5991
226 140 14 18 0.5985
111 86 14 15 0.5973
604 36 13 16 0.5947
258 108 13 16 0.5933
122 148 15 19 0.5846
511 31 12 15 0.5841
654 20 14 17 0.5830
675 91 13 16 0.5799
744 40 12 15 0.5795
311 206 13 19 0.5739
702 23 13 16 0.5735
892 95 14 16 0.5734
829 28 12 15 0.5704
229 46 13 16 0.5641
67 96 14 17 0.5626
362 43 14 16 0.5563
878 116 15 20 0.5538
221 203 14 18 0.5435
489 81 14 17 0.5391
209 94 13 15 0.5382
130 198 14 21 0.5338
323 134 14 20 0.5287
42 41 14 17 0.5257
46 196 15 19 0.5249
303 95 14 16 0.5248
482 204 14 20 0.5231
350 94 13 16 0.5087
175 138 15 18 0.5058
981 76 13 16 0.5055
873 56 13 16 0.4979
783 31 13 16 0.4926
852 91 13 16 0.4812
826 123 16 20 0.4791
925 112 17 21 0.4699
444 93 13 16 0.4662
151 54 12 15 0.4660
558 31 13 16 0.4606
912 27 13 16 0.4568
763 85 13 16 0.4535
927 112 17 21 0.4449
189 40 13 15 0.4423
127 198 15 21 0.4227
186 155 16 19 0.4214
464 34 13 15 0.4189
396 85 13 17 0.4107
841 46 13 16 0.4084
186 40 13 15 0.4010
915 27 12 16 0.3891
630 90 14 16 0.3878
823 124 16 19 0.3792
100 49 13 15 0.3637
441 93 13 16 0.3631
43 196 15 18 0.3617
555 31 13 16 0.3590
866 34 13 16 0.3582
397 86 15 17 0.3566
353 95 13 16 0.3558
468 34 11 15 0.3556
849 90 14 16 0.3516
861 105 15 17 0.3437
98 47 13 16 0.3367
45 41 14 17 0.3339
786 31 12 15 0.3308
313 206 14 19 0.3300
326 134 14 20 0.3266
875 116 15 20 0.3205
978 75 14 17 0.3147
224 203 14 18 0.3041
149 54 12 15 0.3039
865 105 13 17 0.3012
365 43 13 16 0.3003
211 94 13 15 0.2931
867 36 13 15 0.2886
125 148 15 19 0.2851
479 205 15 19 0.2685
301 95 13 15 0.2650
508 31 12 15 0.2640
70 96 14 17 0.2609
760 85 13 17 0.2577
492 81 14 17 0.2565
826 28 12 15 0.2538
875 56 13 16 0.2429
946 106 13 17 0.2416
889 95 14 16 0.2379
673 91 12 16 0.2291
275 50 13 15 0.2243
183 155 16 18 0.2165
700 22 14 17 0.2140
224 140 14 18 0.2099
760 86 14 16 0.2096
274 154 14 16 0.2064
261 108 13 16 0.2051
532 94 13 16 0.1916
863 36 13 15 0.1892
602 35 13 16 0.1872
906 111 13 17 0.1837
584 91 13 15 0.1786
993 93 13 15 0.1749
413 32 12 16 0.1735
979 128 15 17 0.1634
557 128 14 17 0.1632
113 86 14 16 0.1581
931 93 12 15 0.1450
173 138 15 17 0.1441
98 49 13 15 0.1405
631 100 15 17 0.1402
324 134 15 20 0.1397
647 102 13 15 0.1357
376 143 14 19 0.1355
990 93 14 15 0.1244
173 136 15 19 0.1221
233 46 12 15 0.1200
20 95 13 15 0.1174
699 24 13 15 0.1172
741 41 12 14 0.1149
905 111 13 16 0.1135
863 34 13 16 0.1108
972 54 12 15 0.1032
738 132 13 19 0.1023
164 94 12 14 0.0994
838 45 13 16 0.0891
603 135 14 20 0.0890
746 40 11 14 0.0860
416 141 15 19 0.0857
643 102 14 16 0.0846
30 142 14 18 0.0827
958 35 14 18 0.0814
715 82 12 15 0.0744
695 122 14 18 0.0693
648 126 13 19 0.0688
762 187 16 21 0.0645
656 20 14 17 0.0632
657 19 13 17 0.0600
825 122 16 20 0.0558
322 40 12 15 0.0558
753 59 11 14 0.0557
632 90 14 16 0.0524
169 94 12 15 0.0493
902 112 13 16 0.0390
400 85 12 16 0.0383
775 101 14 18 0.0352
371 201 13 16 0.0335
603 183 15 21 0.0329
695 121 14 18 0.0306
930 45 12 14 0.0285
957 37 13 16 0.0258
232 47 13 16 0.0258
373 202 13 16 0.0242
772 101 14 17 0.0239
720 81 11 16 0.0208
927 45 12 15 0.0168
903 110 14 18 0.0154
810 89 13 16 0.0138
465 35 13 15 0.0132
318 40 12 15 0.0118
628 87 14 17 0.0111
