0_Parade_Parade_0_286
179
954 554 69 81 0.8748
611 615 112 83 0.8698
532 544 20 24 0.7806
586 562 22 27 0.7793
901 526 21 23 0.7379
83 524 19 19 0.6511
229 552 31 35 0.4940
945 503 12 14 0.4504
448 525 17 20 0.4447
613 516 9 11 0.3969
585 525 12 16 0.3845
582 526 12 15 0.3461
961 497 11 12 0.3012
943 503 12 14 0.2827
349 509 15 18 0.2288
601 527 10 12 0.2280
595 517 9 10 0.2225
965 497 9 12 0.2210
587 329 6 8 0.2097
592 517 9 11 0.2067
0 657 73 42 0.2003
475 551 15 24 0.1995
513 330 6 7 0.1994
589 329 7 8 0.1949
565 517 9 11 0.1914
513 537 15 18 0.1868
79 551 25 29 0.1832
352 510 15 17 0.1776
975 513 11 12 0.1752
515 330 6 7 0.1681
89 503 10 12 0.1538
458 529 14 17 0.1533
903 517 17 16 0.1512
626 506 8 10 0.1500
87 503 9 11 0.1445
963 498 11 12 0.1429
501 332 5 7 0.1404
502 332 6 8 0.1394
498 331 6 7 0.1259
550 520 8 11 0.1234
623 507 8 10 0.1107
514 534 12 14 0.1076
806 512 21 34 0.0997
509 419 10 11 0.0938
979 513 10 12 0.0920
498 333 6 7 0.0919
519 508 10 11 0.0906
477 550 18 26 0.0905
522 508 9 11 0.0874
564 516 7 10 0.0838
506 419 10 12 0.0811
0 653 72 46 0.0797
75 550 24 29 0.0776
592 344 7 8 0.0738
517 533 11 14 0.0727
654 512 11 13 0.0694
590 330 6 8 0.0675
997 518 11 13 0.0657
613 496 7 9 0.0657
229 552 26 30 0.0635
565 522 10 13 0.0614
610 496 7 8 0.0592
113 526 11 13 0.0590
611 556 11 17 0.0582
594 344 7 7 0.0579
595 517 8 10 0.0566
977 511 11 13 0.0535
543 519 10 12 0.0533
0 561 21 57 0.0516
516 535 14 16 0.0514
477 554 15 25 0.0513
628 509 8 9 0.0486
810 511 23 36 0.0477
568 517 7 9 0.0470
578 343 6 8 0.0463
596 344 6 8 0.0459
79 552 29 32 0.0413
476 546 11 15 0.0408
901 517 16 17 0.0393
575 342 7 9 0.0391
578 344 7 8 0.0386
966 498 10 12 0.0385
110 527 11 12 0.0378
15 559 20 29 0.0378
35 544 17 25 0.0377
593 516 7 9 0.0377
577 506 7 9 0.0377
977 512 10 11 0.0374
653 510 9 11 0.0371
625 525 13 18 0.0365
621 529 10 15 0.0352
615 515 9 11 0.0350
652 513 9 12 0.0346
765 475 12 18 0.0343
551 521 9 11 0.0338
0 550 24 71 0.0333
610 514 8 10 0.0328
75 551 28 31 0.0321
651 512 10 13 0.0319
699 496 15 21 0.0313
82 524 17 19 0.0307
562 515 8 10 0.0293
613 557 12 17 0.0290
552 542 13 16 0.0288
128 524 15 18 0.0284
461 533 13 16 0.0281
514 330 5 6 0.0273
478 546 12 15 0.0267
827 175 7 8 0.0267
548 518 9 11 0.0263
517 330 5 7 0.0261
499 333 6 7 0.0255
762 477 11 16 0.0250
545 524 11 14 0.0249
445 526 17 21 0.0238
949 504 11 13 0.0236
463 532 12 16 0.0229
650 510 9 10 0.0228
830 174 7 8 0.0227
807 512 18 30 0.0225
463 530 11 15 0.0221
478 554 21 28 0.0220
589 330 6 7 0.0217
542 510 9 10 0.0214
903 514 15 16 0.0213
625 504 7 9 0.0207
351 507 15 19 0.0206
599 559 12 18 0.0206
35 544 14 20 0.0205
931 526 18 21 0.0204
347 507 15 19 0.0197
245 522 16 19 0.0197
520 511 10 11 0.0190
8 558 23 40 0.0190
798 172 5 7 0.0187
811 511 18 31 0.0185
86 505 13 14 0.0183
524 510 9 12 0.0181
921 494 9 10 0.0181
575 345 7 8 0.0181
292 501 12 14 0.0178
964 182 7 9 0.0174
967 182 8 10 0.0171
855 165 5 7 0.0170
470 552 16 25 0.0166
963 180 6 8 0.0164
509 539 13 16 0.0161
621 531 11 15 0.0160
556 544 13 14 0.0158
997 519 15 18 0.0154
520 510 10 12 0.0147
243 519 16 20 0.0147
2 562 25 53 0.0142
127 511 15 17 0.0139
858 165 5 7 0.0139
89 554 27 30 0.0136
796 172 5 6 0.0131
657 511 10 11 0.0127
686 501 9 10 0.0127
936 506 10 12 0.0126
577 504 7 9 0.0124
795 173 5 6 0.0124
928 503 10 12 0.0122
854 168 7 8 0.0121
1000 516 11 13 0.0118
690 499 11 16 0.0115
111 525 10 12 0.0113
367 652 89 47 0.0112
290 502 11 12 0.0110
275 547 24 28 0.0109
0 652 68 45 0.0109
512 544 16 18 0.0108
924 531 15 19 0.0105
228 552 30 34 0.0104
485 552 19 25 0.0103
507 422 8 10 0.0102
966 181 7 8 0.0102
572 504 8 9 0.0102
88 502 8 10 0.0101
