0_Parade_marchingband_1_311
121
477 298 16 23 0.6225
267 299 13 16 0.5606
718 343 12 14 0.4792
833 324 12 13 0.4362
412 334 13 15 0.4331
542 335 12 13 0.4257
771 335 11 13 0.3700
336 317 11 12 0.3639
414 311 11 12 0.3597
545 336 11 12 0.3431
614 339 15 19 0.3361
204 293 10 14 0.3270
417 310 11 13 0.3246
478 297 18 25 0.3137
830 325 12 12 0.2814
338 317 11 13 0.2787
664 328 8 11 0.2718
667 329 8 10 0.2675
774 335 11 14 0.2385
721 343 11 14 0.2176
729 317 6 6 0.2096
265 300 11 15 0.1982
223 309 10 13 0.1935
712 319 5 7 0.1783
709 319 5 7 0.1756
201 293 10 13 0.1703
415 334 12 15 0.1648
587 317 9 11 0.1591
620 341 14 17 0.1444
584 317 8 11 0.1429
225 306 10 14 0.1382
226 309 10 13 0.1336
133 312 5 7 0.1163
205 294 11 14 0.1132
396 335 8 10 0.1096
392 336 8 9 0.1057
710 320 6 7 0.0945
217 295 9 11 0.0923
713 319 5 7 0.0903
609 338 13 17 0.0895
617 342 15 17 0.0890
130 313 5 6 0.0881
720 344 12 14 0.0869
201 295 10 13 0.0869
114 316 5 6 0.0767
387 318 6 7 0.0759
145 317 5 6 0.0755
112 316 4 6 0.0725
384 317 6 8 0.0663
770 335 8 12 0.0635
616 325 12 15 0.0602
81 321 5 7 0.0594
164 318 6 7 0.0577
161 318 6 7 0.0568
770 333 9 14 0.0555
835 325 11 12 0.0540
553 317 6 7 0.0523
394 334 7 10 0.0486
727 316 6 7 0.0483
220 298 10 14 0.0472
79 321 5 7 0.0468
400 315 7 8 0.0449
550 316 7 8 0.0445
622 343 14 16 0.0411
411 332 12 15 0.0411
310 321 8 10 0.0393
668 328 9 11 0.0376
306 320 8 10 0.0370
194 308 7 9 0.0356
668 331 9 11 0.0350
89 315 5 6 0.0343
584 319 9 12 0.0328
167 319 5 7 0.0323
163 320 5 6 0.0319
726 317 5 7 0.0317
78 322 5 6 0.0317
388 319 7 8 0.0314
669 330 8 10 0.0309
77 320 5 7 0.0307
393 335 8 10 0.0305
665 331 8 11 0.0289
620 326 10 12 0.0284
302 317 8 12 0.0275
147 319 6 7 0.0254
617 336 14 17 0.0242
131 313 5 6 0.0227
726 316 5 7 0.0222
305 320 9 12 0.0221
161 318 6 7 0.0217
387 318 6 8 0.0210
113 316 5 6 0.0207
587 318 10 14 0.0201
385 319 6 9 0.0191
86 314 5 6 0.0190
112 312 5 7 0.0175
246 310 10 13 0.0168
773 333 10 14 0.0164
90 313 6 7 0.0159
87 315 5 6 0.0156
333 317 9 11 0.0153
414 334 12 14 0.0148
551 317 6 7 0.0145
192 308 8 9 0.0140
83 321 6 7 0.0139
709 319 6 7 0.0139
328 321 9 11 0.0136
730 318 7 8 0.0132
105 314 6 6 0.0128
222 296 9 11 0.0128
706 319 5 7 0.0128
337 319 12 13 0.0127
141 316 5 6 0.0124
180 317 6 7 0.0123
229 307 10 13 0.0119
463 333 5 7 0.0118
60 312 5 6 0.0116
413 309 10 13 0.0112
617 320 8 9 0.0111
584 315 6 7 0.0109
56 319 5 6 0.0104
35 306 5 6 0.0102
