0_Parade_marchingband_1_552
37
968 384 15 16 0.5619
537 372 13 16 0.5176
182 379 13 14 0.5127
346 370 14 17 0.4653
740 381 14 15 0.3747
857 391 10 17 0.3360
51 358 12 17 0.2828
586 379 11 15 0.2699
344 370 13 16 0.2592
184 379 14 15 0.2201
582 379 11 15 0.2140
966 384 14 16 0.2101
409 379 15 17 0.2016
49 357 12 17 0.1731
853 391 11 17 0.1630
421 378 11 14 0.0997
535 373 12 15 0.0749
743 383 13 14 0.0647
737 381 12 14 0.0605
746 381 11 15 0.0457
411 382 16 16 0.0442
534 371 13 16 0.0343
55 359 9 15 0.0296
853 392 12 17 0.0283
738 384 12 14 0.0275
47 359 12 16 0.0272
343 372 12 14 0.0244
405 380 13 15 0.0239
858 394 10 16 0.0193
412 376 14 16 0.0187
541 372 12 15 0.0177
418 382 14 15 0.0166
541 373 12 15 0.0165
54 357 10 15 0.0151
853 395 11 15 0.0149
583 382 12 14 0.0128
180 379 10 13 0.0125
