0_Parade_Parade_0_317
195
170 200 22 28 0.7173
565 125 14 18 0.5457
329 73 16 20 0.5426
308 76 15 19 0.5023
246 89 13 15 0.4184
605 105 15 18 0.4129
430 85 14 16 0.3793
489 90 14 17 0.3767
222 98 13 16 0.3715
427 85 14 15 0.3215
273 101 12 15 0.3210
177 103 14 15 0.3210
302 100 14 17 0.3070
225 98 13 16 0.3034
162 88 15 19 0.2886
300 100 13 16 0.2743
101 67 15 16 0.2676
104 67 15 17 0.2649
608 105 15 18 0.2586
277 102 11 15 0.2528
492 90 14 17 0.2446
387 121 14 16 0.2277
834 71 15 17 0.2257
869 88 14 16 0.2224
261 99 11 15 0.2092
541 93 13 16 0.2080
249 88 12 16 0.1987
33 91 16 17 0.1860
695 99 13 15 0.1806
310 78 15 19 0.1701
159 88 14 18 0.1680
707 115 14 16 0.1594
920 103 15 18 0.1571
540 76 13 15 0.1542
927 73 12 14 0.1517
568 125 14 18 0.1480
711 115 14 16 0.1467
688 77 15 17 0.1415
565 83 13 15 0.1392
432 68 14 17 0.1302
391 121 12 15 0.1295
930 72 13 15 0.1261
382 83 14 16 0.1199
384 104 13 15 0.1191
819 100 14 15 0.1025
906 91 14 16 0.1004
524 101 13 16 0.0984
486 65 12 12 0.0977
346 63 17 16 0.0968
959 108 14 16 0.0935
922 105 15 18 0.0882
539 92 13 16 0.0868
14 89 13 16 0.0835
480 85 11 14 0.0814
544 93 14 16 0.0811
655 103 12 14 0.0796
698 98 13 16 0.0783
782 98 14 16 0.0772
36 92 15 17 0.0668
430 67 14 16 0.0621
543 92 14 16 0.0612
179 66 15 17 0.0603
543 77 13 14 0.0573
2 108 12 14 0.0536
490 92 14 16 0.0528
659 103 11 14 0.0522
641 78 12 14 0.0514
30 90 15 18 0.0499
572 66 16 16 0.0493
182 67 15 17 0.0461
410 89 12 14 0.0443
643 134 14 15 0.0438
380 84 12 15 0.0435
568 82 14 16 0.0432
660 154 14 17 0.0424
9 74 12 15 0.0422
949 90 14 16 0.0410
272 70 12 14 0.0403
124 74 18 20 0.0378
743 112 12 15 0.0376
450 72 12 15 0.0371
6 74 12 15 0.0370
837 122 13 15 0.0367
428 68 14 17 0.0363
970 90 15 17 0.0359
840 122 13 15 0.0358
642 108 11 13 0.0357
311 77 14 18 0.0347
524 107 12 15 0.0340
386 109 14 16 0.0336
625 85 14 17 0.0334
657 158 14 16 0.0334
656 154 14 17 0.0330
643 131 13 14 0.0324
903 90 14 17 0.0321
381 81 14 15 0.0321
953 91 14 15 0.0318
31 94 14 15 0.0304
293 87 12 15 0.0297
638 109 11 12 0.0289
388 104 12 14 0.0287
955 64 18 16 0.0286
311 75 15 20 0.0285
261 106 11 13 0.0284
291 83 12 15 0.0282
563 81 13 15 0.0267
839 98 13 17 0.0266
181 103 12 14 0.0264
690 79 15 18 0.0263
49 90 14 15 0.0262
662 159 14 16 0.0255
541 77 14 16 0.0250
305 106 13 14 0.0249
49 94 14 15 0.0249
263 101 11 15 0.0240
787 98 14 16 0.0239
837 70 14 18 0.0239
387 105 13 15 0.0236
357 120 14 16 0.0234
350 64 17 14 0.0234
356 117 14 16 0.0233
1 105 12 15 0.0231
660 77 12 14 0.0222
639 106 11 13 0.0220
292 67 13 14 0.0218
656 106 12 14 0.0214
335 75 15 18 0.0211
180 105 12 14 0.0203
622 86 14 16 0.0201
386 82 13 15 0.0198
657 76 12 14 0.0197
124 87 17 19 0.0197
349 83 12 14 0.0193
591 90 13 13 0.0191
567 80 14 16 0.0189
866 87 13 17 0.0179
184 66 14 16 0.0178
302 106 12 14 0.0177
708 119 14 14 0.0175
957 108 12 15 0.0173
488 67 12 13 0.0172
289 89 12 14 0.0172
490 66 11 11 0.0171
572 70 16 19 0.0168
270 68 11 12 0.0161
0 93 8 13 0.0159
647 134 14 15 0.0156
936 87 13 16 0.0154
97 91 12 15 0.0154
647 131 12 14 0.0153
232 67 13 14 0.0153
603 105 14 17 0.0153
629 162 15 19 0.0152
106 67 13 15 0.0150
292 71 14 19 0.0150
233 69 13 15 0.0150
908 92 13 16 0.0149
93 91 12 15 0.0149
595 92 13 13 0.0148
75 72 14 17 0.0148
6 108 11 13 0.0146
924 102 16 18 0.0146
642 81 12 14 0.0146
484 65 11 11 0.0141
697 103 13 15 0.0140
512 89 13 16 0.0140
415 72 13 16 0.0139
176 106 11 12 0.0138
428 67 13 15 0.0138
876 88 13 15 0.0137
551 66 11 12 0.0136
475 81 13 15 0.0135
354 83 13 14 0.0131
94 95 12 14 0.0131
537 154 12 14 0.0130
537 76 11 13 0.0129
823 101 14 15 0.0127
117 82 13 16 0.0122
236 68 12 12 0.0120
999 94 19 23 0.0120
686 77 13 17 0.0118
128 76 17 19 0.0117
97 95 12 14 0.0116
519 101 13 16 0.0116
521 103 13 16 0.0116
182 102 13 15 0.0113
925 103 14 17 0.0111
3 104 16 17 0.0110
202 104 11 13 0.0110
957 106 14 16 0.0110
644 106 13 14 0.0107
747 115 12 13 0.0106
904 93 13 16 0.0105
815 98 13 15 0.0105
520 107 12 15 0.0104
