0_Parade_marchingband_1_629
164
954 392 16 23 0.5726
562 368 12 15 0.5386
0 348 11 13 0.5363
510 366 11 15 0.5197
611 370 12 15 0.4995
463 357 11 14 0.4784
328 357 9 12 0.4667
35 376 12 14 0.4482
140 359 11 14 0.4396
577 321 10 12 0.4281
111 372 12 16 0.4270
425 360 11 14 0.4191
394 360 10 13 0.4190
391 360 10 13 0.3953
108 372 12 15 0.3912
427 320 9 12 0.3863
359 360 10 14 0.3836
861 353 10 14 0.3833
53 334 11 12 0.3831
864 353 9 14 0.3780
430 320 9 12 0.3728
637 325 10 13 0.3653
137 359 11 14 0.3564
428 360 10 13 0.3550
497 331 9 11 0.3509
608 370 12 15 0.3503
793 351 11 14 0.3426
358 361 9 12 0.3391
234 364 11 14 0.3319
494 331 9 11 0.3259
407 325 9 11 0.3252
3 348 11 13 0.3242
560 368 11 15 0.3236
56 334 10 12 0.3234
507 366 11 15 0.3223
530 323 8 10 0.3195
291 384 8 13 0.3192
404 325 9 10 0.3176
295 352 9 13 0.3157
742 334 7 9 0.3153
716 395 10 17 0.3121
579 321 11 12 0.3113
652 374 9 15 0.3099
634 325 10 13 0.3057
953 393 14 22 0.3037
715 334 8 10 0.3027
861 385 9 17 0.2991
292 353 9 12 0.2977
792 373 10 16 0.2945
322 357 9 12 0.2934
712 334 8 11 0.2884
287 384 9 13 0.2879
464 357 12 15 0.2863
795 351 11 14 0.2751
533 323 8 10 0.2682
319 357 8 11 0.2655
563 324 9 10 0.2524
713 395 9 17 0.2522
33 376 12 14 0.2492
774 339 7 8 0.2475
561 324 8 10 0.2422
237 365 11 13 0.2415
649 373 9 16 0.2383
777 339 7 9 0.2335
824 340 8 10 0.2138
790 373 9 16 0.2112
483 333 8 11 0.2041
730 341 8 9 0.1939
827 340 8 10 0.1904
864 385 9 16 0.1858
294 352 9 12 0.1794
163 388 7 9 0.1738
794 404 10 20 0.1694
233 364 11 14 0.1613
166 389 7 9 0.1603
361 360 10 13 0.1567
825 340 8 10 0.1379
514 391 8 14 0.1372
828 340 8 10 0.1362
796 351 11 13 0.1257
511 392 8 13 0.1254
864 335 7 10 0.1252
793 352 10 13 0.1166
867 334 7 11 0.1159
237 364 10 13 0.1129
741 333 6 9 0.1116
792 405 9 19 0.1071
775 339 7 9 0.1016
461 357 10 14 0.1005
727 341 7 10 0.0924
145 360 9 12 0.0718
37 376 12 14 0.0703
544 321 6 8 0.0693
512 389 9 14 0.0690
561 326 9 10 0.0687
778 339 7 9 0.0676
728 340 7 10 0.0667
739 333 6 9 0.0658
720 353 9 12 0.0640
540 336 8 10 0.0621
543 320 7 10 0.0610
730 339 7 9 0.0602
292 352 8 12 0.0577
565 325 8 10 0.0563
738 355 7 9 0.0478
635 326 10 13 0.0470
723 353 9 11 0.0460
537 331 8 12 0.0451
541 320 7 8 0.0448
167 389 6 9 0.0425
532 324 8 11 0.0419
743 334 7 9 0.0408
791 375 9 15 0.0383
492 354 10 13 0.0383
320 358 8 10 0.0378
794 375 10 16 0.0378
503 332 9 11 0.0367
408 325 9 11 0.0352
552 354 7 9 0.0334
484 332 7 9 0.0332
641 360 8 10 0.0296
638 326 10 13 0.0294
637 360 9 10 0.0284
776 339 8 9 0.0279
537 337 8 10 0.0278
714 333 7 9 0.0266
494 354 10 12 0.0266
52 334 10 12 0.0265
550 354 7 9 0.0261
753 343 6 9 0.0250
574 348 10 12 0.0250
163 390 7 8 0.0244
34 377 11 14 0.0228
415 342 9 12 0.0228
826 340 9 10 0.0219
405 326 9 10 0.0215
420 342 9 11 0.0206
541 336 8 10 0.0192
549 354 7 9 0.0190
575 321 9 11 0.0181
73 383 7 9 0.0178
650 375 9 16 0.0177
777 324 7 9 0.0161
289 386 9 12 0.0158
70 383 7 9 0.0157
839 319 5 7 0.0148
570 347 10 13 0.0138
775 324 6 8 0.0137
718 394 9 16 0.0134
490 353 10 13 0.0130
742 336 7 10 0.0129
495 330 8 11 0.0126
654 375 9 16 0.0125
842 319 6 6 0.0124
863 386 9 17 0.0120
493 330 8 11 0.0119
530 323 7 9 0.0117
862 313 7 8 0.0114
324 356 9 12 0.0114
416 340 9 11 0.0108
711 333 7 9 0.0104
68 381 8 10 0.0104
513 390 10 14 0.0103
713 336 8 11 0.0103
