0_Parade_Parade_0_490
307
104 184 46 55 0.8822
119 444 83 87 0.8734
667 132 44 55 0.8715
774 567 106 127 0.8693
242 319 56 68 0.8652
475 330 52 66 0.8642
387 350 57 74 0.8636
902 370 78 94 0.8623
747 153 40 45 0.8617
597 170 42 50 0.8594
731 238 43 48 0.8574
527 221 37 43 0.8567
769 321 64 80 0.8560
761 84 34 39 0.8554
17 293 45 49 0.8536
179 200 50 62 0.8533
596 283 53 61 0.8506
403 280 45 58 0.8437
10 492 76 72 0.8418
505 152 34 40 0.8404
598 109 28 38 0.8391
718 89 32 34 0.8335
352 124 29 34 0.8316
912 83 28 32 0.8280
280 178 38 41 0.8165
823 148 45 47 0.8152
381 184 45 47 0.8150
494 671 51 73 0.8141
878 50 22 31 0.8125
73 159 33 33 0.8064
970 53 25 34 0.8058
636 77 27 29 0.8057
0 223 18 36 0.8056
931 6 22 28 0.7997
174 133 30 34 0.7994
1004 163 20 52 0.7980
434 111 25 31 0.7979
572 57 25 30 0.7933
941 197 45 35 0.7903
547 116 27 32 0.7877
276 80 21 26 0.7865
669 640 41 55 0.7844
672 80 26 29 0.7784
28 169 26 29 0.7781
448 69 22 26 0.7769
723 42 23 27 0.7768
225 453 57 58 0.7738
439 217 40 45 0.7674
538 75 23 31 0.7669
773 248 36 53 0.7620
242 163 29 33 0.7593
853 31 19 24 0.7459
375 245 36 45 0.7399
65 197 34 48 0.7371
955 23 22 28 0.7355
357 58 20 23 0.7114
537 20 18 22 0.7009
9 383 40 49 0.6941
9 139 20 24 0.6915
60 111 17 21 0.6765
385 97 21 25 0.6756
905 12 21 28 0.6151
885 0 17 18 0.5628
135 75 18 22 0.5597
443 39 17 21 0.5546
88 62 15 21 0.5268
844 2 15 19 0.5232
790 47 17 24 0.4834
233 92 19 23 0.4613
3 91 15 20 0.4374
643 20 14 19 0.4074
337 118 18 24 0.4065
701 20 18 22 0.3913
7 91 14 20 0.3894
676 10 14 16 0.3641
0 112 8 21 0.3636
475 68 18 23 0.3613
994 27 17 22 0.3554
246 55 13 16 0.3455
112 147 21 22 0.3437
206 17 11 15 0.3410
614 3 16 19 0.3377
283 9 12 15 0.3111
132 75 17 22 0.3057
235 92 20 23 0.2980
502 92 17 24 0.2903
241 131 24 26 0.2846
646 20 13 19 0.2819
440 39 17 21 0.2775
788 14 15 19 0.2589
339 117 18 24 0.2585
251 55 12 15 0.2573
522 19 13 22 0.2542
813 28 20 23 0.2537
616 5 16 18 0.2469
814 30 21 25 0.2456
184 43 9 14 0.2394
784 14 15 20 0.2269
209 17 11 14 0.2134
187 43 9 14 0.2029
516 19 16 23 0.2007
473 66 17 23 0.1919
664 49 18 18 0.1878
335 117 17 22 0.1862
995 27 20 25 0.1736
390 148 27 28 0.1709
500 91 17 24 0.1640
826 0 14 17 0.1626
878 33 22 24 0.1566
675 5 15 18 0.1562
504 90 17 25 0.1499
383 124 16 19 0.1434
940 197 46 35 0.1389
1015 107 9 37 0.1375
810 5 17 21 0.1335
0 413 11 63 0.1316
917 301 58 61 0.1299
383 0 13 12 0.1255
821 106 39 35 0.1236
505 92 18 24 0.1173
699 18 18 20 0.1103
756 43 22 26 0.1096
287 9 11 15 0.1063
605 28 13 17 0.1028
371 8 14 17 0.1020
466 117 27 30 0.1020
888 0 16 17 0.1011
273 155 31 36 0.1002
94 62 12 20 0.1000
240 130 21 24 0.0990
353 0 13 12 0.0983
673 10 13 16 0.0958
606 1 11 15 0.0937
856 16 18 20 0.0928
399 0 11 9 0.0926
520 17 13 20 0.0882
812 5 18 20 0.0863
609 29 13 15 0.0852
0 409 9 52 0.0851
350 0 13 12 0.0843
903 13 21 27 0.0842
879 30 19 20 0.0841
808 4 16 18 0.0825
0 187 22 30 0.0814
477 64 19 24 0.0784
0 399 10 51 0.0774
727 9 14 17 0.0770
712 149 26 34 0.0742
1017 0 7 15 0.0733
0 414 32 52 0.0677
713 151 28 34 0.0677
1017 110 7 40 0.0664
82 62 16 21 0.0647
273 151 28 32 0.0603
281 6 12 17 0.0597
518 18 15 23 0.0593
907 152 34 39 0.0578
57 111 16 21 0.0574
478 279 41 48 0.0564
870 213 25 45 0.0563
280 9 11 15 0.0532
763 25 19 21 0.0526
467 67 18 23 0.0503
759 44 23 26 0.0496
760 38 20 22 0.0495
203 17 11 15 0.0489
502 1 14 15 0.0477
542 20 16 22 0.0475
756 40 18 21 0.0474
0 116 10 23 0.0473
605 31 15 18 0.0472
719 151 23 33 0.0465
731 0 16 16 0.0464
271 63 13 16 0.0464
817 86 26 31 0.0456
873 214 29 44 0.0454
399 66 15 18 0.0448
0 414 16 66 0.0439
720 151 28 36 0.0424
478 68 19 23 0.0423
810 27 18 22 0.0420
823 0 16 16 0.0418
399 0 10 6 0.0417
185 45 9 14 0.0413
405 66 14 18 0.0412
916 300 55 56 0.0410
686 53 17 19 0.0405
245 132 23 27 0.0390
723 10 14 18 0.0385
481 51 20 23 0.0382
387 147 21 26 0.0382
0 547 14 76 0.0369
811 3 18 19 0.0362
542 0 12 12 0.0358
403 0 10 8 0.0357
786 47 16 23 0.0353
497 617 44 63 0.0350
546 0 11 11 0.0347
904 3 19 21 0.0345
956 15 19 21 0.0339
736 0 17 16 0.0337
402 0 10 6 0.0336
380 33 14 18 0.0334
369 5 15 17 0.0327
506 1 12 14 0.0321
0 414 19 73 0.0320
227 454 55 57 0.0317
712 23 19 24 0.0316
791 0 13 12 0.0309
248 57 13 16 0.0297
847 4 16 20 0.0289
275 63 14 17 0.0288
186 44 11 14 0.0286
685 56 21 23 0.0285
631 0 11 12 0.0281
231 92 18 22 0.0274
2 186 28 30 0.0268
961 0 17 16 0.0266
209 17 12 14 0.0265
810 30 19 24 0.0264
820 86 29 32 0.0258
188 45 10 13 0.0257
159 146 17 22 0.0254
672 5 13 17 0.0254
246 129 21 24 0.0249
208 18 12 15 0.0247
697 20 16 22 0.0244
362 58 18 23 0.0237
991 26 16 22 0.0236
0 544 19 88 0.0232
823 32 18 22 0.0231
704 29 17 20 0.0229
1017 82 7 27 0.0227
377 33 14 18 0.0226
286 6 11 15 0.0224
602 52 14 18 0.0222
601 0 12 13 0.0213
874 1 15 17 0.0210
111 144 18 21 0.0209
499 17 13 18 0.0206
570 0 11 8 0.0205
406 124 20 23 0.0205
574 0 11 8 0.0203
545 141 23 31 0.0203
0 188 24 38 0.0200
0 407 31 50 0.0190
1 182 17 26 0.0186
504 20 14 20 0.0185
516 17 14 21 0.0180
675 14 14 18 0.0179
398 69 17 20 0.0178
0 543 10 75 0.0173
544 0 12 11 0.0172
759 25 18 21 0.0172
621 149 28 32 0.0172
817 93 32 34 0.0171
804 60 22 26 0.0169
269 150 24 30 0.0161
378 28 15 21 0.0159
610 31 13 16 0.0158
987 5 18 23 0.0156
817 34 21 24 0.0152
942 35 17 21 0.0152
630 147 29 33 0.0149
465 113 26 31 0.0149
811 62 19 23 0.0148
272 6 11 13 0.0145
787 0 12 12 0.0144
570 0 11 9 0.0142
572 0 11 6 0.0141
496 18 14 18 0.0141
722 14 16 19 0.0141
795 43 19 24 0.0141
779 17 15 18 0.0140
722 20 17 21 0.0140
600 2 11 13 0.0133
317 278 34 43 0.0133
698 19 16 20 0.0133
966 1 15 14 0.0132
846 0 15 17 0.0132
340 119 22 27 0.0130
5 189 29 35 0.0129
669 46 17 20 0.0129
0 388 10 54 0.0128
726 0 14 13 0.0127
396 0 12 9 0.0127
880 0 16 16 0.0125
0 112 15 23 0.0125
384 119 21 25 0.0125
869 209 22 45 0.0123
0 407 21 67 0.0122
658 75 22 30 0.0122
291 214 33 33 0.0121
770 2 13 17 0.0119
801 0 14 15 0.0118
304 278 41 47 0.0117
373 27 16 19 0.0116
390 143 24 24 0.0115
84 63 17 21 0.0113
872 211 28 44 0.0112
368 9 13 15 0.0108
569 0 11 6 0.0107
1010 108 14 41 0.0107
28 251 32 35 0.0106
292 284 41 52 0.0104
785 17 16 21 0.0101
234 132 22 24 0.0100
