0_Parade_Parade_0_12
55
483 161 41 57 0.8787
726 128 48 68 0.8700
831 111 37 48 0.8652
393 173 34 43 0.8584
1004 132 20 33 0.8545
325 154 34 41 0.8509
640 140 29 35 0.8452
912 146 26 32 0.8436
574 179 25 26 0.8363
251 170 26 28 0.8350
126 196 21 24 0.7353
188 208 19 24 0.6957
153 199 19 21 0.6772
597 191 15 20 0.6086
277 190 26 31 0.5054
425 178 12 19 0.5029
372 199 16 19 0.4920
277 191 26 31 0.4593
539 204 10 14 0.3905
537 204 10 14 0.3272
429 181 10 14 0.2190
174 205 14 17 0.1708
460 179 7 10 0.1437
445 184 10 11 0.1038
157 200 17 20 0.1004
540 204 10 14 0.0800
370 198 15 18 0.0635
448 186 10 11 0.0605
768 196 9 11 0.0571
458 179 7 10 0.0557
91 216 12 16 0.0438
473 190 12 17 0.0429
0 196 5 9 0.0384
431 184 9 12 0.0338
456 179 7 10 0.0313
375 197 18 21 0.0287
425 173 11 18 0.0273
702 207 8 10 0.0265
762 192 12 16 0.0235
772 195 7 12 0.0229
174 198 15 18 0.0225
699 207 8 10 0.0205
187 208 18 24 0.0168
544 218 10 13 0.0158
541 218 11 14 0.0151
460 177 11 16 0.0149
51 206 13 14 0.0149
466 191 9 12 0.0147
471 195 15 19 0.0141
592 190 17 22 0.0134
428 175 11 14 0.0134
132 197 19 23 0.0132
465 189 17 23 0.0130
115 204 16 18 0.0122
473 181 15 20 0.0105
