0_Parade_marchingband_1_620
108
660 338 30 33 0.8396
912 323 31 37 0.8320
798 412 32 38 0.8106
440 242 23 24 0.7845
841 351 25 30 0.7695
902 215 20 22 0.7305
255 199 20 21 0.7285
287 234 20 23 0.7156
954 232 19 22 0.7034
765 340 28 32 0.7011
606 241 23 23 0.6730
584 177 16 19 0.6717
119 272 21 26 0.6493
321 240 24 25 0.6489
972 215 18 20 0.6240
1011 329 13 30 0.6200
395 191 14 17 0.6011
762 207 19 21 0.5643
822 251 21 26 0.5205
193 175 19 21 0.5012
406 172 14 16 0.4904
717 161 13 15 0.4811
820 251 22 26 0.4660
859 202 18 20 0.4500
0 129 13 23 0.4458
104 184 17 19 0.4367
467 191 16 18 0.4142
307 186 17 19 0.4032
82 189 18 21 0.3737
619 160 13 15 0.3566
840 232 17 20 0.3556
863 203 16 19 0.3372
196 175 19 21 0.3180
622 161 13 15 0.2895
80 189 18 21 0.2874
107 185 17 18 0.2664
464 191 17 18 0.2244
759 207 18 20 0.2033
514 175 11 14 0.1871
960 169 16 18 0.1864
59 187 15 19 0.1624
836 232 17 20 0.1519
54 186 17 20 0.1353
838 231 16 19 0.1178
404 172 13 16 0.1136
116 271 23 28 0.1121
959 167 15 15 0.1099
466 193 15 17 0.1092
309 157 15 19 0.1078
715 162 11 14 0.0969
469 193 16 17 0.0955
517 175 11 13 0.0855
413 190 12 15 0.0779
319 240 23 25 0.0779
416 190 13 15 0.0771
951 232 19 22 0.0729
312 186 15 18 0.0684
0 126 11 25 0.0627
1009 329 15 30 0.0624
766 340 28 31 0.0565
398 192 14 16 0.0559
81 191 17 20 0.0540
721 162 13 14 0.0475
977 215 15 19 0.0463
798 412 32 38 0.0461
338 244 16 21 0.0445
315 159 12 16 0.0440
323 240 24 26 0.0356
170 189 13 15 0.0342
284 233 20 24 0.0337
834 231 18 19 0.0334
309 186 18 20 0.0321
882 196 13 17 0.0314
413 191 13 15 0.0308
979 219 14 18 0.0307
56 187 17 21 0.0301
720 163 12 14 0.0285
965 167 12 13 0.0266
1 128 16 27 0.0257
259 199 18 21 0.0239
320 240 24 26 0.0222
514 172 11 12 0.0217
516 174 11 13 0.0215
173 188 15 16 0.0212
581 177 16 18 0.0206
975 216 16 20 0.0200
417 193 12 14 0.0199
84 191 17 20 0.0194
861 203 18 20 0.0194
965 170 14 16 0.0191
310 163 16 19 0.0191
607 241 23 24 0.0190
411 172 13 15 0.0183
620 164 13 16 0.0169
112 191 15 17 0.0157
306 153 15 20 0.0156
412 193 12 14 0.0154
956 170 15 17 0.0154
854 177 14 17 0.0148
329 182 13 15 0.0145
328 177 13 17 0.0139
587 178 16 19 0.0113
405 170 13 16 0.0112
105 187 17 20 0.0110
877 197 14 17 0.0108
518 171 10 11 0.0105
866 204 17 19 0.0105
308 189 18 20 0.0103
