0_Parade_marchingband_1_490
574
291 452 18 21 0.7362
217 393 15 20 0.7168
588 329 15 19 0.6752
615 283 13 17 0.6727
369 329 14 19 0.6664
755 360 13 17 0.6625
885 358 15 19 0.6623
125 398 14 18 0.6621
664 359 14 18 0.6602
357 387 16 21 0.6589
655 388 14 20 0.6560
795 358 14 18 0.6542
217 359 14 18 0.6457
553 388 15 20 0.6344
881 388 16 20 0.6298
485 355 14 18 0.6281
346 359 13 17 0.6222
933 366 14 17 0.6204
168 396 14 19 0.6202
540 435 17 24 0.6049
501 328 14 15 0.6044
460 330 13 17 0.6024
575 359 13 17 0.6005
884 332 13 15 0.5981
602 303 14 17 0.5940
282 303 13 17 0.5884
527 355 14 18 0.5883
681 305 13 16 0.5841
359 303 13 16 0.5830
602 388 15 19 0.5799
410 449 17 23 0.5796
78 359 14 17 0.5788
746 389 14 19 0.5740
294 247 11 14 0.5733
717 329 13 17 0.5718
975 394 13 18 0.5699
677 330 13 17 0.5646
244 302 13 17 0.5635
412 330 13 18 0.5588
795 329 13 17 0.5572
79 398 14 16 0.5566
206 304 12 16 0.5534
512 201 10 13 0.5494
720 308 12 16 0.5413
320 302 13 17 0.5379
753 332 13 17 0.5376
617 357 15 17 0.5354
641 306 13 15 0.5341
331 328 13 16 0.5315
485 305 12 17 0.5299
169 354 13 17 0.5265
537 285 12 15 0.5254
422 284 13 15 0.5218
653 286 11 14 0.5209
260 354 12 16 0.5209
577 283 12 16 0.5195
628 270 12 15 0.5167
438 358 15 19 0.5158
523 305 14 16 0.5156
836 358 13 18 0.5080
195 263 11 15 0.5056
166 284 12 15 0.5013
565 305 12 16 0.4995
631 330 13 18 0.4990
165 303 13 16 0.4969
461 284 12 16 0.4955
841 328 13 16 0.4934
707 357 15 18 0.4931
309 231 11 14 0.4896
547 330 14 17 0.4895
385 283 12 15 0.4877
507 386 15 19 0.4853
790 391 14 19 0.4839
300 356 14 18 0.4838
349 284 12 15 0.4834
236 283 12 16 0.4833
124 352 14 18 0.4816
700 389 14 19 0.4803
287 327 13 16 0.4802
88 331 13 17 0.4782
664 266 12 15 0.4757
361 246 12 14 0.4741
803 310 12 15 0.4682
804 268 11 13 0.4679
312 284 12 15 0.4674
484 269 12 14 0.4643
245 325 13 16 0.4631
592 266 12 16 0.4617
275 284 11 16 0.4613
605 247 12 14 0.4606
401 306 11 15 0.4604
880 315 12 15 0.4594
688 285 12 16 0.4592
126 327 13 16 0.4591
389 357 15 20 0.4590
457 390 14 19 0.4565
874 296 12 16 0.4562
496 285 12 16 0.4532
618 232 11 14 0.4498
840 389 15 19 0.4496
30 392 15 18 0.4456
847 264 11 14 0.4455
842 247 11 15 0.4440
440 301 12 16 0.4438
842 285 11 15 0.4433
199 282 12 14 0.4428
257 245 11 14 0.4425
396 248 12 14 0.4419
742 248 11 13 0.4416
222 246 10 14 0.4397
231 263 12 14 0.4382
405 386 15 20 0.4376
183 241 11 13 0.4374
327 245 12 14 0.4372
408 264 12 15 0.4350
782 229 9 13 0.4335
690 234 10 14 0.4325
759 308 13 16 0.4323
573 247 11 15 0.4319
261 392 15 19 0.4313
672 452 17 22 0.4309
401 216 11 13 0.4297
123 307 11 15 0.4283
770 270 10 14 0.4265
701 267 11 14 0.4263
264 392 15 19 0.4262
303 215 10 13 0.4259
392 357 15 20 0.4227
555 265 12 15 0.4226
307 388 14 18 0.4221
809 247 11 14 0.4219
33 392 15 18 0.4210
803 285 11 15 0.4209
184 208 10 13 0.4208
731 201 10 13 0.4188
372 265 12 14 0.4186
785 215 10 13 0.4178
309 388 14 18 0.4173
705 202 9 13 0.4167
148 240 11 14 0.4160
304 266 11 14 0.4152
558 265 12 15 0.4145
442 266 11 14 0.4143
669 452 17 23 0.4138
551 233 11 14 0.4130
693 220 10 13 0.4126
445 266 12 15 0.4126
389 204 11 13 0.4124
347 230 11 14 0.4114
670 250 11 14 0.4109
267 262 12 16 0.4108
421 232 11 15 0.4102
470 247 11 14 0.4094
408 386 15 20 0.4090
206 324 13 17 0.4074
289 326 14 17 0.4069
303 356 14 18 0.4064
381 231 10 13 0.4051
339 265 12 14 0.4048
405 264 12 14 0.4048
433 245 11 14 0.4048
638 202 10 13 0.4045
727 286 12 15 0.4037
483 231 10 13 0.4035
251 228 10 13 0.4029
668 202 11 14 0.4013
496 183 9 12 0.4013
594 218 10 14 0.3997
754 216 9 12 0.3993
606 201 10 14 0.3980
280 232 10 13 0.3979
583 233 10 14 0.3970
168 324 13 17 0.3962
586 233 10 14 0.3960
923 336 14 18 0.3955
404 189 10 13 0.3951
629 219 10 13 0.3951
357 204 10 14 0.3947
635 202 10 13 0.3946
814 229 10 13 0.3945
443 301 13 16 0.3942
544 203 10 13 0.3936
738 266 10 14 0.3927
264 196 9 13 0.3924
609 201 9 13 0.3921
306 266 12 14 0.3909
418 232 11 14 0.3905
565 215 10 14 0.3893
466 214 10 13 0.3890
698 267 11 14 0.3884
486 201 10 13 0.3883
469 214 10 13 0.3881
486 230 10 14 0.3879
374 190 10 13 0.3877
125 307 12 15 0.3873
454 391 14 18 0.3865
597 219 10 13 0.3862
746 228 10 14 0.3857
547 203 10 14 0.3856
419 201 10 12 0.3846
734 266 12 14 0.3841
283 232 10 13 0.3838
467 183 9 13 0.3832
151 240 11 15 0.3829
775 250 10 13 0.3828
264 262 12 16 0.3826
202 282 12 15 0.3823
932 387 14 19 0.3817
342 265 13 14 0.3816
555 189 10 13 0.3815
484 202 9 12 0.3811
799 309 13 16 0.3809
154 258 10 14 0.3807
935 387 14 19 0.3802
466 247 12 14 0.3801
330 245 12 14 0.3794
799 284 12 16 0.3785
452 234 10 13 0.3780
305 215 11 14 0.3770
578 202 10 13 0.3758
559 189 9 13 0.3748
569 246 12 15 0.3747
121 352 14 18 0.3741
749 228 10 13 0.3731
383 230 11 15 0.3730
548 233 11 13 0.3726
702 202 9 13 0.3726
441 358 15 19 0.3715
278 285 11 15 0.3713
794 208 9 12 0.3711
245 214 10 12 0.3704
239 283 12 16 0.3703
811 229 10 14 0.3702
763 309 11 15 0.3702
186 224 10 12 0.3701
254 227 10 14 0.3700
404 216 11 14 0.3694
372 215 11 13 0.3683
686 233 11 14 0.3670
215 209 10 13 0.3666
621 232 11 14 0.3658
838 285 12 15 0.3655
220 224 10 13 0.3647
663 218 10 13 0.3646
925 336 15 18 0.3645
516 233 10 13 0.3630
672 250 12 14 0.3626
837 390 14 18 0.3622
839 358 13 17 0.3621
787 391 14 19 0.3621
274 212 9 12 0.3617
434 216 10 13 0.3616
720 213 10 13 0.3616
500 211 10 14 0.3608
436 216 11 13 0.3607
671 202 10 14 0.3602
335 214 10 13 0.3593
544 330 13 17 0.3592
296 198 11 14 0.3584
422 201 10 12 0.3584
592 187 10 13 0.3584
359 204 11 14 0.3582
232 195 10 12 0.3580
839 247 11 14 0.3577
499 183 9 12 0.3573
813 247 10 14 0.3568
653 236 11 12 0.3567
189 223 10 13 0.3565
624 184 9 13 0.3559
838 328 13 17 0.3554
408 450 16 22 0.3554
455 201 9 12 0.3548
470 183 10 13 0.3546
86 331 12 17 0.3542
504 386 14 19 0.3531
404 307 11 14 0.3524
437 192 10 12 0.3523
225 246 10 14 0.3520
217 209 10 13 0.3512
393 204 10 13 0.3504
435 192 9 13 0.3503
595 267 11 15 0.3503
877 315 12 15 0.3500
877 296 11 15 0.3496
187 208 10 13 0.3491
773 250 10 13 0.3488
408 189 9 13 0.3482
778 229 10 13 0.3464
801 268 11 13 0.3463
187 241 10 13 0.3463
640 249 11 15 0.3457
430 244 11 14 0.3451
165 324 13 17 0.3442
532 214 9 13 0.3440
378 191 9 12 0.3413
662 266 11 15 0.3413
338 214 10 13 0.3408
452 201 9 12 0.3407
525 190 9 12 0.3402
267 197 9 12 0.3392
236 195 9 12 0.3372
315 284 12 15 0.3358
562 216 10 13 0.3356
124 327 13 16 0.3337
519 233 10 13 0.3333
697 389 14 19 0.3328
656 187 9 12 0.3322
342 187 9 12 0.3316
660 218 10 13 0.3314
620 184 10 13 0.3307
791 209 9 11 0.3283
529 215 9 12 0.3282
198 263 11 15 0.3280
278 212 9 12 0.3263
260 245 11 14 0.3248
329 327 12 17 0.3241
538 435 17 24 0.3239
711 357 13 17 0.3231
722 308 12 16 0.3224
685 285 12 16 0.3220
527 189 10 13 0.3219
455 234 11 13 0.3218
539 249 11 14 0.3212
312 231 11 15 0.3184
369 215 10 13 0.3181
634 330 12 18 0.3174
204 324 12 16 0.3171
707 249 11 14 0.3167
310 184 8 11 0.3150
263 354 13 16 0.3137
626 219 10 13 0.3137
767 270 10 13 0.3122
352 284 12 15 0.3107
720 238 10 13 0.3096
365 247 11 14 0.3077
503 249 11 12 0.3065
125 286 11 15 0.3064
481 268 12 15 0.3055
493 285 12 16 0.3049
705 248 12 15 0.3039
282 184 9 11 0.3036
750 216 10 12 0.3022
350 230 11 14 0.3003
523 269 10 13 0.2997
482 306 12 16 0.2992
750 332 13 16 0.2982
497 211 10 14 0.2973
637 249 11 15 0.2970
280 184 8 11 0.2968
172 354 13 16 0.2962
575 202 10 13 0.2914
721 213 11 14 0.2903
840 311 13 17 0.2895
152 257 10 14 0.2881
388 283 11 15 0.2863
567 305 12 15 0.2857
651 235 11 13 0.2836
631 270 11 14 0.2796
163 303 12 15 0.2777
759 199 9 12 0.2770
229 263 11 14 0.2763
248 302 11 16 0.2751
838 312 13 17 0.2711
313 184 9 12 0.2687
687 185 9 12 0.2684
674 330 13 17 0.2681
507 250 9 11 0.2657
339 186 9 12 0.2645
520 269 10 13 0.2644
247 214 10 12 0.2614
325 198 9 12 0.2581
169 285 11 15 0.2581
243 324 12 17 0.2555
600 388 14 19 0.2545
328 198 9 12 0.2535
757 199 9 12 0.2530
536 250 11 13 0.2528
690 220 10 12 0.2518
82 398 14 16 0.2499
644 306 12 15 0.2498
244 214 9 12 0.2496
294 198 10 13 0.2480
684 185 9 12 0.2478
362 303 12 16 0.2476
653 187 9 12 0.2452
426 284 12 15 0.2448
728 200 10 14 0.2398
318 302 12 16 0.2393
709 249 11 14 0.2358
464 284 12 15 0.2351
537 249 11 14 0.2333
782 215 10 13 0.2332
209 304 12 16 0.2322
218 224 10 14 0.2319
718 213 9 13 0.2307
375 265 11 14 0.2299
761 286 12 14 0.2263
836 311 13 16 0.2261
286 303 12 17 0.2253
415 330 13 18 0.2249
683 305 12 16 0.2242
504 250 10 12 0.2237
722 238 10 13 0.2218
845 264 10 14 0.2201
354 387 16 21 0.2201
127 287 11 15 0.2185
520 305 13 16 0.2181
798 329 12 16 0.2180
342 186 8 12 0.2167
761 286 12 15 0.2146
638 249 11 14 0.2099
589 186 10 13 0.2098
725 285 11 16 0.2094
620 357 14 17 0.2088
715 329 12 17 0.2078
497 211 10 13 0.2048
82 359 13 17 0.2031
978 394 13 18 0.1985
457 330 12 17 0.1904
325 198 10 13 0.1888
222 224 10 13 0.1879
745 248 10 14 0.1872
718 237 11 13 0.1867
329 198 9 13 0.1857
882 331 12 16 0.1841
764 286 12 14 0.1837
572 359 13 17 0.1831
123 287 12 16 0.1820
370 265 11 14 0.1809
651 285 11 15 0.1806
849 264 11 14 0.1778
728 286 12 16 0.1764
841 312 13 17 0.1763
579 283 12 15 0.1756
684 186 9 12 0.1693
878 388 16 20 0.1661
283 185 9 11 0.1648
134 272 9 12 0.1585
399 249 12 13 0.1521
530 355 13 18 0.1521
171 396 14 19 0.1503
760 198 9 12 0.1478
748 390 14 18 0.1476
504 328 13 15 0.1474
688 186 8 12 0.1461
655 236 10 13 0.1437
123 286 11 15 0.1405
654 186 9 12 0.1404
666 203 10 13 0.1324
349 358 12 17 0.1286
218 210 10 13 0.1248
756 199 9 13 0.1247
312 185 8 11 0.1246
725 286 12 16 0.1194
137 272 9 12 0.1139
482 355 13 17 0.1067
234 263 11 14 0.1062
760 199 10 13 0.1053
600 303 12 17 0.1050
289 452 17 21 0.1027
535 284 12 16 0.1003
438 216 10 13 0.0998
609 248 11 13 0.0942
652 388 15 19 0.0934
740 249 10 14 0.0933
323 302 12 16 0.0917
793 329 12 17 0.0912
886 332 12 15 0.0858
605 303 12 17 0.0838
574 282 12 16 0.0833
248 325 12 16 0.0782
798 358 12 17 0.0773
332 213 10 13 0.0761
299 198 9 13 0.0732
795 209 9 12 0.0729
625 270 12 15 0.0725
752 359 13 18 0.0714
529 212 10 12 0.0708
607 248 11 14 0.0690
621 185 9 13 0.0661
593 186 10 12 0.0657
221 359 12 17 0.0657
296 247 11 14 0.0654
579 267 11 14 0.0647
771 249 11 13 0.0632
662 359 13 18 0.0627
722 236 10 13 0.0620
396 249 11 13 0.0611
156 258 10 14 0.0604
563 305 12 15 0.0596
669 249 11 14 0.0592
889 358 14 19 0.0551
345 230 11 14 0.0487
164 284 12 15 0.0479
450 199 10 12 0.0453
495 210 11 13 0.0446
292 248 11 13 0.0432
529 189 9 12 0.0428
826 282 11 14 0.0402
720 330 12 15 0.0396
783 215 9 12 0.0382
931 365 14 18 0.0370
879 389 14 18 0.0368
525 188 9 12 0.0363
751 216 9 12 0.0362
624 185 10 13 0.0362
383 283 11 15 0.0361
277 209 9 12 0.0354
123 398 13 18 0.0351
592 329 12 18 0.0331
420 284 12 15 0.0329
539 285 12 16 0.0325
439 194 9 12 0.0319
368 330 12 17 0.0306
550 388 14 20 0.0303
639 306 12 15 0.0293
927 336 13 18 0.0278
370 213 10 13 0.0265
655 286 11 14 0.0262
165 325 12 16 0.0257
284 184 9 11 0.0255
772 269 10 14 0.0252
169 324 13 16 0.0237
703 249 11 14 0.0236
231 195 9 12 0.0234
634 220 10 12 0.0230
526 213 10 13 0.0229
242 212 11 13 0.0228
368 213 11 14 0.0227
721 212 10 13 0.0219
594 187 9 13 0.0212
540 284 12 16 0.0209
459 284 11 15 0.0204
312 185 9 11 0.0200
945 413 11 12 0.0197
280 303 12 17 0.0195
268 197 9 13 0.0194
556 389 14 18 0.0194
568 217 11 14 0.0190
587 187 10 12 0.0182
523 190 10 12 0.0178
215 211 10 13 0.0177
265 198 9 13 0.0177
454 235 10 14 0.0173
740 306 11 13 0.0171
651 186 9 12 0.0170
137 273 9 12 0.0168
311 387 13 17 0.0168
401 245 12 14 0.0166
337 212 10 14 0.0163
812 247 11 15 0.0163
467 213 11 12 0.0163
566 214 11 14 0.0162
420 203 9 12 0.0160
204 325 12 16 0.0148
626 217 10 12 0.0146
256 246 10 13 0.0140
243 325 12 16 0.0135
518 234 11 13 0.0133
390 206 11 12 0.0130
500 184 10 12 0.0124
580 202 10 13 0.0123
265 262 12 15 0.0119
234 263 10 13 0.0115
771 272 10 13 0.0114
575 201 9 12 0.0112
339 187 10 12 0.0107
652 188 9 12 0.0105
358 303 11 16 0.0105
439 214 10 12 0.0105
847 263 12 14 0.0103
283 232 11 13 0.0103
547 234 11 13 0.0103
236 196 9 12 0.0100
