0_Parade_Parade_0_502
55
465 400 35 42 0.8535
709 359 33 45 0.8455
1 331 31 37 0.8222
432 386 24 28 0.8020
530 361 20 26 0.7969
284 379 25 32 0.7794
859 362 23 31 0.7100
89 491 26 30 0.7082
569 366 18 24 0.6570
161 356 20 38 0.5376
413 363 22 28 0.4218
940 382 20 35 0.4184
411 363 21 27 0.4133
858 362 22 30 0.3627
566 365 19 25 0.1698
1011 392 11 18 0.1447
348 393 10 14 0.1393
841 365 15 22 0.1176
779 523 18 22 0.1168
937 384 19 32 0.1054
89 491 25 30 0.0965
351 393 10 14 0.0954
848 377 12 17 0.0951
155 357 22 37 0.0883
939 381 18 34 0.0756
1007 392 12 18 0.0626
242 342 20 31 0.0416
183 355 25 34 0.0415
376 391 11 15 0.0392
345 394 10 12 0.0377
239 340 21 32 0.0368
820 359 16 22 0.0365
783 528 16 18 0.0343
379 391 11 16 0.0339
785 523 17 21 0.0332
937 381 16 32 0.0322
823 359 17 23 0.0286
840 361 14 21 0.0285
1007 389 14 21 0.0273
166 361 16 33 0.0250
835 364 16 21 0.0235
821 363 16 22 0.0231
362 381 9 12 0.0214
994 390 11 16 0.0208
403 365 15 21 0.0199
827 358 18 23 0.0168
346 393 10 13 0.0159
376 390 9 13 0.0141
840 377 12 17 0.0133
346 392 10 12 0.0114
379 390 9 12 0.0112
176 355 23 34 0.0110
1000 389 13 17 0.0105
246 341 17 30 0.0103
944 383 20 32 0.0102
