0_Parade_marchingband_1_139
24
698 262 155 106 0.8323
394 91 31 46 0.8187
463 99 30 41 0.7865
855 92 62 77 0.7707
231 91 33 36 0.7158
79 86 34 40 0.6419
305 51 31 33 0.4518
303 50 30 35 0.3896
632 114 32 51 0.3048
940 202 36 48 0.1841
939 203 36 49 0.1752
734 121 37 51 0.0829
730 124 43 58 0.0496
732 121 44 63 0.0258
655 142 29 41 0.0242
657 140 27 37 0.0208
138 92 35 46 0.0167
57 71 23 37 0.0165
736 124 41 57 0.0163
721 132 36 44 0.0155
712 134 28 35 0.0147
362 189 30 38 0.0142
711 133 23 30 0.0126
739 121 26 34 0.0114
