34_Baseball_Baseball_34_143
34
203 301 12 16 0.6091
519 480 15 19 0.4009
674 210 10 13 0.3612
671 210 11 13 0.3178
310 98 5 7 0.2083
65 141 7 9 0.2083
63 141 7 8 0.2077
307 98 5 7 0.2004
517 480 14 19 0.1973
67 141 6 9 0.1601
1017 100 6 8 0.1553
170 71 5 7 0.1409
168 72 4 6 0.1256
64 142 6 8 0.0962
168 71 5 6 0.0783
308 97 5 7 0.0705
867 57 5 6 0.0495
871 57 5 6 0.0487
306 97 5 7 0.0421
207 301 10 15 0.0389
1019 101 5 8 0.0386
200 301 13 16 0.0378
869 56 5 6 0.0363
166 70 5 6 0.0355
866 55 5 7 0.0342
68 140 6 9 0.0307
168 72 4 6 0.0243
538 485 10 17 0.0232
172 72 5 6 0.0207
63 142 7 8 0.0176
309 98 6 7 0.0169
1014 100 6 8 0.0160
535 482 11 18 0.0147
172 69 5 7 0.0134
