34_Baseball_Baseball_34_350
593
653 274 16 19 0.5699
87 114 12 15 0.4961
497 130 10 13 0.4724
118 9 11 14 0.4576
679 102 10 13 0.4472
604 274 18 20 0.4397
488 119 9 14 0.4340
69 102 11 14 0.4292
677 150 12 16 0.4122
13 139 11 13 0.4042
170 126 10 12 0.3926
28 25 10 13 0.3850
607 274 17 20 0.3803
509 29 10 13 0.3784
683 22 10 12 0.3741
607 155 11 15 0.3739
526 88 10 13 0.3732
217 94 11 14 0.3672
99 0 8 10 0.3671
784 97 10 13 0.3665
96 0 9 10 0.3663
191 136 11 14 0.3620
593 129 11 14 0.3614
974 100 10 13 0.3558
118 139 12 13 0.3552
802 145 12 15 0.3544
506 29 10 13 0.3524
132 25 10 12 0.3500
189 136 10 13 0.3469
799 3 10 14 0.3460
856 13 10 13 0.3448
151 28 10 13 0.3423
610 155 11 15 0.3401
17 7 10 13 0.3376
802 4 10 13 0.3359
550 6 10 13 0.3341
451 12 10 13 0.3340
106 156 11 14 0.3338
838 117 10 13 0.3298
72 102 11 14 0.3279
678 117 10 13 0.3239
1010 44 11 12 0.3235
799 145 12 15 0.3234
895 117 10 13 0.3233
234 117 10 13 0.3228
686 22 10 12 0.3221
787 97 10 13 0.3199
897 117 10 13 0.3184
853 13 10 13 0.3178
10 139 11 14 0.3132
66 12 10 12 0.3115
564 30 10 12 0.3104
955 27 10 13 0.3085
674 151 12 15 0.3061
841 117 10 13 0.3044
962 119 9 12 0.3039
399 11 9 11 0.3029
744 135 11 13 0.3017
19 7 10 13 0.3013
616 10 9 11 0.2973
413 89 10 14 0.2960
540 131 11 15 0.2952
396 11 9 11 0.2937
135 25 10 13 0.2910
958 27 10 13 0.2908
26 138 10 13 0.2899
359 31 10 12 0.2848
454 12 10 13 0.2840
85 114 11 15 0.2837
798 25 9 12 0.2809
596 129 11 14 0.2797
612 94 10 12 0.2776
528 88 10 13 0.2776
173 126 10 12 0.2758
552 113 10 13 0.2734
121 9 10 14 0.2729
575 7 8 11 0.2715
416 89 10 13 0.2691
524 88 10 13 0.2683
18 104 11 12 0.2659
444 139 10 12 0.2633
801 25 9 12 0.2618
485 119 10 14 0.2590
484 94 10 14 0.2584
31 25 10 13 0.2581
540 134 12 14 0.2571
756 21 9 12 0.2554
441 139 10 12 0.2528
609 94 10 12 0.2515
965 119 9 12 0.2453
516 108 8 11 0.2447
553 6 10 13 0.2438
973 100 9 13 0.2427
98 10 10 13 0.2412
860 92 9 11 0.2345
22 104 10 12 0.2329
236 117 10 13 0.2301
599 31 11 14 0.2286
909 93 9 11 0.2285
906 93 9 11 0.2248
752 21 10 12 0.2229
745 151 10 14 0.2194
976 100 10 13 0.2173
577 7 9 11 0.2127
68 12 10 13 0.2066
519 108 8 11 0.2062
985 0 9 6 0.2044
859 151 11 14 0.2039
667 3 10 12 0.2036
1008 43 10 12 0.2028
109 156 11 14 0.2023
24 71 11 14 0.2023
348 8 9 11 0.2012
808 127 10 14 0.2000
899 117 9 12 0.1998
910 5 10 14 0.1988
86 15 11 15 0.1952
122 139 10 13 0.1939
0 52 7 16 0.1938
982 0 9 6 0.1835
3 122 11 14 0.1812
39 107 10 13 0.1774
171 9 10 11 0.1709
64 12 10 12 0.1702
628 92 11 14 0.1685
543 131 11 14 0.1675
20 72 12 14 0.1662
593 173 11 15 0.1657
912 7 10 13 0.1648
408 30 10 11 0.1643
53 90 10 10 0.1633
664 3 10 12 0.1626
897 30 9 12 0.1621
567 30 10 12 0.1599
680 86 9 11 0.1559
601 32 10 13 0.1551
438 39 10 12 0.1540
857 92 9 11 0.1528
597 32 11 13 0.1507
662 186 10 13 0.1494
835 95 9 13 0.1449
362 30 10 12 0.1427
362 31 9 13 0.1419
817 175 11 14 0.1416
922 121 9 12 0.1410
601 8 9 12 0.1406
562 29 9 13 0.1403
605 8 9 11 0.1396
441 39 9 12 0.1394
741 11 9 12 0.1386
659 186 10 13 0.1384
345 8 9 12 0.1383
923 87 9 12 0.1382
574 174 12 15 0.1343
550 7 10 12 0.1316
183 34 10 12 0.1301
53 40 10 14 0.1289
614 9 9 11 0.1280
614 31 10 12 0.1280
618 11 9 11 0.1271
220 95 10 14 0.1265
481 93 11 14 0.1263
372 41 9 11 0.1256
541 25 9 12 0.1243
345 6 10 12 0.1241
814 175 11 14 0.1234
483 96 9 13 0.1214
460 89 9 14 0.1213
603 6 10 12 0.1209
56 90 8 11 0.1201
555 113 10 13 0.1200
125 155 11 15 0.1192
741 135 11 14 0.1188
476 147 9 14 0.1184
41 109 10 12 0.1183
220 94 10 14 0.1178
554 6 9 12 0.1177
741 134 11 13 0.1170
822 7 9 13 0.1155
174 9 10 11 0.1152
486 96 9 13 0.1123
1004 158 10 12 0.1120
170 7 9 11 0.1116
73 24 11 13 0.1113
1007 157 10 13 0.1109
616 33 11 11 0.1104
328 22 8 13 0.1089
737 10 10 13 0.1084
895 30 9 11 0.1069
596 30 11 14 0.1066
1017 139 7 12 0.1063
455 90 9 12 0.1062
988 125 9 11 0.1058
666 99 9 13 0.1055
406 30 9 11 0.1053
677 87 9 11 0.1051
811 127 9 13 0.1039
596 174 11 14 0.1031
924 122 9 12 0.0996
29 138 10 13 0.0988
663 100 9 13 0.0986
550 113 10 13 0.0981
61 26 10 12 0.0977
463 125 8 11 0.0961
837 96 9 13 0.0955
935 104 9 12 0.0943
326 22 8 13 0.0919
58 25 10 12 0.0915
675 115 10 14 0.0907
857 151 10 14 0.0900
753 20 10 12 0.0878
671 41 9 12 0.0877
892 13 9 11 0.0876
996 185 11 16 0.0873
174 7 9 11 0.0870
674 0 11 6 0.0868
182 32 10 12 0.0862
16 6 9 13 0.0854
745 86 8 10 0.0850
991 124 9 12 0.0837
755 152 10 13 0.0825
889 12 9 11 0.0821
678 85 9 11 0.0819
59 140 9 11 0.0812
872 97 10 11 0.0798
186 34 10 12 0.0779
743 85 8 10 0.0778
518 108 7 11 0.0769
921 85 10 11 0.0766
543 134 11 14 0.0764
674 42 9 11 0.0752
493 148 10 14 0.0749
999 60 9 11 0.0749
474 145 10 14 0.0746
800 146 12 15 0.0733
552 158 9 11 0.0732
9 59 8 12 0.0724
473 148 9 13 0.0715
51 89 9 11 0.0707
996 61 9 11 0.0707
538 26 8 12 0.0704
744 0 10 8 0.0696
496 148 10 14 0.0696
862 93 9 11 0.0695
657 275 15 18 0.0692
951 0 10 9 0.0689
2 121 10 13 0.0684
933 104 8 12 0.0674
525 122 9 11 0.0673
938 153 10 12 0.0668
216 94 10 14 0.0668
217 96 10 13 0.0658
380 95 10 16 0.0656
556 158 9 11 0.0656
759 22 9 12 0.0651
741 87 8 11 0.0638
62 140 9 11 0.0618
960 119 9 12 0.0618
803 146 12 15 0.0612
898 32 9 11 0.0604
359 32 9 12 0.0590
376 96 11 16 0.0588
0 27 5 14 0.0587
406 33 9 10 0.0586
1004 160 11 14 0.0584
185 32 10 12 0.0569
732 105 9 12 0.0566
989 121 9 12 0.0565
954 0 9 9 0.0565
862 151 10 14 0.0562
410 32 9 10 0.0561
825 8 9 12 0.0559
425 115 11 14 0.0546
631 92 10 14 0.0543
993 116 10 12 0.0539
358 30 9 13 0.0537
7 57 9 13 0.0535
89 17 10 14 0.0526
6 121 11 13 0.0521
601 7 9 12 0.0516
821 6 9 13 0.0512
993 185 10 15 0.0509
867 93 9 12 0.0497
921 0 9 8 0.0497
864 139 10 12 0.0496
964 120 9 11 0.0495
788 37 11 13 0.0488
662 138 9 12 0.0484
895 33 9 11 0.0471
19 6 9 13 0.0466
650 273 16 19 0.0462
601 6 9 12 0.0462
379 94 10 15 0.0462
401 9 9 11 0.0462
495 132 9 12 0.0459
791 175 11 14 0.0459
396 9 9 12 0.0457
489 120 10 13 0.0452
566 31 10 12 0.0450
941 153 10 12 0.0449
554 160 9 12 0.0448
537 1 10 8 0.0445
520 108 8 12 0.0443
375 41 8 11 0.0440
921 122 9 12 0.0436
806 127 9 14 0.0432
1008 45 10 12 0.0432
461 124 9 10 0.0427
29 138 9 12 0.0426
135 26 10 12 0.0425
730 105 8 12 0.0424
563 99 11 16 0.0415
134 1 10 10 0.0414
746 135 11 14 0.0414
693 187 10 13 0.0410
15 86 11 15 0.0407
665 139 9 12 0.0407
549 113 10 12 0.0404
910 96 9 12 0.0404
741 150 11 15 0.0404
116 101 11 14 0.0401
741 85 8 10 0.0400
572 7 10 12 0.0395
56 40 10 13 0.0394
908 5 9 13 0.0389
1006 160 12 13 0.0388
485 172 8 10 0.0388
444 118 10 13 0.0387
783 38 10 13 0.0387
931 106 10 12 0.0386
1001 13 9 12 0.0386
5 55 10 14 0.0380
39 110 9 12 0.0379
518 107 9 12 0.0378
670 5 9 12 0.0376
868 139 9 12 0.0375
855 23 11 14 0.0370
607 133 10 12 0.0367
326 18 8 13 0.0363
562 185 10 14 0.0361
995 184 10 15 0.0359
676 85 9 11 0.0358
622 262 14 19 0.0357
125 35 9 12 0.0356
616 10 10 11 0.0348
376 95 9 13 0.0348
76 145 10 13 0.0344
495 131 10 13 0.0340
669 4 10 13 0.0334
147 30 10 13 0.0334
676 103 11 14 0.0333
924 87 9 11 0.0327
563 31 9 12 0.0327
548 5 10 12 0.0324
56 88 10 13 0.0323
401 7 9 11 0.0323
875 97 9 11 0.0322
740 122 11 13 0.0321
906 7 11 13 0.0318
839 96 9 11 0.0311
541 27 9 12 0.0308
97 88 9 11 0.0306
1006 158 11 13 0.0305
64 10 11 14 0.0304
614 126 11 14 0.0304
753 94 9 11 0.0299
485 121 10 13 0.0296
734 108 9 12 0.0295
482 171 8 10 0.0295
235 104 9 12 0.0294
558 185 11 15 0.0294
664 97 8 12 0.0292
343 8 10 13 0.0290
527 155 10 12 0.0288
1012 45 10 11 0.0288
121 35 10 13 0.0287
556 160 9 12 0.0286
779 38 9 12 0.0285
414 94 10 14 0.0282
47 102 11 13 0.0279
51 87 10 11 0.0278
343 6 9 12 0.0277
735 99 10 14 0.0275
485 174 9 11 0.0275
745 135 11 13 0.0267
854 26 10 13 0.0266
617 31 10 12 0.0262
482 174 9 11 0.0261
1013 138 10 12 0.0260
421 3 9 10 0.0260
823 6 10 14 0.0257
920 85 9 11 0.0256
783 97 10 12 0.0255
621 150 10 14 0.0253
152 29 10 13 0.0252
680 119 10 12 0.0251
58 138 10 12 0.0248
459 22 10 13 0.0248
681 102 10 13 0.0246
907 96 9 13 0.0246
646 119 9 12 0.0245
852 21 12 16 0.0245
100 88 8 10 0.0244
789 175 10 14 0.0244
38 110 10 12 0.0242
443 136 11 14 0.0239
428 114 11 14 0.0239
952 1 11 11 0.0238
743 11 10 12 0.0238
879 92 9 12 0.0238
151 80 11 13 0.0237
395 10 10 12 0.0237
561 183 10 14 0.0235
30 27 11 13 0.0235
224 199 12 15 0.0234
746 134 10 13 0.0234
676 87 10 12 0.0233
362 31 10 11 0.0232
130 63 12 13 0.0232
79 146 11 14 0.0232
613 96 10 11 0.0232
676 119 9 12 0.0230
875 2 10 11 0.0228
22 70 10 13 0.0228
825 7 9 11 0.0227
744 85 9 11 0.0227
349 6 9 12 0.0224
609 97 10 11 0.0223
184 32 11 13 0.0222
153 28 10 12 0.0222
712 28 9 13 0.0221
133 3 10 12 0.0220
58 28 10 13 0.0220
145 96 10 14 0.0217
618 9 9 11 0.0217
816 106 9 13 0.0214
665 6 9 12 0.0213
759 20 9 12 0.0213
31 59 11 14 0.0211
12 80 12 15 0.0210
599 109 11 14 0.0209
566 29 10 12 0.0209
852 109 10 12 0.0209
551 110 10 13 0.0208
30 58 9 13 0.0208
226 199 13 15 0.0207
857 92 9 11 0.0206
569 31 9 12 0.0204
601 108 11 15 0.0202
926 122 9 12 0.0200
113 101 9 14 0.0196
922 18 12 16 0.0195
10 139 11 14 0.0194
731 107 9 12 0.0193
692 126 9 12 0.0193
471 145 10 13 0.0192
117 138 10 13 0.0192
714 28 10 13 0.0190
464 128 9 12 0.0190
933 20 9 13 0.0189
373 42 9 11 0.0185
418 4 10 12 0.0184
128 100 12 15 0.0182
500 131 9 12 0.0181
567 105 10 13 0.0180
516 0 10 5 0.0180
188 136 10 13 0.0179
466 37 8 11 0.0177
898 29 10 12 0.0175
542 132 12 14 0.0175
880 90 8 11 0.0173
1016 136 7 12 0.0173
439 90 10 12 0.0173
752 108 10 12 0.0172
806 129 10 13 0.0172
549 6 10 13 0.0172
872 111 11 13 0.0172
992 184 9 14 0.0172
755 109 9 12 0.0170
744 40 10 12 0.0169
907 92 8 11 0.0169
548 42 8 11 0.0169
567 103 10 14 0.0166
0 79 7 13 0.0166
168 8 10 12 0.0165
649 275 13 18 0.0165
96 86 9 10 0.0164
983 0 10 9 0.0164
2 27 9 13 0.0163
622 261 12 18 0.0160
468 37 9 11 0.0159
924 2 10 11 0.0159
142 95 11 14 0.0158
658 184 10 13 0.0156
410 29 9 12 0.0155
619 262 15 19 0.0155
594 334 12 14 0.0155
956 27 11 14 0.0155
813 106 10 13 0.0151
30 58 11 13 0.0150
441 38 9 10 0.0150
1017 62 7 13 0.0150
148 80 11 12 0.0150
740 3 10 11 0.0149
663 132 10 14 0.0148
426 149 11 13 0.0148
113 104 10 14 0.0148
661 184 10 14 0.0148
739 133 11 13 0.0147
1000 59 11 12 0.0146
1003 13 9 13 0.0146
351 61 11 14 0.0145
999 87 9 13 0.0141
204 119 10 13 0.0141
652 117 10 13 0.0141
449 11 10 13 0.0140
350 9 9 11 0.0138
1019 74 5 15 0.0137
520 123 9 12 0.0136
14 105 11 12 0.0136
1015 112 8 14 0.0136
597 334 12 14 0.0135
781 36 9 12 0.0134
149 98 9 12 0.0133
463 89 10 13 0.0133
625 175 12 15 0.0133
60 138 9 11 0.0133
134 63 11 12 0.0132
386 114 9 10 0.0132
1011 110 11 14 0.0132
373 2 9 9 0.0132
597 32 11 13 0.0131
882 88 9 10 0.0131
322 40 8 10 0.0131
354 61 11 14 0.0129
818 110 9 12 0.0129
99 86 8 10 0.0128
914 8 11 14 0.0128
731 109 8 12 0.0128
799 26 10 12 0.0128
967 121 8 11 0.0127
54 43 12 16 0.0127
964 25 9 12 0.0126
557 6 9 12 0.0126
970 42 9 12 0.0125
662 175 10 12 0.0122
986 126 10 11 0.0122
883 8 10 13 0.0122
490 119 9 13 0.0120
696 187 9 13 0.0120
691 143 11 14 0.0120
206 201 10 12 0.0120
753 106 10 13 0.0120
909 17 10 14 0.0120
925 84 9 12 0.0119
1 57 8 13 0.0119
235 114 10 13 0.0119
25 136 10 13 0.0118
561 96 11 15 0.0118
592 172 10 13 0.0117
545 43 9 11 0.0117
445 0 8 7 0.0116
466 35 10 12 0.0116
671 43 10 12 0.0116
787 96 9 13 0.0115
630 95 11 14 0.0114
991 10 11 14 0.0114
494 174 12 14 0.0113
858 5 11 13 0.0113
852 11 11 13 0.0111
66 103 10 13 0.0110
115 8 11 14 0.0110
235 120 10 12 0.0109
800 4 11 14 0.0109
671 263 12 16 0.0108
1002 9 11 13 0.0108
65 9 9 12 0.0108
448 13 9 12 0.0107
632 33 10 12 0.0107
745 152 11 15 0.0106
685 93 9 12 0.0106
393 9 9 11 0.0105
886 7 10 12 0.0104
674 42 9 12 0.0104
995 58 9 11 0.0104
97 24 11 13 0.0103
826 152 9 12 0.0102
376 8 9 12 0.0102
788 31 11 13 0.0102
875 104 10 12 0.0101
26 25 10 13 0.0101
748 0 9 8 0.0101
557 182 11 15 0.0101
