39_Ice_Skating_Ice_Skating_39_658
145
115 415 10 12 0.3126
112 416 9 11 0.2979
186 413 9 11 0.2690
189 413 10 11 0.2686
274 406 8 10 0.2629
278 406 7 10 0.2542
3 387 7 9 0.2272
6 388 7 9 0.2250
1017 404 7 14 0.2020
46 426 9 11 0.1972
43 427 8 10 0.1935
154 394 8 11 0.1824
194 441 9 14 0.1807
172 413 9 11 0.1616
450 406 8 12 0.1528
202 408 9 10 0.1514
151 394 8 10 0.1468
2 387 6 8 0.1400
191 441 9 13 0.1384
206 409 8 10 0.1349
1018 408 6 14 0.1264
783 395 7 9 0.1242
54 399 7 8 0.1212
949 399 8 11 0.1079
51 400 7 8 0.0991
781 395 7 9 0.0943
681 229 6 7 0.0917
684 229 5 7 0.0895
946 400 7 10 0.0891
53 398 6 8 0.0834
784 396 8 9 0.0774
452 408 8 11 0.0766
155 395 9 10 0.0734
5 386 7 9 0.0733
275 408 8 9 0.0689
886 404 7 10 0.0683
684 229 5 6 0.0677
85 416 8 10 0.0673
279 407 8 9 0.0651
81 417 8 10 0.0603
890 404 7 10 0.0602
781 397 7 9 0.0599
785 395 7 9 0.0583
595 393 6 7 0.0582
447 406 9 12 0.0559
51 398 6 8 0.0547
453 406 8 11 0.0510
680 229 5 6 0.0497
680 230 5 7 0.0492
947 398 7 10 0.0486
51 419 10 12 0.0479
187 412 9 10 0.0468
196 442 10 13 0.0439
486 243 6 8 0.0426
487 245 6 7 0.0419
151 396 9 11 0.0411
573 390 5 7 0.0402
860 398 7 9 0.0396
881 404 7 10 0.0396
483 244 6 7 0.0396
686 229 5 7 0.0393
475 391 5 7 0.0385
5 387 8 9 0.0383
448 409 8 11 0.0383
184 410 9 12 0.0381
598 393 7 7 0.0371
863 399 7 9 0.0368
902 400 8 9 0.0366
171 413 8 10 0.0364
943 398 7 9 0.0357
484 245 6 8 0.0348
206 408 8 10 0.0344
888 406 7 8 0.0319
55 418 9 11 0.0303
576 391 6 6 0.0288
543 391 5 6 0.0285
982 407 7 10 0.0284
977 407 8 10 0.0282
449 407 8 11 0.0279
55 422 8 10 0.0262
188 410 9 11 0.0258
883 405 8 9 0.0253
168 413 8 9 0.0235
82 419 8 9 0.0234
454 391 6 8 0.0233
902 397 8 10 0.0223
112 419 9 10 0.0220
382 396 5 6 0.0219
786 396 8 9 0.0216
979 407 9 11 0.0214
385 396 5 6 0.0213
595 395 6 7 0.0212
976 409 8 10 0.0211
577 385 6 8 0.0210
491 397 6 6 0.0210
457 392 6 7 0.0207
546 391 5 6 0.0207
44 425 8 10 0.0205
675 212 6 7 0.0205
749 418 8 11 0.0205
112 414 9 11 0.0196
117 418 9 11 0.0191
83 416 9 10 0.0190
899 398 8 10 0.0186
859 400 6 8 0.0186
472 390 5 7 0.0180
949 401 8 10 0.0176
599 394 6 8 0.0174
488 396 6 6 0.0171
212 408 9 9 0.0169
671 212 6 7 0.0168
749 423 9 11 0.0165
90 411 8 10 0.0165
892 406 7 9 0.0164
86 419 8 9 0.0161
752 418 9 12 0.0161
215 409 8 9 0.0160
448 378 5 8 0.0151
190 446 9 12 0.0151
56 397 6 8 0.0151
451 378 5 7 0.0148
984 408 7 9 0.0148
572 383 6 8 0.0141
681 229 5 6 0.0139
881 407 8 8 0.0138
1015 406 9 14 0.0128
865 398 7 9 0.0127
196 443 9 13 0.0125
905 412 7 9 0.0120
455 408 7 10 0.0119
43 427 8 9 0.0118
969 422 8 9 0.0118
992 406 8 10 0.0115
41 432 7 9 0.0113
190 439 10 13 0.0110
573 390 7 7 0.0109
968 419 8 11 0.0109
542 390 5 6 0.0108
753 423 9 11 0.0107
493 396 5 7 0.0107
956 424 8 9 0.0106
963 422 8 10 0.0106
540 391 5 7 0.0105
700 408 5 6 0.0101
545 391 5 7 0.0101
