39_Ice_Skating_Ice_Skating_39_661
283
1 370 14 19 0.7216
413 428 21 19 0.6982
808 359 16 21 0.5561
443 509 25 18 0.4866
0 262 6 13 0.4442
194 258 11 13 0.4245
77 233 10 13 0.3854
74 233 10 13 0.3565
249 251 9 11 0.3507
221 266 10 13 0.3445
252 251 9 11 0.3382
811 359 16 20 0.3218
475 301 9 13 0.3032
197 258 10 13 0.3005
99 324 12 14 0.2933
18 296 10 14 0.2895
445 311 9 12 0.2810
466 185 6 7 0.2651
442 311 8 12 0.2637
469 185 6 7 0.2565
224 266 10 13 0.2534
96 324 11 15 0.2514
22 296 9 14 0.2493
472 301 10 13 0.2366
570 212 6 8 0.2290
573 212 6 8 0.2147
393 198 6 7 0.2119
618 180 6 9 0.1988
397 198 5 7 0.1898
222 266 11 14 0.1811
597 223 6 8 0.1785
796 206 6 8 0.1762
588 225 6 7 0.1657
792 207 7 8 0.1616
548 178 5 7 0.1610
512 212 6 7 0.1568
375 184 5 7 0.1556
439 194 5 7 0.1543
342 188 6 6 0.1514
372 203 7 9 0.1513
477 301 8 13 0.1512
631 222 6 7 0.1483
161 295 10 12 0.1481
294 367 10 11 0.1471
551 178 5 7 0.1469
591 225 7 7 0.1461
509 256 8 10 0.1458
436 194 5 7 0.1447
512 256 8 10 0.1445
515 212 6 7 0.1439
425 192 5 7 0.1426
511 255 8 10 0.1405
442 507 22 18 0.1404
226 196 5 7 0.1396
345 187 6 7 0.1396
374 204 7 8 0.1389
767 206 5 7 0.1366
223 195 5 7 0.1358
385 180 7 8 0.1354
489 191 5 7 0.1340
552 178 6 7 0.1298
453 203 5 6 0.1291
794 206 6 8 0.1283
165 295 9 12 0.1282
372 184 5 7 0.1276
763 206 6 7 0.1262
508 255 8 10 0.1235
456 203 6 7 0.1221
370 203 7 8 0.1193
371 204 6 8 0.1158
225 267 10 13 0.1157
615 181 7 8 0.1157
291 367 10 11 0.1145
627 222 7 8 0.1141
642 219 6 6 0.1128
382 180 7 8 0.1128
491 191 5 7 0.1098
421 193 6 7 0.1067
423 192 5 7 0.1033
180 298 9 12 0.1032
617 167 6 8 0.1027
150 203 6 9 0.1021
765 206 6 7 0.1005
164 293 9 12 0.0909
421 191 5 7 0.0899
465 184 5 7 0.0890
640 218 5 7 0.0880
566 180 5 7 0.0877
146 204 6 8 0.0857
563 179 5 7 0.0850
549 179 5 7 0.0840
620 180 6 8 0.0832
492 190 6 8 0.0832
720 225 7 9 0.0826
762 206 6 7 0.0819
487 190 5 8 0.0803
16 340 12 16 0.0792
615 191 6 7 0.0791
791 204 7 9 0.0779
596 222 6 9 0.0747
22 341 10 14 0.0724
591 226 6 7 0.0721
394 197 5 7 0.0704
221 195 6 7 0.0703
455 204 5 6 0.0690
573 184 6 7 0.0682
823 215 6 7 0.0682
458 203 5 7 0.0665
351 202 6 8 0.0662
160 293 9 12 0.0661
628 221 6 8 0.0643
224 195 6 7 0.0640
375 182 6 8 0.0637
593 223 6 8 0.0628
618 168 7 8 0.0616
740 199 5 6 0.0615
295 196 5 7 0.0613
18 344 12 15 0.0612
470 182 6 8 0.0598
834 253 8 11 0.0588
620 167 6 8 0.0575
795 220 6 9 0.0563
826 215 6 6 0.0559
825 216 6 7 0.0556
612 190 6 8 0.0547
737 198 5 7 0.0543
291 196 5 7 0.0529
654 182 6 7 0.0522
148 204 6 8 0.0494
722 226 6 9 0.0490
151 204 7 8 0.0488
591 180 6 8 0.0467
620 178 7 9 0.0462
596 223 6 8 0.0462
31 293 8 11 0.0461
854 209 6 8 0.0459
512 211 6 8 0.0450
342 189 6 7 0.0439
587 226 6 7 0.0431
493 191 6 7 0.0430
687 178 5 6 0.0429
183 298 8 12 0.0428
448 509 24 17 0.0424
105 246 9 11 0.0422
690 178 5 6 0.0418
155 384 11 18 0.0417
4 370 14 19 0.0412
449 506 20 18 0.0405
439 194 5 7 0.0401
627 223 6 7 0.0400
292 196 5 7 0.0398
346 186 5 7 0.0395
23 344 10 15 0.0394
610 229 7 8 0.0389
275 191 6 7 0.0388
394 198 6 6 0.0380
625 222 6 7 0.0374
692 179 5 6 0.0374
481 180 6 7 0.0373
653 181 5 7 0.0364
717 225 7 10 0.0359
949 252 10 13 0.0356
725 187 5 6 0.0355
588 179 6 8 0.0351
178 296 9 11 0.0348
857 209 6 8 0.0347
10 343 12 15 0.0343
832 253 7 10 0.0340
343 188 6 7 0.0335
345 188 6 7 0.0334
517 212 5 7 0.0332
688 180 5 6 0.0328
422 193 5 6 0.0327
651 183 5 6 0.0321
828 216 6 7 0.0313
615 168 6 7 0.0308
856 372 13 20 0.0306
223 314 8 10 0.0305
722 187 5 6 0.0299
541 260 8 11 0.0290
539 259 7 11 0.0289
491 190 6 7 0.0288
265 191 5 7 0.0281
792 221 6 8 0.0280
369 182 6 7 0.0278
614 230 7 8 0.0276
570 183 6 8 0.0272
836 255 8 10 0.0269
805 216 6 7 0.0268
162 295 11 12 0.0266
984 286 8 10 0.0265
467 185 6 7 0.0264
516 213 5 7 0.0259
33 294 8 10 0.0258
108 246 10 12 0.0255
343 186 5 7 0.0255
721 226 7 9 0.0255
572 214 6 7 0.0254
837 253 8 11 0.0252
650 181 5 7 0.0251
371 186 7 7 0.0251
980 286 8 10 0.0247
572 213 6 8 0.0237
220 196 6 6 0.0234
275 192 6 7 0.0234
833 255 7 10 0.0233
738 198 5 6 0.0229
292 196 5 7 0.0227
791 423 12 21 0.0226
25 295 10 13 0.0224
618 168 6 8 0.0221
221 196 6 7 0.0216
182 296 9 12 0.0214
796 208 7 8 0.0210
192 258 11 13 0.0210
16 292 10 13 0.0210
951 255 10 12 0.0208
826 215 6 7 0.0207
478 375 12 14 0.0205
864 275 7 10 0.0202
758 240 6 8 0.0197
642 219 6 6 0.0196
572 211 6 7 0.0196
516 212 6 7 0.0195
614 179 7 8 0.0194
286 183 5 7 0.0189
25 343 9 12 0.0188
952 252 11 13 0.0187
787 424 12 20 0.0181
102 323 9 13 0.0179
482 375 12 13 0.0179
807 214 5 7 0.0179
442 313 10 12 0.0177
282 190 6 8 0.0173
444 309 8 11 0.0173
292 370 9 11 0.0171
263 197 6 9 0.0171
826 435 17 24 0.0168
569 211 6 7 0.0167
761 239 6 8 0.0165
412 427 20 20 0.0160
721 225 7 8 0.0160
294 181 6 7 0.0160
1 264 7 11 0.0158
291 367 10 12 0.0157
867 274 8 11 0.0155
473 300 9 12 0.0153
752 179 5 6 0.0152
571 185 6 8 0.0151
220 314 8 10 0.0150
759 241 7 9 0.0150
296 368 9 11 0.0149
618 182 6 7 0.0144
545 262 8 12 0.0144
868 198 5 7 0.0142
854 208 5 7 0.0140
718 223 6 8 0.0139
24 293 9 12 0.0139
266 194 6 7 0.0136
539 260 7 9 0.0132
14 296 10 14 0.0130
726 229 7 8 0.0129
853 373 12 18 0.0125
865 199 5 6 0.0121
108 245 9 11 0.0119
716 227 7 10 0.0118
217 314 9 10 0.0118
159 385 9 16 0.0117
755 179 5 6 0.0117
512 213 6 7 0.0116
652 184 5 7 0.0115
915 291 6 9 0.0112
549 178 6 7 0.0111
1 261 8 13 0.0110
720 187 4 6 0.0109
441 310 8 11 0.0109
780 202 6 8 0.0109
322 238 6 6 0.0105
377 206 6 8 0.0105
854 211 6 6 0.0105
982 286 8 8 0.0104
724 185 5 6 0.0103
319 238 6 7 0.0101
