39_Ice_Skating_Ice_Skating_39_504
46
175 214 32 45 0.8541
410 157 32 44 0.8402
620 230 28 33 0.8183
102 178 14 17 0.6128
942 155 14 19 0.4657
986 168 11 13 0.3671
939 155 14 19 0.3135
625 131 9 10 0.2768
628 131 9 10 0.2577
689 133 8 11 0.2413
692 133 8 12 0.2306
989 168 10 13 0.2014
984 167 11 13 0.1999
350 149 7 10 0.1103
280 130 7 9 0.1088
352 148 7 10 0.1039
258 123 8 9 0.1030
348 148 8 10 0.1012
630 131 9 11 0.0953
256 122 8 9 0.0887
283 130 7 9 0.0876
254 123 8 9 0.0811
693 134 8 11 0.0804
353 149 7 9 0.0770
105 179 12 15 0.0730
253 122 8 8 0.0712
690 134 8 11 0.0681
100 179 12 15 0.0405
630 132 8 10 0.0361
347 150 8 9 0.0357
910 140 9 15 0.0326
0 182 4 13 0.0313
694 133 8 11 0.0265
627 133 7 9 0.0246
616 147 7 9 0.0241
913 140 9 15 0.0237
284 133 6 9 0.0225
280 133 7 10 0.0216
258 122 8 9 0.0204
983 168 12 14 0.0201
282 130 7 8 0.0191
348 149 8 10 0.0187
614 148 6 8 0.0180
346 148 7 9 0.0142
613 145 6 9 0.0120
626 131 7 9 0.0114
