39_Ice_Skating_Ice_Skating_39_794
56
201 1152 39 44 0.7666
49 1038 28 41 0.7614
51 1176 44 52 0.6452
342 1012 25 28 0.4935
941 983 36 46 0.4244
366 942 17 22 0.3728
569 937 16 20 0.3605
564 937 16 20 0.3542
335 954 13 19 0.3437
371 942 17 22 0.3175
330 954 13 20 0.3110
347 1012 25 28 0.2791
630 971 15 20 0.2347
703 951 18 19 0.1800
636 973 13 18 0.1484
931 983 37 46 0.1377
994 931 16 18 0.1329
991 929 16 18 0.1327
701 947 17 19 0.1248
56 985 19 24 0.0788
698 952 17 18 0.0755
627 967 15 21 0.0702
51 980 20 26 0.0695
989 932 15 17 0.0693
998 929 14 18 0.0632
988 930 14 16 0.0618
743 1016 16 17 0.0614
697 948 15 18 0.0549
626 971 15 20 0.0523
30 965 24 32 0.0477
636 969 14 20 0.0394
62 986 19 23 0.0393
634 968 13 19 0.0377
739 1016 15 16 0.0376
683 511 16 21 0.0348
988 931 16 18 0.0329
999 931 15 18 0.0317
60 981 19 25 0.0300
25 957 27 36 0.0295
923 988 27 38 0.0271
678 511 15 20 0.0267
829 668 12 18 0.0195
709 953 15 19 0.0193
824 666 13 19 0.0176
749 1015 14 16 0.0170
63 915 15 19 0.0164
44 920 14 18 0.0154
24 967 21 29 0.0150
747 502 14 18 0.0143
746 1013 16 17 0.0134
51 917 16 21 0.0131
253 838 11 13 0.0118
709 946 14 19 0.0111
926 976 35 47 0.0106
753 502 13 18 0.0103
264 830 12 15 0.0102
