39_Ice_Skating_Ice_Skating_39_389
110
52 367 10 13 0.4030
671 363 8 11 0.3297
674 363 8 11 0.3296
509 360 8 11 0.3261
512 360 8 11 0.3245
463 369 9 11 0.3059
609 360 8 10 0.2945
574 360 7 9 0.2874
543 361 9 10 0.2835
606 360 8 10 0.2771
273 385 8 9 0.2763
276 385 8 9 0.2739
49 367 10 13 0.2689
571 360 7 9 0.2672
640 362 8 10 0.2657
546 361 8 10 0.2638
637 362 8 10 0.2555
461 369 9 11 0.2543
371 382 8 9 0.2527
770 365 7 8 0.2329
740 365 7 9 0.2324
368 383 8 8 0.2261
406 375 8 9 0.2234
742 365 8 9 0.2221
409 375 8 9 0.2134
235 380 8 10 0.1857
324 381 8 10 0.1840
465 370 8 10 0.1818
233 379 8 9 0.1701
237 380 8 10 0.1652
773 365 7 8 0.1622
744 365 7 10 0.1572
236 379 8 9 0.1534
772 365 7 9 0.1487
326 380 9 11 0.1448
799 369 7 8 0.1281
822 365 7 7 0.1217
323 379 8 10 0.1175
803 370 6 8 0.1170
797 368 7 8 0.1116
740 366 8 9 0.1110
326 378 8 11 0.1048
826 364 6 7 0.1046
824 366 7 8 0.1023
642 363 7 10 0.0858
545 364 8 9 0.0821
370 381 8 9 0.0807
411 376 8 9 0.0788
548 363 7 9 0.0779
801 368 6 8 0.0768
775 366 7 8 0.0661
637 364 8 9 0.0655
367 381 7 9 0.0608
407 377 8 8 0.0559
744 381 7 8 0.0523
322 382 7 9 0.0412
769 365 7 8 0.0376
607 362 8 9 0.0333
725 376 6 8 0.0319
411 375 8 9 0.0311
672 365 8 10 0.0311
610 362 8 9 0.0298
369 382 7 9 0.0293
801 371 6 7 0.0290
571 362 7 9 0.0289
572 359 7 9 0.0284
573 358 7 9 0.0276
830 378 7 8 0.0263
546 357 8 9 0.0256
237 379 8 10 0.0256
575 362 7 8 0.0250
769 366 7 9 0.0237
275 383 8 9 0.0233
54 367 9 13 0.0232
729 378 6 7 0.0230
676 364 7 10 0.0226
543 357 8 9 0.0226
322 381 8 10 0.0224
726 378 6 7 0.0224
824 364 7 7 0.0222
461 368 9 11 0.0219
514 362 7 10 0.0217
545 359 8 10 0.0214
513 359 7 10 0.0213
570 359 7 9 0.0210
641 362 7 9 0.0210
773 364 7 7 0.0207
509 363 8 10 0.0206
274 388 7 8 0.0200
793 336 6 7 0.0192
791 336 5 7 0.0183
272 383 8 10 0.0183
828 366 6 8 0.0182
827 378 7 8 0.0181
272 385 8 9 0.0172
605 360 8 9 0.0170
827 376 7 9 0.0162
728 375 7 9 0.0157
49 366 10 13 0.0154
744 364 7 8 0.0154
837 373 6 8 0.0144
413 375 7 9 0.0142
605 358 8 10 0.0139
803 336 5 6 0.0131
799 364 7 8 0.0126
609 358 7 10 0.0111
817 335 6 7 0.0110
804 335 6 7 0.0109
802 375 7 9 0.0104
780 336 6 7 0.0100
