39_Ice_Skating_iceskiing_39_901
32
662 415 28 33 0.8451
296 144 39 50 0.8450
457 339 14 22 0.4020
570 249 15 26 0.3745
803 266 12 17 0.2945
663 330 11 15 0.2622
660 329 10 16 0.2146
799 265 12 18 0.1919
566 249 16 25 0.1418
573 250 14 25 0.1358
454 339 14 22 0.0882
963 311 11 17 0.0574
568 251 15 25 0.0536
799 267 13 19 0.0378
705 330 11 13 0.0327
966 311 11 16 0.0317
450 196 17 21 0.0246
885 313 13 15 0.0231
800 266 13 19 0.0221
804 267 13 19 0.0219
709 330 11 13 0.0200
871 311 12 15 0.0157
833 274 14 21 0.0148
919 289 13 15 0.0146
872 307 9 11 0.0145
693 323 9 9 0.0137
838 275 15 20 0.0120
890 314 11 13 0.0119
695 323 9 10 0.0117
828 267 13 17 0.0116
777 332 8 11 0.0102
453 196 17 21 0.0101
