39_Ice_Skating_Ice_Skating_39_1047
51
245 111 57 70 0.8924
746 140 60 78 0.8834
878 172 25 33 0.8300
813 74 24 31 0.8194
458 160 22 27 0.8180
1011 78 13 26 0.8170
736 2 23 29 0.8110
531 129 19 27 0.8009
881 38 20 28 0.7913
944 5 18 23 0.7879
725 80 21 27 0.7877
60 23 19 24 0.7844
966 193 26 30 0.7844
939 72 21 27 0.7807
671 0 22 24 0.7778
601 131 19 24 0.7602
9 14 19 24 0.7556
881 10 20 23 0.7508
832 143 24 33 0.7333
242 20 20 24 0.7287
498 196 21 30 0.7035
591 194 22 28 0.6698
529 172 20 28 0.6446
180 18 19 25 0.6283
306 17 21 23 0.6204
125 22 18 23 0.5868
806 29 18 19 0.5631
939 149 21 28 0.5223
123 22 18 23 0.4063
183 19 18 24 0.3720
310 17 19 23 0.2916
589 195 23 27 0.2783
934 149 23 28 0.2355
527 173 21 27 0.2332
831 143 24 33 0.1849
1018 166 6 25 0.1757
811 29 16 18 0.1743
499 196 21 30 0.1185
911 142 16 21 0.0984
501 196 21 30 0.0775
915 141 15 22 0.0640
1016 158 8 34 0.0363
1015 138 9 26 0.0363
1014 136 10 21 0.0362
244 19 19 25 0.0286
1020 168 4 30 0.0148
45 0 22 11 0.0139
703 5 17 19 0.0137
1 26 16 24 0.0135
925 68 16 22 0.0116
844 54 14 18 0.0111
