39_Ice_Skating_Ice_Skating_39_252
33
718 180 30 36 0.8289
187 190 40 40 0.8233
514 177 25 27 0.8074
322 177 24 28 0.7808
624 193 22 23 0.7773
821 166 25 27 0.7734
375 181 23 28 0.7607
416 168 21 26 0.7133
473 184 23 28 0.6399
475 184 23 29 0.2598
265 178 15 18 0.1311
305 175 18 22 0.0541
549 163 17 20 0.0530
303 180 21 27 0.0453
550 167 17 20 0.0444
267 179 15 19 0.0435
344 179 16 24 0.0381
262 178 14 17 0.0362
277 201 17 20 0.0205
301 191 19 23 0.0205
412 168 21 26 0.0187
262 180 14 18 0.0169
296 185 21 25 0.0168
759 174 11 12 0.0165
763 174 10 12 0.0147
0 243 8 16 0.0147
604 186 13 16 0.0144
396 160 17 20 0.0142
544 167 17 21 0.0132
297 191 19 22 0.0128
2 247 9 16 0.0117
61 201 14 21 0.0102
256 198 15 18 0.0100
