39_Ice_Skating_Ice_Skating_39_992
87
298 845 57 72 0.8608
837 123 49 68 0.8552
160 808 51 64 0.8522
171 277 50 59 0.8516
665 478 53 66 0.8472
823 478 49 60 0.8461
385 379 45 61 0.8442
537 721 73 93 0.8435
119 40 50 66 0.8402
310 259 55 71 0.8371
776 605 58 66 0.8370
939 246 45 62 0.8366
955 578 54 65 0.8335
14 636 53 66 0.8331
728 732 56 68 0.8330
803 249 47 60 0.8312
748 0 53 57 0.8300
286 49 44 51 0.8296
462 262 49 57 0.8291
423 19 50 65 0.8275
24 380 51 56 0.8214
613 266 47 58 0.8186
901 711 50 62 0.8183
727 368 48 62 0.8121
906 23 44 58 0.8109
383 140 49 56 0.8060
215 617 48 63 0.8059
569 369 48 55 0.8038
336 470 51 67 0.7924
994 457 28 66 0.7823
286 423 37 63 0.7407
285 681 66 80 0.7386
220 165 44 57 0.7357
999 125 23 60 0.5729
2 545 19 65 0.3957
3 49 19 63 0.2977
616 627 49 56 0.2461
531 482 54 74 0.1361
536 720 73 96 0.1115
92 463 52 70 0.0967
725 337 45 54 0.0675
0 547 13 60 0.0637
93 145 46 61 0.0589
0 53 14 57 0.0577
94 158 42 53 0.0570
920 0 47 31 0.0563
491 543 44 52 0.0412
24 379 51 56 0.0410
98 134 42 49 0.0385
924 3 47 62 0.0354
103 466 46 66 0.0347
482 544 48 54 0.0318
749 0 53 57 0.0307
106 130 40 50 0.0272
447 598 40 60 0.0262
951 0 41 19 0.0260
338 367 38 49 0.0241
488 534 47 57 0.0241
253 196 30 49 0.0232
455 600 35 53 0.0209
815 0 33 17 0.0206
0 48 17 74 0.0202
611 629 47 53 0.0199
2 47 17 65 0.0182
4 354 28 47 0.0178
967 0 28 19 0.0174
479 148 49 59 0.0172
325 695 47 62 0.0167
545 0 41 10 0.0162
479 154 47 54 0.0156
1011 129 13 54 0.0152
104 143 42 59 0.0143
337 367 34 42 0.0143
907 0 54 36 0.0142
675 446 41 50 0.0140
0 541 17 76 0.0140
0 41 17 70 0.0140
892 0 40 25 0.0135
260 201 27 44 0.0129
619 645 46 50 0.0129
479 536 47 55 0.0128
79 157 53 57 0.0125
1017 135 7 51 0.0121
0 559 13 51 0.0108
383 140 49 56 0.0107
515 0 43 9 0.0106
658 0 45 33 0.0104
