39_Ice_Skating_iceskiing_39_342
24
807 699 15 17 0.7176
674 667 16 20 0.6964
876 644 19 20 0.6914
739 695 14 17 0.5644
551 700 13 15 0.5255
759 708 15 18 0.4619
309 713 14 16 0.4351
761 708 15 18 0.3636
287 134 41 51 0.2771
736 695 14 17 0.1852
286 131 43 53 0.1783
313 714 13 15 0.1575
875 644 17 21 0.1352
555 700 11 14 0.1235
811 699 14 17 0.0498
285 128 47 59 0.0481
672 667 15 20 0.0316
285 128 47 59 0.0290
552 702 14 15 0.0275
549 700 11 14 0.0274
312 715 14 15 0.0152
616 722 12 8 0.0145
286 143 38 47 0.0128
1003 662 12 15 0.0116
