39_Ice_Skating_Ice_Skating_39_463
161
899 736 10 13 0.3894
964 773 10 13 0.3782
910 759 11 14 0.3624
834 739 11 14 0.3608
902 736 10 13 0.3462
967 773 10 13 0.3323
804 750 8 12 0.3264
800 751 9 11 0.3219
958 727 11 13 0.3070
914 759 10 14 0.2929
955 727 10 13 0.2887
838 739 10 14 0.2576
653 744 9 11 0.1703
699 710 7 8 0.1664
703 710 7 8 0.1640
649 744 9 12 0.1588
421 703 6 8 0.1434
424 704 6 7 0.1170
819 770 13 13 0.1142
652 743 8 11 0.1077
420 705 6 8 0.0937
917 688 6 8 0.0923
406 703 6 7 0.0786
516 705 7 8 0.0785
514 703 7 9 0.0765
921 688 6 8 0.0733
702 707 7 9 0.0717
649 743 8 11 0.0695
403 703 5 7 0.0688
836 741 11 14 0.0642
557 703 6 8 0.0619
760 664 5 6 0.0608
892 674 6 6 0.0599
752 672 5 6 0.0570
560 703 6 8 0.0561
405 705 5 6 0.0531
641 691 6 8 0.0526
615 704 6 8 0.0516
755 672 6 6 0.0515
617 704 6 8 0.0512
819 766 12 14 0.0509
889 674 5 6 0.0507
948 734 9 11 0.0505
660 689 6 9 0.0499
656 688 7 9 0.0498
542 711 6 8 0.0496
699 708 7 8 0.0494
478 706 6 7 0.0486
612 703 6 8 0.0483
500 698 5 7 0.0479
779 660 5 6 0.0478
639 691 6 8 0.0475
517 703 7 9 0.0460
855 665 6 7 0.0424
858 675 7 9 0.0418
340 689 6 7 0.0415
613 705 6 8 0.0413
337 688 6 7 0.0411
852 665 6 7 0.0409
496 698 5 7 0.0404
413 687 6 7 0.0397
636 691 6 8 0.0394
637 693 6 7 0.0386
477 703 6 8 0.0376
538 711 5 8 0.0375
830 760 11 14 0.0373
794 658 5 6 0.0373
588 710 8 9 0.0364
585 710 8 9 0.0356
410 687 6 7 0.0351
561 704 6 8 0.0345
837 679 6 7 0.0345
473 708 5 7 0.0340
835 679 6 7 0.0335
338 690 6 7 0.0318
774 753 7 8 0.0316
791 658 5 6 0.0305
658 690 6 8 0.0301
955 730 10 13 0.0298
474 700 6 8 0.0291
341 690 6 7 0.0291
500 707 6 7 0.0286
729 675 6 7 0.0283
860 677 7 9 0.0271
420 704 5 7 0.0271
726 675 5 7 0.0264
334 687 6 9 0.0261
923 689 6 7 0.0250
777 753 7 9 0.0246
817 770 10 12 0.0244
636 705 7 7 0.0241
749 659 4 5 0.0238
701 709 6 8 0.0238
475 695 6 7 0.0236
778 659 5 6 0.0235
641 705 6 8 0.0235
746 658 5 6 0.0231
772 661 5 6 0.0229
498 697 5 7 0.0229
891 672 6 7 0.0227
918 689 6 8 0.0226
822 770 12 13 0.0225
725 677 6 6 0.0223
580 677 6 8 0.0222
775 659 5 6 0.0218
729 676 6 7 0.0217
539 709 6 8 0.0216
888 672 5 7 0.0215
855 677 7 8 0.0213
372 680 4 6 0.0197
369 679 5 6 0.0194
801 752 9 11 0.0194
543 738 5 7 0.0184
475 704 6 8 0.0183
763 664 6 6 0.0180
546 738 6 7 0.0178
715 671 5 6 0.0175
517 704 6 7 0.0172
723 713 7 8 0.0172
366 679 5 6 0.0172
955 728 11 13 0.0171
661 691 6 8 0.0170
543 710 6 7 0.0168
801 667 5 6 0.0164
515 696 6 7 0.0163
959 729 10 13 0.0156
777 661 5 5 0.0156
856 676 7 9 0.0150
545 711 7 8 0.0147
800 667 5 7 0.0146
833 678 5 7 0.0143
922 688 7 8 0.0139
852 731 10 12 0.0135
496 699 5 7 0.0131
727 676 6 7 0.0131
583 677 6 8 0.0131
753 673 5 7 0.0131
834 680 5 6 0.0129
368 680 5 6 0.0127
617 704 6 8 0.0126
336 684 6 7 0.0125
803 668 5 6 0.0124
339 686 6 7 0.0123
759 664 5 6 0.0123
629 678 6 7 0.0122
909 759 10 14 0.0121
396 677 5 6 0.0121
583 708 7 8 0.0120
487 709 5 6 0.0120
777 753 7 9 0.0117
719 712 7 8 0.0113
471 689 6 8 0.0111
413 687 5 7 0.0110
393 677 5 6 0.0106
592 683 7 8 0.0104
586 708 7 9 0.0104
779 754 6 8 0.0104
333 691 6 8 0.0103
655 689 6 7 0.0102
757 661 5 7 0.0102
745 659 5 6 0.0100
