39_Ice_Skating_iceskiing_39_583
96
521 116 28 35 0.8283
444 138 34 40 0.8228
462 223 44 40 0.8022
784 149 25 30 0.7920
304 87 20 27 0.7462
354 181 18 24 0.5405
235 45 21 43 0.5149
326 85 19 24 0.3671
695 201 10 11 0.2942
397 100 16 19 0.2825
698 201 9 11 0.2666
382 94 12 16 0.2122
662 207 8 10 0.1679
394 99 16 19 0.1619
658 207 9 11 0.1499
675 204 8 10 0.1174
977 227 11 14 0.1170
995 224 8 11 0.1166
991 224 9 11 0.1137
323 86 18 25 0.1129
677 205 8 9 0.1055
654 197 9 11 0.1055
349 94 14 17 0.0995
366 91 12 17 0.0928
637 216 14 17 0.0827
651 198 9 11 0.0818
636 213 12 16 0.0702
672 204 8 10 0.0687
666 183 7 10 0.0556
230 44 24 43 0.0437
990 208 8 9 0.0427
324 85 18 23 0.0387
331 70 13 15 0.0385
726 202 7 8 0.0367
498 140 23 27 0.0361
729 202 7 8 0.0339
633 214 11 15 0.0330
978 229 11 13 0.0326
634 216 12 16 0.0319
364 89 14 19 0.0303
851 185 7 8 0.0296
356 92 14 18 0.0288
994 209 8 9 0.0284
277 67 14 19 0.0282
615 186 9 11 0.0275
273 67 14 19 0.0270
981 229 11 12 0.0261
855 185 6 7 0.0256
631 198 9 11 0.0254
696 203 9 11 0.0246
998 194 8 9 0.0240
1017 225 7 11 0.0214
664 181 7 10 0.0210
402 100 11 16 0.0206
975 191 7 10 0.0204
714 203 6 8 0.0202
498 144 25 29 0.0196
651 197 9 10 0.0193
906 204 6 8 0.0176
746 204 6 9 0.0174
700 203 8 9 0.0171
601 176 10 13 0.0169
312 70 15 19 0.0169
231 49 24 40 0.0167
938 225 6 8 0.0162
384 93 13 17 0.0159
646 221 10 12 0.0152
977 192 8 10 0.0150
978 191 7 10 0.0148
875 169 6 7 0.0142
421 108 15 21 0.0140
643 215 11 15 0.0140
351 182 16 22 0.0139
403 101 12 17 0.0132
750 201 7 10 0.0132
1018 231 6 11 0.0131
698 200 9 10 0.0130
935 225 7 8 0.0128
243 46 22 40 0.0123
921 198 8 9 0.0121
391 102 15 18 0.0119
112 0 23 29 0.0118
329 123 17 19 0.0118
903 204 6 7 0.0116
658 187 8 11 0.0115
747 205 6 9 0.0114
893 221 7 8 0.0114
940 225 6 8 0.0112
918 208 8 9 0.0110
423 110 18 24 0.0109
747 184 6 9 0.0108
742 207 7 8 0.0105
598 176 10 12 0.0105
502 115 9 10 0.0104
1016 204 7 9 0.0104
1015 175 7 9 0.0101
