39_Ice_Skating_Ice_Skating_39_1029
159
754 221 16 23 0.6394
654 229 13 17 0.6164
207 251 11 14 0.4340
296 252 11 14 0.4271
925 212 13 16 0.4158
236 270 10 15 0.4095
742 222 11 16 0.4082
422 252 11 14 0.4044
463 252 10 14 0.4032
108 247 11 14 0.3936
928 212 13 16 0.3785
111 247 11 14 0.3758
239 271 10 14 0.3747
559 248 13 16 0.3623
210 251 11 14 0.3580
525 240 10 14 0.3480
419 269 11 13 0.3462
490 243 10 15 0.3402
268 255 11 13 0.3364
350 255 10 13 0.3317
325 259 10 14 0.3298
353 254 11 14 0.3282
739 222 10 15 0.3202
328 259 10 14 0.3184
299 252 11 14 0.3169
493 244 10 14 0.3164
556 248 13 16 0.3153
416 269 10 13 0.3115
523 240 9 14 0.3040
606 235 12 15 0.3027
393 255 11 14 0.2635
374 260 10 12 0.2620
394 255 11 14 0.2613
695 236 10 15 0.2528
391 255 11 14 0.2512
420 252 10 14 0.2493
610 235 11 14 0.2390
820 244 11 13 0.2254
271 255 10 14 0.2179
472 249 8 12 0.2134
817 243 12 13 0.2130
181 248 10 13 0.2105
698 235 10 16 0.1990
138 247 9 13 0.1781
141 247 9 13 0.1684
816 245 11 12 0.1671
390 255 11 14 0.1566
664 234 11 13 0.1549
407 260 9 12 0.1383
651 229 13 17 0.1253
246 71 8 9 0.1199
329 248 9 11 0.1157
326 248 9 12 0.1071
248 71 8 9 0.1046
267 256 11 13 0.1038
461 252 10 13 0.1004
184 248 9 13 0.0963
473 247 8 11 0.0896
244 71 7 9 0.0863
177 249 10 13 0.0789
370 260 10 11 0.0699
467 254 10 12 0.0687
489 243 10 13 0.0679
350 256 11 14 0.0658
267 255 10 13 0.0657
328 247 8 10 0.0646
341 261 9 13 0.0625
815 243 11 12 0.0618
429 242 8 10 0.0612
354 256 10 13 0.0605
432 242 8 10 0.0603
182 79 6 8 0.0587
713 228 11 15 0.0572
465 253 10 13 0.0568
180 78 6 8 0.0563
184 247 9 13 0.0552
325 247 8 10 0.0536
158 265 10 12 0.0528
183 89 6 8 0.0519
177 77 7 8 0.0512
178 79 6 8 0.0495
191 262 9 12 0.0486
471 247 9 13 0.0468
698 236 10 16 0.0464
425 252 10 14 0.0461
281 263 11 12 0.0460
161 265 9 12 0.0448
317 69 7 9 0.0435
713 230 11 15 0.0426
709 228 10 15 0.0424
756 224 16 22 0.0402
314 69 7 8 0.0397
493 243 9 13 0.0375
271 254 11 13 0.0365
138 247 9 12 0.0346
244 71 8 8 0.0345
425 254 10 13 0.0334
652 230 12 16 0.0332
417 268 11 13 0.0328
217 74 8 8 0.0308
527 240 10 14 0.0299
140 244 8 13 0.0290
370 261 9 11 0.0274
51 245 7 9 0.0270
215 80 9 11 0.0259
744 220 13 19 0.0258
312 66 7 8 0.0249
53 246 7 8 0.0236
560 241 12 15 0.0223
471 248 8 10 0.0222
392 63 7 7 0.0216
821 243 11 13 0.0216
213 73 8 9 0.0215
285 264 10 12 0.0214
212 80 8 10 0.0214
180 89 6 8 0.0201
602 238 11 14 0.0199
248 69 7 9 0.0196
192 265 8 10 0.0192
668 236 10 13 0.0191
179 245 10 14 0.0189
527 241 10 14 0.0188
315 67 8 8 0.0183
243 72 8 8 0.0181
159 268 10 11 0.0179
390 62 6 8 0.0175
421 252 9 11 0.0172
49 245 7 9 0.0171
96 256 8 8 0.0166
753 46 8 10 0.0166
556 242 11 14 0.0164
162 268 9 11 0.0158
284 266 9 11 0.0156
145 248 8 13 0.0155
185 90 7 8 0.0154
343 264 9 10 0.0153
183 88 6 8 0.0149
2 253 6 9 0.0145
669 236 9 13 0.0145
184 87 7 9 0.0139
50 246 7 9 0.0137
214 73 8 9 0.0137
521 242 11 13 0.0132
758 221 16 22 0.0131
563 247 11 14 0.0130
600 237 10 14 0.0127
137 244 9 13 0.0126
440 264 9 12 0.0124
492 243 11 14 0.0122
393 64 7 8 0.0121
323 248 9 12 0.0120
523 242 10 13 0.0114
218 238 11 14 0.0114
5 253 6 8 0.0113
323 261 8 11 0.0109
614 237 10 13 0.0107
575 234 11 15 0.0107
95 257 8 9 0.0105
316 68 7 9 0.0104
