39_Ice_Skating_Ice_Skating_39_546
45
386 286 56 68 0.8724
217 251 63 66 0.8712
533 283 15 20 0.5048
642 312 27 32 0.4901
574 290 13 22 0.4179
39 279 10 11 0.2750
36 279 10 11 0.2621
296 293 10 13 0.2536
81 283 9 13 0.2013
294 294 10 12 0.1910
534 283 16 21 0.1538
84 283 9 13 0.1420
571 290 13 22 0.1290
298 293 10 13 0.1273
637 312 29 33 0.1216
37 278 9 11 0.0719
501 296 8 11 0.0629
530 283 15 19 0.0600
498 295 7 12 0.0593
591 305 11 14 0.0316
114 290 9 11 0.0289
118 290 8 11 0.0263
41 279 9 12 0.0259
83 286 9 11 0.0243
595 305 11 14 0.0233
503 296 9 11 0.0232
83 284 10 12 0.0229
579 291 11 17 0.0222
115 289 9 11 0.0218
629 313 23 27 0.0188
35 279 8 9 0.0181
294 292 9 12 0.0165
311 297 8 11 0.0164
163 287 12 15 0.0155
41 277 9 11 0.0154
88 286 8 11 0.0148
290 289 14 19 0.0135
571 288 14 21 0.0133
37 281 9 10 0.0117
298 293 9 10 0.0115
721 294 37 47 0.0115
113 290 10 11 0.0113
163 286 10 15 0.0108
112 289 9 11 0.0104
499 294 8 12 0.0103
