31_Waiter_Waitress_Waiter_Waitress_31_420
59
465 178 29 45 0.8679
691 238 27 33 0.8574
582 217 29 36 0.8474
653 219 27 33 0.8411
917 210 29 39 0.8387
239 313 21 28 0.8281
868 305 23 30 0.8137
695 206 25 30 0.8060
332 299 23 30 0.8039
42 221 22 26 0.7988
537 203 23 31 0.7958
490 217 24 30 0.7828
373 299 23 28 0.7557
551 216 25 39 0.7522
409 232 18 26 0.7407
535 230 20 27 0.7257
280 317 16 21 0.7144
147 263 18 22 0.6222
122 296 19 23 0.5701
417 213 18 31 0.5274
192 288 21 25 0.5254
194 288 21 24 0.3844
1018 233 6 38 0.3290
182 292 16 25 0.3127
890 312 18 27 0.2801
550 217 23 37 0.2331
145 263 17 22 0.2304
419 215 18 32 0.2303
1020 235 4 36 0.1761
183 294 16 25 0.1665
867 274 15 20 0.1539
120 296 17 23 0.1309
300 304 19 27 0.0690
302 310 19 24 0.0677
186 295 17 25 0.0483
384 282 23 30 0.0360
383 282 20 26 0.0298
293 302 18 26 0.0277
990 292 15 23 0.0248
869 273 10 14 0.0237
1018 284 6 28 0.0215
538 224 20 31 0.0199
533 229 20 27 0.0197
548 226 21 31 0.0185
994 292 14 22 0.0180
308 307 17 23 0.0179
413 231 16 27 0.0168
611 216 19 23 0.0163
336 285 10 12 0.0151
415 213 16 30 0.0144
415 210 19 30 0.0142
1018 228 6 37 0.0126
337 285 13 16 0.0120
383 284 20 27 0.0119
214 315 15 23 0.0110
865 274 14 20 0.0105
277 317 14 20 0.0103
1017 293 7 32 0.0103
411 226 20 31 0.0101
