46_Jockey_Jockey_46_909
73
457 417 41 46 0.8510
508 287 28 37 0.8508
495 558 53 61 0.8472
650 247 17 23 0.7627
694 181 14 20 0.6252
737 266 19 23 0.5850
783 184 16 21 0.5351
642 189 13 17 0.5086
224 573 36 64 0.4963
488 153 9 14 0.4411
276 180 16 20 0.4289
914 281 19 29 0.4144
734 176 12 19 0.4123
911 281 18 28 0.4109
273 180 16 20 0.3828
0 202 11 33 0.3749
738 176 12 19 0.3471
786 185 16 20 0.3385
532 161 11 13 0.3374
535 161 11 13 0.3282
484 186 9 17 0.2960
646 189 12 17 0.2956
480 187 10 16 0.2876
770 208 16 20 0.2608
486 153 9 14 0.2329
505 150 8 10 0.2054
508 150 8 10 0.2033
697 181 13 20 0.1880
739 266 18 23 0.1797
352 195 12 16 0.1575
774 209 15 19 0.1525
357 195 11 15 0.1426
579 137 5 8 0.1232
575 137 6 8 0.1226
732 325 14 28 0.1189
355 193 11 16 0.1119
437 108 14 18 0.1063
611 143 6 7 0.1013
546 157 9 11 0.1011
223 575 36 64 0.0968
548 158 8 11 0.0961
543 156 9 12 0.0947
653 286 12 21 0.0945
737 325 11 28 0.0765
615 143 6 8 0.0711
614 143 6 7 0.0673
733 329 13 28 0.0623
612 144 5 7 0.0592
576 137 6 7 0.0522
351 193 11 16 0.0406
441 108 13 17 0.0374
1 212 12 24 0.0363
526 181 10 12 0.0331
507 149 7 9 0.0318
504 149 7 9 0.0302
573 136 6 8 0.0278
0 198 15 38 0.0270
490 154 9 14 0.0222
359 193 10 16 0.0206
738 328 11 28 0.0179
575 139 7 7 0.0178
619 138 6 8 0.0176
140 95 14 19 0.0165
552 139 7 9 0.0163
490 152 8 12 0.0162
616 138 7 8 0.0160
527 183 10 13 0.0158
767 205 15 20 0.0142
615 142 7 8 0.0122
486 155 9 14 0.0111
544 154 8 9 0.0109
455 127 9 10 0.0107
764 141 6 7 0.0102
