46_Jockey_Jockey_46_79
29
592 44 37 50 0.8742
664 21 30 46 0.8682
620 28 27 42 0.8610
392 246 39 55 0.8555
555 81 34 53 0.8550
422 170 43 55 0.8523
412 218 36 57 0.8473
540 39 37 46 0.8278
677 0 30 20 0.8017
324 235 46 63 0.7638
194 401 24 48 0.7442
535 104 22 44 0.6882
284 337 25 40 0.6859
454 148 34 47 0.5950
204 485 21 38 0.3092
453 149 33 47 0.2064
541 102 18 45 0.1470
329 307 22 41 0.1400
208 484 20 40 0.1372
280 338 27 40 0.0930
452 167 27 40 0.0500
452 154 31 43 0.0193
191 321 16 48 0.0191
336 300 18 47 0.0178
326 301 23 46 0.0176
324 235 46 63 0.0162
440 151 35 45 0.0160
448 177 28 44 0.0130
288 287 30 44 0.0128
