46_Jockey_Jockey_46_569
107
276 150 42 56 0.8868
870 130 41 47 0.8504
703 20 35 44 0.8149
442 122 44 56 0.7631
151 87 33 72 0.7452
320 210 19 19 0.6387
384 130 13 15 0.6091
409 133 13 15 0.5940
847 179 13 15 0.5299
191 130 12 15 0.4789
320 127 12 16 0.4700
228 135 13 15 0.4606
364 132 12 14 0.3927
367 132 12 14 0.3696
189 129 12 16 0.3337
511 4 8 10 0.3172
684 21 8 12 0.3168
526 7 8 10 0.3109
508 4 8 10 0.3027
687 21 9 11 0.3026
657 22 8 9 0.2880
661 22 7 9 0.2701
225 135 13 15 0.2407
604 9 8 8 0.2310
782 34 7 8 0.2287
779 34 7 9 0.2265
607 8 8 9 0.1985
602 9 7 8 0.1750
523 7 8 9 0.1640
412 133 12 15 0.1620
317 127 12 15 0.1566
810 39 7 8 0.1553
317 128 12 15 0.1548
660 73 9 11 0.1528
844 179 13 15 0.1496
814 39 7 8 0.1475
631 16 7 8 0.1459
663 73 9 11 0.1433
462 0 9 8 0.1386
528 7 7 10 0.1244
629 16 7 8 0.1240
812 40 7 8 0.1214
323 210 18 18 0.1093
816 39 7 8 0.0981
460 0 8 7 0.0924
634 16 6 9 0.0887
633 15 7 9 0.0683
606 10 7 8 0.0675
672 60 9 11 0.0672
463 1 9 11 0.0655
675 60 9 11 0.0613
659 23 7 10 0.0607
460 2 9 11 0.0583
510 4 8 9 0.0563
464 0 8 8 0.0553
398 142 9 11 0.0543
783 35 7 9 0.0523
382 129 12 14 0.0512
663 23 7 9 0.0506
781 32 6 9 0.0435
628 15 6 8 0.0411
523 8 7 8 0.0397
628 16 7 9 0.0375
689 23 8 10 0.0354
779 36 7 8 0.0341
603 9 7 9 0.0334
779 35 7 9 0.0331
527 9 8 9 0.0311
201 213 9 12 0.0310
64 0 8 7 0.0294
845 180 11 14 0.0293
245 212 16 15 0.0291
602 10 7 8 0.0285
808 40 6 7 0.0285
197 213 10 11 0.0285
395 143 9 11 0.0271
685 23 8 11 0.0269
677 61 9 10 0.0263
507 3 7 10 0.0261
61 0 8 7 0.0257
656 21 7 9 0.0243
408 134 11 13 0.0231
809 39 7 8 0.0216
226 140 11 14 0.0201
271 139 11 11 0.0192
661 76 8 10 0.0190
673 61 10 11 0.0189
603 6 7 10 0.0185
524 9 7 9 0.0176
778 32 6 9 0.0163
229 139 12 14 0.0158
213 141 10 11 0.0157
185 122 16 28 0.0156
665 74 8 10 0.0155
680 22 8 11 0.0154
248 211 17 18 0.0152
275 138 10 12 0.0150
820 182 7 8 0.0131
323 129 10 13 0.0128
462 0 9 6 0.0126
528 6 7 9 0.0125
387 133 11 12 0.0123
819 181 6 8 0.0121
220 138 9 12 0.0120
607 7 7 9 0.0102
775 83 8 10 0.0101
396 214 10 13 0.0101
