48_Parachutist_Paratrooper_Parachutist_Paratrooper_48_1015
89
95 131 42 54 0.8510
982 302 42 47 0.8501
328 383 35 43 0.8490
554 355 38 41 0.8421
630 347 36 43 0.8420
455 221 24 28 0.8367
344 211 25 28 0.8348
675 346 43 49 0.8336
465 362 35 40 0.8291
217 404 33 36 0.8177
852 207 22 25 0.7958
859 317 51 57 0.7954
223 244 22 26 0.7926
632 207 21 27 0.7920
179 381 28 36 0.7891
239 272 21 25 0.7890
546 238 23 27 0.7848
280 261 20 25 0.7767
427 362 24 31 0.7742
967 193 21 23 0.7739
796 332 35 38 0.7214
601 247 16 19 0.7135
569 224 19 23 0.7061
510 241 20 24 0.6836
454 351 22 29 0.6427
960 315 24 32 0.6105
761 210 21 26 0.6085
708 223 20 22 0.5337
859 317 51 57 0.3871
918 321 31 42 0.3715
782 213 18 23 0.3641
5 277 17 19 0.3612
706 223 20 22 0.3556
962 314 25 34 0.3463
913 320 35 43 0.2910
741 231 13 15 0.2682
2 277 17 20 0.2507
785 212 16 23 0.1830
455 352 24 30 0.1797
442 237 18 24 0.1659
440 235 16 21 0.1571
786 213 17 23 0.1540
780 212 18 23 0.1474
783 353 33 34 0.1393
426 250 13 16 0.1351
2 280 17 21 0.1333
0 289 13 23 0.1177
738 231 11 15 0.1080
781 353 26 32 0.1058
439 240 16 21 0.0853
850 339 18 31 0.0796
740 229 11 15 0.0672
5 279 18 19 0.0519
763 211 20 26 0.0485
854 343 22 34 0.0466
227 293 12 17 0.0445
424 251 18 23 0.0433
849 330 31 47 0.0427
849 334 16 31 0.0420
451 351 20 27 0.0415
758 210 19 25 0.0355
759 213 19 24 0.0341
160 396 21 27 0.0321
207 270 16 19 0.0317
744 228 14 16 0.0284
854 321 35 51 0.0236
308 256 16 22 0.0212
466 350 26 34 0.0211
154 395 23 28 0.0204
737 229 11 14 0.0199
222 370 23 29 0.0185
441 233 17 21 0.0181
452 354 19 27 0.0180
224 294 12 16 0.0173
211 270 15 20 0.0162
852 346 17 30 0.0160
158 378 25 33 0.0148
913 317 32 44 0.0148
837 343 20 26 0.0146
420 251 14 18 0.0142
159 371 23 32 0.0138
767 208 19 24 0.0137
789 346 35 38 0.0133
2 277 19 23 0.0124
427 247 18 25 0.0123
427 247 12 13 0.0113
446 228 18 24 0.0112
779 345 25 38 0.0104
440 226 16 22 0.0100
