48_Parachutist_Paratrooper_Parachutist_Paratrooper_48_814
36
388 221 222 265 0.8778
695 360 179 360 0.6944
305 397 26 29 0.6592
155 406 25 30 0.6375
251 400 26 29 0.5626
584 412 42 53 0.4499
209 408 22 25 0.4274
56 406 23 29 0.3963
213 408 22 26 0.2929
60 405 23 31 0.2895
185 412 19 23 0.2124
114 424 21 29 0.1273
87 405 17 24 0.0623
181 412 19 24 0.0562
189 413 20 25 0.0544
302 397 24 28 0.0537
127 406 13 15 0.0472
633 375 44 58 0.0406
110 424 20 27 0.0368
131 405 13 17 0.0363
286 412 17 20 0.0320
630 377 38 52 0.0313
285 412 17 23 0.0213
694 361 207 357 0.0210
160 407 23 28 0.0204
288 416 18 22 0.0175
116 427 23 29 0.0172
144 420 17 21 0.0165
39 409 16 20 0.0159
113 420 19 24 0.0153
248 401 22 27 0.0148
126 404 11 14 0.0147
89 412 19 25 0.0136
149 409 22 26 0.0126
89 402 14 18 0.0123
131 403 11 14 0.0103
