48_Parachutist_Paratrooper_Parachutist_Paratrooper_48_72
154
614 327 24 30 0.8657
169 291 31 33 0.8464
97 326 27 30 0.8385
55 321 25 25 0.8311
18 310 24 23 0.8106
335 284 22 27 0.7911
255 279 25 29 0.7677
483 298 17 20 0.7507
402 288 21 25 0.7283
767 305 14 17 0.6882
197 299 19 25 0.6831
458 306 18 22 0.6350
909 315 17 20 0.5897
936 297 15 17 0.5753
539 290 12 16 0.5518
866 300 14 17 0.5152
707 284 14 17 0.4666
956 308 13 15 0.4554
603 293 13 15 0.4489
1013 304 10 14 0.4427
572 288 11 16 0.4025
0 317 11 22 0.3657
975 311 14 15 0.3599
568 288 12 16 0.3309
843 296 11 13 0.3303
751 292 14 18 0.3252
898 304 10 13 0.3231
808 297 13 15 0.3203
791 301 12 13 0.2917
630 294 12 17 0.2829
863 300 14 17 0.2817
827 307 14 15 0.2558
710 284 14 16 0.2547
279 297 18 23 0.2534
805 296 13 15 0.2390
994 318 13 14 0.2320
924 304 12 13 0.2317
991 317 13 15 0.2310
514 306 10 12 0.2183
237 298 18 20 0.2151
499 295 11 15 0.2099
0 319 13 22 0.2066
542 290 11 15 0.2059
354 303 14 21 0.2047
634 294 11 16 0.2026
669 312 8 9 0.1796
456 306 19 22 0.1713
607 292 11 16 0.1703
1010 305 11 12 0.1679
517 305 10 12 0.1673
841 297 10 12 0.1594
973 309 13 15 0.1572
748 293 13 17 0.1531
667 312 8 9 0.1527
896 304 10 13 0.1467
825 306 13 15 0.1421
130 330 16 20 0.1416
934 296 14 17 0.1366
631 296 13 16 0.1294
953 307 13 15 0.1278
136 330 16 19 0.1230
234 298 17 20 0.1186
843 298 12 14 0.1180
687 307 9 11 0.1159
788 301 11 13 0.1132
690 306 10 12 0.1109
666 312 8 10 0.1005
671 313 8 9 0.0999
500 299 11 15 0.0977
900 304 10 12 0.0905
356 306 15 20 0.0817
238 293 17 18 0.0717
865 329 13 15 0.0649
810 296 12 14 0.0638
665 311 7 10 0.0638
285 299 17 22 0.0628
829 309 14 19 0.0603
803 321 11 14 0.0594
461 285 12 15 0.0571
978 309 13 14 0.0571
461 283 11 12 0.0515
1009 304 11 12 0.0513
748 296 13 17 0.0511
217 300 14 17 0.0491
572 270 11 13 0.0485
803 297 12 15 0.0463
704 283 14 17 0.0463
862 329 13 15 0.0458
235 293 15 18 0.0445
130 332 17 20 0.0430
803 323 12 14 0.0412
516 308 9 11 0.0387
824 311 14 18 0.0369
751 297 13 16 0.0366
902 315 14 18 0.0365
435 285 13 18 0.0364
924 301 10 11 0.0361
900 303 11 13 0.0356
459 282 10 12 0.0350
913 314 15 20 0.0324
896 303 10 11 0.0320
520 325 10 13 0.0314
256 278 25 29 0.0309
517 325 11 13 0.0296
503 295 9 14 0.0293
135 331 18 22 0.0292
235 293 18 22 0.0287
191 304 19 22 0.0280
750 295 14 17 0.0277
569 270 11 13 0.0271
691 308 10 11 0.0264
953 309 13 15 0.0262
931 298 14 16 0.0243
989 302 9 11 0.0237
276 294 17 20 0.0235
635 296 11 16 0.0233
489 298 14 17 0.0232
420 304 13 17 0.0227
801 324 11 13 0.0223
978 306 11 12 0.0222
693 287 13 15 0.0222
2 315 17 22 0.0212
516 304 10 12 0.0211
800 320 11 14 0.0206
282 294 19 23 0.0195
570 272 12 14 0.0186
600 293 13 16 0.0185
92 304 19 23 0.0182
847 296 10 13 0.0179
31 309 18 23 0.0177
975 302 11 12 0.0171
1015 307 8 11 0.0168
687 289 10 14 0.0162
933 324 13 16 0.0154
826 304 11 14 0.0146
229 327 19 21 0.0145
434 316 14 17 0.0139
359 298 14 18 0.0133
905 316 15 19 0.0131
770 302 14 16 0.0130
132 325 17 21 0.0130
769 305 15 19 0.0130
111 319 17 23 0.0129
457 286 13 16 0.0122
957 309 13 15 0.0122
421 308 14 17 0.0120
409 290 17 22 0.0119
100 306 18 22 0.0108
215 298 13 15 0.0108
825 316 14 16 0.0106
541 292 13 15 0.0105
670 309 8 9 0.0102
433 285 12 15 0.0101
518 322 12 14 0.0101
