17_Ceremony_Ceremony_17_803
86
651 86 89 119 0.8755
319 29 100 124 0.8616
1 50 98 275 0.8475
93 139 23 30 0.8301
943 174 24 27 0.8020
574 139 15 19 0.7724
124 124 18 22 0.7613
598 122 15 19 0.7459
627 107 14 19 0.7449
541 152 22 28 0.7424
150 121 15 19 0.7411
172 139 19 26 0.7125
631 150 21 26 0.7068
90 110 14 17 0.6380
490 127 17 22 0.6208
526 114 14 17 0.6141
567 114 13 18 0.5613
161 104 15 17 0.5040
439 114 15 19 0.4897
419 113 13 16 0.4880
504 115 13 18 0.4866
606 143 20 26 0.4598
604 143 20 26 0.4335
194 128 15 21 0.4256
113 141 15 22 0.4243
212 126 13 16 0.4114
209 126 13 17 0.3988
442 114 15 19 0.3931
489 127 17 22 0.3931
482 119 14 19 0.3894
479 119 13 17 0.3870
507 115 13 17 0.3672
193 127 15 21 0.3669
557 129 13 18 0.3235
417 114 12 15 0.2810
221 116 12 15 0.2639
570 114 13 18 0.2553
241 125 14 18 0.2436
112 140 15 22 0.2375
159 69 9 11 0.2355
224 116 12 15 0.2255
555 129 13 18 0.2223
162 69 9 11 0.2187
206 108 11 13 0.1987
529 114 14 17 0.1939
629 150 19 24 0.1737
163 104 15 18 0.1731
205 107 10 12 0.1643
555 130 14 18 0.1520
160 69 9 12 0.1366
461 123 12 15 0.1334
243 112 11 14 0.1323
230 107 10 12 0.1244
558 130 13 18 0.1180
163 69 9 11 0.1069
170 139 19 26 0.0855
203 107 10 11 0.0769
94 110 12 16 0.0708
203 109 11 13 0.0640
481 119 13 16 0.0585
198 129 13 19 0.0564
554 118 11 15 0.0534
493 127 16 22 0.0416
226 119 10 13 0.0386
208 108 10 12 0.0364
539 152 21 27 0.0346
216 93 10 12 0.0316
478 119 13 15 0.0306
87 110 12 18 0.0284
129 116 12 14 0.0280
231 108 11 13 0.0260
120 123 16 21 0.0244
112 122 11 14 0.0241
238 127 13 17 0.0202
228 107 10 12 0.0201
463 114 11 15 0.0200
214 93 8 12 0.0185
130 124 16 21 0.0184
160 104 14 17 0.0166
148 122 15 19 0.0138
394 138 14 18 0.0138
243 127 14 19 0.0124
247 112 10 14 0.0120
209 126 13 16 0.0116
168 105 11 14 0.0114
118 141 12 19 0.0102
