17_Ceremony_Ceremony_17_227
36
574 459 13 18 0.5936
116 499 12 15 0.5024
958 464 12 15 0.4717
166 494 12 16 0.4713
908 451 12 14 0.4302
264 494 11 15 0.4110
261 494 11 15 0.3883
315 490 10 15 0.3641
311 490 12 15 0.3596
164 494 11 16 0.2488
906 450 11 15 0.1855
955 464 12 14 0.1382
118 499 11 15 0.1334
113 499 12 15 0.0910
572 459 13 17 0.0841
578 460 11 16 0.0547
960 465 13 15 0.0491
911 451 11 14 0.0392
411 641 9 18 0.0317
169 498 11 15 0.0262
792 434 9 12 0.0229
795 434 9 13 0.0213
910 452 12 14 0.0199
280 514 11 14 0.0154
113 496 12 16 0.0138
494 441 9 11 0.0130
201 685 9 17 0.0130
491 441 9 11 0.0122
907 454 10 13 0.0121
312 491 12 15 0.0120
998 760 16 8 0.0119
491 444 10 14 0.0116
494 444 10 15 0.0113
415 642 8 16 0.0112
493 458 10 13 0.0111
322 647 11 17 0.0110
