17_Ceremony_Ceremony_17_253
377
90 452 10 13 0.2911
339 336 9 11 0.2070
343 336 8 11 0.1945
94 451 10 14 0.1870
771 355 10 13 0.1745
427 322 9 11 0.1742
181 372 9 12 0.1714
430 322 9 11 0.1683
316 343 8 10 0.1632
774 355 9 13 0.1617
313 343 8 10 0.1579
113 506 11 18 0.1472
677 92 8 9 0.1387
847 347 8 11 0.1374
610 310 8 10 0.1373
179 372 9 12 0.1370
613 310 8 10 0.1360
745 381 9 12 0.1334
278 344 8 11 0.1320
282 344 8 11 0.1285
640 311 7 9 0.1219
681 92 7 9 0.1198
59 396 8 10 0.1176
742 382 9 11 0.1144
77 410 10 12 0.1141
801 357 8 10 0.1102
77 386 9 11 0.1089
51 426 11 13 0.1084
907 359 8 11 0.1076
109 507 11 17 0.1054
56 396 8 10 0.1027
845 347 8 10 0.1016
872 457 9 11 0.1014
903 360 9 10 0.0978
74 386 8 11 0.0969
804 357 8 10 0.0912
539 337 8 12 0.0879
869 458 8 10 0.0871
104 381 9 11 0.0870
920 758 15 10 0.0870
74 410 10 11 0.0845
935 364 10 11 0.0827
849 347 8 11 0.0823
642 311 8 10 0.0816
747 382 9 11 0.0809
536 337 8 11 0.0798
617 100 6 8 0.0793
228 360 8 11 0.0755
323 460 8 11 0.0754
101 381 9 12 0.0715
231 360 9 11 0.0706
883 759 14 9 0.0703
818 344 8 10 0.0671
884 434 9 11 0.0626
614 100 6 8 0.0625
859 325 8 10 0.0624
125 475 12 15 0.0618
815 344 7 10 0.0616
272 123 7 9 0.0608
275 122 8 10 0.0597
139 426 11 14 0.0593
129 370 9 11 0.0587
880 434 9 11 0.0585
938 365 9 11 0.0575
88 452 10 13 0.0565
878 358 9 11 0.0555
862 367 8 12 0.0550
121 475 12 15 0.0540
238 140 6 8 0.0523
200 367 8 11 0.0518
273 124 7 9 0.0517
704 304 7 8 0.0512
125 370 9 11 0.0511
700 304 7 9 0.0510
177 437 10 14 0.0507
939 364 9 11 0.0507
141 430 10 12 0.0506
341 338 8 10 0.0503
316 341 7 10 0.0497
881 358 9 12 0.0494
861 326 7 9 0.0490
178 410 9 10 0.0486
346 338 7 10 0.0471
973 130 12 14 0.0463
312 342 7 9 0.0447
865 367 8 12 0.0446
857 324 7 10 0.0445
193 757 15 11 0.0441
49 426 10 13 0.0437
703 302 6 9 0.0435
108 446 10 13 0.0435
276 123 8 10 0.0434
1018 164 6 12 0.0429
203 367 8 10 0.0427
711 102 6 8 0.0426
523 115 6 7 0.0425
181 410 9 10 0.0422
54 425 11 14 0.0422
777 385 7 10 0.0418
326 459 8 11 0.0416
764 118 8 10 0.0407
173 437 11 13 0.0406
321 460 7 11 0.0403
54 427 10 13 0.0402
235 140 6 8 0.0400
615 99 7 8 0.0395
527 114 6 8 0.0394
253 386 8 10 0.0394
549 106 6 8 0.0388
77 469 11 16 0.0387
647 105 6 8 0.0379
198 364 8 12 0.0379
699 302 7 9 0.0378
475 326 8 11 0.0375
714 102 7 8 0.0372
552 106 7 8 0.0367
138 430 9 12 0.0367
353 103 6 8 0.0365
650 105 7 8 0.0365
80 387 7 10 0.0361
760 118 8 10 0.0350
357 103 6 8 0.0344
269 489 10 14 0.0343
201 365 9 11 0.0341
582 112 6 9 0.0338
256 386 9 10 0.0335
477 328 8 10 0.0333
919 370 7 9 0.0331
822 306 8 10 0.0330
320 109 7 8 0.0327
842 116 6 7 0.0321
871 117 9 11 0.0319
782 125 6 8 0.0318
780 385 8 10 0.0317
846 115 6 8 0.0316
485 108 7 8 0.0315
183 374 8 11 0.0314
97 404 9 12 0.0313
107 381 8 11 0.0311
540 338 8 12 0.0311
93 453 10 13 0.0309
671 310 9 11 0.0307
858 327 7 9 0.0307
482 108 6 9 0.0306
581 111 6 8 0.0304
644 312 7 9 0.0300
916 370 7 9 0.0298
825 306 8 10 0.0297
683 92 6 9 0.0294
60 394 8 11 0.0294
600 336 8 10 0.0290
586 112 6 9 0.0287
779 124 6 9 0.0285
182 495 10 13 0.0284
585 111 6 8 0.0281
720 752 9 14 0.0278
322 110 6 8 0.0276
868 116 8 11 0.0276
280 343 8 10 0.0276
537 339 8 11 0.0275
305 472 9 11 0.0269
268 492 10 14 0.0269
613 98 6 8 0.0263
317 109 6 8 0.0263
95 453 10 12 0.0262
757 300 9 11 0.0257
50 429 10 12 0.0254
1006 758 11 10 0.0249
849 307 10 12 0.0249
742 380 9 11 0.0247
148 419 10 13 0.0243
675 310 9 11 0.0242
102 379 9 12 0.0241
733 91 7 9 0.0241
862 325 7 10 0.0240
133 370 8 11 0.0239
603 336 8 10 0.0239
125 478 11 15 0.0238
180 135 7 8 0.0238
778 126 6 8 0.0234
283 343 8 10 0.0234
1003 758 11 10 0.0232
473 328 9 10 0.0231
182 135 7 9 0.0230
682 93 7 9 0.0228
56 393 7 10 0.0225
78 387 9 10 0.0224
192 423 11 14 0.0224
79 412 9 10 0.0222
41 722 10 13 0.0222
340 337 9 10 0.0219
784 342 9 11 0.0217
747 379 8 11 0.0215
136 427 10 13 0.0212
762 439 8 10 0.0211
43 723 9 14 0.0211
72 470 11 15 0.0210
824 116 6 8 0.0209
101 404 9 12 0.0209
119 483 12 15 0.0208
525 113 6 8 0.0207
362 318 9 12 0.0207
644 310 8 11 0.0207
849 348 7 11 0.0205
89 454 10 12 0.0205
315 342 8 11 0.0204
428 324 9 11 0.0204
154 761 11 7 0.0200
263 344 8 11 0.0197
125 431 9 11 0.0196
554 314 9 11 0.0196
277 343 7 10 0.0195
96 402 9 11 0.0193
760 299 10 12 0.0193
233 138 7 8 0.0191
317 111 7 8 0.0190
769 356 9 12 0.0188
486 110 7 9 0.0185
934 364 9 11 0.0185
870 456 9 11 0.0184
237 138 6 9 0.0183
228 532 10 15 0.0182
787 343 9 10 0.0182
79 411 9 11 0.0180
766 439 8 10 0.0177
482 111 7 9 0.0177
884 701 12 15 0.0175
99 402 9 11 0.0175
476 134 8 9 0.0175
185 495 9 13 0.0175
940 365 9 11 0.0174
137 467 12 15 0.0173
101 155 7 9 0.0171
874 118 8 10 0.0169
97 155 7 9 0.0168
640 682 10 13 0.0168
640 313 7 9 0.0168
853 307 9 12 0.0167
436 762 12 6 0.0166
815 343 7 10 0.0166
723 752 10 14 0.0165
765 750 14 17 0.0165
874 138 7 10 0.0163
131 368 10 12 0.0163
231 532 10 14 0.0163
678 94 7 9 0.0162
521 113 6 7 0.0162
844 114 6 7 0.0162
64 182 7 9 0.0161
556 315 8 11 0.0161
911 86 5 7 0.0160
144 357 8 11 0.0160
137 181 8 9 0.0159
285 480 10 13 0.0159
476 705 9 12 0.0159
567 333 9 12 0.0158
917 759 13 9 0.0158
111 510 11 16 0.0157
759 301 8 11 0.0157
709 100 7 8 0.0156
948 129 8 10 0.0156
114 492 11 14 0.0156
165 141 7 8 0.0155
962 756 12 12 0.0155
571 333 8 11 0.0153
266 490 9 14 0.0153
455 729 9 11 0.0152
141 181 8 8 0.0152
46 721 9 14 0.0152
178 135 7 8 0.0151
805 341 9 10 0.0151
919 127 7 10 0.0150
915 136 7 9 0.0150
907 87 5 7 0.0149
389 128 7 8 0.0148
915 127 8 10 0.0147
108 446 9 12 0.0147
862 366 8 10 0.0145
459 729 9 11 0.0145
643 311 7 9 0.0144
615 311 7 10 0.0144
66 183 8 9 0.0144
788 304 8 11 0.0143
57 428 9 12 0.0143
156 382 8 11 0.0143
918 136 8 9 0.0142
111 500 12 19 0.0142
183 371 9 11 0.0142
791 304 8 10 0.0141
909 85 5 8 0.0141
432 324 8 10 0.0138
805 387 8 11 0.0136
471 325 8 10 0.0136
43 181 6 8 0.0135
336 374 9 11 0.0135
713 100 6 8 0.0135
355 102 6 8 0.0135
810 341 8 11 0.0134
148 357 8 11 0.0133
137 465 11 14 0.0133
196 424 10 12 0.0133
553 108 7 8 0.0132
285 478 10 13 0.0132
876 139 8 9 0.0131
934 365 8 11 0.0131
89 164 7 9 0.0131
393 128 7 8 0.0131
807 388 8 10 0.0130
127 368 9 11 0.0129
630 330 8 11 0.0128
340 374 9 11 0.0127
706 347 9 11 0.0127
879 360 8 10 0.0127
361 314 8 9 0.0127
368 344 7 9 0.0126
107 502 13 17 0.0126
818 762 12 6 0.0124
841 114 5 7 0.0123
240 412 9 11 0.0123
823 115 6 8 0.0123
678 92 7 8 0.0122
232 360 9 11 0.0122
559 314 9 10 0.0122
0 161 4 10 0.0121
266 492 9 13 0.0120
906 85 5 7 0.0119
747 384 8 10 0.0119
846 349 7 10 0.0118
887 759 14 9 0.0118
115 490 10 14 0.0115
820 306 8 10 0.0115
976 133 10 13 0.0115
288 479 10 12 0.0115
366 319 10 12 0.0115
733 298 8 9 0.0113
46 723 10 13 0.0112
633 330 8 11 0.0112
183 408 9 10 0.0111
237 412 9 11 0.0110
261 496 10 14 0.0110
105 384 8 11 0.0109
352 102 6 8 0.0109
904 361 9 10 0.0109
80 145 7 8 0.0109
0 162 6 9 0.0108
784 425 8 10 0.0108
611 312 7 10 0.0107
154 168 9 11 0.0107
180 491 11 14 0.0107
233 362 8 10 0.0107
478 136 7 8 0.0107
125 402 8 10 0.0106
151 761 10 7 0.0106
363 440 9 12 0.0106
959 758 9 10 0.0106
100 380 8 11 0.0106
7 703 9 10 0.0106
848 347 8 9 0.0106
978 130 11 12 0.0105
821 305 7 9 0.0105
880 437 9 10 0.0104
826 116 6 7 0.0104
25 746 10 15 0.0104
821 117 6 7 0.0104
783 339 9 11 0.0103
541 336 8 11 0.0103
364 443 9 11 0.0103
134 465 10 14 0.0103
230 528 10 14 0.0103
240 520 9 12 0.0102
637 682 9 13 0.0102
541 331 9 13 0.0101
945 129 7 10 0.0101
202 400 9 11 0.0101
479 324 8 11 0.0101
336 0 8 5 0.0100
123 429 8 11 0.0100
