17_Ceremony_Ceremony_17_452
44
935 390 15 23 0.6688
310 368 21 30 0.5012
308 368 22 30 0.4958
977 391 13 22 0.3347
984 418 16 27 0.2793
980 392 13 21 0.2087
309 337 15 19 0.2025
221 380 12 23 0.1247
306 336 15 18 0.1246
987 420 15 26 0.0827
627 388 12 13 0.0815
225 379 11 23 0.0715
67 339 15 17 0.0710
975 387 11 20 0.0457
631 388 11 12 0.0417
629 391 12 13 0.0401
313 336 12 17 0.0371
70 339 15 17 0.0360
665 355 9 14 0.0347
411 366 15 22 0.0318
314 338 12 18 0.0314
668 355 9 14 0.0308
311 337 14 18 0.0295
66 335 15 18 0.0288
381 363 12 18 0.0274
462 387 11 13 0.0274
71 332 16 19 0.0268
989 419 16 24 0.0236
378 364 10 17 0.0235
309 368 21 30 0.0222
978 389 14 21 0.0220
418 406 13 17 0.0198
415 406 12 17 0.0189
932 390 12 22 0.0167
380 362 10 16 0.0167
416 365 14 20 0.0145
377 363 9 14 0.0136
828 384 11 21 0.0135
466 388 11 12 0.0130
824 388 12 24 0.0129
679 345 12 17 0.0124
626 392 11 12 0.0117
829 388 11 21 0.0106
413 363 10 16 0.0101
