17_Ceremony_Ceremony_17_113
36
356 216 112 123 0.8996
612 177 115 148 0.8982
765 249 22 35 0.8061
740 273 20 33 0.7934
532 286 22 33 0.7483
955 293 17 22 0.7411
831 304 27 39 0.6534
853 271 22 32 0.6502
245 308 17 27 0.6170
818 293 15 23 0.5381
832 304 28 39 0.2808
249 308 15 27 0.2002
891 269 12 23 0.0976
986 313 16 30 0.0960
285 287 25 49 0.0924
816 294 12 20 0.0711
1015 285 9 24 0.0629
566 293 13 20 0.0617
759 299 12 20 0.0592
952 293 17 22 0.0576
886 268 15 24 0.0573
591 322 17 30 0.0493
889 270 13 23 0.0407
571 294 11 17 0.0399
1015 283 9 23 0.0383
894 271 11 22 0.0334
281 288 24 47 0.0311
593 321 21 33 0.0286
764 299 10 20 0.0279
990 312 17 30 0.0261
763 296 10 17 0.0210
589 320 15 27 0.0169
593 318 18 30 0.0126
820 291 16 22 0.0125
988 315 16 30 0.0117
1010 285 14 24 0.0116
