17_Ceremony_Ceremony_17_220
43
484 298 13 17 0.5334
377 302 10 14 0.4509
581 288 11 15 0.4399
653 284 10 17 0.4135
426 311 9 13 0.3884
584 288 11 15 0.3699
380 302 10 14 0.3555
429 311 9 13 0.3173
53 370 13 20 0.2640
483 299 11 16 0.2543
650 284 11 17 0.2203
900 394 13 21 0.1620
957 394 12 15 0.1349
899 391 11 22 0.1031
954 394 11 14 0.0917
57 369 12 20 0.0771
211 377 10 17 0.0688
902 391 14 22 0.0685
89 375 12 22 0.0630
655 286 10 15 0.0602
166 384 9 15 0.0591
215 377 9 17 0.0584
51 369 12 19 0.0525
165 383 9 14 0.0487
106 368 11 16 0.0466
903 394 14 21 0.0446
110 368 10 15 0.0381
162 385 10 14 0.0352
47 372 13 19 0.0321
553 378 12 16 0.0270
557 378 11 15 0.0269
58 368 11 16 0.0232
342 373 9 16 0.0220
737 423 6 7 0.0211
740 423 6 7 0.0188
106 370 12 17 0.0180
162 383 9 14 0.0168
85 375 13 21 0.0136
309 386 12 21 0.0134
346 372 8 17 0.0133
5 390 8 10 0.0132
163 384 10 14 0.0114
8 390 8 11 0.0111
