17_Ceremony_Ceremony_17_271
36
572 381 19 26 0.7238
599 373 20 28 0.6287
731 372 20 29 0.5934
256 384 17 26 0.5505
520 384 19 29 0.4602
733 372 20 29 0.2802
485 368 13 22 0.1695
605 374 18 26 0.0856
514 385 21 28 0.0810
891 447 14 16 0.0699
482 369 11 20 0.0695
935 456 13 20 0.0612
887 447 14 16 0.0564
261 386 15 24 0.0496
518 430 21 29 0.0361
76 395 11 15 0.0341
963 452 16 22 0.0340
744 454 14 19 0.0337
967 452 19 24 0.0329
72 395 11 15 0.0306
595 374 18 27 0.0287
515 434 20 29 0.0259
253 383 18 27 0.0219
513 429 21 29 0.0193
966 450 16 21 0.0187
934 448 14 20 0.0169
521 435 19 27 0.0166
260 384 15 23 0.0165
488 369 14 21 0.0164
939 455 13 20 0.0159
962 449 15 21 0.0157
517 386 20 28 0.0129
518 384 18 28 0.0129
488 371 13 22 0.0119
931 457 13 19 0.0109
741 448 14 20 0.0103
