17_Ceremony_Ceremony_17_46
42
111 120 19 26 0.7312
266 142 16 24 0.7234
67 134 15 19 0.4369
70 133 14 19 0.2759
746 242 10 11 0.2110
750 242 9 11 0.1904
355 277 13 13 0.0901
352 277 12 14 0.0765
748 244 9 10 0.0762
0 77 8 26 0.0708
229 376 10 14 0.0513
680 137 11 13 0.0473
751 244 9 10 0.0435
703 130 12 14 0.0434
695 131 11 14 0.0403
225 375 11 14 0.0369
704 126 10 14 0.0306
459 126 11 14 0.0276
888 362 10 13 0.0220
385 256 7 9 0.0215
692 128 11 14 0.0214
887 361 9 10 0.0195
387 257 7 8 0.0194
678 137 10 13 0.0173
461 129 11 13 0.0168
353 282 11 12 0.0160
383 255 7 10 0.0154
454 130 10 12 0.0151
384 257 8 10 0.0150
234 383 11 14 0.0149
357 281 11 11 0.0143
750 243 9 11 0.0138
237 382 10 13 0.0136
892 363 11 14 0.0133
453 128 10 13 0.0127
709 126 9 12 0.0125
264 142 14 23 0.0124
239 384 11 13 0.0118
0 73 6 21 0.0116
695 112 7 9 0.0110
879 374 12 18 0.0107
426 138 7 8 0.0102
