17_Ceremony_Ceremony_17_592
77
160 254 30 36 0.8110
58 308 18 21 0.7074
510 288 14 17 0.6958
695 187 27 44 0.6706
373 198 33 48 0.5709
301 284 16 19 0.5017
194 338 18 18 0.4295
3 370 18 21 0.4136
591 321 11 13 0.4048
7 371 16 20 0.3819
552 303 11 14 0.3440
299 284 15 19 0.3230
198 338 17 18 0.3218
792 341 12 13 0.3110
595 321 10 13 0.3050
399 285 17 23 0.2990
403 286 16 22 0.2680
789 342 11 11 0.2669
5 371 17 20 0.2308
555 303 11 14 0.1979
707 351 9 11 0.1939
710 351 9 11 0.1393
706 350 9 11 0.1289
557 324 9 10 0.0972
181 254 19 27 0.0959
850 140 21 35 0.0945
555 324 8 10 0.0830
552 322 10 11 0.0802
556 322 9 11 0.0766
206 311 13 15 0.0740
55 308 18 21 0.0714
709 350 9 11 0.0705
205 309 12 14 0.0630
280 329 11 14 0.0528
277 330 10 14 0.0508
769 354 10 11 0.0460
425 303 13 17 0.0456
179 250 21 31 0.0374
210 309 10 13 0.0331
728 320 11 13 0.0299
428 303 15 17 0.0290
727 329 12 16 0.0289
765 354 9 11 0.0278
422 338 16 18 0.0276
271 340 12 14 0.0258
425 309 16 20 0.0257
552 322 9 11 0.0245
723 332 12 15 0.0243
539 329 8 10 0.0241
429 312 17 19 0.0241
722 314 14 17 0.0226
216 326 14 18 0.0222
282 289 10 13 0.0203
847 141 19 33 0.0203
550 303 10 13 0.0195
536 329 8 10 0.0195
705 352 9 9 0.0183
90 343 9 12 0.0170
269 347 9 11 0.0169
771 353 9 11 0.0165
92 351 10 13 0.0149
210 312 12 14 0.0146
726 335 9 11 0.0145
267 345 10 13 0.0144
549 304 11 14 0.0142
204 313 11 13 0.0139
358 345 11 12 0.0135
181 301 13 16 0.0130
266 344 10 12 0.0125
508 288 13 16 0.0121
278 333 11 16 0.0119
96 350 10 13 0.0113
398 281 14 20 0.0110
95 347 9 11 0.0109
705 351 9 11 0.0109
611 324 9 11 0.0105
271 294 7 10 0.0100
