17_Ceremony_Ceremony_17_470
38
79 250 45 53 0.8818
350 169 53 78 0.8746
941 262 53 75 0.8662
228 221 44 54 0.8555
483 249 48 64 0.8478
727 209 52 61 0.8326
680 288 28 36 0.8287
581 279 47 60 0.8114
641 297 25 26 0.7316
142 270 15 20 0.6047
19 288 34 41 0.4970
716 266 35 45 0.3968
182 272 30 33 0.2912
22 290 32 38 0.2868
885 352 26 32 0.1476
640 298 25 25 0.1208
0 284 10 39 0.1008
882 353 26 30 0.0718
1017 327 7 28 0.0553
144 271 16 20 0.0538
581 278 48 62 0.0512
0 279 7 39 0.0487
900 335 21 24 0.0486
717 265 31 38 0.0376
717 265 26 36 0.0298
978 307 25 33 0.0283
980 300 21 33 0.0276
886 345 26 31 0.0276
0 283 15 39 0.0272
0 287 10 39 0.0204
894 336 23 28 0.0177
898 337 25 28 0.0170
1016 323 8 31 0.0156
144 273 16 20 0.0142
819 305 35 45 0.0120
1018 328 6 37 0.0112
473 288 20 28 0.0107
11 291 30 36 0.0102
