17_Ceremony_Ceremony_17_171
52
333 141 51 65 0.8867
199 234 60 79 0.8806
933 376 91 149 0.8780
398 309 88 98 0.8768
25 220 58 75 0.8761
521 324 91 115 0.8756
960 166 64 100 0.8755
255 242 69 86 0.8753
647 309 100 135 0.8733
580 1 32 38 0.8726
265 54 37 48 0.8707
93 123 34 46 0.8690
518 84 42 52 0.8652
634 153 57 67 0.8632
246 147 39 53 0.8624
303 154 40 54 0.8580
8 130 38 45 0.8522
153 46 32 45 0.8512
667 74 40 56 0.8507
290 31 31 42 0.8506
525 20 35 46 0.8414
151 235 50 66 0.8407
481 161 50 74 0.8401
357 270 64 86 0.8277
694 187 49 64 0.7210
859 243 64 78 0.6675
455 134 49 67 0.6087
456 133 48 69 0.4155
765 51 49 74 0.3672
836 259 61 95 0.3441
724 68 46 64 0.3308
144 85 19 27 0.3211
146 85 20 28 0.3105
744 205 73 84 0.2469
146 85 18 25 0.2393
144 85 17 26 0.1858
0 232 8 63 0.1776
766 50 48 74 0.1182
724 67 46 65 0.0872
0 236 9 64 0.0815
0 232 4 56 0.0665
0 229 13 66 0.0519
248 55 30 45 0.0432
246 58 22 41 0.0422
841 266 78 95 0.0326
798 213 54 73 0.0323
248 55 23 38 0.0302
0 246 9 55 0.0293
796 213 56 70 0.0181
797 218 58 87 0.0127
694 187 47 64 0.0126
0 76 10 38 0.0122
