17_Ceremony_Ceremony_17_418
255
87 134 26 34 0.8547
20 148 29 36 0.8330
144 165 26 31 0.8305
203 119 24 31 0.8253
251 105 20 25 0.8212
509 115 22 27 0.8145
558 176 24 32 0.8127
276 134 20 25 0.8105
784 286 33 41 0.8035
928 244 24 38 0.7995
702 127 19 24 0.7979
586 130 18 21 0.7952
716 166 26 34 0.7908
787 196 23 32 0.7894
700 153 20 26 0.7812
300 140 22 27 0.7778
661 123 17 23 0.7763
627 133 16 21 0.7660
968 221 20 23 0.7632
317 115 18 21 0.7612
381 115 17 20 0.7606
869 140 15 18 0.7596
765 130 18 21 0.7531
356 147 23 27 0.7229
984 154 16 17 0.7124
787 142 19 24 0.6871
11 117 23 27 0.6425
905 131 12 14 0.6370
949 198 17 21 0.6297
167 110 21 24 0.6068
565 126 12 16 0.5965
117 88 12 15 0.5673
468 121 18 22 0.5523
62 93 12 16 0.5458
859 109 12 15 0.5374
364 124 19 22 0.5047
297 82 14 17 0.4990
580 101 14 18 0.4930
811 149 21 30 0.4820
470 121 18 22 0.4612
459 105 13 16 0.4495
406 100 13 16 0.4493
74 78 11 15 0.4222
983 134 13 15 0.4208
685 135 18 23 0.4115
182 80 14 18 0.4060
935 158 13 14 0.4041
968 123 12 16 0.3942
965 123 12 16 0.3864
956 214 16 20 0.3803
989 205 15 20 0.3675
1005 150 14 16 0.3669
126 67 12 15 0.3534
583 101 14 18 0.3483
939 126 12 15 0.3479
1016 169 8 17 0.3441
1015 202 9 20 0.3406
60 93 11 16 0.3382
362 123 18 23 0.3348
130 126 19 23 0.3275
170 109 20 26 0.3273
1001 172 15 18 0.3270
892 125 12 15 0.3126
49 120 12 16 0.2866
993 205 14 19 0.2849
682 135 18 23 0.2829
861 109 12 15 0.2729
72 78 11 14 0.2676
957 142 13 17 0.2519
132 126 19 23 0.2508
300 82 14 17 0.2455
1003 150 14 17 0.2350
329 95 14 19 0.2350
206 96 16 18 0.2334
942 127 11 15 0.2230
890 125 11 14 0.2218
185 80 14 17 0.2057
938 124 12 15 0.2052
893 126 11 15 0.1972
81 65 10 12 0.1905
120 88 12 15 0.1848
1003 150 13 16 0.1758
941 125 12 14 0.1695
404 100 12 16 0.1678
109 126 15 18 0.1621
456 105 12 15 0.1575
124 67 11 13 0.1559
891 126 11 14 0.1540
323 94 15 19 0.1451
154 95 10 13 0.1394
84 65 9 13 0.1349
416 131 21 23 0.1315
754 128 15 20 0.1301
1005 150 15 18 0.1255
46 120 13 16 0.1243
143 84 10 13 0.1186
685 134 16 22 0.1116
110 117 15 20 0.1101
206 99 19 21 0.1073
563 125 12 17 0.1057
955 141 11 16 0.1057
955 211 17 21 0.1053
1017 121 7 15 0.1040
459 142 19 22 0.1036
953 213 16 20 0.0976
1003 175 14 17 0.0974
1017 126 7 17 0.0962
80 64 9 11 0.0905
966 149 12 16 0.0885
131 138 16 20 0.0842
964 151 13 16 0.0838
933 158 11 13 0.0833
950 199 17 22 0.0833
785 142 17 23 0.0825
884 155 13 19 0.0785
76 95 10 15 0.0774
382 93 12 13 0.0746
808 152 20 27 0.0733
106 117 16 19 0.0721
101 71 10 12 0.0720
83 64 9 11 0.0702
45 163 15 22 0.0662
244 91 13 15 0.0656
210 97 15 17 0.0643
933 168 15 19 0.0587
752 128 14 18 0.0566
15 117 20 26 0.0564
166 140 19 24 0.0544
417 137 21 23 0.0527
376 93 11 11 0.0506
1014 198 10 23 0.0505
116 87 11 15 0.0476
965 254 22 35 0.0467
955 147 14 17 0.0466
146 86 10 12 0.0462
658 123 17 23 0.0457
932 178 13 19 0.0452
296 106 13 15 0.0441
448 139 20 23 0.0439
895 166 13 18 0.0435
751 128 13 18 0.0423
333 97 14 19 0.0420
404 99 13 16 0.0413
107 125 18 25 0.0413
753 127 12 15 0.0397
111 136 20 27 0.0392
563 126 11 16 0.0380
978 206 18 20 0.0372
696 155 18 23 0.0360
963 184 14 16 0.0345
951 197 17 21 0.0340
980 204 17 20 0.0339
128 71 11 13 0.0338
335 96 13 18 0.0338
45 154 17 25 0.0338
932 155 13 15 0.0333
317 99 14 16 0.0326
149 93 10 13 0.0320
336 96 12 17 0.0318
157 93 10 13 0.0309
903 131 11 14 0.0305
253 84 11 13 0.0304
809 160 16 21 0.0298
981 152 15 18 0.0298
130 72 10 13 0.0298
88 115 20 23 0.0297
980 131 12 15 0.0290
858 109 10 14 0.0287
119 153 19 25 0.0286
78 99 10 13 0.0280
519 93 9 10 0.0280
184 78 13 16 0.0274
208 97 17 20 0.0269
640 124 14 17 0.0268
198 79 11 14 0.0258
113 152 21 26 0.0258
77 78 10 13 0.0255
172 140 17 23 0.0254
925 172 14 18 0.0254
629 133 16 21 0.0250
127 82 11 15 0.0242
157 96 12 15 0.0241
889 157 13 20 0.0241
100 78 10 14 0.0237
133 139 16 21 0.0236
189 128 15 20 0.0235
253 90 16 18 0.0234
516 93 9 10 0.0226
981 154 14 16 0.0224
53 120 12 16 0.0217
189 117 13 21 0.0213
930 173 14 17 0.0213
176 81 11 15 0.0211
108 73 10 13 0.0195
688 124 13 18 0.0194
939 166 12 15 0.0193
533 123 14 17 0.0191
848 129 13 16 0.0189
817 148 20 26 0.0186
1004 119 10 13 0.0184
539 108 11 13 0.0182
920 148 11 15 0.0180
79 96 11 14 0.0179
416 127 17 20 0.0179
131 125 18 22 0.0175
401 130 13 18 0.0174
410 138 23 24 0.0173
91 83 11 14 0.0172
1013 125 11 14 0.0172
133 125 16 18 0.0171
412 131 19 22 0.0171
986 126 11 14 0.0170
989 131 10 13 0.0168
248 85 11 13 0.0166
851 126 11 13 0.0165
1003 171 15 19 0.0164
151 100 13 16 0.0160
1010 202 13 21 0.0157
716 167 26 33 0.0154
880 163 13 21 0.0152
855 164 13 18 0.0146
112 65 8 11 0.0146
147 101 11 14 0.0145
853 129 12 16 0.0143
531 128 12 15 0.0142
1016 175 8 19 0.0139
380 93 9 11 0.0137
965 124 14 17 0.0137
928 179 13 18 0.0134
113 156 22 26 0.0133
414 139 23 25 0.0133
227 118 15 20 0.0132
1015 210 8 21 0.0132
849 126 10 10 0.0131
462 142 20 23 0.0130
83 90 12 14 0.0129
982 149 16 20 0.0128
652 156 14 16 0.0126
938 159 12 14 0.0126
968 185 12 15 0.0121
209 66 10 14 0.0119
43 144 16 23 0.0119
814 146 17 27 0.0118
465 142 17 22 0.0112
318 185 21 28 0.0110
112 112 14 18 0.0110
918 202 16 21 0.0110
821 139 13 16 0.0110
242 91 10 14 0.0110
485 97 10 12 0.0108
3 121 14 21 0.0107
3 119 14 21 0.0106
751 126 11 15 0.0105
308 106 15 19 0.0102
210 100 17 19 0.0100
