17_Ceremony_Ceremony_17_765
52
89 470 38 57 0.8771
377 398 19 33 0.7250
794 286 13 19 0.6870
716 285 12 18 0.6393
925 296 12 19 0.6153
831 312 13 16 0.5791
669 288 11 17 0.5623
373 288 12 14 0.5503
79 304 11 15 0.5067
397 290 11 14 0.4593
876 298 12 19 0.4527
240 304 12 15 0.4499
136 308 10 13 0.4228
878 298 13 19 0.4185
324 295 10 14 0.4093
186 315 8 13 0.3992
238 304 11 15 0.3720
327 295 10 14 0.3632
556 276 9 17 0.3546
452 284 9 16 0.3432
376 288 11 14 0.3393
139 308 10 13 0.3317
189 315 8 13 0.3143
559 276 9 16 0.3062
82 304 10 14 0.3017
400 290 10 14 0.2944
455 284 9 16 0.2704
671 288 12 17 0.2676
715 285 11 17 0.1980
927 296 13 20 0.1899
13 400 11 23 0.1251
829 312 11 16 0.1074
422 289 10 12 0.1018
836 311 11 16 0.0980
137 307 10 13 0.0341
423 293 9 11 0.0323
17 401 9 19 0.0294
419 288 10 13 0.0289
865 302 9 15 0.0247
230 389 10 23 0.0213
792 286 11 18 0.0208
16 403 9 21 0.0180
374 400 20 30 0.0176
10 401 11 21 0.0158
797 286 13 19 0.0156
8 398 14 27 0.0138
178 438 14 34 0.0136
450 285 9 15 0.0134
158 400 13 21 0.0129
82 409 13 24 0.0115
865 308 9 13 0.0109
231 391 11 25 0.0105
