17_Ceremony_Ceremony_17_944
60
0 523 16 31 0.7683
473 427 12 16 0.5390
841 456 12 16 0.5146
515 424 12 17 0.4942
176 469 10 16 0.4382
200 465 11 16 0.4103
154 465 10 15 0.3865
757 451 9 15 0.3835
954 548 18 40 0.3803
812 457 10 18 0.3792
839 456 12 16 0.3691
197 464 11 18 0.3667
814 457 12 18 0.3337
234 460 11 17 0.3301
172 469 12 16 0.3274
280 473 10 18 0.3121
518 425 11 16 0.3064
151 464 10 16 0.2648
276 474 11 17 0.2612
471 427 11 16 0.2198
756 451 8 15 0.1729
232 458 11 18 0.1594
955 550 18 40 0.1565
759 451 10 15 0.1502
236 458 10 16 0.1476
9 539 15 22 0.1396
237 461 10 16 0.1114
157 540 14 19 0.1091
635 448 8 15 0.1025
812 458 11 17 0.0989
953 548 14 37 0.0607
160 539 14 20 0.0556
639 448 7 15 0.0555
637 447 7 14 0.0542
278 472 10 17 0.0522
231 514 11 16 0.0446
278 532 9 18 0.0416
634 447 6 14 0.0386
275 532 9 18 0.0320
157 464 9 15 0.0268
476 428 10 15 0.0255
229 514 10 16 0.0224
229 462 11 16 0.0207
235 459 11 17 0.0191
68 539 13 24 0.0181
882 522 12 23 0.0175
15 541 13 20 0.0161
204 464 10 16 0.0141
585 496 6 12 0.0133
11 543 16 21 0.0131
494 432 10 13 0.0131
881 520 11 21 0.0127
275 535 10 18 0.0126
878 523 12 23 0.0126
702 461 9 15 0.0126
729 507 10 20 0.0117
589 497 6 12 0.0110
953 551 16 38 0.0110
5 526 14 26 0.0102
234 513 10 17 0.0100
