17_Ceremony_Ceremony_17_218
47
642 473 44 57 0.8939
764 463 40 56 0.8903
325 482 37 46 0.8849
248 497 41 58 0.8845
364 411 38 42 0.8818
390 529 40 51 0.8803
47 516 41 51 0.8793
999 360 25 44 0.8760
183 310 31 41 0.8755
67 456 44 55 0.8750
198 431 41 53 0.8741
41 417 34 44 0.8730
926 351 30 36 0.8706
155 368 35 39 0.8704
135 551 41 51 0.8685
11 363 36 47 0.8684
941 485 36 42 0.8680
54 311 35 44 0.8679
856 421 33 41 0.8670
462 462 34 36 0.8670
253 384 34 41 0.8669
892 506 43 50 0.8664
870 373 32 39 0.8661
705 427 34 37 0.8653
823 326 30 37 0.8644
549 434 32 38 0.8641
563 331 26 34 0.8618
293 319 30 39 0.8613
963 421 35 39 0.8583
640 325 29 33 0.8581
493 399 31 41 0.8530
764 364 28 33 0.8518
514 331 28 32 0.8506
631 439 32 35 0.8425
724 302 27 34 0.8391
1008 546 16 41 0.8387
369 363 32 34 0.8346
801 464 30 37 0.8149
906 679 76 65 0.8080
513 521 47 61 0.7281
0 692 59 76 0.6975
513 521 46 61 0.1333
0 684 22 84 0.0368
0 691 57 77 0.0179
0 693 33 75 0.0145
724 303 27 33 0.0127
0 665 10 71 0.0116
