17_Ceremony_Ceremony_17_234
27
558 93 73 90 0.8665
104 383 77 87 0.8612
259 52 68 86 0.8532
873 460 55 90 0.8425
165 285 12 15 0.2821
103 285 11 14 0.1595
162 285 12 15 0.1582
992 141 32 111 0.1428
76 284 10 15 0.1347
138 287 11 16 0.1336
73 284 10 15 0.1309
134 286 12 16 0.0796
41 292 10 13 0.0660
106 285 11 14 0.0644
44 292 9 12 0.0489
39 291 10 13 0.0454
101 285 10 14 0.0435
23 286 11 14 0.0248
20 286 11 14 0.0227
53 288 10 13 0.0217
106 267 11 13 0.0176
135 290 11 14 0.0138
105 283 12 15 0.0132
140 290 10 14 0.0120
999 149 25 107 0.0118
78 284 10 13 0.0115
1000 162 24 98 0.0105
