17_Ceremony_Ceremony_17_1005
30
325 243 198 271 0.8685
863 185 51 65 0.8400
675 191 53 60 0.8394
962 181 54 68 0.8267
547 148 51 59 0.8181
787 180 50 67 0.8101
828 116 49 61 0.8081
324 245 198 270 0.6772
875 485 68 74 0.5642
437 103 31 34 0.3065
927 219 32 42 0.2992
928 222 34 46 0.2450
1004 131 19 55 0.1308
473 94 31 38 0.1105
1001 129 18 54 0.0933
477 94 32 39 0.0787
933 506 48 49 0.0572
477 93 29 36 0.0545
473 94 26 33 0.0540
433 102 29 35 0.0487
911 497 66 62 0.0447
928 197 38 50 0.0411
1004 258 17 40 0.0341
920 505 60 55 0.0279
371 82 32 37 0.0236
936 510 47 46 0.0159
369 102 33 35 0.0148
213 244 45 60 0.0144
905 140 46 52 0.0143
595 0 78 20 0.0107
