18_Concerts_Concerts_18_66
235
489 328 65 83 0.8829
442 366 61 91 0.8817
644 421 59 74 0.8694
434 258 40 50 0.8621
628 249 35 52 0.8621
808 265 38 52 0.8574
745 332 52 66 0.8506
198 247 35 42 0.8495
923 291 40 49 0.8404
479 200 24 30 0.8354
190 320 40 49 0.8335
961 479 63 70 0.8303
387 221 27 34 0.8232
286 463 70 73 0.8189
579 312 46 57 0.7989
300 291 34 42 0.7888
507 180 21 29 0.7753
105 250 30 35 0.7702
25 264 30 40 0.7666
212 169 22 24 0.7586
229 201 22 25 0.7572
405 200 21 25 0.7493
17 210 30 30 0.7153
172 200 21 29 0.6668
73 319 52 57 0.6133
223 313 51 69 0.5812
640 181 19 23 0.5567
334 153 12 15 0.4878
458 251 29 39 0.4809
289 159 15 18 0.4580
888 348 49 59 0.4479
767 210 21 26 0.4371
0 526 106 60 0.4232
361 189 17 22 0.4149
457 168 14 17 0.3853
364 188 17 23 0.3847
286 159 16 18 0.3360
509 161 14 17 0.3173
823 220 23 28 0.2503
994 361 30 86 0.2405
379 150 13 15 0.2232
376 150 13 15 0.2202
1002 182 22 27 0.1888
337 153 12 14 0.1847
307 148 12 15 0.1806
329 127 9 12 0.1593
302 205 20 27 0.1554
394 188 14 17 0.1545
892 173 18 21 0.1506
458 251 27 36 0.1468
431 124 8 11 0.1431
428 124 9 11 0.1405
459 168 14 18 0.1393
60 202 28 37 0.1373
225 309 49 69 0.1280
326 127 9 12 0.1253
168 153 15 17 0.1207
347 133 10 13 0.1197
516 136 14 16 0.1175
819 220 24 28 0.1109
770 210 22 26 0.1088
520 136 13 16 0.1082
762 172 16 19 0.1033
759 172 14 19 0.1031
0 178 11 18 0.1019
345 132 10 13 0.1018
420 154 12 15 0.0949
179 177 17 20 0.0884
63 203 29 36 0.0778
164 128 12 14 0.0769
170 157 16 18 0.0754
345 176 14 18 0.0748
665 172 15 19 0.0731
889 349 48 58 0.0695
74 320 52 57 0.0674
380 159 14 18 0.0660
507 161 14 16 0.0643
421 186 18 19 0.0633
644 182 19 23 0.0625
455 168 13 16 0.0584
373 129 11 14 0.0561
789 163 21 21 0.0552
343 134 10 13 0.0539
391 188 14 16 0.0535
238 166 13 17 0.0533
348 165 12 14 0.0522
298 206 18 24 0.0518
723 289 44 45 0.0497
720 285 42 46 0.0493
173 200 21 29 0.0466
171 153 16 18 0.0461
667 154 10 13 0.0451
582 178 18 21 0.0446
577 176 18 21 0.0445
377 159 14 19 0.0441
302 204 16 21 0.0426
693 166 12 15 0.0424
161 128 12 14 0.0419
252 142 11 13 0.0417
139 149 14 19 0.0409
322 150 12 15 0.0400
0 180 15 23 0.0393
192 144 12 13 0.0375
402 148 11 14 0.0371
308 134 10 12 0.0358
975 234 24 27 0.0352
843 184 17 20 0.0352
1003 366 21 89 0.0349
351 164 12 14 0.0345
173 160 17 17 0.0343
550 244 30 36 0.0338
249 142 10 13 0.0327
194 145 13 14 0.0327
574 221 20 28 0.0298
831 199 18 20 0.0292
852 160 14 18 0.0289
933 191 23 29 0.0285
998 181 24 29 0.0282
968 231 29 30 0.0281
252 145 12 16 0.0280
575 185 22 27 0.0278
460 140 12 14 0.0275
231 200 23 25 0.0271
530 170 17 21 0.0271
847 160 16 18 0.0262
156 114 11 13 0.0245
622 164 15 19 0.0243
349 132 10 12 0.0238
1 121 18 21 0.0238
763 169 13 16 0.0238
248 145 13 15 0.0237
309 148 11 14 0.0233
183 178 16 19 0.0229
548 247 24 33 0.0228
484 150 10 11 0.0224
902 243 32 33 0.0221
276 176 15 18 0.0214
455 169 14 17 0.0211
267 186 14 18 0.0208
582 185 19 24 0.0207
299 203 14 20 0.0204
391 191 16 20 0.0203
576 191 21 23 0.0203
240 169 16 19 0.0202
1004 353 20 100 0.0202
963 211 30 38 0.0199
0 214 18 36 0.0195
385 118 9 11 0.0194
160 114 10 11 0.0193
454 250 31 41 0.0192
963 203 29 37 0.0192
664 154 10 13 0.0190
998 180 26 35 0.0187
407 178 16 18 0.0185
482 150 9 12 0.0183
429 123 9 10 0.0182
427 123 8 10 0.0182
785 165 26 32 0.0182
270 213 18 23 0.0180
182 162 13 14 0.0180
276 215 15 21 0.0178
444 109 11 13 0.0178
888 173 17 21 0.0174
87 138 16 20 0.0174
550 251 23 30 0.0169
697 166 11 14 0.0166
440 133 10 13 0.0164
206 147 15 17 0.0160
593 166 13 16 0.0159
695 135 10 12 0.0158
612 174 11 13 0.0154
694 168 15 19 0.0152
533 166 14 17 0.0152
223 311 50 68 0.0151
353 156 12 14 0.0151
956 201 31 41 0.0149
306 130 10 13 0.0147
577 170 15 16 0.0147
550 149 18 20 0.0147
342 181 17 20 0.0146
0 197 11 31 0.0144
958 210 28 38 0.0144
271 178 13 18 0.0143
421 181 17 18 0.0143
456 138 11 14 0.0142
597 166 13 16 0.0140
452 120 9 10 0.0138
501 134 10 12 0.0137
758 169 13 17 0.0137
446 105 9 11 0.0136
989 370 34 77 0.0135
189 145 12 15 0.0134
325 132 11 13 0.0134
426 187 19 21 0.0132
668 170 14 19 0.0130
181 172 15 18 0.0130
210 148 14 16 0.0127
1008 345 16 98 0.0125
791 163 22 26 0.0123
977 197 21 27 0.0122
969 195 24 31 0.0122
346 116 9 11 0.0121
389 119 8 10 0.0121
557 148 19 20 0.0120
620 168 15 18 0.0119
463 167 13 17 0.0119
829 182 21 23 0.0119
204 163 15 20 0.0117
510 159 12 13 0.0117
443 106 9 11 0.0116
289 131 10 11 0.0114
426 133 11 13 0.0113
782 181 19 22 0.0113
129 265 30 40 0.0113
665 169 12 16 0.0112
619 165 14 17 0.0112
344 172 13 16 0.0112
517 139 14 18 0.0112
236 167 14 18 0.0111
0 168 9 21 0.0111
530 167 13 17 0.0108
638 181 17 22 0.0107
785 178 20 24 0.0107
878 235 23 27 0.0105
895 171 19 22 0.0104
780 171 23 28 0.0104
400 201 20 25 0.0104
734 293 36 38 0.0104
307 174 14 17 0.0103
764 179 20 22 0.0103
4 122 19 21 0.0103
337 178 14 18 0.0102
990 359 33 86 0.0102
387 119 10 11 0.0101
698 135 10 12 0.0101
