18_Concerts_Concerts_18_38
280
0 596 53 89 0.8501
759 392 32 44 0.8294
66 413 33 47 0.8285
531 266 25 33 0.8203
539 475 65 89 0.8134
289 526 47 77 0.8078
95 392 26 35 0.8027
147 322 24 35 0.7709
595 299 22 31 0.7556
281 217 29 41 0.7380
808 274 20 28 0.7164
894 337 51 72 0.6953
644 185 20 28 0.6776
728 315 17 21 0.6682
894 274 18 23 0.6200
279 191 16 18 0.5379
413 439 49 53 0.5078
562 344 23 34 0.4767
734 286 14 18 0.3901
458 237 12 16 0.3734
455 238 11 15 0.3615
736 286 14 19 0.3545
363 184 14 17 0.3432
565 345 25 34 0.3131
367 184 14 17 0.2971
403 502 44 55 0.2847
989 272 15 18 0.2834
567 197 10 12 0.2762
353 491 30 56 0.2720
744 240 10 14 0.2627
713 260 11 14 0.2611
871 584 29 51 0.2482
799 234 9 12 0.2367
365 183 14 17 0.2254
450 192 8 10 0.2235
571 197 9 12 0.2191
691 258 10 12 0.2180
841 218 7 9 0.2176
814 230 8 11 0.2070
429 194 10 14 0.2052
509 212 13 15 0.2013
366 296 13 19 0.1978
576 171 6 8 0.1872
432 194 11 14 0.1859
747 240 10 14 0.1829
987 271 15 19 0.1819
369 298 12 19 0.1809
867 585 28 48 0.1783
308 205 15 18 0.1772
453 192 8 10 0.1769
506 213 13 14 0.1722
838 218 6 9 0.1652
734 239 9 11 0.1649
991 271 15 18 0.1560
709 260 12 14 0.1547
578 172 6 8 0.1544
847 249 8 9 0.1540
364 298 14 19 0.1523
873 586 30 52 0.1493
490 175 7 8 0.1449
713 262 12 14 0.1426
883 240 11 12 0.1410
688 258 10 12 0.1384
931 254 10 12 0.1369
488 175 7 8 0.1298
927 255 10 11 0.1280
529 214 11 14 0.1223
709 262 12 14 0.1222
717 315 14 22 0.1206
803 235 9 11 0.1154
579 172 7 8 0.1142
992 272 15 18 0.1122
818 199 6 7 0.1060
850 249 7 9 0.0984
356 491 32 54 0.0972
488 176 6 7 0.0963
739 209 5 7 0.0960
882 237 11 13 0.0942
880 240 10 13 0.0928
735 209 6 7 0.0909
803 234 10 11 0.0907
363 296 14 19 0.0887
732 238 8 11 0.0883
732 286 13 17 0.0877
514 194 9 11 0.0874
1015 229 9 17 0.0863
731 219 6 8 0.0847
572 199 9 11 0.0830
849 249 8 9 0.0821
362 183 15 17 0.0794
532 214 12 15 0.0744
727 219 7 8 0.0723
313 205 13 17 0.0718
845 248 8 9 0.0696
716 229 8 9 0.0693
569 199 9 11 0.0684
576 173 6 8 0.0683
815 199 6 8 0.0683
517 194 8 11 0.0677
229 287 16 24 0.0664
491 175 6 7 0.0664
507 407 31 40 0.0656
512 408 29 39 0.0649
138 301 21 27 0.0643
509 209 12 13 0.0643
309 208 15 18 0.0637
800 236 10 11 0.0623
814 198 6 8 0.0591
486 175 7 7 0.0566
450 191 7 10 0.0554
901 245 9 12 0.0542
775 206 6 7 0.0533
730 239 9 10 0.0519
802 234 9 12 0.0508
746 239 11 13 0.0503
965 227 8 11 0.0499
772 207 6 7 0.0494
905 246 8 11 0.0479
879 237 10 12 0.0475
559 344 20 32 0.0473
713 229 8 10 0.0466
512 194 8 10 0.0464
478 283 11 14 0.0456
534 411 24 39 0.0436
482 284 11 13 0.0416
492 176 6 7 0.0413
731 239 9 11 0.0406
507 210 10 12 0.0406
0 376 17 42 0.0391
453 191 7 8 0.0380
880 249 9 10 0.0378
265 201 14 17 0.0372
678 270 11 15 0.0367
450 210 9 11 0.0365
883 248 10 11 0.0363
976 235 9 11 0.0357
973 233 9 12 0.0348
770 208 6 8 0.0344
528 210 9 12 0.0339
743 238 10 12 0.0327
221 289 16 22 0.0327
450 213 11 13 0.0322
826 190 6 9 0.0318
880 239 11 12 0.0315
487 302 14 19 0.0311
712 315 13 23 0.0309
559 216 8 9 0.0305
900 249 12 14 0.0298
514 406 24 32 0.0296
541 411 21 38 0.0295
449 192 8 11 0.0293
739 210 6 7 0.0293
812 229 7 9 0.0290
851 249 8 10 0.0290
836 217 7 9 0.0287
1018 235 6 17 0.0286
840 217 6 8 0.0280
556 216 8 10 0.0275
845 249 9 10 0.0275
946 280 13 16 0.0270
641 185 21 28 0.0265
906 250 10 13 0.0257
977 233 10 12 0.0255
952 180 5 7 0.0252
242 207 7 8 0.0249
308 205 17 22 0.0245
239 207 6 8 0.0244
557 347 18 29 0.0242
509 406 24 32 0.0242
532 412 28 42 0.0242
930 253 9 10 0.0239
745 245 9 11 0.0239
909 201 6 7 0.0237
817 198 6 8 0.0236
977 234 9 12 0.0234
768 212 7 10 0.0234
972 235 9 11 0.0232
932 171 6 8 0.0230
866 216 7 9 0.0228
903 222 7 9 0.0227
516 193 8 9 0.0225
728 219 7 8 0.0225
667 236 11 15 0.0224
926 253 9 11 0.0222
263 201 12 15 0.0221
434 197 10 13 0.0218
664 235 12 15 0.0217
906 201 5 7 0.0217
863 217 7 9 0.0215
869 587 28 50 0.0213
822 189 7 8 0.0212
935 172 7 8 0.0211
929 257 10 11 0.0209
728 218 6 7 0.0208
282 188 15 18 0.0205
533 210 10 12 0.0205
429 197 11 13 0.0205
637 277 17 20 0.0202
741 246 8 11 0.0200
19 394 23 35 0.0199
771 211 8 10 0.0196
277 192 13 16 0.0191
903 242 9 11 0.0190
747 238 10 12 0.0190
906 223 7 8 0.0188
13 392 20 34 0.0187
946 221 7 9 0.0185
234 287 18 26 0.0183
0 374 12 42 0.0182
453 214 10 13 0.0182
814 228 8 9 0.0181
805 191 5 7 0.0180
773 208 7 9 0.0177
942 222 7 9 0.0173
447 211 11 13 0.0170
693 258 10 12 0.0161
949 179 6 7 0.0160
435 229 10 12 0.0160
556 343 15 27 0.0154
868 197 6 8 0.0153
807 186 5 7 0.0153
700 288 11 14 0.0152
459 371 17 22 0.0152
1013 233 10 15 0.0152
715 227 7 9 0.0152
717 321 13 22 0.0150
1016 274 8 16 0.0149
453 210 9 11 0.0145
726 313 14 21 0.0145
976 209 8 10 0.0144
850 246 8 9 0.0143
1013 272 10 15 0.0142
513 193 7 8 0.0142
580 171 6 8 0.0141
780 184 5 6 0.0139
693 260 9 11 0.0138
963 228 8 10 0.0138
944 226 8 11 0.0137
717 451 15 35 0.0137
505 409 33 45 0.0135
263 205 16 18 0.0134
962 214 7 7 0.0134
666 278 11 12 0.0133
892 274 15 19 0.0132
460 374 21 25 0.0132
432 229 9 12 0.0130
760 171 6 7 0.0128
933 174 6 7 0.0124
771 206 6 6 0.0123
836 218 7 9 0.0122
864 198 6 8 0.0121
241 220 10 14 0.0118
699 286 11 14 0.0116
943 280 11 15 0.0116
489 178 8 8 0.0116
696 287 13 16 0.0115
852 191 7 8 0.0115
669 236 11 14 0.0115
906 200 7 7 0.0115
940 227 9 11 0.0114
825 190 7 7 0.0114
485 298 14 17 0.0112
699 287 11 14 0.0112
871 196 7 8 0.0109
826 189 6 8 0.0109
0 370 21 51 0.0109
714 249 10 11 0.0108
693 283 13 16 0.0108
281 195 16 18 0.0108
669 236 10 12 0.0108
706 193 4 6 0.0106
901 349 49 61 0.0105
465 372 19 22 0.0105
893 190 6 7 0.0104
762 172 6 7 0.0103
961 229 8 10 0.0103
515 411 31 41 0.0103
907 223 7 9 0.0101
0 343 14 26 0.0101
964 173 5 7 0.0100
