18_Concerts_Concerts_18_920
148
281 506 14 19 0.6294
871 573 10 13 0.4180
906 563 10 14 0.4160
983 585 12 14 0.4076
933 561 9 12 0.4019
826 572 10 14 0.4018
770 623 10 13 0.3956
754 625 11 14 0.3930
822 572 11 14 0.3747
751 625 11 14 0.3695
617 604 10 14 0.3351
902 563 10 14 0.3255
980 585 12 14 0.3230
867 573 11 13 0.3222
929 561 9 12 0.3135
820 528 8 11 0.2969
817 528 8 10 0.2959
620 605 10 13 0.2926
854 556 11 14 0.2766
854 497 11 14 0.2714
618 566 8 10 0.2701
851 557 11 13 0.2652
896 608 14 16 0.2652
622 566 7 9 0.2611
756 569 10 12 0.2488
793 550 8 9 0.2448
911 519 8 11 0.2382
591 564 7 8 0.2361
906 485 8 10 0.2355
902 485 8 10 0.2284
851 498 11 13 0.2274
854 556 11 13 0.2197
950 524 9 10 0.2035
1006 515 9 10 0.2025
759 568 10 12 0.2019
790 550 7 9 0.2004
772 623 11 13 0.1914
907 520 9 10 0.1860
909 518 9 11 0.1843
802 556 9 10 0.1807
669 563 6 9 0.1773
665 563 7 9 0.1729
1003 515 9 11 0.1720
833 552 9 12 0.1712
850 556 11 13 0.1704
948 524 8 10 0.1638
575 569 7 8 0.1602
759 569 9 13 0.1578
572 569 7 8 0.1560
767 537 9 10 0.1519
870 525 9 11 0.1514
907 518 8 11 0.1486
867 525 8 11 0.1479
588 563 7 9 0.1414
763 537 9 10 0.1360
800 556 9 10 0.1307
861 540 10 11 0.1292
804 556 8 10 0.1286
952 524 8 10 0.1198
577 569 6 9 0.1153
894 606 14 16 0.1116
828 553 9 11 0.1068
756 570 9 12 0.0910
768 622 10 13 0.0862
872 536 9 12 0.0765
792 549 7 9 0.0745
573 570 7 9 0.0740
666 562 7 8 0.0677
632 567 7 8 0.0649
760 569 10 12 0.0646
586 563 7 9 0.0637
1003 518 10 13 0.0627
822 529 8 10 0.0610
240 616 17 37 0.0586
893 608 12 15 0.0576
755 568 9 12 0.0535
901 609 11 15 0.0531
857 540 10 12 0.0469
623 568 7 8 0.0463
949 523 7 9 0.0457
905 484 7 10 0.0448
620 568 7 9 0.0443
574 569 7 8 0.0418
622 566 7 9 0.0409
740 602 8 11 0.0393
1006 519 9 11 0.0388
901 484 8 10 0.0387
664 562 6 8 0.0386
160 565 7 10 0.0383
591 564 7 9 0.0372
741 639 9 12 0.0367
743 602 8 10 0.0367
562 611 8 11 0.0353
284 537 9 13 0.0353
766 536 7 10 0.0324
818 530 8 10 0.0322
864 558 10 12 0.0318
875 666 11 15 0.0315
157 565 7 10 0.0312
789 547 7 9 0.0310
772 622 10 12 0.0302
559 611 7 12 0.0301
906 520 9 11 0.0294
281 537 9 13 0.0291
278 506 13 18 0.0283
751 597 9 12 0.0272
878 667 11 14 0.0271
858 541 11 11 0.0266
900 606 11 15 0.0263
952 522 8 9 0.0263
762 536 8 10 0.0258
738 640 9 11 0.0242
681 653 11 13 0.0236
839 516 7 9 0.0235
668 564 6 8 0.0227
795 549 7 9 0.0219
855 495 9 10 0.0213
154 566 8 9 0.0212
873 539 10 11 0.0206
634 567 7 8 0.0206
829 550 10 11 0.0203
875 536 8 12 0.0201
871 524 10 11 0.0197
852 496 8 10 0.0194
1005 515 12 13 0.0193
755 569 10 12 0.0193
754 596 10 12 0.0190
912 518 8 10 0.0190
561 609 7 11 0.0184
840 517 8 8 0.0182
618 564 7 9 0.0170
868 523 8 10 0.0169
771 623 11 13 0.0166
952 524 8 9 0.0163
615 604 10 13 0.0158
278 504 14 19 0.0151
557 609 8 11 0.0149
686 656 11 13 0.0136
842 514 8 10 0.0134
622 564 7 9 0.0133
910 626 14 18 0.0129
197 563 7 9 0.0129
671 563 7 9 0.0124
195 575 8 10 0.0123
619 606 11 14 0.0119
769 539 8 10 0.0117
879 640 9 11 0.0107
872 571 10 12 0.0102
