18_Concerts_Concerts_18_151
147
123 331 19 25 0.8033
9 347 19 26 0.8032
726 318 21 27 0.8006
471 321 20 21 0.7999
754 261 18 24 0.7987
741 414 18 23 0.7969
997 332 21 23 0.7965
471 260 18 19 0.7964
587 143 18 21 0.7887
151 400 21 21 0.7782
88 284 17 20 0.7713
203 90 15 20 0.7710
980 270 18 26 0.7643
307 397 18 24 0.7623
228 331 20 22 0.7592
869 258 22 24 0.7562
473 203 18 25 0.7534
346 81 17 18 0.7361
560 202 19 20 0.7316
896 202 20 24 0.7114
852 328 18 23 0.7039
853 62 17 22 0.7029
867 411 16 24 0.6998
1010 202 14 20 0.6942
34 78 15 19 0.6711
102 105 15 18 0.6620
589 324 19 25 0.6513
782 144 18 24 0.6267
581 267 19 21 0.6195
330 260 19 26 0.5979
98 426 15 24 0.5884
987 59 16 22 0.5879
872 146 18 24 0.5863
104 54 14 18 0.5701
130 86 16 21 0.5638
267 429 16 24 0.5493
399 148 17 22 0.5377
717 436 14 23 0.5366
211 265 18 25 0.5299
1008 67 13 16 0.5227
693 143 18 22 0.5199
14 79 13 17 0.5161
720 58 16 23 0.5055
498 336 17 25 0.4951
784 201 17 21 0.4926
505 138 18 21 0.4854
672 208 17 22 0.4846
953 149 18 21 0.4698
672 255 17 23 0.4638
335 204 18 19 0.4603
955 149 18 21 0.4540
887 435 14 23 0.4493
463 67 18 22 0.4482
360 338 19 21 0.4376
9 110 13 17 0.4362
503 138 18 21 0.4357
65 74 14 18 0.4328
332 260 19 26 0.4092
591 68 17 21 0.4085
466 67 18 22 0.4009
669 255 17 23 0.3939
594 68 17 21 0.3835
696 143 17 22 0.3701
785 144 17 24 0.3609
723 58 15 23 0.3578
786 200 18 22 0.3572
264 429 17 24 0.3476
339 205 17 18 0.3467
69 98 14 16 0.3462
208 265 18 24 0.3404
890 436 14 22 0.3362
363 338 18 21 0.3355
72 98 14 16 0.3327
402 148 17 22 0.3171
669 208 17 21 0.3097
6 110 13 17 0.3023
62 74 14 18 0.3011
579 268 19 20 0.2984
870 146 18 24 0.2738
133 86 16 21 0.2718
592 323 19 26 0.2656
985 58 16 23 0.2474
55 13 14 19 0.2191
94 426 16 24 0.2087
1007 202 15 20 0.2013
107 54 14 18 0.1674
500 337 17 26 0.1599
215 145 16 18 0.1517
899 202 19 24 0.1507
503 336 15 25 0.1246
58 13 14 19 0.1197
55 7 14 18 0.1045
2 434 12 18 0.1030
58 6 14 19 0.0897
162 622 10 20 0.0856
558 202 18 20 0.0847
160 624 10 19 0.0839
489 336 15 21 0.0834
31 78 15 19 0.0819
164 623 9 20 0.0769
850 62 17 22 0.0521
106 186 13 16 0.0506
107 104 12 19 0.0484
0 90 6 17 0.0476
159 622 10 20 0.0403
52 193 12 16 0.0379
109 186 13 15 0.0371
721 437 13 22 0.0363
477 203 17 25 0.0334
215 153 16 16 0.0331
222 143 13 19 0.0284
134 636 10 21 0.0263
884 66 12 15 0.0232
720 437 15 23 0.0223
17 96 12 15 0.0223
1006 65 13 18 0.0223
1012 626 9 20 0.0222
1008 628 10 18 0.0208
360 413 14 18 0.0191
97 658 13 18 0.0183
782 201 17 20 0.0174
713 436 13 22 0.0173
851 328 16 22 0.0167
493 336 17 25 0.0167
20 96 12 15 0.0157
92 660 15 17 0.0155
864 411 15 24 0.0154
868 175 15 18 0.0152
0 430 12 19 0.0144
474 140 17 20 0.0141
397 148 17 22 0.0136
137 633 9 20 0.0133
718 58 16 23 0.0133
93 664 15 15 0.0132
133 633 10 21 0.0127
69 100 15 16 0.0122
995 258 15 21 0.0119
0 83 7 18 0.0118
262 431 16 22 0.0116
211 147 13 17 0.0113
129 86 15 20 0.0112
953 149 17 21 0.0109
159 623 12 21 0.0106
106 190 14 17 0.0103
128 425 16 23 0.0102
5 435 13 17 0.0101
212 154 13 14 0.0101
