18_Concerts_Concerts_18_602
233
369 390 29 42 0.8641
556 383 33 44 0.8583
898 481 41 55 0.8516
308 385 26 36 0.8503
328 505 37 56 0.8495
457 488 29 39 0.8485
938 374 37 50 0.8477
297 527 41 57 0.8438
166 401 26 34 0.8420
481 398 26 33 0.8333
259 535 26 44 0.8020
406 392 19 25 0.7936
51 379 22 29 0.7704
345 378 19 26 0.7669
191 362 18 20 0.7669
248 301 20 28 0.7460
740 373 18 21 0.7433
23 338 15 19 0.7333
510 393 21 30 0.7283
232 297 16 22 0.7279
141 403 22 29 0.6489
472 360 20 25 0.6251
522 338 15 18 0.6212
38 344 18 23 0.6128
79 418 22 30 0.6105
712 339 15 19 0.6088
189 261 13 18 0.5914
871 369 21 27 0.5843
51 263 12 17 0.5148
398 325 11 16 0.5077
680 353 14 19 0.5046
438 326 12 19 0.4893
839 339 17 21 0.4852
106 255 13 17 0.4814
141 254 14 20 0.4695
484 259 11 16 0.4673
451 345 16 21 0.4565
261 259 13 17 0.4562
775 333 16 20 0.4468
409 288 11 14 0.4383
873 369 21 26 0.4332
566 331 13 15 0.4262
300 254 13 16 0.4211
132 393 15 21 0.4203
302 254 14 16 0.4175
772 333 16 20 0.4079
264 259 13 18 0.4018
454 346 16 19 0.3952
169 267 12 15 0.3834
77 418 22 30 0.3709
615 265 11 14 0.3677
652 344 16 18 0.3587
109 255 14 17 0.3518
521 323 14 16 0.3457
134 393 17 23 0.3439
334 330 16 20 0.3339
836 339 16 21 0.3302
144 255 14 20 0.3280
0 280 6 19 0.3115
210 273 11 15 0.3074
371 273 11 15 0.3001
37 344 16 22 0.2966
49 263 11 17 0.2879
900 348 13 19 0.2641
395 295 10 13 0.2617
585 257 9 15 0.2585
441 327 12 18 0.2548
570 331 12 15 0.2503
683 353 13 19 0.2489
613 265 10 14 0.2428
213 273 11 15 0.2401
714 329 13 16 0.2361
187 261 12 17 0.2310
545 277 7 12 0.2291
481 259 11 15 0.2281
336 332 16 19 0.2271
925 337 13 18 0.2238
510 375 18 20 0.2215
334 268 10 14 0.2122
548 276 8 13 0.2013
240 447 20 28 0.1847
582 259 10 15 0.1789
113 406 13 18 0.1777
370 271 10 15 0.1747
930 339 11 15 0.1714
519 321 14 17 0.1706
669 340 14 18 0.1680
581 257 10 15 0.1662
338 330 15 20 0.1600
605 337 14 15 0.1581
654 346 17 18 0.1580
392 295 9 13 0.1561
518 323 13 16 0.1505
396 325 10 16 0.1496
904 348 13 18 0.1456
384 276 8 12 0.1444
710 339 14 18 0.1418
604 334 13 14 0.1316
367 273 11 15 0.1299
672 339 14 18 0.1299
586 259 9 15 0.1205
618 266 10 14 0.1188
874 340 14 16 0.0999
0 281 8 18 0.0982
703 338 10 14 0.0950
877 341 14 16 0.0902
294 238 10 12 0.0855
292 238 9 11 0.0842
144 402 22 31 0.0836
400 325 11 16 0.0811
337 267 9 14 0.0801
608 334 12 14 0.0798
222 269 11 16 0.0787
451 287 9 13 0.0661
0 261 9 16 0.0650
608 338 14 16 0.0647
146 255 12 18 0.0641
332 267 9 15 0.0630
998 344 10 13 0.0616
215 270 11 16 0.0590
376 300 10 13 0.0581
437 307 9 13 0.0572
1007 270 6 8 0.0539
0 257 8 14 0.0539
867 468 25 31 0.0528
520 339 14 17 0.0520
438 289 9 12 0.0504
1004 270 6 8 0.0504
454 287 10 14 0.0492
340 332 16 19 0.0463
397 297 9 12 0.0459
393 295 10 14 0.0454
368 273 11 15 0.0443
393 298 9 11 0.0441
648 345 16 18 0.0436
110 407 12 18 0.0431
440 279 9 12 0.0417
238 444 17 27 0.0405
393 271 7 8 0.0402
390 270 7 10 0.0400
337 267 9 15 0.0384
875 343 15 18 0.0379
580 354 14 17 0.0372
113 409 14 18 0.0367
412 288 10 13 0.0365
711 331 13 16 0.0357
223 270 12 16 0.0356
585 353 12 18 0.0344
443 281 9 12 0.0342
21 337 14 20 0.0340
446 298 9 13 0.0339
618 265 11 14 0.0333
551 305 10 15 0.0331
737 352 15 17 0.0327
483 258 10 16 0.0325
875 336 11 13 0.0315
515 394 19 28 0.0312
434 307 10 12 0.0306
994 345 10 13 0.0304
550 305 9 14 0.0304
547 275 9 12 0.0301
164 266 11 16 0.0300
702 337 10 13 0.0286
879 337 10 11 0.0285
898 347 12 17 0.0276
405 357 12 13 0.0276
901 347 14 17 0.0272
734 351 13 17 0.0272
926 341 13 17 0.0269
496 363 11 14 0.0267
517 321 12 16 0.0266
405 287 10 12 0.0266
0 376 9 20 0.0264
873 466 22 29 0.0263
508 304 8 11 0.0258
922 335 13 17 0.0256
367 271 11 15 0.0255
867 465 24 32 0.0250
408 286 9 13 0.0250
504 304 7 9 0.0240
387 277 8 11 0.0238
916 348 14 17 0.0234
211 272 11 15 0.0230
1005 272 6 8 0.0221
400 354 12 16 0.0219
444 297 10 13 0.0217
904 345 13 18 0.0217
995 346 12 15 0.0195
441 278 10 11 0.0193
915 337 11 14 0.0191
406 320 10 16 0.0190
546 274 8 12 0.0190
250 301 19 28 0.0190
336 269 10 15 0.0187
705 389 13 16 0.0186
675 334 13 15 0.0184
992 347 12 15 0.0180
509 373 16 18 0.0179
1 274 11 19 0.0171
394 324 12 16 0.0167
928 336 11 15 0.0162
543 275 7 11 0.0161
53 264 12 16 0.0154
337 325 15 20 0.0152
660 346 14 18 0.0150
596 375 16 19 0.0139
940 340 9 12 0.0132
415 321 10 15 0.0132
412 290 9 13 0.0131
477 360 17 24 0.0131
244 447 24 28 0.0128
931 345 10 13 0.0126
553 305 11 15 0.0126
874 469 22 28 0.0125
171 268 11 15 0.0123
703 342 10 14 0.0121
1008 271 7 8 0.0120
670 336 12 16 0.0117
112 402 14 18 0.0116
351 334 13 16 0.0111
1001 344 11 14 0.0110
519 323 14 17 0.0110
503 376 18 21 0.0110
332 327 11 17 0.0110
624 286 8 12 0.0110
513 373 17 21 0.0109
372 298 11 14 0.0109
1006 271 8 8 0.0104
441 325 12 17 0.0104
617 345 13 15 0.0103
482 358 13 16 0.0103
616 347 12 15 0.0103
109 411 13 17 0.0102
