18_Concerts_Concerts_18_504
106
337 629 40 48 0.8463
524 614 34 41 0.7828
611 471 22 28 0.6790
777 468 20 27 0.6767
116 579 12 20 0.5191
747 652 24 27 0.3978
796 371 14 19 0.3571
125 388 13 19 0.3360
290 414 15 21 0.3312
183 385 14 19 0.1860
121 388 14 18 0.1388
186 384 15 20 0.1388
745 652 20 26 0.1372
287 414 14 20 0.1325
799 371 14 19 0.1319
451 412 10 14 0.1298
86 406 7 10 0.1020
455 413 9 13 0.0998
89 406 8 10 0.0985
157 562 15 28 0.0791
1 416 8 12 0.0786
794 370 13 18 0.0674
284 393 12 16 0.0667
678 368 12 15 0.0665
114 579 11 19 0.0578
160 561 16 30 0.0483
287 394 12 15 0.0470
344 531 15 18 0.0437
835 338 7 10 0.0401
449 410 10 14 0.0374
808 335 10 12 0.0372
993 279 9 13 0.0371
831 338 8 10 0.0347
854 341 7 9 0.0336
990 278 9 14 0.0318
207 402 12 18 0.0315
472 392 10 11 0.0315
555 453 11 15 0.0313
559 453 11 15 0.0305
762 340 7 10 0.0303
804 336 10 11 0.0287
687 394 12 17 0.0284
684 396 13 18 0.0281
806 333 9 12 0.0277
857 341 8 9 0.0275
512 398 9 11 0.0265
469 392 9 11 0.0256
688 396 13 17 0.0247
453 410 10 14 0.0238
759 340 7 10 0.0228
794 329 10 13 0.0223
676 368 11 15 0.0216
838 393 18 19 0.0205
832 338 7 9 0.0203
513 399 9 11 0.0201
39 407 10 13 0.0199
968 289 9 11 0.0199
971 289 10 11 0.0197
463 361 10 12 0.0181
510 398 8 11 0.0180
152 409 10 12 0.0179
791 328 10 13 0.0174
822 328 8 10 0.0163
744 332 9 11 0.0162
607 472 18 25 0.0160
684 395 12 16 0.0157
834 393 16 18 0.0156
654 363 11 13 0.0154
561 661 24 18 0.0153
86 405 8 9 0.0153
507 536 16 29 0.0153
592 382 13 16 0.0152
158 564 17 29 0.0151
461 359 9 13 0.0147
581 431 10 16 0.0147
159 569 14 26 0.0146
564 661 24 18 0.0144
688 367 10 14 0.0143
149 408 10 12 0.0141
171 373 12 15 0.0139
584 431 11 16 0.0139
609 381 10 14 0.0136
211 403 11 17 0.0135
16 410 8 10 0.0132
37 407 9 12 0.0132
487 407 9 13 0.0130
505 537 13 27 0.0127
18 411 8 9 0.0127
601 467 15 22 0.0125
615 553 19 24 0.0122
563 663 23 17 0.0121
774 470 17 24 0.0121
978 289 9 11 0.0120
130 390 11 16 0.0113
937 278 10 13 0.0112
482 410 9 11 0.0111
307 391 9 12 0.0109
460 362 9 12 0.0108
602 381 13 16 0.0107
535 392 10 13 0.0106
286 395 13 17 0.0106
335 389 9 11 0.0104
162 570 17 25 0.0103
489 395 9 11 0.0101
728 355 11 14 0.0101
941 278 11 13 0.0101
