18_Concerts_Concerts_18_127
25
659 171 56 74 0.8833
733 192 54 66 0.8706
525 223 59 68 0.8672
356 235 60 76 0.8614
842 202 32 44 0.8590
147 273 72 88 0.8538
272 235 56 87 0.8524
244 133 37 49 0.8484
303 181 46 53 0.8454
169 167 50 64 0.8445
910 206 41 55 0.8434
442 237 47 72 0.8413
5 192 49 64 0.8326
50 177 34 48 0.8287
449 182 40 50 0.8278
568 189 35 47 0.8007
949 196 39 52 0.7548
800 188 45 62 0.5103
950 197 38 51 0.3109
404 183 29 42 0.1817
799 189 47 63 0.1240
1014 181 10 43 0.1065
1017 184 7 44 0.0232
1009 172 15 58 0.0228
1012 174 12 50 0.0221
