3_Riot_Riot_3_263
59
867 222 21 27 0.7967
6 130 23 27 0.7762
547 173 18 18 0.7246
478 165 21 26 0.7211
420 162 16 23 0.7124
859 212 14 16 0.5519
435 163 19 23 0.5082
925 213 13 16 0.4847
391 162 14 23 0.4743
348 140 16 23 0.3648
436 163 19 24 0.3591
388 162 15 23 0.3065
927 212 14 17 0.2868
439 163 18 23 0.2391
352 142 14 20 0.2287
858 212 10 16 0.1436
475 165 22 26 0.1175
277 145 15 19 0.1110
53 8 9 13 0.1013
51 8 9 13 0.0766
274 145 13 18 0.0601
0 91 7 25 0.0475
878 189 8 9 0.0472
524 177 12 14 0.0450
55 8 9 13 0.0399
861 212 14 16 0.0394
348 164 12 17 0.0374
346 140 16 23 0.0348
0 101 8 25 0.0304
873 187 8 10 0.0267
161 156 16 22 0.0252
473 183 13 14 0.0247
866 185 9 11 0.0241
358 181 13 16 0.0232
226 0 24 9 0.0229
346 0 11 12 0.0203
157 159 15 21 0.0202
348 168 13 18 0.0199
877 187 7 9 0.0195
232 0 23 10 0.0192
521 176 12 14 0.0166
863 178 8 12 0.0162
0 85 6 25 0.0160
867 182 8 10 0.0158
350 1 9 10 0.0156
526 183 14 17 0.0147
368 170 14 18 0.0133
352 166 11 16 0.0133
775 154 21 26 0.0132
422 163 16 22 0.0130
778 173 10 14 0.0129
404 179 12 16 0.0127
522 174 11 14 0.0124
351 141 14 20 0.0124
448 8 12 15 0.0123
166 7 13 17 0.0113
355 181 11 16 0.0105
353 169 12 17 0.0104
446 8 10 14 0.0101
