3_Riot_Riot_3_26
156
231 352 37 49 0.8733
205 205 32 38 0.8451
1003 40 21 32 0.8419
251 227 30 38 0.8414
938 159 28 38 0.8401
791 60 26 32 0.8400
296 47 26 33 0.8382
276 351 30 41 0.8364
846 33 27 30 0.8356
424 371 32 43 0.8331
415 345 34 44 0.8321
249 88 26 33 0.8316
357 219 31 37 0.8256
464 74 26 29 0.8254
818 7 24 30 0.8249
323 354 31 43 0.8225
359 71 27 31 0.8222
659 60 25 33 0.8220
901 152 28 36 0.8143
559 234 28 34 0.8132
855 387 26 41 0.8130
468 208 29 34 0.8105
676 350 35 36 0.8101
988 184 31 37 0.8100
726 354 30 38 0.8099
717 392 31 41 0.8084
783 211 29 35 0.8057
255 328 33 42 0.8055
940 409 26 38 0.8045
941 0 26 24 0.8035
646 0 25 19 0.8035
16 99 25 29 0.7999
675 224 29 36 0.7866
763 33 27 31 0.7856
894 45 25 28 0.7834
957 373 24 37 0.7795
91 355 29 44 0.7791
647 205 26 33 0.7789
509 70 26 31 0.7699
976 12 25 29 0.7696
55 322 30 39 0.7680
537 93 22 28 0.7628
52 241 30 36 0.7608
53 190 32 35 0.7483
337 422 25 39 0.7423
792 341 23 27 0.7236
275 205 28 34 0.7194
428 212 26 32 0.7173
192 40 22 32 0.7108
875 413 24 36 0.6893
961 416 26 39 0.6403
864 340 32 40 0.5641
755 426 20 33 0.5234
917 356 21 33 0.5192
675 224 29 36 0.4936
784 367 23 30 0.4867
203 435 25 36 0.4695
206 434 24 37 0.4561
639 342 28 37 0.4318
960 417 25 39 0.4159
635 341 31 39 0.3229
890 235 29 37 0.3115
152 327 28 36 0.2935
654 388 24 31 0.2664
813 359 24 37 0.2424
535 211 28 33 0.2293
729 484 19 36 0.2135
537 210 29 35 0.2000
778 395 25 31 0.1919
891 238 28 35 0.1914
652 388 24 31 0.1904
151 327 28 36 0.1522
194 40 22 32 0.1158
758 426 21 34 0.1145
781 367 23 30 0.1111
727 481 18 35 0.1020
676 224 29 36 0.0849
867 342 32 39 0.0844
913 356 18 33 0.0827
224 408 18 33 0.0763
892 234 31 37 0.0753
217 408 23 38 0.0745
734 486 17 36 0.0673
988 184 31 38 0.0618
791 448 13 30 0.0610
1018 0 6 22 0.0606
0 256 6 37 0.0576
991 421 27 43 0.0531
738 552 17 30 0.0530
1019 0 5 30 0.0499
813 356 22 35 0.0432
221 405 19 37 0.0426
603 44 24 32 0.0419
990 415 22 36 0.0412
861 345 23 34 0.0376
788 448 12 30 0.0351
781 369 24 32 0.0349
822 361 19 33 0.0347
890 230 28 35 0.0333
0 252 5 31 0.0326
872 415 22 34 0.0324
776 393 24 32 0.0322
129 353 31 38 0.0322
732 489 17 35 0.0312
785 368 25 34 0.0307
993 428 27 42 0.0294
339 205 28 35 0.0294
990 379 21 28 0.0284
605 45 24 33 0.0278
803 407 23 31 0.0272
601 46 23 31 0.0270
911 353 18 32 0.0269
461 477 18 30 0.0265
871 411 22 38 0.0258
215 404 23 38 0.0255
800 405 22 29 0.0253
867 340 32 39 0.0248
601 45 21 30 0.0235
781 392 25 32 0.0230
732 551 21 32 0.0209
125 424 19 30 0.0208
979 416 20 34 0.0206
737 491 17 33 0.0188
895 238 28 36 0.0181
993 466 26 45 0.0178
813 363 26 39 0.0176
790 445 12 32 0.0173
890 242 19 30 0.0172
732 481 18 38 0.0167
918 350 23 35 0.0166
266 496 16 32 0.0165
958 416 25 37 0.0157
853 297 18 27 0.0153
280 205 24 34 0.0150
131 352 25 32 0.0149
830 369 21 32 0.0144
0 259 10 44 0.0141
955 432 17 29 0.0140
938 409 23 37 0.0140
990 382 24 33 0.0139
895 226 30 37 0.0139
782 395 26 31 0.0137
337 199 27 35 0.0131
730 322 21 29 0.0128
913 338 27 40 0.0128
150 328 29 39 0.0125
1016 226 8 25 0.0124
466 478 16 28 0.0124
908 338 24 36 0.0121
892 247 25 35 0.0119
544 214 27 34 0.0113
859 339 25 37 0.0110
250 413 19 29 0.0109
887 236 22 34 0.0103
527 211 22 29 0.0101
127 353 24 30 0.0100
