3_Riot_Riot_3_725
91
815 247 28 31 0.8383
633 215 38 42 0.8331
390 229 23 29 0.8316
262 238 23 25 0.8121
726 262 28 31 0.7926
519 283 23 26 0.7891
278 213 18 23 0.7727
306 222 22 25 0.7679
325 237 20 27 0.7595
386 275 25 36 0.7163
733 232 20 21 0.6123
461 243 23 26 0.5619
419 269 20 27 0.5165
299 247 20 26 0.4966
386 275 25 37 0.4724
463 243 22 26 0.4719
899 154 12 16 0.4125
409 233 18 23 0.3645
297 247 20 26 0.3601
938 149 15 18 0.3205
834 130 14 19 0.3155
942 150 15 17 0.3009
543 119 17 22 0.2951
239 254 18 22 0.2667
902 155 12 14 0.2449
690 240 17 21 0.2436
865 145 15 19 0.2307
407 231 18 23 0.2051
861 145 16 19 0.1961
838 130 13 18 0.1462
539 120 18 22 0.1317
835 131 15 20 0.1305
887 188 12 15 0.1284
530 127 14 20 0.1271
890 188 13 17 0.1201
734 232 20 23 0.1198
865 144 14 17 0.1179
310 222 20 25 0.0881
777 276 21 29 0.0876
951 156 12 14 0.0784
493 239 21 26 0.0765
493 244 24 30 0.0682
696 240 14 21 0.0599
538 117 19 24 0.0580
413 234 17 22 0.0533
689 245 19 22 0.0501
862 144 13 16 0.0451
525 134 16 25 0.0450
458 224 17 19 0.0449
732 231 21 24 0.0401
779 283 17 24 0.0360
727 262 28 31 0.0341
234 254 19 24 0.0331
732 232 19 21 0.0327
950 159 11 13 0.0319
541 118 18 22 0.0307
691 241 20 23 0.0304
322 238 19 26 0.0270
458 222 15 15 0.0261
782 275 21 29 0.0255
239 255 19 26 0.0229
533 131 13 17 0.0227
413 233 15 20 0.0211
885 187 10 12 0.0194
231 257 22 28 0.0182
954 160 10 12 0.0175
685 252 22 25 0.0173
410 236 18 23 0.0172
299 204 12 15 0.0170
527 142 12 19 0.0160
947 149 12 16 0.0157
488 246 22 25 0.0148
520 137 17 23 0.0142
840 133 13 17 0.0140
491 242 20 26 0.0136
778 271 20 25 0.0136
493 251 24 30 0.0132
461 223 16 17 0.0131
411 228 16 21 0.0127
697 290 17 20 0.0126
302 204 13 15 0.0125
773 273 21 27 0.0124
889 185 10 14 0.0123
489 239 19 24 0.0123
237 250 20 24 0.0119
694 291 16 19 0.0117
376 241 12 16 0.0110
438 219 16 19 0.0106
436 215 14 19 0.0104
539 117 19 25 0.0102
771 278 18 26 0.0102
