3_Riot_Riot_3_306
24
266 138 60 71 0.8773
746 85 61 83 0.8702
657 170 77 69 0.8511
481 193 55 58 0.8429
917 68 72 73 0.8190
474 136 37 49 0.6569
147 151 19 25 0.6179
235 186 34 41 0.6179
289 237 35 72 0.5892
326 130 18 24 0.4434
323 131 17 24 0.3116
841 127 13 19 0.2080
289 237 35 71 0.1514
843 128 13 19 0.1484
144 151 19 25 0.1322
839 128 12 19 0.1009
287 239 37 69 0.0956
838 127 13 19 0.0712
181 154 16 22 0.0648
180 150 17 22 0.0386
186 150 15 21 0.0329
186 155 14 19 0.0205
440 163 29 33 0.0152
442 160 24 27 0.0149
