3_Riot_Riot_3_790
40
207 275 26 32 0.8241
812 267 20 23 0.7045
513 261 16 19 0.6643
986 274 16 17 0.6468
244 255 17 20 0.5558
788 250 16 21 0.4688
931 274 13 16 0.4405
431 271 15 16 0.3902
485 261 12 14 0.3857
328 261 15 17 0.3856
347 417 35 42 0.3624
928 274 13 16 0.3559
785 250 16 21 0.3507
482 261 11 14 0.3183
325 261 15 17 0.2716
263 241 15 17 0.2621
259 241 14 16 0.2048
433 272 15 16 0.2006
248 255 15 19 0.0985
1017 253 7 17 0.0755
845 274 14 16 0.0689
1018 260 6 18 0.0620
484 260 10 15 0.0560
775 252 12 17 0.0506
430 271 13 15 0.0496
834 263 14 19 0.0437
842 263 15 18 0.0381
990 274 14 18 0.0305
430 273 14 16 0.0220
833 271 15 18 0.0212
260 239 15 17 0.0199
326 259 15 18 0.0187
516 261 16 18 0.0180
851 275 11 14 0.0171
778 254 12 17 0.0167
350 417 35 43 0.0155
840 259 13 18 0.0118
853 267 13 15 0.0111
1013 258 11 17 0.0110
998 252 12 15 0.0104
