3_Riot_Riot_3_438
26
835 210 42 39 0.8591
653 147 18 21 0.7713
453 150 17 22 0.4309
272 189 9 13 0.3643
451 150 17 22 0.3306
192 161 18 22 0.3163
275 189 9 12 0.3155
450 150 17 22 0.2775
293 193 8 10 0.2035
568 173 11 16 0.1169
214 164 14 22 0.1055
573 173 11 16 0.0806
218 165 13 23 0.0729
296 193 7 10 0.0530
693 171 16 22 0.0415
291 193 8 10 0.0337
292 194 8 10 0.0311
454 150 17 22 0.0237
414 153 11 15 0.0233
696 168 19 27 0.0194
570 171 12 16 0.0187
211 164 15 23 0.0187
417 152 11 17 0.0185
740 180 17 24 0.0160
194 163 19 24 0.0111
414 156 11 15 0.0106
