3_Riot_Riot_3_354
49
499 175 24 33 0.8068
389 243 27 52 0.7768
407 159 23 30 0.7721
916 109 19 21 0.7332
239 152 21 26 0.6580
618 97 16 19 0.4352
620 97 17 19 0.3836
167 240 31 53 0.2938
434 119 11 20 0.1988
566 133 10 24 0.1965
700 102 14 18 0.1772
702 103 15 17 0.1772
165 240 28 53 0.1087
431 120 11 19 0.1075
683 139 13 24 0.1028
238 151 20 25 0.0896
736 71 10 12 0.0831
448 23 16 21 0.0804
739 71 10 12 0.0796
569 133 10 23 0.0759
987 147 14 25 0.0693
538 103 11 14 0.0612
451 23 16 22 0.0589
686 137 12 24 0.0576
688 138 11 24 0.0490
536 103 9 12 0.0357
992 147 11 24 0.0320
682 137 13 24 0.0314
224 238 23 48 0.0270
539 104 12 16 0.0250
499 128 11 22 0.0233
432 117 11 19 0.0229
807 107 14 19 0.0219
436 122 10 18 0.0218
796 97 11 13 0.0217
990 150 12 24 0.0197
568 136 9 23 0.0172
438 121 9 16 0.0166
497 125 11 22 0.0159
225 241 25 47 0.0157
217 239 22 45 0.0152
703 80 9 10 0.0150
704 81 9 11 0.0138
495 129 12 21 0.0132
536 105 10 15 0.0130
1018 63 6 31 0.0126
568 131 11 22 0.0110
453 23 15 20 0.0104
217 243 24 49 0.0102
