3_Riot_Riot_3_958
96
137 2 27 34 0.8496
236 10 27 36 0.8483
13 5 37 45 0.8472
520 41 27 38 0.8470
373 33 25 32 0.8443
923 74 24 32 0.8389
403 22 38 52 0.8356
565 110 54 67 0.8306
108 29 26 33 0.8251
52 21 27 34 0.8217
67 2 27 32 0.8212
949 58 28 38 0.8189
865 20 36 41 0.8134
705 30 26 35 0.7832
498 31 22 26 0.7631
822 47 26 27 0.7586
314 35 19 27 0.7291
778 40 28 32 0.7242
397 19 21 30 0.6653
666 55 21 27 0.6587
208 27 25 26 0.6579
966 19 24 29 0.6503
336 35 21 28 0.6338
0 18 8 34 0.5970
208 27 24 25 0.5190
306 28 16 23 0.4999
291 39 15 20 0.4795
772 43 20 28 0.4003
457 38 18 29 0.3656
606 47 14 17 0.3614
609 47 14 17 0.3522
775 40 30 32 0.3349
753 65 19 23 0.3242
752 65 22 26 0.3225
485 51 14 18 0.2914
455 38 18 29 0.2298
183 23 14 16 0.1928
1018 45 6 24 0.1902
308 0 15 13 0.1871
334 35 20 27 0.1824
186 23 16 18 0.1812
307 29 17 25 0.1573
576 51 18 21 0.1303
975 20 19 26 0.1250
1017 40 7 25 0.1206
580 52 21 21 0.0945
398 36 25 36 0.0859
634 58 9 11 0.0795
632 60 12 14 0.0790
642 58 8 9 0.0733
771 42 15 24 0.0706
183 21 13 13 0.0690
289 40 14 18 0.0654
187 20 13 15 0.0648
651 63 10 13 0.0604
960 11 19 25 0.0578
575 53 24 26 0.0567
865 19 36 42 0.0512
183 20 18 20 0.0439
668 54 21 28 0.0438
1017 31 7 19 0.0426
186 27 18 22 0.0365
646 58 7 11 0.0345
484 52 17 22 0.0309
1019 47 5 30 0.0275
294 40 16 22 0.0271
181 27 20 24 0.0268
464 40 14 22 0.0266
578 53 26 27 0.0264
636 60 10 14 0.0263
460 37 19 29 0.0239
313 0 13 13 0.0212
759 65 17 25 0.0211
396 47 21 29 0.0204
574 48 14 19 0.0196
686 51 13 19 0.0195
644 56 9 11 0.0176
756 60 14 16 0.0173
573 51 12 17 0.0170
962 20 23 28 0.0162
648 63 11 14 0.0157
206 27 20 23 0.0152
773 40 25 30 0.0149
304 29 13 19 0.0146
483 46 13 17 0.0142
0 16 5 31 0.0135
0 17 12 36 0.0135
171 33 14 19 0.0134
468 44 14 21 0.0119
0 15 14 36 0.0115
308 0 17 12 0.0115
288 39 18 22 0.0111
700 37 22 31 0.0109
398 23 25 39 0.0109
50 20 26 34 0.0109
922 74 24 32 0.0106
