3_Riot_Riot_3_522
39
409 209 31 40 0.8343
118 164 24 28 0.8075
180 201 29 34 0.8015
883 201 28 35 0.7994
627 212 30 34 0.7857
491 152 20 24 0.5211
10 154 16 23 0.5044
413 150 13 18 0.4602
373 152 11 16 0.4558
223 208 18 30 0.4300
459 150 11 16 0.3680
416 151 13 17 0.3582
489 153 19 23 0.3535
220 207 18 31 0.3292
270 174 10 15 0.3061
376 151 10 17 0.2406
225 135 9 11 0.2255
222 134 9 12 0.2073
439 154 14 20 0.1866
269 175 9 14 0.1722
440 153 13 18 0.1644
272 175 10 14 0.1536
8 153 17 23 0.0976
444 153 12 20 0.0805
449 151 12 17 0.0616
160 182 21 26 0.0503
222 133 8 11 0.0469
225 133 8 11 0.0447
370 153 11 15 0.0389
465 149 12 16 0.0367
462 149 12 16 0.0319
155 181 21 26 0.0241
6 154 16 23 0.0195
442 151 11 16 0.0154
160 178 19 24 0.0140
6 156 17 23 0.0130
441 158 14 19 0.0107
461 152 12 16 0.0101
157 184 23 28 0.0101
