3_Riot_Riot_3_393
51
441 129 39 48 0.8453
541 119 25 29 0.7752
343 151 12 16 0.4909
729 177 11 15 0.4805
126 141 15 17 0.4478
789 152 14 18 0.4247
855 174 11 14 0.4160
221 131 17 19 0.4110
224 130 17 21 0.4108
325 119 18 28 0.4100
818 164 11 14 0.3709
168 156 11 13 0.3385
727 177 11 15 0.3204
123 140 15 18 0.3193
851 174 12 14 0.3128
632 133 25 38 0.2434
815 164 11 13 0.2194
171 156 10 13 0.2171
321 119 19 27 0.2034
786 152 14 18 0.1850
193 156 11 13 0.1582
193 148 10 13 0.1411
790 153 15 17 0.1232
625 135 26 36 0.1181
341 150 12 17 0.1135
167 157 10 12 0.1130
671 157 11 18 0.0979
166 156 11 13 0.0864
674 158 10 16 0.0735
786 153 15 17 0.0646
192 146 10 11 0.0611
170 156 10 12 0.0445
629 129 25 40 0.0411
195 147 11 14 0.0360
89 121 17 23 0.0332
822 165 9 12 0.0286
191 147 10 12 0.0280
642 133 22 36 0.0271
640 130 21 36 0.0271
623 129 25 40 0.0263
124 141 13 17 0.0259
636 139 22 33 0.0241
820 166 10 13 0.0225
821 164 9 12 0.0213
95 123 14 19 0.0187
89 125 18 23 0.0164
347 152 10 14 0.0161
196 156 11 14 0.0138
323 122 17 26 0.0132
333 118 14 22 0.0120
816 167 10 12 0.0103
