3_Riot_Riot_3_1037
62
0 686 91 107 0.8684
675 412 43 54 0.8659
679 135 32 46 0.8555
972 211 34 41 0.8527
300 155 32 44 0.8520
56 500 53 61 0.8496
771 176 30 33 0.8444
602 180 28 36 0.8319
72 158 75 69 0.8164
718 156 24 27 0.7975
435 443 10 13 0.4081
321 447 10 14 0.3513
447 453 9 12 0.3318
420 453 11 14 0.3258
318 447 10 14 0.3152
369 452 28 25 0.2903
332 442 10 12 0.2288
331 442 9 12 0.2237
449 453 9 12 0.2012
466 426 8 10 0.1972
433 443 10 13 0.1946
447 440 9 11 0.1925
367 452 29 26 0.1720
445 454 9 11 0.1576
481 428 7 10 0.1499
417 453 12 13 0.1410
476 374 8 10 0.1259
422 454 11 13 0.1225
471 427 8 10 0.1115
474 374 7 10 0.1012
419 455 10 12 0.1002
479 429 7 9 0.0993
483 429 7 9 0.0950
432 443 10 13 0.0697
329 441 9 13 0.0671
478 374 8 10 0.0643
467 427 9 10 0.0575
277 449 12 16 0.0446
332 441 10 13 0.0385
477 375 8 10 0.0384
475 441 9 12 0.0383
469 424 8 11 0.0380
436 443 9 12 0.0366
473 409 7 9 0.0355
470 440 9 12 0.0343
108 196 62 61 0.0325
367 448 26 24 0.0280
273 447 12 17 0.0270
481 442 8 12 0.0215
469 444 10 12 0.0203
113 196 51 52 0.0199
474 374 8 9 0.0189
470 409 8 10 0.0178
117 198 50 50 0.0176
318 446 10 14 0.0153
469 453 11 15 0.0150
407 455 12 13 0.0145
372 449 25 22 0.0137
398 454 12 13 0.0127
474 376 7 9 0.0120
461 426 9 11 0.0117
469 392 8 11 0.0105
