3_Riot_Riot_3_137
390
923 351 58 64 0.8913
489 326 40 52 0.8847
334 388 52 63 0.8767
62 386 38 42 0.8643
109 411 35 43 0.8620
273 364 42 46 0.8608
658 359 50 56 0.8368
924 315 30 32 0.8220
974 325 26 32 0.8101
789 318 19 27 0.7440
146 406 26 42 0.7124
658 357 50 58 0.6346
231 318 14 15 0.6185
463 308 15 21 0.5889
403 335 35 47 0.5878
789 295 16 19 0.5286
674 299 15 19 0.5165
775 316 17 22 0.4876
25 355 16 25 0.4758
814 341 18 30 0.4702
527 309 11 14 0.4568
351 326 17 22 0.4469
902 327 19 24 0.4017
549 302 10 11 0.3623
963 309 16 18 0.3542
809 296 12 13 0.3424
976 284 9 10 0.3347
652 353 34 44 0.3233
1016 297 8 14 0.3148
21 327 10 13 0.3134
529 309 11 13 0.3100
373 313 11 13 0.3073
349 326 17 21 0.2988
338 327 15 18 0.2976
24 327 10 13 0.2928
153 333 9 11 0.2886
671 299 15 19 0.2831
963 272 7 9 0.2752
812 296 11 13 0.2726
151 334 8 10 0.2724
773 316 17 21 0.2669
951 288 9 12 0.2631
993 276 8 10 0.2552
979 283 9 11 0.2510
815 341 20 31 0.2463
898 326 19 24 0.2364
374 313 12 14 0.2329
439 308 10 12 0.2259
763 289 8 11 0.2251
255 336 14 17 0.2243
650 353 30 38 0.2232
966 309 16 19 0.2224
954 288 8 11 0.2203
760 289 8 11 0.2172
399 302 10 11 0.2130
1011 287 9 10 0.2122
995 276 9 9 0.2077
0 332 8 13 0.2030
949 279 7 9 0.2026
132 339 7 9 0.1975
337 323 12 15 0.1958
966 272 7 9 0.1943
531 361 26 29 0.1919
589 293 7 10 0.1910
19 310 8 10 0.1909
426 312 9 10 0.1892
376 313 10 13 0.1803
441 307 10 13 0.1741
397 302 10 10 0.1687
22 310 8 10 0.1616
403 336 35 46 0.1614
547 303 10 11 0.1555
436 298 7 8 0.1474
355 308 8 9 0.1461
946 279 7 9 0.1404
151 344 14 17 0.1381
388 341 16 19 0.1351
1005 274 8 9 0.1334
257 336 17 20 0.1333
759 288 8 11 0.1316
935 291 11 13 0.1275
133 339 8 9 0.1236
574 298 6 8 0.1207
997 276 8 9 0.1196
391 331 16 22 0.1165
415 295 6 8 0.1163
947 278 7 9 0.1143
570 298 7 8 0.1093
1018 320 6 27 0.1045
188 316 9 9 0.1043
192 315 8 10 0.1040
749 306 10 14 0.1031
1016 316 8 29 0.1027
745 307 10 14 0.1020
734 310 12 14 0.1009
607 293 7 10 0.0930
806 273 8 10 0.0924
571 302 8 11 0.0914
29 355 17 26 0.0905
787 296 15 17 0.0894
587 292 6 9 0.0893
852 273 7 8 0.0884
466 307 14 20 0.0883
427 312 10 11 0.0854
965 311 18 21 0.0851
101 337 10 12 0.0851
755 353 14 24 0.0846
787 281 8 10 0.0827
546 302 9 11 0.0821
622 305 19 22 0.0818
785 281 8 8 0.0810
190 315 8 9 0.0804
803 273 8 10 0.0799
855 272 7 9 0.0795
402 302 9 9 0.0774
1019 297 5 18 0.0740
610 293 8 10 0.0719
910 270 6 8 0.0713
763 288 8 11 0.0711
343 310 8 8 0.0674
952 287 10 12 0.0667
730 287 7 9 0.0665
967 272 7 9 0.0660
727 286 8 9 0.0655
770 281 6 8 0.0643
190 335 11 15 0.0640
388 332 15 18 0.0638
152 407 30 44 0.0638
746 293 9 11 0.0634
844 373 36 41 0.0628
939 269 7 8 0.0604
134 338 9 11 0.0573
340 309 8 9 0.0565
574 302 9 12 0.0564
188 314 8 10 0.0560
123 316 6 9 0.0554
92 325 7 8 0.0553
1 312 6 8 0.0549
730 286 8 9 0.0542
584 292 6 8 0.0538
377 314 11 13 0.0537
413 294 7 7 0.0537
501 302 10 11 0.0535
875 271 7 8 0.0519
923 266 5 7 0.0518
120 316 7 9 0.0515
260 335 15 17 0.0511
734 311 14 17 0.0505
783 279 7 8 0.0502
143 323 7 9 0.0500
396 303 8 10 0.0500
102 338 11 14 0.0491
390 337 17 23 0.0489
834 277 7 9 0.0481
135 338 8 10 0.0463
465 308 15 21 0.0457
735 280 7 9 0.0456
261 337 17 20 0.0447
832 276 7 9 0.0437
235 318 13 15 0.0435
422 293 6 7 0.0431
140 409 25 38 0.0430
393 325 13 15 0.0427
231 298 7 8 0.0425
31 313 8 8 0.0418
422 310 11 11 0.0415
733 279 7 8 0.0412
41 306 6 7 0.0412
122 315 7 9 0.0412
259 334 17 20 0.0411
978 283 10 12 0.0408
376 301 7 9 0.0405
874 274 7 8 0.0404
727 288 8 9 0.0403
1013 291 9 14 0.0398
663 320 15 18 0.0396
89 324 7 8 0.0394
668 287 7 8 0.0393
747 309 12 15 0.0392
28 356 16 25 0.0390
843 377 38 41 0.0385
228 298 6 8 0.0385
981 284 9 11 0.0383
119 315 7 9 0.0378
858 375 28 34 0.0373
565 293 7 8 0.0372
189 336 16 21 0.0366
921 266 5 7 0.0366
892 271 6 7 0.0366
104 362 18 26 0.0365
572 298 7 8 0.0363
103 322 8 8 0.0359
429 294 7 8 0.0357
361 296 6 7 0.0354
891 326 16 24 0.0354
656 281 6 6 0.0353
415 295 7 8 0.0352
932 292 11 14 0.0351
962 273 7 8 0.0341
80 306 7 8 0.0332
323 308 8 11 0.0332
889 270 6 7 0.0331
108 311 7 8 0.0328
814 491 48 21 0.0321
440 308 11 13 0.0318
212 317 9 12 0.0315
251 336 11 15 0.0312
170 298 8 9 0.0307
911 291 12 14 0.0301
738 310 13 16 0.0301
527 287 6 6 0.0300
393 339 18 26 0.0298
436 299 7 8 0.0298
590 331 11 22 0.0298
163 410 26 43 0.0292
187 335 11 13 0.0292
967 316 20 24 0.0291
952 267 7 7 0.0291
28 354 17 27 0.0290
933 290 11 12 0.0288
980 274 7 9 0.0285
936 268 7 8 0.0285
810 483 55 29 0.0284
808 274 9 10 0.0284
109 361 17 26 0.0279
856 273 7 8 0.0279
259 317 12 15 0.0278
537 290 6 8 0.0278
151 332 8 9 0.0277
605 291 7 9 0.0276
651 352 37 48 0.0272
340 330 13 17 0.0271
174 298 7 8 0.0271
1003 274 8 9 0.0271
608 291 7 9 0.0271
767 280 7 8 0.0268
852 274 8 9 0.0268
664 294 8 11 0.0262
433 295 6 7 0.0261
935 269 7 8 0.0261
98 339 11 13 0.0261
728 287 8 10 0.0260
99 337 9 11 0.0259
68 288 6 6 0.0253
736 279 6 8 0.0252
485 312 18 20 0.0252
78 304 6 8 0.0251
189 315 9 11 0.0251
653 281 5 7 0.0246
39 306 6 7 0.0246
340 319 10 12 0.0244
152 333 10 12 0.0244
82 306 7 8 0.0243
593 304 8 11 0.0238
896 275 7 9 0.0237
500 301 8 10 0.0235
363 331 12 14 0.0232
104 337 10 11 0.0229
617 304 14 18 0.0227
752 311 14 15 0.0226
18 313 8 11 0.0226
978 285 9 11 0.0224
1016 411 8 35 0.0223
820 479 52 33 0.0223
804 272 7 8 0.0223
159 411 26 46 0.0221
138 315 7 9 0.0221
1001 302 13 17 0.0220
532 356 25 28 0.0220
790 297 17 21 0.0219
561 293 7 9 0.0219
359 295 5 7 0.0217
503 290 6 7 0.0216
140 322 6 8 0.0214
496 303 10 12 0.0212
64 307 6 8 0.0212
210 306 8 9 0.0211
170 301 7 8 0.0211
23 322 9 12 0.0208
919 268 5 7 0.0208
440 310 10 13 0.0207
654 281 5 6 0.0206
829 274 7 9 0.0203
187 337 13 16 0.0202
212 316 10 12 0.0202
1008 288 9 12 0.0202
907 271 6 7 0.0200
264 318 12 15 0.0200
622 306 23 27 0.0200
873 270 6 8 0.0199
730 311 11 14 0.0199
654 362 33 51 0.0196
758 289 9 11 0.0195
840 293 10 13 0.0194
876 271 6 8 0.0192
744 485 40 27 0.0190
59 323 7 9 0.0189
908 270 6 6 0.0189
854 272 6 8 0.0189
0 332 6 9 0.0186
72 288 5 7 0.0186
823 485 41 27 0.0185
523 288 7 8 0.0183
740 480 42 32 0.0183
62 323 7 9 0.0181
356 305 6 7 0.0181
525 287 5 7 0.0179
1 336 9 14 0.0178
252 338 12 15 0.0178
593 292 7 10 0.0177
873 379 22 26 0.0175
516 300 8 10 0.0175
977 271 6 7 0.0172
777 308 16 21 0.0171
67 307 6 8 0.0170
441 305 8 10 0.0167
259 311 10 12 0.0166
209 300 7 8 0.0165
842 292 12 16 0.0163
88 326 8 9 0.0162
2 333 10 14 0.0161
909 276 9 11 0.0159
165 304 7 8 0.0159
715 316 11 14 0.0159
110 359 14 22 0.0159
347 324 14 18 0.0158
361 296 6 8 0.0156
187 338 12 16 0.0156
963 270 6 9 0.0151
232 297 7 9 0.0151
15 312 8 10 0.0150
110 329 8 10 0.0148
745 478 35 34 0.0148
822 264 6 7 0.0147
219 312 9 11 0.0147
889 271 5 6 0.0147
118 316 7 8 0.0146
20 354 14 23 0.0146
396 306 9 10 0.0146
318 307 9 13 0.0143
1017 414 7 41 0.0143
52 296 6 7 0.0141
600 281 6 8 0.0140
887 274 8 8 0.0138
38 306 6 7 0.0136
1006 269 7 8 0.0135
760 354 12 21 0.0135
983 270 6 7 0.0134
812 344 16 27 0.0133
597 282 6 7 0.0133
167 301 7 8 0.0132
88 286 5 6 0.0132
498 302 7 9 0.0131
468 292 7 9 0.0131
64 309 7 9 0.0129
549 300 7 8 0.0128
471 291 7 8 0.0127
193 297 7 8 0.0127
399 301 7 9 0.0126
715 311 11 13 0.0125
857 377 34 37 0.0125
770 288 9 11 0.0124
82 305 6 7 0.0124
0 399 8 43 0.0124
283 303 10 11 0.0123
141 297 7 7 0.0122
281 301 10 11 0.0120
661 322 20 22 0.0119
263 316 11 13 0.0119
620 306 17 21 0.0119
249 295 6 7 0.0119
26 311 8 10 0.0117
341 287 5 7 0.0116
469 292 8 10 0.0115
80 308 7 8 0.0114
471 292 7 9 0.0114
866 270 6 7 0.0114
802 497 52 15 0.0111
831 273 7 8 0.0111
165 414 27 43 0.0110
747 348 20 31 0.0110
501 290 8 8 0.0110
106 360 17 25 0.0110
705 299 11 14 0.0109
252 294 6 7 0.0108
18 308 7 8 0.0107
57 327 8 10 0.0106
747 496 48 16 0.0104
840 373 38 43 0.0102
32 358 18 24 0.0101
