3_Riot_Riot_3_710
42
0 193 28 35 0.8246
494 175 54 76 0.7836
615 73 59 72 0.5916
290 81 43 73 0.5629
154 199 13 15 0.3386
615 73 59 72 0.3236
31 183 24 26 0.3184
102 206 11 14 0.2812
79 193 7 10 0.2004
126 204 13 15 0.1923
82 193 7 9 0.1537
103 207 13 15 0.1429
744 4 55 74 0.1391
62 183 11 15 0.1121
123 204 11 13 0.0921
151 200 11 13 0.0803
127 206 14 17 0.0717
81 194 7 9 0.0677
158 199 11 14 0.0532
61 182 11 15 0.0463
32 179 22 23 0.0418
56 183 14 16 0.0396
100 207 11 13 0.0381
82 193 8 10 0.0358
291 84 41 66 0.0321
113 194 7 8 0.0321
30 188 24 29 0.0308
30 188 21 25 0.0296
156 198 12 14 0.0260
60 187 12 16 0.0219
84 194 7 9 0.0201
290 69 43 62 0.0180
133 185 8 9 0.0170
106 205 9 11 0.0169
70 186 8 10 0.0165
110 195 7 9 0.0160
129 203 10 12 0.0158
131 184 7 9 0.0137
57 180 11 16 0.0119
29 182 20 25 0.0108
158 198 9 10 0.0105
76 193 8 11 0.0103
