3_Riot_Riot_3_123
53
595 465 64 80 0.8387
895 348 23 34 0.5732
999 300 19 26 0.3391
317 393 19 24 0.3097
643 452 58 72 0.2396
897 348 23 34 0.2265
832 615 45 117 0.2193
319 393 19 25 0.1995
1002 300 19 25 0.1166
130 424 16 19 0.1036
520 366 16 19 0.0920
884 369 16 26 0.0809
516 366 15 18 0.0755
988 275 10 13 0.0693
647 455 54 62 0.0676
988 273 7 9 0.0535
1018 276 6 11 0.0509
991 276 10 13 0.0488
275 435 19 33 0.0375
969 274 7 8 0.0333
888 368 16 29 0.0323
519 370 21 25 0.0318
516 366 21 25 0.0265
966 274 7 9 0.0240
277 440 20 37 0.0234
830 614 46 118 0.0229
991 273 7 9 0.0219
134 425 15 18 0.0213
324 392 16 23 0.0199
911 242 8 10 0.0186
956 286 9 13 0.0178
953 286 9 13 0.0169
1000 302 19 27 0.0166
960 263 7 8 0.0160
297 340 26 34 0.0157
906 279 11 13 0.0156
1016 316 8 28 0.0152
914 243 7 9 0.0152
516 370 18 24 0.0151
974 258 7 8 0.0151
1017 275 6 11 0.0142
903 279 10 13 0.0142
987 275 8 10 0.0140
291 339 28 36 0.0132
971 259 7 8 0.0132
948 273 8 9 0.0126
273 436 14 28 0.0125
519 360 16 20 0.0124
313 393 20 25 0.0123
653 450 49 56 0.0119
1014 275 8 11 0.0114
946 272 8 10 0.0106
366 436 19 24 0.0102
