3_Riot_Riot_3_101
28
724 329 56 80 0.7955
781 58 59 63 0.7660
184 214 40 45 0.6649
161 50 66 56 0.6578
658 120 62 74 0.6461
839 232 50 71 0.1183
436 278 52 77 0.1095
166 52 60 55 0.1007
840 235 47 68 0.0564
945 118 44 78 0.0526
839 232 46 68 0.0449
435 280 52 76 0.0414
947 121 43 77 0.0321
432 286 47 70 0.0309
949 120 39 65 0.0291
25 264 31 54 0.0231
946 120 45 80 0.0209
237 0 66 26 0.0208
953 119 39 68 0.0201
442 278 45 69 0.0196
838 230 50 72 0.0177
849 239 49 66 0.0172
566 219 47 76 0.0163
948 120 47 78 0.0162
236 0 58 26 0.0161
835 229 43 67 0.0153
25 268 32 56 0.0112
632 130 55 70 0.0111
