3_Riot_Riot_3_542
334
172 258 20 26 0.8015
194 333 32 39 0.7993
453 397 25 35 0.7936
227 255 20 23 0.7934
69 264 22 25 0.7731
101 255 17 21 0.7603
140 256 18 19 0.7301
124 258 14 18 0.6025
295 253 14 17 0.5655
360 261 15 23 0.5592
615 257 11 15 0.5490
897 267 14 16 0.5435
578 255 12 15 0.5206
0 263 18 27 0.5179
418 269 14 16 0.4945
399 272 12 14 0.4945
333 239 12 14 0.4915
628 268 12 15 0.4562
941 262 22 26 0.4468
310 271 17 21 0.4091
425 387 27 29 0.3895
539 254 11 14 0.3776
805 272 12 16 0.3767
841 271 13 17 0.3688
458 258 12 16 0.3613
1011 269 12 16 0.3596
397 246 10 13 0.3588
668 255 11 14 0.3558
829 260 12 16 0.3388
420 248 11 14 0.3347
721 257 11 13 0.3264
744 271 10 13 0.3185
725 257 10 13 0.3093
476 248 10 12 0.3092
416 269 13 16 0.3073
315 272 15 20 0.2841
770 262 11 14 0.2715
493 268 9 12 0.2699
768 261 12 14 0.2659
437 249 12 14 0.2614
628 226 7 10 0.2589
962 140 9 11 0.2582
479 247 10 12 0.2498
688 258 11 13 0.2495
671 256 11 13 0.2452
699 273 12 15 0.2390
75 182 12 13 0.2369
393 232 7 9 0.2355
593 258 10 14 0.2354
396 232 8 9 0.2308
645 257 9 12 0.2268
553 228 8 10 0.2262
868 155 7 9 0.2218
624 226 7 10 0.2207
418 248 10 13 0.2196
366 258 13 17 0.2189
864 155 7 9 0.2176
959 140 9 11 0.2176
142 184 10 12 0.2167
395 246 9 12 0.2145
549 228 9 11 0.2135
496 268 9 12 0.2095
337 239 10 13 0.2088
631 268 12 15 0.2028
638 231 9 11 0.2022
478 271 11 14 0.2013
454 246 9 11 0.1998
436 247 11 14 0.1991
830 261 13 16 0.1981
965 140 8 11 0.1976
511 251 9 12 0.1954
16 186 10 11 0.1953
508 252 9 12 0.1894
595 259 11 13 0.1889
696 275 12 14 0.1883
458 246 9 11 0.1869
145 184 10 12 0.1852
843 272 13 17 0.1797
648 257 9 12 0.1734
422 388 26 27 0.1714
807 273 12 15 0.1708
20 186 9 11 0.1705
17 187 10 12 0.1696
362 258 14 20 0.1690
696 273 11 15 0.1651
747 271 10 13 0.1598
542 256 12 14 0.1527
422 249 11 13 0.1526
73 182 10 12 0.1463
253 264 16 18 0.1462
700 275 11 14 0.1443
617 257 12 15 0.1434
348 230 8 11 0.1433
597 223 7 9 0.1394
760 260 10 13 0.1375
21 187 9 11 0.1316
796 256 11 13 0.1295
929 321 18 29 0.1238
312 271 16 21 0.1230
626 226 8 9 0.1228
594 223 7 9 0.1225
773 262 10 13 0.1206
900 267 13 16 0.1206
493 236 7 9 0.1194
356 236 7 9 0.1180
496 237 7 9 0.1176
353 236 8 9 0.1166
299 253 13 15 0.1154
320 254 10 12 0.1138
207 244 15 20 0.1126
498 248 8 11 0.1114
182 190 9 10 0.1062
130 190 10 11 0.1056
656 246 10 11 0.1042
3 263 19 27 0.1035
508 250 9 12 0.1034
323 228 9 10 0.1012
47 274 19 30 0.0995
859 251 13 17 0.0979
454 254 12 16 0.0965
372 225 6 8 0.0961
374 225 7 8 0.0949
624 225 7 10 0.0942
891 264 12 16 0.0934
313 243 10 13 0.0932
378 241 9 10 0.0917
180 190 8 11 0.0899
208 246 16 21 0.0891
1004 266 14 18 0.0887
827 262 12 15 0.0873
927 318 18 30 0.0871
803 272 11 15 0.0846
127 258 14 19 0.0841
826 260 12 15 0.0837
418 249 11 13 0.0835
144 184 10 13 0.0827
213 245 13 19 0.0826
926 321 16 28 0.0801
706 249 9 10 0.0799
595 258 10 14 0.0794
478 273 12 14 0.0793
346 229 7 10 0.0788
840 273 12 16 0.0786
505 266 9 12 0.0752
568 241 10 12 0.0736
592 262 10 12 0.0733
460 260 13 16 0.0730
639 233 8 10 0.0716
676 241 7 9 0.0703
297 217 8 11 0.0689
599 225 6 8 0.0674
887 260 11 15 0.0670
845 252 12 14 0.0669
331 210 6 7 0.0645
328 210 6 6 0.0637
672 241 8 9 0.0610
535 255 10 14 0.0609
635 233 8 10 0.0608
482 273 10 13 0.0600
44 256 13 18 0.0592
127 191 9 10 0.0591
670 239 7 9 0.0571
746 273 10 12 0.0567
493 266 9 12 0.0566
294 217 8 11 0.0562
673 240 7 9 0.0537
47 257 13 17 0.0533
370 224 6 9 0.0532
618 239 9 11 0.0527
709 250 9 11 0.0520
595 225 7 8 0.0518
804 274 11 14 0.0513
646 258 9 12 0.0502
364 262 14 21 0.0501
896 243 12 14 0.0496
463 259 11 13 0.0492
595 263 10 12 0.0479
937 263 20 25 0.0475
850 242 11 13 0.0448
551 227 8 10 0.0448
775 260 11 14 0.0444
853 242 12 14 0.0443
581 239 8 10 0.0440
441 245 9 11 0.0437
180 189 8 10 0.0434
308 270 17 22 0.0429
804 255 11 13 0.0428
827 261 12 15 0.0420
259 263 14 16 0.0417
443 242 8 9 0.0415
329 240 11 13 0.0407
345 257 12 17 0.0407
401 273 11 14 0.0400
838 242 10 12 0.0400
542 256 11 14 0.0399
664 335 12 13 0.0399
446 240 8 9 0.0399
960 139 9 10 0.0398
494 238 7 10 0.0397
77 185 11 11 0.0396
301 209 7 9 0.0394
395 249 9 11 0.0392
333 210 6 8 0.0385
398 248 10 11 0.0378
577 243 9 11 0.0377
568 239 10 12 0.0374
214 248 13 19 0.0374
278 257 12 16 0.0368
298 209 7 10 0.0357
692 259 10 11 0.0349
671 257 10 12 0.0339
944 270 19 22 0.0333
580 236 8 10 0.0327
363 259 14 19 0.0325
959 139 9 12 0.0318
456 260 12 16 0.0315
617 259 11 13 0.0309
749 273 9 12 0.0308
15 248 13 15 0.0304
672 241 8 9 0.0303
575 256 11 14 0.0302
394 234 8 10 0.0300
147 185 9 12 0.0299
575 254 11 15 0.0295
316 241 10 13 0.0291
358 237 9 10 0.0290
338 238 10 13 0.0287
51 280 17 26 0.0286
1006 264 15 18 0.0284
551 260 10 11 0.0281
430 385 25 32 0.0277
478 249 9 11 0.0274
530 264 10 12 0.0273
568 239 9 10 0.0269
641 233 8 9 0.0267
875 247 9 12 0.0264
687 262 10 13 0.0263
636 230 8 10 0.0262
772 261 12 14 0.0261
935 258 16 21 0.0260
79 183 9 11 0.0260
265 276 14 19 0.0259
657 272 11 13 0.0257
879 247 8 12 0.0253
866 153 8 9 0.0253
299 214 8 11 0.0244
1014 270 10 18 0.0242
969 273 18 24 0.0238
698 252 9 10 0.0237
140 185 10 11 0.0237
896 242 9 9 0.0237
851 241 11 13 0.0236
1001 262 11 14 0.0234
747 270 10 11 0.0233
660 272 11 13 0.0232
742 273 10 11 0.0226
73 185 11 11 0.0225
658 334 12 14 0.0223
78 183 10 11 0.0222
900 264 13 17 0.0221
12 250 17 23 0.0217
480 248 10 11 0.0212
294 216 9 11 0.0209
616 283 13 16 0.0209
184 190 8 11 0.0208
278 261 12 15 0.0206
255 254 16 20 0.0204
863 153 7 9 0.0203
924 319 15 27 0.0200
394 230 7 9 0.0199
292 255 13 16 0.0197
440 281 12 16 0.0195
945 260 21 26 0.0195
426 382 27 33 0.0194
53 275 19 27 0.0193
392 230 7 8 0.0190
260 265 12 16 0.0189
443 282 12 15 0.0178
144 256 17 19 0.0178
596 221 7 9 0.0177
871 250 12 16 0.0176
657 237 9 10 0.0175
548 226 7 10 0.0174
550 230 9 11 0.0172
964 138 8 11 0.0172
625 229 8 9 0.0170
723 258 11 13 0.0166
419 247 9 10 0.0166
886 263 11 14 0.0163
19 243 14 18 0.0159
899 246 11 13 0.0158
512 254 10 12 0.0156
649 259 9 12 0.0153
184 189 8 10 0.0148
255 246 15 17 0.0147
41 273 20 30 0.0147
457 245 8 9 0.0144
847 260 13 15 0.0142
581 259 11 14 0.0141
138 184 10 13 0.0141
332 237 11 14 0.0140
326 212 8 9 0.0138
938 273 16 19 0.0137
648 222 8 9 0.0136
274 257 13 16 0.0135
670 334 9 13 0.0134
809 232 9 12 0.0132
476 247 8 11 0.0130
813 233 8 12 0.0127
441 255 10 13 0.0126
343 258 12 16 0.0121
894 242 8 9 0.0121
601 242 10 12 0.0121
898 242 9 11 0.0118
996 245 11 13 0.0117
869 155 8 9 0.0117
258 273 17 21 0.0115
107 256 16 19 0.0114
416 265 13 16 0.0114
333 211 6 8 0.0113
319 229 9 10 0.0112
835 239 10 11 0.0110
832 240 11 13 0.0107
669 336 10 12 0.0106
865 157 7 9 0.0105
1 261 13 21 0.0104
933 263 15 20 0.0104
212 254 15 19 0.0104
220 273 13 17 0.0102
816 252 10 13 0.0102
1 266 20 33 0.0102
16 248 15 20 0.0101
127 188 9 10 0.0101
576 261 10 11 0.0101
