3_Riot_Riot_3_415
68
390 265 24 30 0.7313
713 234 18 30 0.7217
842 416 27 37 0.7181
441 223 19 30 0.6926
138 208 24 28 0.6619
518 267 21 28 0.6460
659 300 19 31 0.6451
288 237 19 30 0.6010
749 259 21 28 0.5960
655 243 15 27 0.5323
800 237 16 27 0.4598
906 216 21 31 0.4516
552 258 16 26 0.3971
978 359 18 30 0.3351
797 237 16 27 0.3231
976 359 17 30 0.3137
311 282 22 28 0.2569
308 281 21 28 0.1941
555 258 17 26 0.1840
515 267 20 28 0.1625
906 216 17 26 0.1503
746 260 18 26 0.1132
212 264 19 26 0.1064
656 300 18 31 0.1041
150 284 20 21 0.0814
509 249 19 32 0.0746
658 243 16 27 0.0740
225 275 21 24 0.0681
146 277 19 24 0.0649
440 223 16 30 0.0632
212 269 23 28 0.0629
144 275 15 24 0.0580
352 299 26 20 0.0382
895 244 17 26 0.0359
285 236 17 30 0.0303
866 389 20 25 0.0300
146 282 17 22 0.0241
226 278 23 26 0.0236
209 264 16 24 0.0228
233 276 19 23 0.0222
896 230 18 31 0.0211
221 268 21 25 0.0204
507 257 14 25 0.0202
901 218 19 32 0.0199
860 386 19 29 0.0195
662 451 18 27 0.0195
551 257 13 25 0.0189
208 270 19 24 0.0188
903 219 19 33 0.0172
304 277 19 30 0.0167
620 310 19 31 0.0166
350 293 25 23 0.0162
227 274 25 28 0.0160
151 279 24 26 0.0152
547 258 16 28 0.0148
510 242 17 28 0.0146
153 286 27 23 0.0143
652 242 14 28 0.0142
360 297 24 21 0.0138
287 240 16 28 0.0138
216 274 27 29 0.0130
895 251 18 28 0.0114
617 311 17 29 0.0113
873 393 24 23 0.0112
899 242 18 28 0.0111
911 217 22 31 0.0108
698 291 22 37 0.0106
210 260 21 28 0.0102
