3_Riot_Riot_3_199
479
62 290 40 55 0.8421
979 330 27 41 0.8259
111 264 33 50 0.8020
330 178 20 24 0.7714
857 251 20 31 0.7660
426 313 33 42 0.7581
193 229 25 33 0.7533
84 156 18 22 0.7384
112 118 16 18 0.7360
717 181 14 18 0.6697
396 194 21 24 0.6696
923 191 14 20 0.6691
958 179 16 20 0.6592
1011 186 13 22 0.6336
974 195 16 19 0.6161
770 182 15 18 0.5909
793 172 15 17 0.5577
847 174 12 16 0.5508
818 187 14 20 0.5374
92 90 12 15 0.5334
857 202 14 20 0.4929
528 184 16 19 0.4745
663 170 12 16 0.4701
895 188 16 20 0.4646
756 172 13 15 0.4524
606 170 13 17 0.4125
637 159 11 15 0.3797
897 188 16 20 0.3650
1013 187 11 22 0.3574
999 159 9 11 0.3486
530 184 17 19 0.3430
679 161 11 15 0.3355
609 170 13 17 0.3231
63 111 13 15 0.3207
484 275 23 29 0.3184
634 160 10 14 0.3109
898 219 14 18 0.3060
855 202 13 20 0.3005
476 145 11 15 0.2995
871 190 12 16 0.2981
820 187 15 20 0.2915
660 171 12 15 0.2822
872 190 14 18 0.2719
884 164 10 14 0.2623
146 108 10 13 0.2529
715 165 10 13 0.2239
255 71 6 9 0.2175
390 109 9 10 0.2100
393 109 10 10 0.2098
848 155 10 13 0.2064
143 84 9 12 0.2027
994 196 12 15 0.2007
982 155 9 13 0.2005
251 71 7 9 0.1993
275 73 6 8 0.1980
51 60 6 8 0.1927
27 54 6 8 0.1921
164 171 13 18 0.1918
824 167 12 14 0.1894
375 110 9 10 0.1894
304 172 16 19 0.1872
54 61 6 7 0.1852
150 109 9 12 0.1847
615 151 10 13 0.1818
537 140 10 12 0.1796
934 177 11 15 0.1765
849 174 12 16 0.1759
411 156 13 16 0.1752
833 170 10 13 0.1643
555 137 9 11 0.1639
721 136 8 10 0.1635
1007 170 8 10 0.1603
978 155 10 13 0.1595
24 55 6 7 0.1586
467 149 11 13 0.1577
539 140 10 14 0.1561
165 63 5 8 0.1551
278 73 6 8 0.1544
375 157 12 13 0.1489
138 64 8 9 0.1482
787 225 15 19 0.1448
784 225 14 19 0.1440
936 178 12 16 0.1437
135 64 7 9 0.1433
985 186 14 16 0.1422
853 157 11 12 0.1391
712 165 10 13 0.1367
528 137 9 12 0.1358
146 83 8 12 0.1356
479 145 12 15 0.1314
95 90 12 15 0.1314
827 165 10 13 0.1310
715 167 12 13 0.1303
79 120 14 18 0.1297
760 173 11 15 0.1289
201 136 11 18 0.1261
701 170 9 12 0.1249
684 162 10 14 0.1232
724 135 7 10 0.1214
578 161 13 14 0.1174
548 162 11 14 0.1167
813 166 9 11 0.1159
698 170 9 13 0.1156
559 138 9 10 0.1122
167 63 6 8 0.1117
26 54 6 8 0.1112
786 161 9 12 0.1106
1004 169 9 11 0.1054
773 181 14 19 0.1030
674 157 10 16 0.1010
633 134 10 11 0.1007
584 157 13 14 0.0994
280 143 10 14 0.0978
276 143 11 14 0.0973
61 111 12 14 0.0971
197 136 12 18 0.0942
789 161 10 11 0.0938
23 54 6 7 0.0927
504 142 11 14 0.0925
507 142 11 14 0.0916
637 134 9 11 0.0906
822 166 11 13 0.0900
885 165 12 15 0.0894
997 158 8 11 0.0883
881 164 10 14 0.0853
168 63 6 8 0.0851
60 95 10 11 0.0845
368 174 15 22 0.0830
57 95 9 11 0.0825
846 154 9 12 0.0814
907 174 13 15 0.0804
785 228 14 17 0.0799
981 154 9 12 0.0786
753 172 11 15 0.0783
67 110 12 14 0.0781
608 137 9 11 0.0774
751 149 8 9 0.0773
391 149 15 16 0.0755
387 155 13 14 0.0753
734 129 7 8 0.0747
447 139 10 12 0.0742
388 150 13 15 0.0730
978 195 15 19 0.0729
139 65 8 9 0.0716
612 137 9 12 0.0715
684 200 10 14 0.0715
545 161 11 15 0.0694
909 160 11 12 0.0691
165 64 6 8 0.0686
525 137 9 11 0.0684
470 182 19 25 0.0676
83 120 14 18 0.0675
91 89 11 15 0.0673
949 166 10 13 0.0673
491 117 9 11 0.0669
334 117 14 16 0.0667
978 154 9 12 0.0648
825 166 11 14 0.0645
587 139 9 11 0.0633
218 168 17 23 0.0624
733 162 9 12 0.0621
196 138 14 19 0.0616
415 157 13 17 0.0613
674 152 8 11 0.0604
136 66 7 9 0.0603
617 153 11 14 0.0603
535 141 10 13 0.0601
926 192 13 19 0.0587
260 90 6 8 0.0587
687 200 10 14 0.0587
671 152 8 11 0.0578
490 115 9 12 0.0577
737 129 6 8 0.0575
280 117 10 12 0.0560
757 157 10 13 0.0555
180 111 10 12 0.0551
887 163 11 14 0.0548
700 168 10 13 0.0548
583 138 9 12 0.0539
156 92 9 11 0.0535
871 146 10 11 0.0530
949 166 8 11 0.0519
345 212 18 26 0.0516
463 99 7 7 0.0516
372 175 15 22 0.0513
276 117 10 12 0.0513
934 165 9 11 0.0510
623 152 11 13 0.0509
160 172 14 17 0.0509
740 148 7 9 0.0484
496 114 9 12 0.0474
49 85 8 9 0.0461
743 149 7 8 0.0456
901 219 14 18 0.0456
798 173 12 16 0.0455
985 175 11 13 0.0455
61 111 13 16 0.0451
512 170 15 20 0.0447
54 62 7 7 0.0446
253 70 7 9 0.0446
444 138 10 13 0.0436
465 132 10 13 0.0434
390 155 14 15 0.0431
850 155 9 12 0.0425
524 137 9 12 0.0422
309 99 9 11 0.0418
129 246 30 45 0.0413
720 133 7 9 0.0412
347 158 14 17 0.0412
343 208 17 29 0.0412
737 130 7 9 0.0409
202 139 12 17 0.0407
263 90 7 9 0.0401
540 140 10 12 0.0398
931 165 8 11 0.0398
882 166 10 14 0.0397
408 154 13 16 0.0395
448 141 10 13 0.0393
363 146 11 14 0.0391
880 165 11 14 0.0391
874 189 14 18 0.0390
177 122 11 14 0.0388
141 85 10 12 0.0387
707 148 9 11 0.0382
675 162 12 15 0.0382
228 64 7 9 0.0382
931 171 10 13 0.0381
256 130 12 14 0.0379
59 94 10 12 0.0379
212 175 17 25 0.0377
118 80 10 10 0.0376
103 191 21 29 0.0375
171 260 28 39 0.0373
224 168 16 20 0.0372
588 140 10 11 0.0370
261 91 7 8 0.0364
296 106 11 14 0.0363
694 131 9 11 0.0362
334 112 13 15 0.0355
583 140 10 12 0.0355
543 143 9 12 0.0352
220 164 14 17 0.0349
359 110 9 12 0.0346
467 150 10 13 0.0345
377 111 8 10 0.0344
875 189 11 16 0.0339
760 158 10 12 0.0336
406 112 8 10 0.0335
50 62 6 8 0.0332
250 69 7 9 0.0331
108 191 18 27 0.0330
159 92 8 10 0.0329
1003 163 10 13 0.0328
496 106 8 9 0.0327
212 143 12 15 0.0325
665 132 8 10 0.0323
491 105 8 9 0.0320
278 74 6 8 0.0320
561 138 9 11 0.0319
379 112 8 10 0.0319
278 115 9 12 0.0318
568 124 8 9 0.0316
487 274 24 31 0.0316
392 107 9 10 0.0314
496 116 9 11 0.0312
430 268 21 25 0.0311
910 154 9 11 0.0308
207 177 17 24 0.0308
504 140 10 13 0.0306
750 147 7 9 0.0305
429 99 7 8 0.0304
299 171 17 20 0.0299
754 171 11 14 0.0298
931 168 11 12 0.0295
46 84 8 10 0.0294
374 130 11 13 0.0293
906 163 11 13 0.0289
432 99 7 7 0.0289
578 163 14 17 0.0289
852 200 12 18 0.0288
717 165 11 14 0.0285
54 60 6 8 0.0284
224 63 7 9 0.0283
144 86 9 11 0.0282
439 178 14 18 0.0282
373 108 8 11 0.0281
230 65 7 9 0.0277
444 140 10 13 0.0276
449 99 6 7 0.0276
275 74 6 8 0.0276
313 99 8 10 0.0273
183 111 9 11 0.0272
274 71 6 9 0.0272
160 115 11 15 0.0270
413 158 14 18 0.0269
205 109 10 12 0.0269
140 84 10 12 0.0266
1007 168 9 10 0.0266
956 176 16 19 0.0266
473 145 10 13 0.0266
116 79 8 9 0.0265
697 131 8 10 0.0264
960 154 7 9 0.0261
742 162 10 12 0.0261
137 65 8 9 0.0261
721 182 12 17 0.0261
960 155 9 10 0.0255
955 180 14 18 0.0255
444 139 11 14 0.0255
545 163 12 15 0.0252
466 98 7 9 0.0251
571 125 8 9 0.0249
164 64 6 8 0.0248
51 59 6 8 0.0248
649 141 10 11 0.0247
342 118 10 13 0.0245
158 91 9 11 0.0245
527 117 7 9 0.0245
781 164 11 14 0.0245
279 140 10 14 0.0244
472 185 22 27 0.0244
723 137 8 10 0.0242
428 156 14 16 0.0240
338 114 12 15 0.0240
175 238 26 35 0.0239
366 146 12 14 0.0239
391 110 9 10 0.0237
389 106 9 11 0.0234
575 163 11 14 0.0234
59 93 9 10 0.0233
226 65 7 9 0.0233
454 151 10 12 0.0232
291 95 8 11 0.0232
844 155 8 11 0.0231
160 169 15 19 0.0230
356 110 9 12 0.0229
853 203 14 19 0.0228
494 116 8 11 0.0227
437 174 14 19 0.0225
694 130 7 9 0.0225
382 171 16 21 0.0225
797 169 13 16 0.0225
955 169 11 14 0.0223
174 121 10 14 0.0219
177 246 22 31 0.0218
277 71 6 8 0.0218
592 138 9 12 0.0217
404 115 9 11 0.0215
274 114 9 13 0.0214
872 147 9 10 0.0214
382 176 17 23 0.0212
162 112 10 13 0.0211
527 115 7 8 0.0211
461 97 6 8 0.0210
305 81 6 9 0.0210
373 110 9 11 0.0209
199 59 7 10 0.0209
225 164 13 16 0.0209
410 163 14 17 0.0208
118 119 12 17 0.0207
660 133 9 11 0.0206
183 112 9 12 0.0206
714 182 12 16 0.0206
914 153 8 10 0.0204
66 113 13 14 0.0201
378 130 9 12 0.0200
169 170 12 19 0.0200
141 109 11 14 0.0199
641 137 9 10 0.0198
610 146 10 14 0.0197
365 143 12 15 0.0196
531 114 7 9 0.0195
254 111 10 13 0.0193
240 119 10 14 0.0192
697 129 7 9 0.0192
306 174 18 21 0.0191
550 180 13 18 0.0191
635 133 9 10 0.0189
524 117 8 10 0.0188
786 160 9 9 0.0187
751 131 6 8 0.0187
156 110 10 13 0.0186
796 158 9 10 0.0185
244 120 10 14 0.0185
408 114 8 10 0.0184
876 191 12 16 0.0183
81 116 13 18 0.0182
294 96 9 11 0.0182
908 155 8 11 0.0181
691 149 9 11 0.0181
613 133 8 9 0.0180
683 163 11 16 0.0177
956 154 8 9 0.0172
467 184 19 23 0.0172
470 150 10 13 0.0170
252 130 11 14 0.0169
390 146 13 15 0.0168
566 138 8 11 0.0168
760 156 9 10 0.0167
202 59 8 10 0.0166
463 99 6 7 0.0166
399 194 20 23 0.0162
663 132 7 9 0.0162
301 81 7 8 0.0162
632 133 8 10 0.0161
90 91 11 14 0.0161
464 182 14 21 0.0158
165 174 15 21 0.0155
501 143 10 12 0.0154
443 178 16 19 0.0153
308 169 16 20 0.0153
980 159 10 12 0.0153
653 158 12 15 0.0152
922 189 13 21 0.0152
131 243 25 41 0.0152
301 104 10 13 0.0151
749 198 10 13 0.0151
475 143 10 13 0.0151
746 198 11 13 0.0151
736 184 11 13 0.0150
281 141 11 14 0.0150
283 115 9 12 0.0148
814 187 12 18 0.0146
789 227 15 18 0.0145
815 149 7 9 0.0145
302 80 7 8 0.0144
351 215 21 23 0.0139
358 116 11 15 0.0137
573 162 11 14 0.0136
0 56 6 9 0.0136
464 129 9 12 0.0135
618 141 10 12 0.0134
263 90 8 9 0.0134
870 145 9 10 0.0134
753 132 7 8 0.0134
589 125 9 10 0.0134
441 175 15 19 0.0134
658 132 8 9 0.0134
515 168 12 16 0.0133
696 136 8 9 0.0132
297 78 7 8 0.0132
48 58 6 7 0.0131
415 153 12 16 0.0130
611 154 11 14 0.0129
241 117 10 13 0.0129
56 61 6 7 0.0128
452 125 9 10 0.0126
205 171 19 25 0.0124
459 98 5 7 0.0123
211 139 12 15 0.0123
479 142 10 13 0.0122
570 123 7 9 0.0121
272 73 7 9 0.0120
689 135 9 10 0.0119
672 149 9 10 0.0118
271 116 10 12 0.0117
447 100 6 7 0.0116
976 192 16 19 0.0114
109 186 18 26 0.0114
858 227 14 17 0.0112
312 98 8 10 0.0112
113 80 8 9 0.0111
609 133 8 9 0.0110
969 196 14 17 0.0110
549 132 9 10 0.0110
61 114 11 14 0.0110
27 56 7 8 0.0109
328 118 13 16 0.0107
388 157 13 16 0.0107
243 115 9 12 0.0107
476 182 21 24 0.0107
253 128 11 14 0.0106
139 248 27 41 0.0106
274 140 11 14 0.0106
859 234 16 22 0.0105
899 216 16 20 0.0105
205 138 12 17 0.0104
281 73 7 9 0.0102
213 168 16 21 0.0102
