44_Aerobics_Aerobics_44_167
40
272 306 70 95 0.8803
884 321 59 74 0.8766
883 496 141 177 0.8709
374 283 30 39 0.8652
792 271 37 50 0.8538
924 243 22 29 0.8405
610 306 28 34 0.8326
177 279 24 27 0.8111
683 267 22 30 0.8050
378 264 21 23 0.7653
724 265 17 20 0.7380
958 260 16 19 0.6778
573 245 17 19 0.6284
846 232 15 21 0.5152
1007 268 15 21 0.5062
844 232 15 21 0.4884
747 245 15 18 0.4757
772 271 23 33 0.4444
881 260 11 15 0.4178
749 244 15 19 0.4089
770 271 21 31 0.4006
575 246 17 19 0.2856
957 260 15 19 0.2101
1003 268 15 21 0.1506
879 260 11 15 0.1130
883 261 11 15 0.0780
880 262 10 14 0.0529
993 263 10 15 0.0485
1001 251 7 8 0.0383
885 260 10 13 0.0375
1001 251 9 12 0.0365
1008 269 16 21 0.0347
720 264 18 21 0.0317
992 260 10 14 0.0303
662 244 9 14 0.0251
659 244 9 14 0.0188
1004 264 16 20 0.0186
1003 270 17 20 0.0152
986 262 11 14 0.0127
1000 251 7 8 0.0113
