44_Aerobics_Aerobics_44_127
33
783 251 37 55 0.8602
614 288 22 27 0.7512
93 271 30 45 0.7493
714 240 25 34 0.7028
198 285 18 25 0.5286
291 307 11 19 0.3612
534 304 12 21 0.3434
195 284 18 27 0.2070
659 263 19 24 0.1877
289 308 11 17 0.1858
532 304 11 21 0.1719
241 294 11 19 0.0773
484 289 13 19 0.0627
317 309 9 15 0.0531
657 264 16 23 0.0487
482 289 11 17 0.0406
313 308 10 16 0.0388
238 294 10 19 0.0238
288 311 11 17 0.0237
478 314 9 15 0.0217
480 314 9 15 0.0210
243 298 11 18 0.0209
289 309 12 18 0.0209
501 267 11 16 0.0200
658 289 21 24 0.0196
662 274 18 22 0.0187
531 307 12 21 0.0175
319 312 9 15 0.0172
240 299 9 16 0.0172
497 267 10 14 0.0121
314 311 10 15 0.0119
664 260 19 25 0.0115
660 296 20 23 0.0105
