44_Aerobics_Aerobics_44_216
53
727 64 21 33 0.7851
576 135 20 32 0.5370
791 79 16 19 0.4940
80 471 14 17 0.4348
234 392 14 15 0.4087
679 133 16 19 0.3810
84 471 13 17 0.3491
153 387 18 30 0.3294
794 80 16 18 0.3124
324 339 14 15 0.3003
222 411 14 16 0.2908
127 480 12 14 0.2812
237 392 15 15 0.2708
839 18 16 20 0.2478
323 338 14 15 0.2417
327 338 13 14 0.2401
836 18 15 20 0.2103
676 132 15 18 0.1870
226 411 13 16 0.1760
334 248 26 37 0.1691
1006 0 17 18 0.1640
578 135 20 33 0.1475
123 480 12 15 0.1443
838 16 15 19 0.1320
332 247 25 38 0.1208
331 246 24 39 0.1154
125 479 12 14 0.1129
571 172 17 21 0.1108
157 388 18 29 0.1009
1001 0 18 18 0.0904
327 339 14 15 0.0891
682 135 17 18 0.0808
567 171 16 22 0.0561
318 364 14 16 0.0492
738 92 17 20 0.0418
836 16 13 19 0.0383
222 413 15 18 0.0370
763 62 13 20 0.0363
577 136 20 32 0.0331
479 234 12 19 0.0294
482 236 14 17 0.0262
314 365 12 14 0.0245
481 231 13 20 0.0209
674 132 16 20 0.0209
151 383 16 30 0.0198
156 393 17 26 0.0177
580 137 19 31 0.0168
478 231 11 19 0.0166
797 80 13 17 0.0154
316 361 13 17 0.0138
759 61 14 22 0.0117
579 174 15 18 0.0104
795 79 16 18 0.0103
