44_Aerobics_Aerobics_44_329
30
682 318 21 29 0.4955
945 250 15 21 0.4766
873 291 17 26 0.4270
329 70 15 21 0.3805
875 290 18 27 0.3799
680 318 20 28 0.3569
325 70 15 21 0.2567
319 333 12 21 0.2360
820 257 12 19 0.2310
678 247 12 21 0.1918
327 70 15 21 0.1900
942 249 15 21 0.1834
681 248 13 20 0.1649
942 250 13 20 0.0858
316 333 11 21 0.0709
802 331 13 24 0.0646
798 330 12 23 0.0620
823 256 14 20 0.0496
817 257 11 19 0.0427
628 277 12 20 0.0399
683 247 12 20 0.0314
822 253 14 21 0.0240
676 248 13 21 0.0177
805 337 13 23 0.0170
948 249 16 21 0.0165
509 291 12 20 0.0148
685 250 13 19 0.0148
506 291 11 20 0.0129
801 335 13 25 0.0111
678 250 11 18 0.0106
