44_Aerobics_Aerobics_44_194
39
475 483 37 25 0.4049
462 139 12 14 0.3582
465 139 10 14 0.2482
645 101 9 13 0.2054
460 139 11 14 0.1924
648 101 9 13 0.1825
645 156 12 16 0.1519
649 157 12 14 0.1383
423 153 10 12 0.0943
399 158 10 13 0.0526
403 159 9 12 0.0481
643 99 10 13 0.0467
671 159 10 12 0.0422
422 152 9 12 0.0388
946 143 9 12 0.0377
647 99 9 13 0.0376
943 143 9 12 0.0345
675 159 9 11 0.0337
512 302 12 13 0.0314
427 154 9 12 0.0240
653 220 11 14 0.0239
646 100 11 13 0.0229
650 220 10 14 0.0198
434 314 11 13 0.0171
419 153 10 12 0.0160
648 154 11 14 0.0157
502 309 12 13 0.0149
645 160 13 16 0.0146
517 301 10 13 0.0140
420 152 8 12 0.0138
15 472 28 21 0.0136
584 332 16 18 0.0125
502 330 13 19 0.0121
550 310 10 12 0.0121
401 161 10 11 0.0120
670 163 12 14 0.0117
508 306 13 13 0.0110
515 303 11 13 0.0105
566 256 10 15 0.0102
