44_Aerobics_Aerobics_44_343
51
289 180 38 49 0.8418
591 173 30 43 0.8287
896 198 23 32 0.7600
388 160 21 28 0.7264
763 172 16 21 0.4856
946 236 13 17 0.4437
797 177 13 16 0.3914
800 177 13 16 0.3396
759 171 17 22 0.2778
689 170 10 13 0.2714
930 159 14 16 0.2570
685 170 10 13 0.2493
666 163 9 13 0.2489
926 158 14 17 0.2169
662 164 10 11 0.2011
943 235 14 17 0.1719
929 158 13 16 0.1542
656 185 15 16 0.1449
821 198 12 16 0.1402
943 236 13 16 0.1349
574 177 14 22 0.1302
926 158 12 16 0.0998
660 184 15 18 0.0981
655 184 13 15 0.0796
844 191 13 16 0.0585
659 183 13 16 0.0581
385 160 22 28 0.0504
824 199 11 15 0.0438
1018 180 6 20 0.0379
1019 207 5 24 0.0374
818 196 13 17 0.0333
1018 199 6 25 0.0324
1019 184 5 23 0.0301
570 177 13 21 0.0295
836 172 12 16 0.0277
818 199 11 15 0.0221
1001 227 14 19 0.0194
834 169 12 16 0.0183
664 163 9 11 0.0181
857 186 14 17 0.0162
576 177 19 29 0.0160
949 235 12 16 0.0153
960 259 12 16 0.0147
667 164 9 12 0.0137
823 195 12 15 0.0137
691 171 9 13 0.0125
856 182 14 16 0.0124
570 176 18 28 0.0122
654 184 12 16 0.0121
839 173 11 15 0.0119
1017 226 7 19 0.0102
