44_Aerobics_Aerobics_44_246
84
658 638 61 76 0.8814
273 606 58 73 0.8785
790 1026 38 44 0.8557
776 643 57 70 0.8253
241 1177 22 29 0.4645
245 1177 21 28 0.4439
346 218 15 24 0.3837
105 1204 13 17 0.3506
13 1202 12 15 0.3361
321 1217 11 13 0.3284
9 1202 12 15 0.3204
124 43 52 90 0.3178
102 1204 12 16 0.3009
1 251 13 16 0.2963
317 1217 11 13 0.2942
880 149 10 13 0.2859
5 251 13 16 0.2727
883 149 10 13 0.2655
497 1152 22 58 0.2598
556 177 30 41 0.2002
560 183 27 36 0.1992
185 1210 8 10 0.1754
78 1209 8 12 0.1647
190 1210 7 10 0.1624
82 1209 9 13 0.1600
188 1210 8 10 0.1549
79 1210 9 12 0.1545
638 197 13 18 0.1381
342 219 15 23 0.1374
634 197 14 18 0.1311
776 643 57 70 0.1210
134 42 44 91 0.1183
545 176 32 43 0.1042
403 1208 9 12 0.1005
503 1153 19 56 0.0996
809 190 13 19 0.0947
192 1210 7 10 0.0942
401 1208 8 11 0.0893
406 1208 8 12 0.0789
550 180 31 40 0.0775
387 197 12 16 0.0705
385 195 10 13 0.0675
691 183 16 23 0.0649
401 1210 9 11 0.0636
409 210 11 14 0.0636
5 250 12 16 0.0628
382 195 9 12 0.0569
0 250 12 16 0.0566
108 1206 11 16 0.0557
683 179 19 26 0.0536
405 209 11 15 0.0524
381 198 12 14 0.0510
406 212 12 15 0.0414
391 196 10 14 0.0373
881 148 9 12 0.0344
813 189 12 18 0.0340
351 219 13 21 0.0332
559 169 25 31 0.0330
320 1215 9 13 0.0317
501 1153 18 56 0.0303
804 188 13 19 0.0279
9 1204 12 15 0.0253
14 1204 12 15 0.0246
220 1191 14 19 0.0243
341 221 16 22 0.0223
382 197 12 15 0.0219
184 1211 8 9 0.0198
411 213 11 13 0.0183
317 1216 9 13 0.0160
189 1207 8 11 0.0159
812 193 12 17 0.0156
182 1209 8 10 0.0153
637 197 12 14 0.0148
407 1207 9 13 0.0137
883 150 9 11 0.0131
553 179 30 40 0.0130
266 202 11 17 0.0128
81 1207 9 12 0.0118
635 196 14 19 0.0116
45 0 30 29 0.0113
127 42 51 91 0.0112
271 201 12 18 0.0107
813 190 11 17 0.0105
403 1207 9 11 0.0102
