44_Aerobics_Aerobics_44_852
65
699 260 43 48 0.8729
387 274 37 43 0.8636
438 251 28 35 0.8499
237 257 27 33 0.8458
120 289 29 41 0.8456
328 222 19 24 0.8158
190 237 16 18 0.7956
92 256 22 25 0.7864
266 239 21 29 0.7661
686 238 26 35 0.7589
486 229 23 30 0.7410
0 242 13 18 0.7286
908 190 17 20 0.6966
946 200 20 26 0.6545
675 224 18 19 0.6036
846 196 15 18 0.5705
168 241 17 20 0.5367
495 202 15 18 0.5330
348 212 16 20 0.5266
222 223 15 19 0.4828
712 227 21 24 0.3957
224 223 15 19 0.3862
351 212 16 20 0.3604
944 200 21 26 0.2791
171 241 17 20 0.2563
0 276 4 29 0.2359
1019 215 5 28 0.2106
0 277 6 29 0.1681
493 202 14 17 0.1662
712 228 25 29 0.1628
287 232 15 22 0.1628
910 190 17 20 0.1183
849 196 15 18 0.1120
487 229 23 30 0.1087
625 221 17 20 0.0974
1018 212 6 31 0.0939
640 237 13 16 0.0717
280 232 18 25 0.0582
627 216 16 21 0.0386
643 237 12 14 0.0349
1 242 14 19 0.0348
119 261 12 15 0.0331
633 217 14 18 0.0249
123 262 12 13 0.0246
283 229 15 22 0.0246
1020 221 4 31 0.0232
639 230 13 16 0.0229
673 225 15 18 0.0216
284 235 16 24 0.0211
620 222 15 19 0.0192
622 219 15 19 0.0182
560 237 6 7 0.0175
537 241 7 9 0.0158
573 233 7 8 0.0156
576 233 7 8 0.0147
476 223 16 23 0.0124
287 230 14 20 0.0123
557 237 6 8 0.0119
557 236 6 8 0.0117
675 220 16 19 0.0117
641 237 16 19 0.0115
674 223 15 18 0.0112
170 241 17 21 0.0111
636 236 13 16 0.0100
836 186 9 13 0.0100
