44_Aerobics_Aerobics_44_332
113
427 305 26 32 0.8067
702 310 20 25 0.6545
384 305 13 18 0.5775
547 306 14 20 0.5655
242 288 15 21 0.5603
125 300 13 17 0.5519
178 304 22 26 0.5499
208 299 14 18 0.4946
298 303 12 16 0.4682
831 302 16 21 0.4644
22 293 14 17 0.4490
397 298 14 18 0.4461
988 303 13 16 0.4461
936 319 13 19 0.4383
751 306 13 18 0.4365
0 297 6 14 0.3989
768 295 11 13 0.3349
394 298 15 18 0.3344
747 306 14 19 0.3338
211 300 15 17 0.3016
991 303 13 15 0.2958
75 300 11 13 0.2937
535 286 12 13 0.2915
655 299 9 12 0.2901
301 303 11 15 0.2880
19 293 13 17 0.2878
334 293 7 9 0.2822
181 304 22 26 0.2666
871 302 10 12 0.2480
868 302 10 13 0.2386
78 300 10 14 0.2323
122 300 13 16 0.2276
766 295 10 13 0.2207
659 299 8 13 0.2151
74 301 10 13 0.2104
49 306 9 10 0.1931
771 295 10 12 0.1928
532 285 11 14 0.1905
53 306 8 10 0.1905
315 300 9 12 0.1614
331 292 8 10 0.1611
382 305 12 17 0.1427
940 320 12 17 0.1409
869 300 9 13 0.1216
315 298 9 10 0.1196
312 298 9 13 0.1167
543 306 15 19 0.1099
933 297 13 14 0.0910
647 295 8 11 0.0821
330 293 7 9 0.0786
531 305 11 15 0.0781
708 311 17 22 0.0750
50 305 9 10 0.0748
449 294 15 22 0.0696
537 287 11 13 0.0683
673 305 10 11 0.0675
122 300 14 16 0.0670
73 300 11 13 0.0665
247 289 12 19 0.0632
861 291 7 8 0.0611
840 300 11 14 0.0609
934 300 14 16 0.0587
446 303 17 26 0.0569
644 328 8 11 0.0567
838 301 13 17 0.0550
874 301 8 11 0.0535
657 300 9 12 0.0499
863 293 10 11 0.0488
832 299 14 20 0.0481
642 327 8 11 0.0465
874 302 9 12 0.0447
828 304 15 20 0.0389
532 287 12 14 0.0380
653 300 9 11 0.0377
237 289 15 20 0.0373
334 292 8 10 0.0340
449 301 13 19 0.0335
646 328 9 11 0.0328
832 308 15 19 0.0325
552 306 11 16 0.0316
659 300 10 13 0.0314
388 304 13 19 0.0314
239 284 16 23 0.0301
79 300 10 12 0.0294
938 298 11 13 0.0279
671 304 9 11 0.0278
0 299 7 14 0.0273
865 291 8 9 0.0267
930 296 10 13 0.0261
314 298 9 10 0.0219
54 306 8 10 0.0200
859 291 9 10 0.0196
454 294 12 17 0.0191
400 298 12 17 0.0190
266 314 13 16 0.0183
48 303 9 11 0.0175
709 309 15 21 0.0156
238 288 16 21 0.0153
260 314 13 17 0.0152
826 303 15 21 0.0147
537 286 11 13 0.0143
985 305 11 14 0.0135
645 294 7 9 0.0133
641 328 8 11 0.0131
672 306 9 12 0.0125
645 325 9 12 0.0124
771 293 10 13 0.0120
699 310 18 24 0.0115
932 296 10 12 0.0109
932 316 14 17 0.0109
26 293 11 14 0.0105
653 298 9 11 0.0104
642 295 7 9 0.0100
