2_Demonstration_Protesters_2_840
32
920 154 20 33 0.8175
791 170 21 26 0.8089
187 186 18 20 0.7612
320 172 16 24 0.7210
256 194 14 22 0.7181
103 188 19 20 0.7139
680 190 18 29 0.6869
683 191 17 27 0.2501
950 216 15 22 0.2212
954 216 14 21 0.1723
951 218 15 21 0.1205
106 189 17 19 0.0524
957 218 13 20 0.0442
1012 194 12 28 0.0310
75 194 11 15 0.0298
254 193 13 23 0.0243
324 172 16 24 0.0233
183 186 19 20 0.0226
77 196 12 15 0.0206
979 224 10 16 0.0189
1011 218 12 25 0.0160
1008 221 12 22 0.0139
976 223 10 17 0.0136
966 215 12 19 0.0128
710 172 12 16 0.0124
72 197 11 14 0.0119
1012 184 12 30 0.0114
952 212 16 22 0.0114
599 165 8 11 0.0112
71 194 11 15 0.0108
1007 198 16 28 0.0106
1009 34 12 14 0.0103
