2_Demonstration_Protesters_2_12
44
486 313 51 60 0.8661
397 266 37 42 0.8561
291 282 53 61 0.8549
414 336 46 57 0.8537
47 308 57 64 0.8532
685 280 41 52 0.8512
920 330 53 63 0.8407
595 310 46 53 0.8386
769 287 41 47 0.8327
828 331 49 60 0.8308
642 313 48 59 0.8242
373 318 52 70 0.8152
1008 312 16 56 0.8031
636 348 52 67 0.7907
176 301 52 64 0.7396
909 303 55 61 0.6997
667 583 28 56 0.5310
175 300 54 61 0.4005
822 287 30 35 0.2902
19 349 55 69 0.2683
719 308 25 30 0.2501
370 295 34 39 0.2465
821 288 32 36 0.2383
666 583 26 57 0.1361
209 290 31 40 0.1314
771 337 39 48 0.0989
330 317 40 58 0.0617
215 291 27 35 0.0576
714 301 28 37 0.0347
212 291 27 34 0.0340
719 301 23 32 0.0338
681 320 26 43 0.0324
218 292 21 30 0.0218
334 307 35 47 0.0207
463 326 33 49 0.0199
461 330 37 51 0.0168
455 334 32 47 0.0165
1018 284 6 29 0.0163
454 331 27 44 0.0161
332 319 36 47 0.0158
718 307 30 40 0.0126
770 337 28 45 0.0124
772 338 43 50 0.0122
712 306 33 42 0.0113
