2_Demonstration_Protesters_2_91
40
960 209 37 39 0.8721
341 239 25 33 0.8333
785 239 22 29 0.7925
535 241 19 21 0.7118
395 241 18 22 0.5603
814 248 20 23 0.4943
592 257 15 18 0.4316
595 257 15 18 0.4050
631 251 14 18 0.4018
663 272 14 20 0.3962
634 251 14 18 0.3793
730 253 16 19 0.3118
660 272 15 20 0.3039
812 247 19 22 0.1474
658 272 16 21 0.1305
730 259 17 19 0.0977
397 244 18 23 0.0865
905 249 18 20 0.0821
730 246 15 19 0.0705
179 322 11 15 0.0694
904 246 16 18 0.0688
1013 257 11 27 0.0599
809 249 19 22 0.0506
1015 255 9 24 0.0434
901 246 14 16 0.0341
901 249 16 18 0.0316
735 252 14 19 0.0298
399 240 18 23 0.0279
177 322 10 15 0.0238
921 234 17 22 0.0233
280 340 14 16 0.0213
817 249 21 24 0.0212
725 256 16 19 0.0194
473 282 13 18 0.0172
278 336 14 17 0.0160
183 321 9 15 0.0145
735 246 13 18 0.0120
912 246 18 23 0.0119
920 228 18 23 0.0118
0 257 5 19 0.0106
