2_Demonstration_Political_Rally_2_641
45
116 129 51 66 0.8741
515 154 50 69 0.8698
574 156 51 75 0.8690
8 146 44 57 0.8678
292 136 46 77 0.8282
429 177 50 70 0.8171
939 175 35 50 0.8017
819 155 35 55 0.8017
899 144 34 54 0.7971
990 215 31 56 0.7924
0 175 13 65 0.7866
724 155 39 76 0.7803
199 133 49 59 0.7622
597 138 44 64 0.5212
851 134 21 50 0.2508
339 226 38 59 0.2494
648 153 38 67 0.2425
476 202 27 38 0.2015
647 153 38 68 0.1905
165 144 32 45 0.1328
199 133 48 60 0.0878
162 144 29 44 0.0826
165 142 22 39 0.0822
387 165 33 45 0.0728
851 137 23 50 0.0667
416 182 29 50 0.0596
599 138 42 58 0.0473
458 173 32 54 0.0455
167 143 25 38 0.0402
603 139 38 60 0.0335
473 202 32 44 0.0322
165 148 36 48 0.0299
851 132 19 47 0.0295
591 144 47 71 0.0279
463 183 28 48 0.0252
478 195 23 35 0.0250
849 137 17 45 0.0219
470 196 28 46 0.0180
471 179 25 45 0.0175
455 161 36 55 0.0153
387 164 40 53 0.0150
409 184 29 47 0.0140
412 179 27 47 0.0138
414 187 32 52 0.0129
843 144 23 48 0.0118
