2_Demonstration_Demonstration_Or_Protest_2_98
1400
561 483 30 39 0.8574
363 490 30 40 0.8530
662 603 31 43 0.8344
287 570 32 39 0.8340
379 418 22 34 0.8327
607 581 34 41 0.8259
863 603 31 46 0.8103
22 456 22 30 0.8081
332 569 43 50 0.8047
412 507 24 29 0.8032
194 505 30 34 0.8012
445 456 22 33 0.7934
136 516 22 29 0.7857
511 531 29 38 0.7682
523 447 21 26 0.7662
222 605 32 40 0.7607
0 430 20 24 0.7452
634 630 30 26 0.7408
276 528 25 34 0.7310
160 576 26 40 0.7087
122 490 20 25 0.6894
53 300 11 13 0.6787
8 478 21 23 0.6758
118 292 10 14 0.6568
325 474 18 29 0.6565
103 293 10 15 0.6296
75 236 10 13 0.6239
75 275 10 12 0.6011
29 260 9 13 0.5857
130 295 12 16 0.5855
55 279 10 13 0.5799
158 292 11 15 0.5772
2 236 8 11 0.5676
66 297 10 13 0.5582
618 179 9 12 0.5520
887 326 11 15 0.5485
59 236 8 11 0.5370
171 188 7 10 0.5332
975 249 10 15 0.5224
57 175 8 10 0.5161
672 125 8 11 0.5154
288 112 8 11 0.5102
513 481 22 30 0.5102
25 238 9 14 0.5095
728 316 12 14 0.5071
529 250 10 12 0.5066
706 316 11 16 0.5065
58 315 10 13 0.5046
348 301 11 14 0.5022
17 175 8 11 0.4985
103 263 9 14 0.4969
695 179 9 11 0.4965
628 166 9 11 0.4952
723 165 9 11 0.4931
999 330 13 18 0.4899
935 323 11 14 0.4892
224 222 8 11 0.4868
598 477 25 33 0.4861
589 192 10 11 0.4848
557 253 8 12 0.4824
979 200 8 11 0.4795
220 99 8 10 0.4770
892 228 9 11 0.4709
326 441 18 23 0.4693
942 135 8 11 0.4680
835 279 12 15 0.4649
94 161 7 10 0.4626
478 113 7 10 0.4596
959 214 9 12 0.4564
494 70 8 10 0.4562
484 100 7 10 0.4561
11 109 8 10 0.4551
274 86 7 10 0.4547
761 81 8 10 0.4498
577 255 9 11 0.4470
31 114 8 10 0.4466
264 101 7 10 0.4446
694 136 7 9 0.4444
121 99 8 9 0.4444
439 125 8 10 0.4440
753 144 10 12 0.4423
191 227 7 10 0.4421
253 85 8 10 0.4421
831 159 9 12 0.4414
547 140 8 10 0.4412
869 176 8 11 0.4390
592 94 8 10 0.4383
578 156 9 13 0.4334
527 162 8 11 0.4306
300 71 8 9 0.4304
419 290 10 14 0.4298
72 182 8 11 0.4297
453 77 7 9 0.4282
195 198 7 9 0.4249
336 287 10 13 0.4245
577 124 9 12 0.4232
490 60 7 9 0.4214
659 180 8 11 0.4191
977 220 8 11 0.4164
420 176 8 10 0.4155
165 216 7 10 0.4102
251 303 10 14 0.4101
280 250 8 11 0.4097
924 227 9 12 0.4096
921 83 8 11 0.4078
816 77 8 11 0.4064
989 233 9 12 0.4061
222 552 27 34 0.4047
124 120 7 9 0.4036
779 89 8 11 0.4033
115 112 7 9 0.4032
127 265 8 11 0.4014
278 205 8 9 0.4009
893 138 8 11 0.4007
961 295 12 15 0.4004
414 210 9 12 0.4003
760 133 9 11 0.3986
79 176 7 9 0.3983
615 109 7 10 0.3982
489 251 8 11 0.3979
526 139 7 10 0.3964
873 137 9 12 0.3953
54 158 8 10 0.3952
16 96 8 9 0.3940
554 34 7 9 0.3932
216 86 8 9 0.3927
106 155 7 11 0.3926
50 512 23 34 0.3905
868 250 9 12 0.3886
907 111 7 9 0.3884
115 63 7 8 0.3866
755 58 8 10 0.3859
515 480 21 31 0.3855
514 105 8 10 0.3807
960 295 11 14 0.3790
862 91 8 11 0.3768
66 97 8 10 0.3756
896 30 8 10 0.3740
491 228 7 10 0.3734
722 40 8 9 0.3730
220 305 9 14 0.3717
201 94 6 10 0.3717
827 61 7 10 0.3697
274 56 7 10 0.3694
675 58 8 10 0.3690
9 62 7 9 0.3689
534 91 8 10 0.3674
160 63 6 8 0.3662
637 128 8 11 0.3661
172 170 8 10 0.3659
351 200 8 11 0.3650
735 64 7 10 0.3648
566 577 22 34 0.3648
416 290 10 13 0.3648
254 303 10 14 0.3637
262 241 8 10 0.3634
489 453 17 21 0.3631
409 235 9 11 0.3626
409 258 9 11 0.3626
791 55 8 10 0.3620
213 113 7 10 0.3616
117 112 7 10 0.3610
470 136 8 9 0.3608
641 54 7 9 0.3604
102 263 9 13 0.3592
387 260 8 11 0.3583
131 64 7 8 0.3580
418 273 9 12 0.3579
60 57 7 9 0.3578
805 104 9 10 0.3572
1 257 8 11 0.3568
960 214 9 12 0.3554
755 144 9 12 0.3541
656 547 26 38 0.3533
455 115 7 9 0.3524
566 82 8 12 0.3504
780 132 9 11 0.3488
411 235 8 11 0.3483
196 296 9 12 0.3481
421 273 9 12 0.3464
170 83 7 9 0.3464
671 68 7 9 0.3454
615 127 8 11 0.3453
833 159 9 13 0.3449
0 132 5 10 0.3442
996 55 8 10 0.3439
577 319 9 14 0.3434
197 84 7 9 0.3430
783 222 8 11 0.3417
624 56 7 10 0.3414
13 109 8 11 0.3410
596 104 8 10 0.3402
296 280 8 12 0.3391
192 227 8 10 0.3383
849 330 11 14 0.3380
522 172 9 11 0.3380
150 168 7 10 0.3367
312 261 9 12 0.3363
422 176 8 10 0.3339
526 60 7 9 0.3323
467 67 6 8 0.3317
47 58 7 9 0.3310
870 176 9 11 0.3295
749 181 8 11 0.3282
282 249 9 12 0.3254
549 140 8 11 0.3247
91 59 7 8 0.3238
151 119 8 10 0.3219
895 138 9 11 0.3210
924 61 8 10 0.3209
60 315 10 13 0.3166
303 71 8 10 0.3154
521 298 9 12 0.3144
497 70 7 10 0.3129
639 128 8 11 0.3127
999 55 8 10 0.3125
166 216 8 10 0.3113
116 255 8 11 0.3113
684 244 8 11 0.3113
870 250 9 12 0.3089
527 60 8 9 0.3081
923 84 8 10 0.3072
323 473 18 30 0.3069
597 476 22 32 0.3063
559 253 9 12 0.3063
741 255 8 11 0.3055
642 54 8 10 0.3054
464 78 6 9 0.3041
74 183 8 10 0.3040
205 220 8 9 0.3036
255 85 8 10 0.3033
417 210 9 12 0.3016
223 556 26 32 0.3003
885 37 8 10 0.2977
486 100 8 10 0.2972
590 81 7 9 0.2960
972 141 9 12 0.2936
187 284 10 14 0.2934
818 78 8 10 0.2931
729 82 8 9 0.2931
243 58 7 9 0.2930
126 120 7 9 0.2928
809 234 8 11 0.2901
420 195 8 10 0.2894
338 287 10 13 0.2891
588 81 7 9 0.2883
0 182 4 10 0.2857
931 207 9 12 0.2856
743 255 8 11 0.2843
391 161 8 10 0.2842
944 135 9 11 0.2839
894 228 9 12 0.2837
439 109 7 9 0.2834
518 298 9 12 0.2818
265 101 8 10 0.2817
559 66 7 8 0.2815
101 62 6 8 0.2808
525 232 9 12 0.2795
955 42 7 9 0.2794
737 85 8 10 0.2784
182 45 7 9 0.2784
545 99 9 11 0.2784
476 262 8 11 0.2777
977 249 10 15 0.2775
516 81 7 9 0.2770
613 109 7 9 0.2769
234 105 7 9 0.2756
852 330 10 14 0.2752
180 46 7 8 0.2748
838 278 12 16 0.2747
527 233 8 11 0.2734
351 301 11 14 0.2733
360 39 7 9 0.2724
670 246 9 13 0.2713
441 125 8 10 0.2711
749 181 9 11 0.2706
34 296 10 13 0.2705
890 325 11 16 0.2700
387 79 8 10 0.2700
516 105 7 10 0.2699
78 65 6 9 0.2698
763 80 8 11 0.2689
418 195 8 10 0.2685
675 125 8 11 0.2682
884 37 7 9 0.2681
517 129 8 10 0.2678
954 41 8 9 0.2678
677 315 11 15 0.2675
246 58 7 9 0.2673
276 56 7 10 0.2672
981 200 8 11 0.2663
894 30 8 10 0.2644
948 281 10 13 0.2644
44 273 9 12 0.2643
716 87 8 10 0.2639
34 114 7 11 0.2638
59 176 8 9 0.2599
992 233 9 12 0.2594
151 168 8 11 0.2590
277 86 7 10 0.2582
162 606 25 45 0.2580
60 116 7 9 0.2574
855 52 7 9 0.2572
61 236 8 11 0.2564
226 221 9 12 0.2545
203 94 7 9 0.2533
57 57 7 9 0.2532
492 250 8 12 0.2521
626 55 8 10 0.2514
556 34 8 9 0.2514
793 54 8 11 0.2510
725 165 9 12 0.2508
216 113 7 10 0.2508
641 78 7 10 0.2496
909 111 8 10 0.2496
588 526 21 27 0.2494
11 62 7 8 0.2490
223 305 9 14 0.2488
678 58 7 10 0.2483
762 133 9 11 0.2483
189 285 11 13 0.2483
529 162 8 11 0.2479
208 220 7 9 0.2474
579 254 9 12 0.2474
54 513 22 32 0.2473
299 102 7 8 0.2464
778 132 9 10 0.2456
70 134 9 10 0.2445
685 244 9 11 0.2445
402 159 8 10 0.2438
357 272 8 11 0.2435
524 172 9 11 0.2434
531 249 10 13 0.2431
492 452 16 21 0.2427
1002 202 8 12 0.2427
146 269 10 12 0.2426
359 39 7 8 0.2421
69 297 10 13 0.2415
290 112 8 11 0.2412
568 80 9 11 0.2411
108 154 8 12 0.2407
173 188 8 10 0.2400
493 228 8 10 0.2398
718 87 8 10 0.2393
124 99 7 9 0.2393
464 92 7 9 0.2392
31 260 10 13 0.2391
33 57 7 8 0.2390
711 132 8 11 0.2388
246 274 8 13 0.2380
546 66 7 8 0.2345
473 302 9 13 0.2337
580 156 9 13 0.2334
455 77 6 9 0.2328
388 79 8 11 0.2322
394 461 18 25 0.2321
311 299 10 14 0.2317
411 258 9 11 0.2315
90 59 6 8 0.2310
534 92 7 10 0.2296
576 125 9 11 0.2291
771 252 8 10 0.2283
280 205 8 9 0.2265
19 175 9 11 0.2258
315 261 8 12 0.2258
975 220 8 10 0.2252
674 315 10 14 0.2245
472 136 8 9 0.2241
161 292 11 14 0.2241
493 60 7 9 0.2233
753 58 8 9 0.2231
167 606 27 45 0.2228
457 115 7 9 0.2220
706 56 7 9 0.2218
223 98 7 10 0.2207
65 97 7 10 0.2206
57 279 10 13 0.2206
970 141 9 11 0.2197
598 105 8 9 0.2194
737 64 8 10 0.2184
696 136 7 9 0.2175
197 198 8 10 0.2174
172 82 8 10 0.2168
957 41 8 10 0.2166
150 169 8 10 0.2147
354 201 8 11 0.2136
932 207 9 11 0.2130
495 342 8 11 0.2128
830 61 7 9 0.2124
779 276 7 12 0.2123
797 293 7 12 0.2122
163 62 6 8 0.2118
469 67 7 8 0.2114
933 207 9 12 0.2113
782 222 8 11 0.2104
621 179 9 11 0.2102
669 242 9 12 0.2099
265 241 8 10 0.2099
1015 104 7 10 0.2099
447 277 8 11 0.2095
80 66 6 8 0.2089
751 181 9 11 0.2076
661 180 8 11 0.2070
134 63 7 9 0.2067
18 95 8 10 0.2063
926 61 8 10 0.2058
725 40 8 9 0.2047
0 181 5 10 0.2038
498 342 8 11 0.2038
703 56 7 9 0.2026
154 119 7 10 0.2025
704 55 7 9 0.2022
174 170 8 10 0.2020
152 118 8 10 0.2014
200 83 6 10 0.2013
363 38 7 10 0.2013
24 239 9 12 0.2001
698 179 9 11 0.2000
927 226 9 12 0.1999
68 98 8 9 0.1996
385 260 8 10 0.1990
0 131 3 10 0.1985
562 66 7 8 0.1985
35 295 10 13 0.1984
865 91 8 11 0.1972
510 300 8 12 0.1968
372 288 9 12 0.1964
857 52 7 9 0.1948
593 92 8 9 0.1933
782 277 7 11 0.1922
77 65 6 8 0.1913
549 66 6 9 0.1913
496 124 7 10 0.1910
37 296 9 13 0.1909
117 63 7 8 0.1907
613 146 8 10 0.1905
389 260 8 11 0.1905
519 130 8 9 0.1904
799 293 8 12 0.1903
580 124 8 11 0.1897
615 146 8 10 0.1893
62 116 7 9 0.1889
474 263 8 11 0.1887
1002 108 8 10 0.1887
470 302 9 12 0.1874
585 276 8 11 0.1873
179 123 7 10 0.1865
3 257 8 11 0.1860
596 462 17 22 0.1860
860 277 10 15 0.1858
536 92 8 10 0.1853
96 161 8 10 0.1851
181 123 8 10 0.1843
778 90 8 11 0.1842
517 105 8 10 0.1840
393 198 7 9 0.1835
999 117 8 9 0.1834
643 79 7 10 0.1832
299 280 8 12 0.1827
370 287 8 13 0.1818
395 197 7 10 0.1802
444 235 7 10 0.1802
458 324 10 12 0.1795
673 68 7 10 0.1793
249 111 7 9 0.1792
515 79 7 9 0.1779
529 60 7 9 0.1769
146 272 10 13 0.1767
592 286 10 14 0.1758
467 78 6 9 0.1756
313 299 11 13 0.1754
603 270 8 12 0.1747
405 159 8 10 0.1745
626 166 9 11 0.1745
503 631 35 25 0.1733
469 68 7 8 0.1723
166 256 9 13 0.1716
933 323 11 14 0.1715
710 316 9 14 0.1714
53 157 8 10 0.1709
631 166 8 12 0.1709
36 56 7 9 0.1694
555 267 8 11 0.1669
446 236 7 8 0.1667
595 285 9 14 0.1655
457 319 11 12 0.1655
291 280 9 11 0.1654
808 104 8 11 0.1651
582 144 9 11 0.1641
640 79 7 9 0.1635
478 262 8 12 0.1630
1018 104 6 9 0.1623
454 319 10 12 0.1622
653 548 22 36 0.1618
385 260 8 11 0.1614
323 440 17 23 0.1613
310 42 7 9 0.1612
355 272 8 11 0.1612
774 252 8 10 0.1612
132 65 6 8 0.1606
466 279 8 11 0.1601
809 234 7 10 0.1601
130 294 11 16 0.1598
311 43 7 9 0.1584
1000 331 14 18 0.1576
997 117 7 9 0.1574
792 54 7 10 0.1561
308 241 8 10 0.1559
580 319 9 14 0.1557
426 55 7 9 0.1552
362 39 7 9 0.1545
672 246 9 12 0.1543
428 56 7 9 0.1542
956 41 8 10 0.1540
983 103 8 10 0.1540
525 233 8 12 0.1537
577 156 9 13 0.1533
108 237 8 11 0.1526
481 113 8 10 0.1514
391 79 8 11 0.1512
181 45 6 9 0.1510
592 191 9 12 0.1508
426 82 7 9 0.1504
455 324 10 11 0.1494
214 85 7 9 0.1494
301 102 7 8 0.1491
152 169 8 10 0.1488
439 269 7 11 0.1488
805 105 8 10 0.1471
527 139 8 10 0.1470
354 272 7 11 0.1470
148 268 10 13 0.1466
57 158 7 10 0.1460
56 263 8 10 0.1455
947 281 9 12 0.1454
931 206 8 12 0.1453
73 133 8 11 0.1447
138 191 9 12 0.1443
863 92 8 11 0.1442
985 104 8 9 0.1436
33 295 10 13 0.1433
351 274 8 11 0.1430
518 81 7 9 0.1429
390 78 8 11 0.1425
60 117 7 9 0.1416
82 622 27 33 0.1403
493 294 9 12 0.1400
785 222 8 12 0.1392
557 268 8 11 0.1391
81 175 8 9 0.1390
434 60 7 9 0.1389
437 107 7 10 0.1374
466 72 7 9 0.1368
613 127 9 11 0.1365
562 85 7 11 0.1364
562 575 25 36 0.1362
198 296 9 12 0.1361
752 182 8 10 0.1346
887 37 7 10 0.1338
586 79 8 10 0.1335
659 181 9 11 0.1323
812 234 8 11 0.1314
469 279 8 11 0.1311
389 160 8 9 0.1305
444 277 8 10 0.1304
151 118 7 10 0.1302
188 283 10 14 0.1294
858 53 7 8 0.1287
51 45 7 9 0.1285
171 170 8 10 0.1282
213 293 9 13 0.1280
611 56 6 9 0.1279
487 291 9 14 0.1268
101 293 10 14 0.1262
293 212 10 11 0.1253
604 271 9 12 0.1250
243 57 8 9 0.1248
781 90 8 11 0.1225
663 240 8 12 0.1222
167 258 9 14 0.1217
429 54 8 10 0.1215
723 41 8 10 0.1213
306 241 8 10 0.1207
456 164 9 10 0.1200
313 41 7 9 0.1194
582 143 8 10 0.1190
997 55 8 10 0.1168
436 109 8 10 0.1159
249 274 9 13 0.1158
32 56 6 8 0.1156
184 45 7 9 0.1156
544 235 9 11 0.1152
314 42 7 10 0.1145
974 142 8 11 0.1144
236 105 8 10 0.1142
273 56 7 9 0.1142
164 256 8 13 0.1141
71 130 9 11 0.1135
0 200 5 12 0.1117
587 276 8 10 0.1115
518 130 8 11 0.1108
311 309 10 12 0.1106
1 236 7 11 0.1099
72 142 7 9 0.1098
207 281 9 12 0.1092
403 43 7 9 0.1089
871 137 9 12 0.1086
402 159 7 9 0.1082
303 103 7 8 0.1072
798 85 8 10 0.1070
808 234 7 11 0.1069
445 235 7 9 0.1067
971 143 9 11 0.1065
978 220 8 11 0.1064
544 100 7 10 0.1061
591 522 25 32 0.1052
693 135 7 10 0.1041
324 205 7 10 0.1039
840 259 8 12 0.1038
984 105 7 9 0.1037
996 276 8 12 0.1036
620 179 8 12 0.1034
644 53 7 10 0.1032
617 129 8 10 0.1024
609 55 6 9 0.1018
157 226 7 10 0.1007
702 55 7 9 0.1001
137 190 8 11 0.0999
63 117 7 8 0.0997
327 205 7 10 0.0993
579 321 9 13 0.0986
1003 106 7 10 0.0985
855 53 8 9 0.0984
728 127 7 11 0.0975
108 155 8 11 0.0974
15 95 7 9 0.0973
297 184 8 11 0.0973
423 82 7 10 0.0969
803 103 9 10 0.0966
987 104 7 10 0.0965
969 78 7 10 0.0963
459 164 8 11 0.0962
613 70 8 10 0.0958
406 43 8 10 0.0956
413 235 8 10 0.0933
735 65 7 9 0.0933
589 93 8 10 0.0932
990 232 8 12 0.0932
1005 202 8 12 0.0929
213 316 8 12 0.0928
811 233 7 11 0.0928
423 81 8 9 0.0924
633 147 9 11 0.0923
57 262 9 10 0.0921
971 78 7 10 0.0914
518 79 7 9 0.0904
842 259 9 13 0.0903
472 164 7 10 0.0895
998 275 9 13 0.0892
782 221 8 11 0.0880
862 281 10 15 0.0879
710 131 8 11 0.0876
677 58 7 9 0.0876
102 63 6 8 0.0865
389 181 7 10 0.0865
548 100 8 10 0.0865
709 132 8 11 0.0860
831 62 7 9 0.0855
431 83 8 10 0.0854
624 55 7 10 0.0853
575 319 9 13 0.0845
107 514 20 27 0.0836
35 56 6 8 0.0836
172 238 8 11 0.0832
221 280 8 12 0.0831
199 83 6 8 0.0829
337 273 8 11 0.0825
449 417 16 19 0.0818
398 169 9 11 0.0817
466 78 7 9 0.0801
970 79 7 10 0.0800
196 83 7 9 0.0797
218 114 7 10 0.0796
577 155 9 12 0.0793
937 323 11 14 0.0791
357 481 18 23 0.0789
390 183 8 9 0.0789
404 158 7 10 0.0787
761 277 7 10 0.0786
310 408 10 13 0.0784
478 271 8 11 0.0776
442 235 7 9 0.0774
817 78 8 11 0.0770
4 256 8 12 0.0761
235 104 7 10 0.0760
479 114 7 9 0.0758
393 183 7 9 0.0754
864 277 9 14 0.0753
405 39 6 9 0.0752
296 366 15 19 0.0752
593 513 22 33 0.0750
99 517 26 33 0.0750
248 116 7 10 0.0749
1019 75 5 12 0.0742
139 193 8 11 0.0741
110 237 9 11 0.0736
458 115 7 9 0.0733
59 58 7 8 0.0728
169 81 7 9 0.0726
409 234 8 11 0.0726
865 92 9 11 0.0723
726 41 7 9 0.0723
89 59 7 8 0.0722
152 196 8 10 0.0722
545 100 7 11 0.0721
120 293 10 14 0.0718
442 272 7 11 0.0717
114 62 7 8 0.0715
180 121 7 10 0.0714
351 198 7 10 0.0713
124 118 7 10 0.0710
1019 80 5 12 0.0707
953 63 7 10 0.0706
973 79 7 9 0.0704
214 86 7 9 0.0702
109 231 7 11 0.0701
468 284 7 11 0.0700
339 274 9 13 0.0694
275 55 7 10 0.0690
745 256 8 11 0.0686
316 205 8 10 0.0684
804 124 10 12 0.0681
408 37 6 8 0.0681
752 59 7 9 0.0680
526 59 7 9 0.0674
35 56 6 8 0.0672
416 194 8 11 0.0671
492 294 9 12 0.0671
564 87 8 10 0.0669
148 225 7 10 0.0667
593 462 17 22 0.0664
597 104 8 10 0.0663
88 59 7 9 0.0663
512 264 9 11 0.0661
524 139 7 10 0.0658
606 269 8 12 0.0655
1003 330 12 17 0.0652
471 285 8 12 0.0648
148 271 10 14 0.0648
517 297 9 12 0.0645
502 89 8 9 0.0641
819 78 8 10 0.0636
48 46 7 8 0.0634
223 281 8 12 0.0632
313 408 9 14 0.0631
924 59 7 9 0.0629
297 281 9 12 0.0628
790 54 8 10 0.0628
686 245 9 11 0.0622
173 169 8 10 0.0622
329 205 7 10 0.0618
798 295 8 11 0.0617
124 276 9 13 0.0616
759 132 9 10 0.0611
318 207 7 10 0.0609
313 309 10 12 0.0604
475 261 7 10 0.0602
738 65 7 9 0.0599
443 96 7 9 0.0597
322 206 8 10 0.0595
963 294 11 15 0.0595
933 321 11 15 0.0595
127 275 9 13 0.0593
518 129 8 10 0.0588
185 283 10 13 0.0585
215 115 7 10 0.0583
719 87 7 10 0.0582
49 52 8 10 0.0582
489 58 7 10 0.0578
553 33 7 9 0.0577
368 287 9 12 0.0573
729 129 7 10 0.0573
955 62 8 10 0.0573
662 181 8 11 0.0573
482 114 7 10 0.0572
894 63 8 11 0.0568
0 305 7 13 0.0568
126 197 8 10 0.0568
980 83 8 9 0.0564
353 86 8 10 0.0563
518 80 7 10 0.0563
760 80 8 10 0.0562
176 239 8 11 0.0561
356 86 8 11 0.0557
893 30 8 10 0.0556
359 40 7 9 0.0553
753 58 8 10 0.0551
353 197 8 11 0.0549
402 277 8 12 0.0547
375 289 8 12 0.0546
640 129 8 10 0.0546
156 229 7 9 0.0544
210 137 8 10 0.0544
708 56 7 9 0.0542
400 109 7 9 0.0541
568 80 9 12 0.0535
282 205 7 9 0.0534
838 618 31 38 0.0530
79 276 9 12 0.0528
832 130 7 10 0.0526
636 146 10 13 0.0523
841 257 8 12 0.0522
552 66 6 8 0.0521
623 55 6 9 0.0519
732 316 10 14 0.0516
1003 205 8 11 0.0514
124 198 7 10 0.0508
778 131 9 12 0.0507
510 265 8 10 0.0506
194 197 7 10 0.0505
408 257 8 11 0.0504
163 258 10 13 0.0504
468 281 8 12 0.0500
833 132 8 10 0.0498
50 136 7 10 0.0497
777 130 9 11 0.0495
830 133 8 10 0.0493
741 87 7 9 0.0492
588 192 9 11 0.0489
370 239 8 10 0.0489
132 295 12 16 0.0488
419 271 9 12 0.0485
802 125 9 11 0.0485
250 116 7 10 0.0485
111 231 8 10 0.0484
971 468 12 15 0.0482
396 436 13 20 0.0480
873 176 8 11 0.0478
594 93 8 10 0.0475
5 257 8 11 0.0474
330 445 15 21 0.0474
259 249 8 12 0.0473
644 79 8 10 0.0472
644 54 7 9 0.0468
407 103 8 11 0.0468
198 294 10 14 0.0467
614 129 8 11 0.0467
299 184 9 11 0.0463
533 216 7 9 0.0460
710 68 7 9 0.0459
729 80 8 11 0.0457
471 134 7 10 0.0456
65 96 8 10 0.0455
391 183 9 10 0.0454
958 296 11 14 0.0454
590 80 7 10 0.0453
135 64 6 9 0.0452
996 54 7 10 0.0450
1003 203 9 12 0.0449
496 125 8 10 0.0445
392 160 7 10 0.0444
74 236 8 12 0.0442
727 129 7 10 0.0441
4 478 19 22 0.0440
779 279 8 11 0.0439
100 513 24 29 0.0437
368 274 8 12 0.0434
157 228 8 10 0.0433
675 57 7 9 0.0433
355 203 8 10 0.0429
637 129 8 11 0.0427
279 206 7 9 0.0423
352 203 8 10 0.0423
703 56 7 9 0.0419
109 236 9 11 0.0418
560 236 8 10 0.0415
133 63 7 8 0.0412
643 78 8 10 0.0412
296 182 8 11 0.0411
425 55 7 10 0.0409
950 282 9 12 0.0408
316 293 10 13 0.0405
56 157 7 10 0.0403
293 281 8 11 0.0402
950 280 10 13 0.0402
114 61 7 8 0.0400
471 305 9 12 0.0398
578 442 16 19 0.0398
165 81 7 10 0.0398
725 314 11 14 0.0396
779 273 7 11 0.0396
543 235 8 11 0.0395
139 187 9 10 0.0393
794 296 8 10 0.0393
57 261 9 11 0.0392
405 231 8 12 0.0392
923 61 7 9 0.0390
207 282 10 13 0.0387
571 222 7 9 0.0386
440 109 7 9 0.0385
742 257 8 11 0.0385
1012 104 8 10 0.0380
212 137 8 10 0.0377
827 303 10 14 0.0376
445 279 8 10 0.0375
73 274 9 12 0.0375
943 600 25 39 0.0375
495 230 8 9 0.0372
293 223 10 13 0.0371
423 81 8 10 0.0367
28 68 6 8 0.0367
745 255 8 11 0.0365
46 82 7 9 0.0364
184 116 8 11 0.0363
594 284 10 13 0.0362
310 240 9 11 0.0361
226 283 8 11 0.0360
579 256 9 11 0.0359
891 64 8 10 0.0359
630 167 8 11 0.0358
167 217 8 10 0.0358
807 234 8 11 0.0358
624 75 8 9 0.0356
476 112 8 9 0.0356
895 66 8 9 0.0355
87 496 21 27 0.0354
508 274 9 12 0.0347
784 277 8 11 0.0347
32 115 7 10 0.0342
839 256 8 12 0.0340
827 61 8 9 0.0340
780 104 8 10 0.0340
949 602 25 38 0.0339
991 232 9 12 0.0338
738 87 7 9 0.0337
946 604 24 37 0.0336
884 38 7 10 0.0334
713 108 8 10 0.0333
9 63 7 10 0.0332
452 77 7 9 0.0332
711 107 7 10 0.0331
907 108 8 11 0.0330
319 206 9 10 0.0329
528 232 9 11 0.0329
576 103 9 11 0.0329
475 262 8 11 0.0327
184 120 8 11 0.0326
408 210 8 11 0.0325
595 460 17 20 0.0325
636 76 6 9 0.0324
713 69 8 9 0.0323
402 107 7 10 0.0322
731 318 10 13 0.0320
171 81 8 9 0.0320
588 227 7 8 0.0319
866 282 10 13 0.0319
132 294 12 16 0.0319
1 502 13 20 0.0318
947 283 9 12 0.0318
784 279 7 10 0.0317
433 311 7 11 0.0317
524 166 9 11 0.0317
15 296 8 12 0.0316
183 44 7 9 0.0316
15 298 9 12 0.0315
773 254 8 10 0.0314
161 64 6 9 0.0313
171 83 7 9 0.0312
123 196 7 10 0.0312
492 58 7 10 0.0311
420 55 7 8 0.0310
118 254 9 12 0.0309
2 430 20 23 0.0307
4 255 10 13 0.0307
162 62 6 8 0.0305
121 235 8 10 0.0302
802 253 7 11 0.0302
535 216 7 9 0.0302
985 104 8 10 0.0301
926 229 9 11 0.0300
398 109 7 9 0.0300
166 593 22 41 0.0299
373 293 8 10 0.0299
618 128 8 10 0.0299
589 529 23 29 0.0299
770 250 7 10 0.0299
780 280 7 10 0.0298
762 80 8 10 0.0294
92 161 8 9 0.0294
19 140 8 11 0.0293
702 315 11 16 0.0292
10 61 7 9 0.0290
676 313 10 13 0.0289
824 59 7 9 0.0286
714 90 8 11 0.0286
146 222 8 10 0.0286
169 256 8 13 0.0284
950 604 26 39 0.0284
491 252 9 11 0.0279
530 234 9 11 0.0279
12 63 7 9 0.0279
608 210 7 10 0.0277
264 102 8 10 0.0277
291 224 8 12 0.0276
373 205 7 10 0.0276
519 263 9 12 0.0275
128 264 9 12 0.0275
193 197 7 10 0.0274
294 281 9 12 0.0274
696 180 9 10 0.0274
593 460 19 24 0.0273
624 56 8 10 0.0272
443 235 8 10 0.0272
607 271 8 13 0.0272
452 455 17 29 0.0272
103 510 22 26 0.0272
219 98 7 10 0.0271
954 66 7 9 0.0270
188 284 11 14 0.0270
641 304 10 12 0.0270
114 259 9 13 0.0269
56 261 8 11 0.0269
181 123 8 10 0.0269
591 193 9 11 0.0269
369 263 9 11 0.0268
175 491 16 21 0.0268
329 276 9 12 0.0267
52 157 8 11 0.0265
519 297 9 12 0.0263
28 239 9 13 0.0263
277 88 7 9 0.0263
195 84 8 9 0.0263
243 278 9 12 0.0262
395 200 8 9 0.0262
579 126 8 11 0.0262
312 306 11 14 0.0261
196 196 8 11 0.0260
205 218 7 10 0.0259
345 301 10 12 0.0259
438 60 7 9 0.0259
740 110 8 11 0.0259
855 53 8 9 0.0258
632 167 8 11 0.0257
281 528 23 32 0.0256
510 274 9 12 0.0255
111 256 8 12 0.0255
551 282 9 12 0.0254
85 492 22 29 0.0254
311 411 11 14 0.0253
429 35 7 8 0.0253
785 220 8 12 0.0252
223 545 26 34 0.0251
745 254 8 11 0.0251
473 165 8 10 0.0251
263 240 8 10 0.0250
614 109 8 9 0.0249
429 311 8 10 0.0248
398 107 7 10 0.0247
241 57 7 9 0.0246
555 260 9 14 0.0246
655 552 22 33 0.0245
295 185 8 11 0.0245
493 229 8 11 0.0243
508 635 32 21 0.0243
918 110 8 9 0.0241
244 58 8 10 0.0240
929 118 8 9 0.0238
381 271 8 11 0.0237
575 255 9 11 0.0237
440 623 28 31 0.0237
1016 376 8 16 0.0237
675 59 8 9 0.0233
244 272 8 12 0.0233
580 526 21 26 0.0233
618 110 7 9 0.0232
544 234 8 11 0.0231
527 161 8 11 0.0231
425 10 7 7 0.0228
926 60 8 9 0.0227
517 104 8 10 0.0226
546 64 7 9 0.0225
576 413 14 15 0.0225
144 98 7 9 0.0223
222 307 9 13 0.0222
447 280 7 10 0.0222
835 159 9 12 0.0221
492 230 7 10 0.0221
368 238 7 11 0.0220
18 142 7 10 0.0219
212 319 9 12 0.0218
222 97 7 9 0.0218
780 67 8 10 0.0218
958 148 8 12 0.0217
643 77 8 10 0.0216
921 82 8 10 0.0216
17 140 8 11 0.0215
688 307 10 14 0.0214
827 59 8 9 0.0213
686 85 8 10 0.0213
818 310 10 13 0.0213
1018 205 6 11 0.0212
582 321 9 13 0.0212
232 558 21 29 0.0212
299 182 8 10 0.0212
965 433 21 25 0.0208
573 222 7 9 0.0208
301 282 8 11 0.0207
483 631 23 24 0.0207
459 297 9 11 0.0207
5 503 13 18 0.0207
93 62 7 9 0.0206
861 259 9 13 0.0206
509 305 8 11 0.0204
57 260 8 10 0.0204
897 140 8 10 0.0204
669 240 8 12 0.0203
140 183 7 9 0.0203
805 254 8 10 0.0203
577 122 8 10 0.0202
850 332 11 14 0.0201
735 112 8 11 0.0201
909 113 8 9 0.0201
431 35 7 8 0.0200
486 100 8 9 0.0200
589 193 8 12 0.0199
18 94 7 10 0.0199
542 283 8 11 0.0199
397 108 8 9 0.0199
77 173 8 9 0.0198
106 517 24 31 0.0198
310 240 7 10 0.0198
968 468 11 15 0.0198
1015 256 8 12 0.0197
1017 274 7 11 0.0196
506 305 8 11 0.0195
402 438 16 21 0.0194
689 86 8 10 0.0192
589 284 9 13 0.0191
262 101 9 10 0.0191
309 44 7 9 0.0191
375 97 8 10 0.0191
570 220 8 10 0.0190
925 227 9 12 0.0189
885 37 7 9 0.0189
527 250 8 11 0.0187
513 105 7 10 0.0187
120 232 7 10 0.0186
968 381 12 16 0.0186
77 178 9 11 0.0184
82 631 30 25 0.0183
748 214 8 10 0.0183
185 183 8 9 0.0183
115 111 8 9 0.0183
893 66 7 9 0.0182
746 214 7 10 0.0182
290 229 9 11 0.0181
642 54 7 9 0.0181
853 211 8 10 0.0180
101 504 22 25 0.0180
258 85 7 10 0.0179
469 65 7 8 0.0179
11 109 8 11 0.0179
413 233 8 11 0.0178
830 130 7 10 0.0177
421 80 7 10 0.0175
260 254 8 11 0.0175
311 46 7 9 0.0174
610 210 7 10 0.0173
907 110 7 9 0.0173
502 126 8 10 0.0172
925 83 8 10 0.0172
857 281 9 13 0.0171
390 462 15 22 0.0171
922 227 8 11 0.0171
92 161 8 10 0.0171
602 477 24 32 0.0171
564 63 7 10 0.0170
893 140 9 10 0.0170
450 420 17 21 0.0170
757 132 10 11 0.0170
872 282 9 12 0.0170
550 140 8 11 0.0169
216 323 9 13 0.0169
300 367 13 18 0.0169
588 513 23 34 0.0167
875 136 8 11 0.0167
671 166 8 11 0.0167
523 232 9 11 0.0166
107 155 8 11 0.0166
433 106 8 10 0.0166
709 318 10 14 0.0166
313 261 10 12 0.0165
815 310 9 12 0.0164
248 85 7 9 0.0164
951 281 10 12 0.0163
0 525 5 26 0.0163
641 127 8 11 0.0163
582 443 14 19 0.0162
282 204 8 10 0.0162
554 253 9 11 0.0162
176 121 7 10 0.0162
904 109 8 10 0.0162
488 228 7 10 0.0161
541 281 9 11 0.0161
400 47 8 9 0.0160
272 56 8 10 0.0160
874 141 8 11 0.0160
194 227 8 11 0.0159
280 248 8 11 0.0159
397 52 7 9 0.0159
104 294 11 14 0.0159
1003 330 14 17 0.0158
77 622 33 34 0.0156
1017 258 7 11 0.0156
3 305 9 13 0.0155
451 456 19 30 0.0155
753 6 8 11 0.0154
804 130 10 11 0.0154
172 196 8 11 0.0154
980 78 7 10 0.0153
547 141 8 10 0.0153
1 130 7 11 0.0153
224 307 9 13 0.0152
557 451 20 24 0.0152
664 345 9 10 0.0152
218 305 10 13 0.0152
255 259 8 12 0.0152
776 87 9 11 0.0152
525 61 7 8 0.0152
10 81 8 10 0.0152
440 126 7 10 0.0152
773 255 7 10 0.0151
95 59 7 9 0.0151
114 116 7 9 0.0150
283 251 8 10 0.0150
964 387 13 16 0.0150
674 166 8 10 0.0150
143 227 8 10 0.0149
573 322 9 13 0.0149
440 267 7 10 0.0148
356 90 8 11 0.0147
412 103 8 9 0.0147
564 196 7 10 0.0147
964 381 13 17 0.0146
779 138 8 10 0.0146
855 211 8 10 0.0146
875 284 9 11 0.0144
267 101 7 10 0.0144
620 81 8 10 0.0143
974 78 8 9 0.0143
45 80 6 9 0.0143
556 32 7 9 0.0143
55 514 22 34 0.0143
492 60 8 10 0.0143
624 551 21 27 0.0142
606 56 7 10 0.0141
383 204 8 10 0.0141
388 259 8 11 0.0140
496 340 8 11 0.0140
808 256 7 10 0.0140
780 98 9 12 0.0140
560 211 7 10 0.0139
1 307 8 13 0.0138
494 289 9 12 0.0138
238 247 7 10 0.0138
703 315 11 15 0.0138
430 310 8 11 0.0137
928 64 7 9 0.0137
594 527 29 34 0.0136
339 286 9 13 0.0136
231 554 21 30 0.0135
798 292 8 10 0.0134
192 227 8 11 0.0134
361 84 7 10 0.0133
895 30 8 10 0.0133
415 210 9 11 0.0133
726 625 20 31 0.0133
504 633 36 23 0.0133
163 513 23 32 0.0132
975 141 8 10 0.0132
777 106 8 10 0.0132
21 142 8 11 0.0131
143 239 8 11 0.0131
757 80 8 11 0.0131
97 192 8 12 0.0130
603 75 7 9 0.0129
755 6 9 12 0.0129
373 204 8 10 0.0129
35 115 7 10 0.0129
1005 332 11 17 0.0129
172 492 15 19 0.0128
802 127 9 11 0.0128
472 624 23 29 0.0128
872 135 8 10 0.0127
364 317 8 11 0.0127
364 40 7 8 0.0127
695 135 8 9 0.0127
428 9 6 8 0.0127
804 254 8 11 0.0127
898 137 8 10 0.0127
554 34 7 9 0.0127
501 629 38 27 0.0126
318 282 9 12 0.0126
10 60 7 8 0.0126
1001 277 9 12 0.0126
576 126 9 10 0.0126
525 249 8 11 0.0125
268 314 9 12 0.0125
475 304 8 12 0.0125
1016 79 8 10 0.0124
398 44 6 10 0.0124
161 60 6 8 0.0124
499 344 8 10 0.0124
56 158 8 10 0.0123
486 331 9 13 0.0123
829 307 10 13 0.0123
384 260 7 10 0.0122
126 100 8 9 0.0122
312 408 12 15 0.0122
529 57 7 10 0.0122
804 103 10 11 0.0121
820 305 11 14 0.0121
556 282 8 11 0.0121
5 163 6 11 0.0121
29 80 7 9 0.0121
601 479 28 34 0.0121
97 490 23 28 0.0121
295 185 9 11 0.0120
169 187 8 11 0.0120
565 198 7 9 0.0120
16 173 8 10 0.0120
270 422 11 14 0.0120
810 78 7 10 0.0119
96 194 8 11 0.0119
725 183 8 10 0.0118
98 194 8 12 0.0118
194 199 8 10 0.0118
218 557 28 31 0.0116
496 344 7 11 0.0116
638 305 9 11 0.0115
974 140 8 9 0.0115
182 47 7 9 0.0115
1011 257 10 12 0.0115
95 193 8 11 0.0115
410 258 9 10 0.0115
545 82 8 11 0.0114
69 132 7 10 0.0114
725 181 9 10 0.0114
361 38 8 9 0.0114
620 178 9 12 0.0114
967 387 13 17 0.0113
80 237 9 12 0.0113
307 408 10 13 0.0112
580 448 16 22 0.0112
313 39 7 9 0.0112
732 61 7 9 0.0112
17 177 8 10 0.0112
414 257 9 12 0.0112
607 527 21 28 0.0111
996 280 8 10 0.0111
26 236 8 11 0.0111
298 369 14 18 0.0111
947 134 8 11 0.0110
831 131 8 10 0.0110
292 210 9 10 0.0109
605 229 8 10 0.0109
671 70 7 9 0.0109
120 98 7 9 0.0108
10 94 7 10 0.0108
700 180 8 10 0.0108
785 56 8 10 0.0107
661 344 8 11 0.0107
248 129 7 10 0.0106
461 161 8 11 0.0106
993 281 9 11 0.0106
68 95 8 10 0.0105
351 233 7 10 0.0105
910 653 33 3 0.0105
874 282 8 12 0.0105
112 288 11 13 0.0104
4 237 9 12 0.0104
2 503 17 25 0.0104
525 233 9 12 0.0104
132 289 11 14 0.0104
106 263 10 13 0.0103
300 224 10 12 0.0103
423 21 7 9 0.0103
155 121 8 8 0.0103
643 306 8 10 0.0103
409 159 8 10 0.0102
454 416 13 18 0.0102
524 174 8 9 0.0102
209 216 8 10 0.0102
218 552 26 32 0.0101
78 338 10 14 0.0101
170 283 10 13 0.0101
838 614 29 39 0.0100
495 72 8 9 0.0100
165 214 8 10 0.0100
962 434 20 24 0.0100
