2_Demonstration_Demonstration_Or_Protest_2_813
58
837 374 20 26 0.7342
334 350 18 25 0.5904
261 329 19 40 0.5776
539 359 18 25 0.5040
701 391 14 16 0.4458
351 362 16 27 0.3446
348 362 17 26 0.3023
474 366 13 22 0.2698
542 359 18 26 0.2339
92 350 9 9 0.1767
90 349 9 10 0.1732
495 370 16 28 0.1717
661 449 13 19 0.1606
258 330 20 40 0.1586
658 449 13 18 0.1440
476 367 14 21 0.1312
338 350 16 25 0.1262
698 458 9 17 0.1218
694 457 11 18 0.1162
717 475 12 14 0.1158
90 350 8 9 0.1096
715 473 12 16 0.1086
699 391 12 16 0.0810
661 446 12 18 0.0692
93 348 9 10 0.0606
89 349 8 9 0.0530
662 389 12 16 0.0485
658 446 12 18 0.0461
713 476 11 13 0.0453
722 472 10 15 0.0450
659 389 11 16 0.0402
478 365 13 23 0.0358
258 332 20 39 0.0328
695 459 11 18 0.0302
469 367 16 22 0.0295
492 371 14 26 0.0282
94 350 8 10 0.0223
723 475 10 13 0.0221
627 350 8 10 0.0217
492 369 15 25 0.0216
624 350 8 11 0.0208
700 461 8 16 0.0205
835 375 19 24 0.0179
493 366 15 29 0.0176
665 448 11 18 0.0172
789 336 5 7 0.0165
891 379 16 30 0.0156
719 473 12 16 0.0152
89 350 8 10 0.0142
790 337 5 6 0.0136
786 337 5 6 0.0135
679 451 10 16 0.0124
626 349 8 10 0.0116
889 381 14 26 0.0113
336 352 18 27 0.0111
336 347 17 25 0.0107
349 363 16 27 0.0104
701 387 13 16 0.0101
