2_Demonstration_Political_Rally_2_319
325
618 455 36 48 0.8675
671 444 23 35 0.8107
715 528 35 50 0.8058
120 445 23 29 0.7858
159 483 24 37 0.7780
393 464 24 38 0.7762
833 567 44 63 0.7623
140 684 27 39 0.7610
276 455 22 40 0.6867
723 474 24 32 0.5320
998 490 14 22 0.5084
538 447 16 28 0.5035
856 429 15 25 0.4731
59 456 19 29 0.4503
45 566 24 40 0.4303
874 385 11 16 0.3629
783 414 10 17 0.3574
310 518 18 35 0.3508
858 429 16 25 0.3502
301 470 17 34 0.3339
458 435 16 26 0.2848
312 518 20 36 0.2720
52 456 19 28 0.2413
109 368 8 10 0.2404
113 368 7 10 0.2352
953 400 9 14 0.2345
834 569 43 61 0.2303
0 394 6 18 0.2285
219 441 15 31 0.2190
956 400 10 14 0.1945
877 386 11 15 0.1758
248 370 8 11 0.1399
194 415 16 19 0.1319
529 387 11 17 0.1283
251 370 8 10 0.1205
979 522 25 30 0.1204
241 399 15 23 0.1163
513 474 15 25 0.1105
231 357 8 10 0.1098
219 393 13 16 0.1052
0 394 8 19 0.1009
244 382 10 12 0.0970
690 405 11 19 0.0964
844 396 10 14 0.0960
785 414 11 17 0.0955
216 440 17 31 0.0948
90 355 7 8 0.0947
297 467 17 36 0.0923
2 369 9 11 0.0907
228 357 8 10 0.0877
532 388 12 16 0.0877
35 389 9 14 0.0877
38 388 10 15 0.0860
286 375 8 11 0.0799
259 380 11 14 0.0757
863 377 7 8 0.0701
781 414 9 17 0.0696
829 427 13 20 0.0690
691 408 12 18 0.0688
518 474 13 25 0.0687
1003 489 13 22 0.0681
863 393 9 12 0.0664
133 367 7 9 0.0654
401 364 9 10 0.0622
872 384 11 16 0.0621
270 354 7 9 0.0590
27 368 7 9 0.0590
55 372 9 11 0.0585
284 373 8 12 0.0582
254 358 6 8 0.0580
289 374 8 13 0.0558
55 375 10 14 0.0549
310 358 7 9 0.0542
75 354 7 8 0.0538
315 358 7 9 0.0537
454 436 15 24 0.0533
335 413 12 16 0.0531
23 368 7 9 0.0528
242 383 9 12 0.0513
925 377 9 10 0.0509
423 365 11 14 0.0507
455 431 16 28 0.0505
324 343 6 8 0.0505
324 392 11 15 0.0497
197 414 16 21 0.0494
709 412 12 17 0.0464
752 404 11 16 0.0463
306 358 7 10 0.0463
72 354 6 8 0.0443
990 522 18 28 0.0442
24 358 6 7 0.0440
3 371 10 11 0.0437
288 372 8 13 0.0435
118 388 8 11 0.0426
714 412 9 16 0.0420
928 376 8 11 0.0418
233 358 8 9 0.0415
59 373 9 10 0.0409
137 405 16 19 0.0408
686 404 11 18 0.0402
321 344 6 7 0.0389
316 378 9 12 0.0388
326 343 6 8 0.0383
373 479 21 30 0.0380
30 459 14 24 0.0380
1013 385 8 10 0.0375
338 411 13 19 0.0372
137 367 7 8 0.0367
363 416 11 20 0.0367
541 448 18 27 0.0364
39 455 21 29 0.0364
203 379 11 13 0.0362
20 356 7 8 0.0360
312 378 10 12 0.0354
263 380 11 14 0.0352
58 375 10 13 0.0352
576 443 13 21 0.0350
179 414 13 16 0.0347
871 367 6 7 0.0346
840 396 10 13 0.0343
398 365 7 9 0.0341
224 373 9 10 0.0339
222 393 12 15 0.0336
686 409 12 18 0.0330
399 363 8 10 0.0328
68 458 16 29 0.0323
245 383 9 13 0.0321
1015 386 8 11 0.0319
11 354 7 8 0.0318
327 393 11 15 0.0316
379 477 19 31 0.0315
896 404 12 14 0.0315
845 398 11 13 0.0310
748 404 11 16 0.0308
1002 488 15 23 0.0308
276 342 6 7 0.0304
88 355 6 7 0.0304
343 365 9 11 0.0303
310 359 8 10 0.0303
318 359 7 9 0.0296
77 387 12 15 0.0295
199 380 10 13 0.0286
194 358 7 9 0.0275
366 415 11 21 0.0271
223 442 15 29 0.0271
812 391 9 11 0.0270
459 375 10 14 0.0269
273 342 6 6 0.0268
222 439 15 30 0.0265
273 456 19 37 0.0265
346 364 9 13 0.0262
34 452 19 30 0.0259
876 384 10 15 0.0257
132 367 7 8 0.0257
924 376 8 10 0.0256
707 392 10 14 0.0254
129 403 17 20 0.0253
738 423 13 19 0.0247
53 566 19 39 0.0246
236 400 13 20 0.0241
176 368 8 10 0.0241
952 398 9 14 0.0241
208 372 9 11 0.0237
241 383 11 13 0.0236
955 398 9 14 0.0232
867 367 7 7 0.0230
369 474 25 34 0.0229
89 356 7 8 0.0229
76 384 11 14 0.0227
876 385 11 14 0.0222
23 376 9 11 0.0221
114 388 8 10 0.0221
355 368 10 13 0.0220
988 390 7 9 0.0219
720 475 21 31 0.0219
456 375 10 14 0.0219
811 365 7 7 0.0216
826 428 11 18 0.0213
48 455 17 29 0.0212
779 413 11 17 0.0208
136 366 6 8 0.0208
13 353 6 7 0.0207
73 387 12 14 0.0206
177 421 17 22 0.0204
419 365 10 12 0.0204
314 358 8 9 0.0204
971 378 8 10 0.0204
6 368 9 11 0.0202
824 366 6 8 0.0197
735 422 12 19 0.0196
816 390 8 11 0.0196
130 407 19 22 0.0195
35 388 10 14 0.0193
836 368 6 7 0.0193
1010 386 8 10 0.0192
533 447 15 28 0.0191
110 370 8 10 0.0189
896 394 11 13 0.0189
72 353 6 7 0.0188
692 405 14 19 0.0187
898 362 6 7 0.0184
219 394 16 19 0.0184
928 374 8 10 0.0183
725 402 11 14 0.0182
737 419 12 17 0.0181
869 366 6 7 0.0181
954 374 7 8 0.0180
964 366 7 8 0.0180
27 367 8 9 0.0180
375 356 8 10 0.0179
19 376 9 11 0.0178
241 404 19 28 0.0178
950 374 7 8 0.0178
967 366 7 8 0.0176
37 386 9 12 0.0174
172 368 8 11 0.0173
196 359 7 9 0.0173
860 377 7 8 0.0171
111 368 7 8 0.0170
232 357 8 10 0.0170
988 366 7 9 0.0167
399 330 5 6 0.0167
266 356 8 8 0.0167
224 371 8 11 0.0167
991 373 7 10 0.0166
967 378 8 9 0.0164
871 411 13 16 0.0162
841 398 10 13 0.0162
338 406 13 21 0.0160
896 362 6 6 0.0160
460 433 20 28 0.0159
585 523 36 48 0.0159
86 354 6 7 0.0157
80 385 10 13 0.0156
427 367 9 11 0.0155
577 444 16 26 0.0155
923 378 8 10 0.0154
261 382 11 13 0.0154
114 388 8 11 0.0152
582 528 30 43 0.0151
322 342 6 8 0.0151
398 364 8 10 0.0150
135 366 8 9 0.0150
1008 367 6 7 0.0149
995 373 7 9 0.0148
181 387 13 14 0.0148
734 420 11 17 0.0147
531 385 10 16 0.0147
36 405 11 19 0.0146
54 454 21 31 0.0146
821 365 6 8 0.0144
114 369 8 10 0.0143
1005 367 6 8 0.0141
31 456 18 27 0.0141
272 341 5 7 0.0141
299 474 16 31 0.0138
1010 386 9 10 0.0138
242 359 8 8 0.0137
797 375 6 8 0.0137
395 330 6 7 0.0137
322 344 6 8 0.0137
350 374 9 13 0.0133
139 407 16 21 0.0132
276 340 5 6 0.0132
332 409 13 19 0.0132
191 357 7 9 0.0131
419 365 10 12 0.0130
999 399 9 12 0.0129
526 384 11 17 0.0127
716 405 10 17 0.0127
345 363 8 9 0.0127
422 362 9 11 0.0125
1017 526 7 32 0.0125
893 403 11 14 0.0124
270 347 6 8 0.0123
364 420 11 19 0.0123
1019 530 5 35 0.0123
627 420 17 24 0.0122
970 524 31 32 0.0122
57 379 11 13 0.0122
59 371 8 9 0.0121
748 406 14 17 0.0121
728 473 24 32 0.0119
860 379 8 11 0.0119
146 406 11 16 0.0119
104 450 18 26 0.0118
343 363 9 12 0.0118
174 414 12 15 0.0118
403 362 9 10 0.0117
872 367 7 8 0.0116
324 398 13 19 0.0116
188 413 15 18 0.0115
178 360 7 9 0.0115
799 356 6 8 0.0114
849 366 7 7 0.0114
91 365 9 10 0.0114
27 456 14 24 0.0113
198 357 7 9 0.0113
248 402 14 19 0.0113
963 364 6 8 0.0112
379 358 9 10 0.0111
192 359 7 9 0.0111
852 429 12 22 0.0111
866 365 6 7 0.0110
964 366 6 8 0.0110
238 401 15 24 0.0110
990 516 17 32 0.0109
272 341 6 7 0.0109
507 366 8 11 0.0109
132 405 17 21 0.0108
751 408 12 17 0.0108
510 366 8 11 0.0108
525 387 10 16 0.0107
112 367 7 9 0.0106
298 466 16 36 0.0105
823 367 7 7 0.0104
461 439 16 25 0.0103
984 367 7 8 0.0102
336 410 14 19 0.0102
514 477 15 27 0.0102
906 373 7 9 0.0102
219 359 8 10 0.0101
977 525 30 36 0.0101
372 356 7 9 0.0101
744 374 9 12 0.0100
