2_Demonstration_Protesters_2_24
31
816 655 66 85 0.8690
665 1056 74 97 0.8649
155 803 84 100 0.8549
482 759 74 103 0.8526
453 1125 75 94 0.8478
892 1124 98 114 0.8465
602 629 65 76 0.8349
368 581 64 75 0.8207
548 261 94 149 0.8093
2 400 117 140 0.8028
582 866 44 58 0.7983
393 810 60 68 0.7896
676 856 35 53 0.7847
624 127 109 123 0.7775
669 468 61 84 0.7534
370 266 105 158 0.7383
747 0 34 22 0.7373
173 457 57 73 0.7044
503 667 60 73 0.6814
172 457 60 77 0.2749
209 155 96 107 0.1623
638 688 65 77 0.1246
638 686 69 84 0.1018
32 840 46 58 0.0867
668 470 61 82 0.0819
503 667 61 73 0.0731
602 628 65 76 0.0201
854 0 102 90 0.0194
903 598 36 48 0.0184
865 1018 48 64 0.0174
639 690 51 70 0.0103
