2_Demonstration_Demonstration_Or_Protest_2_304
32
428 375 45 58 0.8908
370 359 36 50 0.8702
189 272 53 73 0.8659
681 401 43 56 0.8635
258 376 38 62 0.8600
77 381 34 49 0.8535
761 294 109 122 0.8521
555 344 34 66 0.8357
916 372 36 61 0.8344
299 382 34 48 0.8300
521 345 43 66 0.8065
724 393 40 52 0.7890
33 396 32 41 0.6974
0 400 6 33 0.2000
521 344 43 67 0.1498
299 382 35 48 0.1264
1016 412 8 47 0.0717
299 383 34 47 0.0377
323 390 20 32 0.0365
0 395 4 34 0.0365
1014 404 10 56 0.0323
209 353 35 48 0.0274
203 351 41 52 0.0269
551 343 38 65 0.0217
1020 417 4 50 0.0201
0 397 12 37 0.0184
578 364 26 44 0.0175
0 401 8 36 0.0139
1011 409 13 56 0.0138
1009 397 15 61 0.0130
624 369 29 42 0.0129
618 367 29 44 0.0127
