2_Demonstration_Political_Rally_2_267
40
749 307 28 36 0.7690
814 356 24 39 0.6539
99 401 23 30 0.5656
198 367 21 22 0.3778
713 396 22 31 0.2424
194 366 21 24 0.1923
454 319 19 28 0.1528
772 403 25 30 0.1498
0 379 17 47 0.1219
197 364 20 23 0.1071
543 290 24 37 0.0999
0 376 17 49 0.0975
720 395 19 31 0.0884
770 403 22 29 0.0839
1 375 28 47 0.0795
447 336 20 25 0.0745
448 318 22 30 0.0688
446 333 20 26 0.0677
144 352 24 32 0.0532
772 400 23 30 0.0481
456 324 18 28 0.0416
0 389 16 40 0.0342
545 293 24 38 0.0337
0 370 25 55 0.0330
540 290 19 34 0.0307
141 352 22 31 0.0305
0 375 25 52 0.0279
715 397 22 31 0.0276
1 377 28 47 0.0242
706 396 21 28 0.0234
768 400 19 27 0.0232
721 398 19 30 0.0216
339 276 23 36 0.0190
193 364 18 23 0.0189
540 296 21 35 0.0175
450 334 22 28 0.0161
810 360 20 34 0.0147
201 431 22 28 0.0145
774 407 28 32 0.0129
457 320 20 30 0.0116
