2_Demonstration_Protesters_2_213
110
364 299 76 104 0.8701
961 592 53 67 0.8599
593 549 65 77 0.8598
755 539 36 53 0.8303
844 700 58 68 0.8061
233 289 65 78 0.8042
118 456 24 30 0.6374
525 468 22 29 0.5659
65 420 16 19 0.5181
527 468 22 29 0.4411
49 399 13 15 0.4340
0 397 8 15 0.3494
495 474 16 25 0.2594
46 399 12 15 0.2336
67 392 10 13 0.2280
18 404 12 14 0.2256
0 423 9 17 0.2201
999 378 10 13 0.2148
99 399 12 18 0.2143
22 404 12 14 0.2009
709 377 7 8 0.1821
0 428 10 30 0.1712
713 377 6 8 0.1703
101 402 14 19 0.1693
24 419 13 15 0.1678
70 392 10 12 0.1665
491 474 16 26 0.1661
995 378 10 13 0.1607
96 399 12 16 0.1482
69 419 16 21 0.1406
948 377 10 12 0.1380
494 474 15 23 0.1357
997 378 10 12 0.1287
65 391 11 12 0.1214
681 375 7 8 0.1085
25 386 11 13 0.1056
21 419 12 15 0.1056
679 375 6 8 0.0999
21 402 12 13 0.0980
69 391 10 12 0.0942
18 402 11 13 0.0831
950 377 10 13 0.0774
1018 374 6 14 0.0757
710 378 7 8 0.0733
116 456 23 30 0.0618
994 378 10 11 0.0616
0 432 10 30 0.0595
951 377 10 12 0.0589
845 376 9 12 0.0589
714 378 6 8 0.0565
842 376 9 12 0.0534
97 402 13 18 0.0495
683 375 7 9 0.0478
1019 378 5 13 0.0434
29 418 11 14 0.0426
947 378 9 12 0.0406
919 377 9 10 0.0342
810 385 8 10 0.0339
888 375 9 11 0.0324
970 381 10 10 0.0322
946 377 9 12 0.0321
969 378 10 10 0.0318
683 376 6 8 0.0318
27 416 14 17 0.0317
952 378 11 12 0.0311
22 386 11 12 0.0293
105 405 13 17 0.0290
491 474 14 23 0.0287
807 385 8 10 0.0266
923 378 8 10 0.0261
2 396 9 14 0.0261
880 385 8 11 0.0249
64 392 11 15 0.0233
892 375 10 11 0.0231
62 390 10 12 0.0223
679 377 6 8 0.0218
52 401 11 14 0.0215
137 437 16 17 0.0211
0 427 15 31 0.0210
903 380 10 12 0.0202
744 739 60 29 0.0195
679 375 7 7 0.0195
901 376 9 11 0.0192
27 388 11 13 0.0187
5 469 18 25 0.0187
884 384 9 12 0.0179
3 419 11 19 0.0174
2 400 10 14 0.0172
104 406 15 20 0.0161
846 377 9 12 0.0157
12 428 15 21 0.0156
770 377 9 11 0.0150
686 379 7 8 0.0147
47 402 12 14 0.0144
792 398 7 8 0.0142
843 378 8 11 0.0140
808 382 8 10 0.0137
904 393 9 10 0.0137
1018 389 6 12 0.0134
908 393 8 10 0.0131
774 377 8 10 0.0131
43 394 10 11 0.0129
788 398 8 8 0.0126
816 388 8 10 0.0124
755 742 41 26 0.0113
615 380 7 9 0.0107
759 745 42 23 0.0107
512 477 17 23 0.0105
101 397 12 16 0.0101
771 379 10 11 0.0100
