2_Demonstration_Demonstration_Or_Protest_2_395
31
871 343 51 72 0.8516
979 273 45 107 0.8392
806 482 109 132 0.8259
742 340 49 74 0.7984
549 350 61 101 0.5982
953 245 36 51 0.3985
550 350 59 98 0.2798
820 319 32 50 0.2508
740 340 50 75 0.1108
815 318 32 51 0.1066
273 507 132 176 0.0747
852 275 25 37 0.0585
821 317 29 48 0.0441
817 316 27 48 0.0431
109 25 124 197 0.0291
827 319 36 50 0.0276
439 320 37 46 0.0266
982 276 42 76 0.0239
850 277 29 44 0.0225
756 304 34 42 0.0194
825 314 35 51 0.0192
765 298 22 30 0.0187
754 314 34 48 0.0135
838 365 34 56 0.0135
525 371 61 133 0.0123
954 242 41 61 0.0123
817 277 22 33 0.0123
916 308 39 47 0.0110
819 326 35 50 0.0110
916 309 28 34 0.0108
915 310 34 43 0.0105
