2_Demonstration_Protesters_2_796
39
403 235 153 190 0.8741
607 135 37 42 0.8033
490 126 32 43 0.7640
357 75 31 36 0.7222
353 128 29 31 0.7049
603 58 26 33 0.5926
526 99 26 31 0.5485
579 133 27 39 0.5347
567 91 24 30 0.4938
6 64 51 72 0.4691
391 20 32 37 0.4191
482 71 21 25 0.3902
685 67 39 43 0.2719
576 134 26 38 0.1540
684 70 41 47 0.1441
395 21 33 37 0.1032
847 0 29 16 0.0908
679 79 42 49 0.0805
842 0 28 16 0.0559
564 91 23 30 0.0525
489 72 18 23 0.0523
529 84 23 31 0.0490
685 78 39 47 0.0488
524 99 26 31 0.0422
409 27 24 33 0.0329
675 84 33 43 0.0319
680 88 38 45 0.0255
337 0 25 7 0.0247
395 19 30 37 0.0232
676 92 31 40 0.0230
843 0 34 18 0.0221
523 85 23 29 0.0191
332 0 24 8 0.0154
856 0 26 13 0.0151
385 23 26 33 0.0139
601 59 26 32 0.0129
878 0 20 8 0.0125
6 65 46 66 0.0111
678 74 47 59 0.0103
