2_Demonstration_Demonstrators_2_188
99
374 434 97 147 0.8664
221 344 51 57 0.8391
780 1072 104 123 0.8264
484 383 39 48 0.8229
287 334 40 54 0.8198
225 241 35 44 0.8087
189 286 37 48 0.7973
3 420 37 49 0.7965
152 411 44 53 0.7938
878 360 33 46 0.4442
391 344 36 47 0.4273
875 359 33 47 0.4171
855 223 21 24 0.3828
388 344 36 46 0.2848
302 272 27 41 0.2462
22 396 27 30 0.2359
112 353 17 22 0.2320
1004 362 15 23 0.2047
566 409 33 36 0.1859
107 354 16 21 0.1854
860 223 20 23 0.1723
1009 362 14 22 0.1564
515 333 22 22 0.1275
979 373 18 23 0.0892
1005 367 17 27 0.0886
891 329 19 22 0.0764
556 409 31 35 0.0710
304 273 28 41 0.0678
1 397 21 28 0.0655
886 330 19 23 0.0551
49 377 24 26 0.0510
977 368 16 20 0.0503
918 387 26 33 0.0465
360 352 24 31 0.0446
544 408 22 33 0.0445
660 368 22 26 0.0438
634 370 23 26 0.0412
1011 368 13 27 0.0411
522 333 19 21 0.0390
957 376 18 21 0.0387
309 272 25 39 0.0385
851 221 20 24 0.0382
563 403 32 39 0.0358
919 362 21 26 0.0358
954 403 26 32 0.0356
0 397 16 27 0.0352
919 379 23 30 0.0345
957 407 28 33 0.0329
889 329 16 19 0.0315
927 390 22 28 0.0305
967 403 22 31 0.0301
611 389 27 32 0.0289
108 352 16 20 0.0288
926 382 21 28 0.0284
658 369 17 19 0.0283
993 340 12 15 0.0265
105 354 17 21 0.0253
561 413 35 38 0.0253
988 340 13 15 0.0252
19 395 22 27 0.0233
928 363 18 21 0.0232
639 369 16 18 0.0223
995 1039 27 135 0.0202
146 354 19 24 0.0191
852 225 17 21 0.0190
550 402 27 39 0.0184
1012 333 11 15 0.0184
970 407 23 32 0.0180
354 354 21 27 0.0175
513 328 20 22 0.0175
837 419 32 39 0.0173
8 344 21 25 0.0173
52 382 23 25 0.0167
494 353 29 34 0.0166
608 387 25 32 0.0162
886 328 15 20 0.0157
10 349 21 26 0.0149
61 422 41 49 0.0146
938 409 27 33 0.0141
621 372 27 31 0.0141
538 402 21 35 0.0140
1011 330 11 15 0.0134
118 353 13 17 0.0131
958 372 16 19 0.0131
343 370 28 32 0.0128
772 363 42 53 0.0126
120 355 16 20 0.0121
22 393 21 23 0.0118
393 343 31 37 0.0117
522 328 18 20 0.0114
991 1032 32 142 0.0111
31 394 22 30 0.0109
607 391 22 27 0.0107
911 325 13 15 0.0106
387 343 26 35 0.0105
355 350 24 34 0.0104
773 354 38 45 0.0102
832 419 32 38 0.0102
629 370 17 19 0.0101
