2_Demonstration_Demonstrators_2_268
207
973 257 44 50 0.8666
78 285 32 36 0.8560
574 279 25 33 0.8557
364 261 21 29 0.8149
841 278 23 26 0.7974
167 284 18 22 0.7847
722 360 22 28 0.7677
269 255 26 32 0.7401
879 253 18 19 0.7119
683 243 20 28 0.7035
948 262 17 19 0.6574
538 249 13 16 0.6053
72 252 21 28 0.5072
242 261 14 16 0.4993
33 266 15 18 0.4843
219 251 12 15 0.4736
134 270 12 15 0.4126
447 260 11 16 0.4116
103 267 10 14 0.3890
137 270 12 15 0.3839
30 266 16 18 0.3379
602 257 10 12 0.3346
294 263 11 18 0.3333
506 264 9 15 0.3184
600 257 10 12 0.3110
510 264 8 15 0.3012
411 248 8 10 0.2807
409 248 8 10 0.2720
239 260 14 17 0.2685
769 259 7 8 0.2657
350 257 6 8 0.2644
106 268 9 12 0.2548
157 264 16 17 0.2492
72 254 21 30 0.2479
526 252 8 12 0.2476
729 257 6 8 0.2458
159 263 18 18 0.2344
784 256 6 8 0.2271
732 257 6 8 0.2262
640 292 7 10 0.2238
313 261 6 9 0.2229
672 256 6 8 0.2122
449 261 12 16 0.2109
642 292 8 10 0.2045
316 261 6 9 0.2009
926 253 8 10 0.1889
757 257 6 8 0.1888
930 253 7 10 0.1809
616 274 10 12 0.1686
818 257 6 7 0.1680
821 257 6 7 0.1672
616 291 8 9 0.1641
681 244 20 26 0.1637
782 256 6 8 0.1620
754 257 6 8 0.1615
341 256 6 8 0.1590
102 267 10 14 0.1541
771 260 7 9 0.1535
643 248 6 9 0.1390
426 290 8 11 0.1386
294 262 9 13 0.1356
786 256 6 8 0.1349
646 249 6 8 0.1343
910 250 9 10 0.1215
413 247 8 10 0.1163
613 290 9 11 0.1158
767 261 7 8 0.1151
536 249 12 16 0.1149
605 256 8 11 0.1109
658 256 6 7 0.1094
223 252 10 14 0.1064
317 262 6 8 0.1056
912 252 7 9 0.1031
424 289 9 10 0.0996
668 256 7 8 0.0987
705 251 9 13 0.0982
428 289 9 11 0.0952
313 262 7 9 0.0940
341 282 8 10 0.0900
819 256 6 8 0.0860
412 248 8 10 0.0852
346 257 7 8 0.0840
338 256 7 8 0.0813
344 282 8 10 0.0795
925 252 8 10 0.0781
620 275 8 10 0.0778
646 247 7 9 0.0751
928 252 8 10 0.0744
268 255 26 32 0.0739
755 256 6 8 0.0694
706 248 8 12 0.0648
567 255 7 9 0.0612
640 292 7 9 0.0583
83 258 12 16 0.0583
446 261 9 14 0.0580
217 252 11 13 0.0550
729 255 7 9 0.0527
111 286 12 17 0.0525
786 255 6 7 0.0513
570 256 7 9 0.0507
221 273 8 11 0.0505
781 256 5 9 0.0503
754 257 6 7 0.0482
315 261 7 10 0.0453
616 289 10 12 0.0450
289 261 14 20 0.0450
816 255 6 8 0.0445
446 263 10 13 0.0440
351 256 7 9 0.0436
644 241 6 8 0.0433
109 285 10 15 0.0433
647 242 6 8 0.0428
752 256 6 8 0.0419
1 307 6 9 0.0418
428 288 8 10 0.0418
329 311 7 10 0.0402
772 259 6 8 0.0402
729 258 6 8 0.0395
617 276 10 12 0.0392
522 252 9 11 0.0392
644 293 8 10 0.0388
332 311 8 10 0.0386
222 274 8 10 0.0386
625 252 7 8 0.0379
671 254 9 12 0.0374
67 258 20 24 0.0368
542 250 12 15 0.0368
908 249 8 11 0.0367
170 266 10 13 0.0346
159 261 15 17 0.0339
155 262 12 15 0.0339
444 276 8 11 0.0334
802 256 6 8 0.0334
494 264 8 13 0.0333
645 247 7 8 0.0332
424 291 8 10 0.0323
566 255 6 8 0.0322
345 258 8 9 0.0302
409 250 8 9 0.0299
821 257 6 8 0.0298
395 277 8 11 0.0297
393 275 8 11 0.0292
489 262 8 12 0.0287
435 267 8 11 0.0275
341 284 8 10 0.0272
158 262 16 18 0.0267
204 274 9 11 0.0248
15 275 7 8 0.0247
619 251 7 9 0.0245
641 292 8 10 0.0243
328 272 8 11 0.0238
527 251 9 12 0.0236
952 262 16 20 0.0234
836 259 7 7 0.0233
188 271 8 11 0.0230
570 254 6 8 0.0228
63 260 13 18 0.0227
928 255 8 10 0.0220
621 275 8 11 0.0219
328 275 8 11 0.0209
16 276 9 11 0.0205
105 266 10 14 0.0204
722 275 6 7 0.0198
623 248 6 8 0.0196
603 259 9 11 0.0193
207 277 8 10 0.0191
791 271 6 9 0.0188
512 264 9 13 0.0188
908 254 8 10 0.0185
861 245 7 8 0.0183
151 265 9 12 0.0181
107 285 14 20 0.0179
846 257 6 7 0.0176
502 265 10 13 0.0175
654 257 6 8 0.0172
170 285 17 21 0.0167
15 332 9 11 0.0165
788 271 6 10 0.0164
217 250 12 14 0.0162
725 274 6 8 0.0159
725 254 6 8 0.0159
446 262 10 14 0.0158
360 257 9 15 0.0157
623 245 6 8 0.0156
598 258 12 13 0.0153
721 273 7 8 0.0153
424 290 9 11 0.0151
0 278 8 17 0.0151
62 263 9 13 0.0150
450 260 11 16 0.0148
569 257 10 11 0.0147
656 267 7 8 0.0138
344 284 8 10 0.0137
845 253 7 8 0.0135
238 260 13 18 0.0129
224 273 8 11 0.0129
170 266 8 10 0.0124
510 259 8 14 0.0120
350 259 8 10 0.0115
452 262 11 15 0.0111
413 248 7 9 0.0111
887 254 11 15 0.0107
330 258 6 7 0.0107
203 316 15 17 0.0106
239 262 12 14 0.0106
792 273 7 8 0.0105
61 261 10 15 0.0103
