2_Demonstration_Demonstrators_2_517
155
779 302 78 83 0.8872
167 127 46 51 0.8860
464 357 64 80 0.8777
136 295 79 81 0.8735
502 114 42 46 0.8676
805 111 33 37 0.8553
260 120 48 70 0.8468
886 101 33 31 0.8444
653 148 29 45 0.8417
110 95 26 29 0.8403
789 89 28 28 0.8372
988 88 26 25 0.8039
767 67 16 17 0.7662
704 129 50 59 0.7165
923 107 23 21 0.6813
220 111 22 24 0.6248
616 71 13 15 0.5858
485 98 14 17 0.5730
571 91 16 21 0.5605
242 94 12 15 0.4883
426 77 16 20 0.4735
701 82 11 15 0.4454
481 118 18 27 0.3987
428 77 16 20 0.3694
219 100 15 17 0.3325
698 82 11 15 0.3232
705 129 50 59 0.3153
515 85 10 12 0.3004
1012 179 12 43 0.2892
858 88 16 22 0.2707
534 69 8 10 0.2669
142 93 18 23 0.2563
245 83 12 15 0.2355
459 74 8 10 0.2229
531 69 8 10 0.2227
518 85 10 12 0.2182
147 94 16 21 0.2147
218 110 23 25 0.1965
715 80 9 10 0.1917
638 69 8 9 0.1895
563 73 8 10 0.1820
240 94 12 15 0.1786
1015 89 9 22 0.1736
816 75 11 14 0.1641
568 91 16 20 0.1616
713 79 9 10 0.1574
703 69 8 10 0.1545
136 295 79 81 0.1511
475 118 19 26 0.1401
217 105 23 29 0.1383
561 73 7 10 0.1358
651 70 8 10 0.1251
813 74 12 16 0.1185
618 72 12 14 0.1074
921 107 23 21 0.1034
512 69 7 9 0.1020
509 69 7 10 0.1000
700 69 8 11 0.0939
721 91 12 14 0.0858
554 67 8 9 0.0827
637 69 7 8 0.0823
483 98 12 16 0.0822
544 123 13 17 0.0795
857 86 15 20 0.0745
1015 85 9 23 0.0695
1012 179 12 37 0.0632
445 68 7 9 0.0619
461 75 8 10 0.0570
565 74 7 9 0.0566
451 77 9 12 0.0565
443 69 7 9 0.0543
219 108 22 27 0.0541
444 72 8 10 0.0540
724 91 12 14 0.0526
815 75 12 17 0.0523
465 61 6 8 0.0520
634 68 8 10 0.0514
558 67 7 10 0.0513
703 68 7 9 0.0508
248 84 11 13 0.0501
1014 98 10 28 0.0494
561 75 8 9 0.0480
863 90 14 19 0.0463
725 88 10 12 0.0459
92 95 16 21 0.0444
552 69 8 9 0.0433
533 68 8 9 0.0418
195 69 8 8 0.0404
564 73 8 10 0.0401
650 69 7 8 0.0383
649 70 8 10 0.0364
595 73 9 10 0.0364
1013 168 11 31 0.0358
721 57 8 11 0.0354
443 69 8 11 0.0342
180 82 10 13 0.0340
530 68 8 9 0.0326
467 61 7 8 0.0317
944 133 14 19 0.0312
239 94 13 16 0.0311
511 68 6 9 0.0310
746 80 13 16 0.0306
722 89 12 14 0.0303
476 120 20 29 0.0299
701 69 8 10 0.0294
700 68 7 10 0.0272
462 73 8 10 0.0255
545 126 13 15 0.0253
746 75 11 14 0.0251
484 118 21 32 0.0237
751 82 12 15 0.0230
490 69 7 8 0.0229
747 84 15 18 0.0227
568 72 8 12 0.0227
976 82 16 21 0.0224
1007 174 17 51 0.0221
245 81 10 11 0.0218
194 69 7 8 0.0202
723 57 8 11 0.0198
862 86 13 19 0.0196
197 70 8 8 0.0195
490 69 7 8 0.0194
596 72 9 10 0.0188
177 82 10 12 0.0187
470 74 9 11 0.0178
689 107 14 19 0.0177
614 72 11 13 0.0176
245 94 11 14 0.0173
737 69 10 11 0.0169
853 87 18 23 0.0168
569 67 7 9 0.0167
486 100 15 19 0.0166
180 88 13 18 0.0161
938 132 15 20 0.0153
487 69 6 8 0.0153
638 73 10 12 0.0152
457 93 10 12 0.0152
508 68 7 9 0.0150
751 87 16 21 0.0146
529 70 8 9 0.0144
181 85 12 15 0.0136
747 86 16 22 0.0129
688 52 6 7 0.0129
722 61 9 10 0.0126
91 98 20 25 0.0122
977 87 18 22 0.0119
1016 183 8 45 0.0118
851 89 19 22 0.0116
687 82 11 13 0.0113
489 98 12 15 0.0112
531 75 8 9 0.0111
259 87 12 15 0.0108
183 86 11 15 0.0107
516 86 14 13 0.0104
262 86 9 13 0.0101
