2_Demonstration_Political_Rally_2_791
313
650 279 69 81 0.8908
205 415 77 84 0.8743
545 301 73 88 0.8737
593 44 72 82 0.8650
396 351 64 78 0.8618
780 372 65 75 0.8617
404 144 58 74 0.8550
21 545 36 33 0.8457
824 543 39 35 0.8225
993 520 27 31 0.8108
331 543 40 33 0.8107
489 541 39 31 0.8060
954 511 30 31 0.7966
860 522 26 31 0.7931
398 528 31 34 0.7868
42 471 24 26 0.7838
324 470 26 30 0.7830
650 494 30 30 0.7596
89 483 28 33 0.7520
589 482 19 27 0.7078
314 435 21 24 0.6450
59 441 19 22 0.6391
11 508 23 32 0.5953
935 552 37 25 0.5878
925 493 20 27 0.5789
80 517 28 31 0.5551
130 526 23 27 0.5278
855 494 21 26 0.5033
1005 411 18 22 0.4932
680 520 29 38 0.4769
960 429 23 28 0.4662
43 520 24 25 0.4145
1006 495 18 29 0.3967
963 430 21 26 0.3925
854 494 20 25 0.3871
475 519 24 27 0.3741
127 525 24 28 0.3293
1005 494 18 27 0.3282
26 451 19 24 0.3158
945 328 15 17 0.2947
907 536 39 34 0.2943
691 477 17 27 0.2919
38 397 15 17 0.2869
1014 466 10 26 0.2782
1002 412 18 21 0.2626
623 502 23 28 0.2506
340 402 20 24 0.2493
464 320 14 17 0.2470
58 540 30 31 0.2330
346 505 19 20 0.2085
331 402 16 20 0.2084
101 449 19 26 0.2079
1018 371 6 19 0.2041
473 520 23 25 0.2040
308 477 18 25 0.2009
1016 468 8 28 0.1987
396 352 64 77 0.1921
35 397 15 17 0.1914
960 338 16 20 0.1875
615 470 20 24 0.1869
39 428 17 18 0.1788
78 396 18 22 0.1752
30 452 19 22 0.1637
365 545 29 29 0.1620
370 544 28 29 0.1549
16 509 21 30 0.1525
947 466 14 24 0.1485
922 493 22 27 0.1480
668 430 13 18 0.1449
695 518 26 37 0.1447
737 545 46 29 0.1378
996 352 16 18 0.1316
936 350 17 22 0.1276
613 469 19 24 0.1234
349 504 19 21 0.1125
619 471 22 25 0.1121
76 394 17 21 0.1118
949 470 15 22 0.1117
33 364 12 17 0.1025
30 364 12 17 0.1015
366 542 26 27 0.0955
878 308 22 28 0.0941
810 322 14 16 0.0924
463 320 14 17 0.0909
908 288 16 24 0.0884
478 522 26 26 0.0876
669 550 39 24 0.0874
475 521 24 26 0.0848
1016 368 8 20 0.0847
333 368 13 17 0.0842
667 550 40 24 0.0841
650 279 69 80 0.0834
56 542 35 33 0.0830
672 430 12 18 0.0809
738 539 45 33 0.0760
675 520 32 40 0.0753
600 214 16 24 0.0745
617 469 21 24 0.0731
82 396 18 24 0.0729
164 558 31 19 0.0714
26 474 19 23 0.0712
654 429 12 13 0.0704
974 310 13 15 0.0698
373 543 22 25 0.0694
468 320 13 17 0.0692
941 551 33 25 0.0691
814 322 13 16 0.0688
600 213 12 16 0.0678
436 504 16 22 0.0662
495 372 16 24 0.0616
909 290 17 25 0.0615
396 351 64 77 0.0608
922 494 23 28 0.0607
63 565 38 14 0.0590
468 320 12 16 0.0576
1013 455 11 23 0.0559
593 483 17 26 0.0558
107 449 17 25 0.0534
905 539 46 35 0.0534
44 429 14 17 0.0533
940 350 15 21 0.0530
999 496 24 29 0.0530
51 323 13 14 0.0518
732 547 45 27 0.0515
345 510 21 24 0.0506
62 532 24 24 0.0481
451 486 17 20 0.0469
317 380 16 19 0.0467
999 401 19 23 0.0450
692 477 20 30 0.0446
951 466 15 24 0.0436
995 342 14 16 0.0420
340 405 20 26 0.0420
352 368 13 19 0.0417
972 387 17 21 0.0417
157 558 37 20 0.0412
636 477 21 25 0.0410
974 360 17 20 0.0408
61 539 31 32 0.0399
693 475 22 30 0.0394
440 503 19 25 0.0383
984 395 16 20 0.0366
375 536 23 25 0.0362
982 393 15 19 0.0359
971 383 16 18 0.0354
616 468 22 28 0.0352
494 403 16 21 0.0349
26 457 22 26 0.0349
319 398 19 22 0.0344
644 461 27 32 0.0334
75 365 14 17 0.0331
965 339 13 18 0.0325
311 397 18 22 0.0324
81 392 19 24 0.0321
491 372 16 24 0.0315
157 562 40 17 0.0310
1017 338 7 15 0.0309
28 321 8 9 0.0308
354 370 14 19 0.0308
313 386 21 24 0.0304
952 245 23 27 0.0297
33 396 16 19 0.0297
733 542 40 28 0.0294
310 434 21 25 0.0294
61 497 24 26 0.0294
33 398 15 17 0.0293
56 442 17 21 0.0289
42 396 12 16 0.0289
1003 397 16 22 0.0287
336 371 13 16 0.0284
44 520 27 28 0.0283
706 519 21 34 0.0283
983 571 38 8 0.0279
162 562 35 17 0.0277
60 546 41 30 0.0274
697 516 22 34 0.0273
41 520 20 22 0.0271
304 216 18 22 0.0264
861 494 16 23 0.0264
556 560 55 19 0.0258
455 486 16 20 0.0256
81 519 29 31 0.0256
983 576 40 3 0.0253
741 529 39 37 0.0252
60 495 23 23 0.0248
888 518 24 29 0.0246
79 393 20 24 0.0245
598 213 10 15 0.0240
647 453 23 28 0.0240
624 228 7 11 0.0239
887 515 21 29 0.0238
978 310 12 14 0.0237
979 361 15 18 0.0237
335 368 16 19 0.0236
746 535 40 35 0.0236
953 258 20 24 0.0236
942 328 14 17 0.0235
114 518 19 24 0.0233
652 430 10 11 0.0228
957 420 15 20 0.0225
992 341 13 15 0.0225
50 321 12 14 0.0220
111 522 25 30 0.0217
36 421 18 20 0.0214
28 418 14 18 0.0212
860 306 9 10 0.0211
949 260 18 21 0.0211
978 393 17 22 0.0210
491 403 15 21 0.0210
89 352 13 18 0.0209
845 280 15 22 0.0207
440 509 23 27 0.0207
633 471 20 23 0.0207
625 505 22 27 0.0205
67 494 20 24 0.0205
973 307 13 16 0.0201
997 358 15 17 0.0199
527 541 22 25 0.0199
367 537 25 26 0.0196
308 480 20 26 0.0192
102 455 19 28 0.0192
971 393 21 25 0.0191
29 449 19 23 0.0190
4 509 29 34 0.0189
29 322 9 10 0.0188
312 393 21 26 0.0187
734 529 35 33 0.0186
333 406 22 27 0.0186
701 464 20 28 0.0183
311 386 17 22 0.0182
5 327 19 23 0.0180
1002 346 14 19 0.0178
5 329 21 25 0.0176
681 450 13 17 0.0176
975 358 13 14 0.0175
622 496 24 27 0.0175
437 509 19 24 0.0174
696 481 23 30 0.0167
342 455 18 26 0.0166
335 410 22 27 0.0164
734 540 50 35 0.0163
31 323 9 10 0.0163
881 516 23 29 0.0162
138 451 17 22 0.0162
627 228 7 11 0.0162
999 396 17 20 0.0162
1 329 18 27 0.0161
43 421 16 19 0.0161
703 445 13 17 0.0160
622 450 16 19 0.0153
337 399 20 24 0.0153
337 368 13 17 0.0152
709 463 16 24 0.0152
449 483 17 21 0.0149
1017 349 7 19 0.0146
625 445 11 15 0.0146
311 474 21 26 0.0146
313 381 15 19 0.0145
25 8 90 234 0.0144
343 465 18 27 0.0142
843 278 16 23 0.0140
69 565 38 14 0.0140
745 543 42 30 0.0139
43 398 13 16 0.0137
35 424 16 20 0.0133
520 542 25 25 0.0133
1 315 26 58 0.0133
301 214 18 22 0.0131
861 307 11 13 0.0130
308 419 17 22 0.0129
979 306 12 16 0.0129
1002 437 16 19 0.0128
70 364 14 18 0.0128
454 483 15 20 0.0128
1000 494 20 25 0.0128
318 468 18 27 0.0127
54 367 14 17 0.0125
341 398 17 18 0.0123
295 161 13 14 0.0123
911 532 33 30 0.0122
31 364 15 20 0.0122
350 511 21 23 0.0122
670 433 13 17 0.0120
494 407 17 24 0.0120
935 354 18 24 0.0119
949 324 15 18 0.0118
935 253 12 16 0.0116
950 433 18 23 0.0116
301 558 28 19 0.0116
970 311 11 14 0.0115
947 544 29 28 0.0114
955 339 16 21 0.0112
307 430 17 24 0.0111
671 428 12 16 0.0110
488 407 19 25 0.0110
28 423 18 22 0.0109
879 311 21 31 0.0108
984 573 40 6 0.0108
1004 404 18 25 0.0107
660 546 38 29 0.0106
944 467 13 23 0.0106
750 527 35 38 0.0106
319 119 15 20 0.0106
1007 436 15 24 0.0105
902 289 18 26 0.0104
912 287 16 25 0.0104
950 467 17 24 0.0104
964 396 17 23 0.0103
490 369 19 28 0.0103
684 519 21 31 0.0102
1016 334 8 13 0.0101
1016 318 8 15 0.0101
863 305 9 13 0.0101
