2_Demonstration_Demonstration_Or_Protest_2_450
57
191 269 47 76 0.8215
291 350 20 28 0.7888
583 270 32 60 0.7586
437 330 35 52 0.6590
321 372 16 23 0.3909
1013 360 10 15 0.3708
815 357 9 12 0.2769
811 357 9 12 0.2620
729 323 17 24 0.2595
0 365 8 17 0.2381
982 339 11 15 0.2143
978 339 11 15 0.1995
908 321 13 25 0.1840
319 371 16 21 0.1833
957 340 14 17 0.1825
857 357 11 14 0.1502
852 356 10 14 0.1373
906 320 11 24 0.0985
953 340 14 17 0.0887
904 322 11 23 0.0833
324 372 15 19 0.0740
862 357 11 14 0.0703
1010 360 11 14 0.0433
727 318 16 28 0.0419
48 378 7 8 0.0378
46 381 8 10 0.0364
49 380 10 13 0.0363
33 379 7 9 0.0357
709 311 14 24 0.0356
30 378 7 9 0.0342
459 301 19 27 0.0340
957 336 13 16 0.0338
324 373 17 23 0.0325
853 358 11 15 0.0322
714 310 12 23 0.0318
955 338 13 17 0.0289
0 362 6 18 0.0274
872 348 11 14 0.0272
1016 361 8 13 0.0263
724 322 18 28 0.0236
731 316 21 29 0.0234
978 338 13 16 0.0216
876 347 10 14 0.0202
1 364 10 16 0.0174
465 303 18 25 0.0163
726 322 13 24 0.0156
1011 360 11 14 0.0151
42 378 6 9 0.0148
733 321 21 29 0.0148
713 308 12 21 0.0145
728 329 20 30 0.0145
861 360 10 13 0.0141
980 337 12 15 0.0128
976 337 11 15 0.0121
905 327 12 21 0.0117
903 320 11 22 0.0107
34 380 8 10 0.0102
