2_Demonstration_Demonstrators_2_329
63
251 94 64 79 0.8784
860 168 39 45 0.8650
115 33 35 47 0.8551
933 180 32 41 0.8492
375 98 26 32 0.8135
666 148 26 39 0.8064
709 165 24 36 0.7852
205 45 45 62 0.7652
135 88 49 55 0.7557
63 47 41 52 0.7468
981 221 24 29 0.7136
732 167 22 28 0.6309
957 189 24 35 0.6222
23 1 49 56 0.6119
794 190 20 27 0.5842
666 149 25 37 0.4885
815 202 14 17 0.4411
605 175 11 15 0.3784
608 175 11 15 0.3696
623 157 9 12 0.3341
620 157 9 12 0.3165
797 191 19 25 0.2909
729 167 23 29 0.2744
1004 219 19 28 0.2561
961 190 22 34 0.2173
910 164 14 16 0.2079
650 157 8 10 0.1323
653 157 8 11 0.1289
1004 218 17 26 0.1125
21 0 50 56 0.0617
914 164 13 15 0.0585
204 46 46 61 0.0418
644 175 10 13 0.0366
596 158 9 12 0.0356
1002 221 19 28 0.0333
649 157 10 14 0.0322
205 45 45 62 0.0317
782 204 14 20 0.0305
785 177 12 16 0.0290
647 174 10 16 0.0272
620 158 10 13 0.0239
592 158 10 12 0.0232
919 142 10 12 0.0218
915 142 11 12 0.0216
645 167 12 15 0.0185
791 255 14 20 0.0184
1004 215 17 23 0.0183
596 158 9 12 0.0175
378 129 28 37 0.0169
652 158 11 16 0.0168
587 143 8 11 0.0126
565 163 10 13 0.0121
783 210 13 20 0.0121
1008 224 14 32 0.0116
570 202 9 13 0.0113
1019 205 5 23 0.0113
958 182 18 28 0.0112
649 155 8 10 0.0111
566 202 11 13 0.0109
563 161 10 13 0.0109
22 1 50 57 0.0108
583 142 9 12 0.0107
136 88 48 55 0.0104
