2_Demonstration_Political_Rally_2_329
272
138 349 61 65 0.8934
933 286 63 67 0.8780
482 318 82 98 0.8776
803 207 39 48 0.8722
745 399 94 119 0.8710
308 315 69 75 0.8709
267 199 41 44 0.8645
196 193 39 44 0.8639
868 337 63 68 0.8605
926 213 33 37 0.8601
696 331 44 43 0.8599
650 235 37 47 0.8564
465 242 37 41 0.8470
771 176 26 30 0.8407
881 163 28 34 0.8398
326 171 33 37 0.8378
130 180 29 32 0.8341
833 183 29 34 0.8340
297 182 28 34 0.8301
0 194 33 43 0.8292
848 224 29 37 0.8282
613 210 29 33 0.8101
414 196 30 35 0.7869
125 234 48 57 0.7831
499 145 20 20 0.7786
664 187 30 34 0.7686
60 170 18 22 0.7463
1010 237 14 55 0.7222
59 205 25 42 0.6859
22 149 18 18 0.6758
770 128 11 15 0.6462
950 142 13 15 0.6462
978 223 31 37 0.6461
566 145 16 20 0.6459
845 129 15 17 0.6395
956 193 23 25 0.6360
68 152 15 20 0.5457
1000 138 12 14 0.5246
906 143 12 16 0.5060
49 133 12 13 0.4907
465 149 14 16 0.4895
1015 150 9 16 0.4862
783 117 11 13 0.4786
542 150 21 23 0.4666
976 132 11 13 0.4437
478 136 16 19 0.4351
480 137 16 18 0.4319
956 192 24 27 0.4247
68 133 11 13 0.4222
744 133 10 13 0.4189
24 124 8 8 0.4185
613 154 15 18 0.3866
818 123 10 14 0.3750
920 147 12 15 0.3436
986 222 26 35 0.3322
939 136 10 13 0.3305
969 146 13 15 0.3210
70 152 16 21 0.3160
807 133 9 12 0.3133
969 146 13 15 0.3071
557 125 8 11 0.3002
902 143 13 16 0.2983
910 125 10 11 0.2920
559 125 9 10 0.2842
108 155 12 15 0.2780
468 149 14 16 0.2773
539 149 22 24 0.2721
751 122 10 13 0.2657
588 129 9 9 0.2601
109 131 11 12 0.2595
750 121 11 13 0.2558
15 135 8 8 0.2529
991 128 10 11 0.2491
575 124 8 9 0.2491
785 117 10 13 0.2481
28 113 7 9 0.2455
125 233 48 58 0.2428
864 137 10 14 0.2419
605 124 9 12 0.2399
998 138 11 14 0.2372
544 126 8 10 0.2362
497 127 10 10 0.2348
742 132 10 13 0.2326
867 138 11 14 0.2239
805 133 9 12 0.2184
462 137 12 15 0.2175
7 123 9 11 0.2098
71 134 11 12 0.2098
748 121 10 13 0.2084
531 128 9 11 0.1979
516 118 6 9 0.1962
488 121 8 9 0.1934
513 118 7 9 0.1934
586 115 8 10 0.1930
581 220 29 34 0.1856
966 146 13 16 0.1831
574 123 7 10 0.1814
111 155 12 16 0.1789
937 135 10 12 0.1733
26 113 7 8 0.1732
603 123 8 11 0.1632
112 131 10 12 0.1627
615 122 10 13 0.1521
48 133 11 12 0.1462
906 125 11 12 0.1330
966 145 13 15 0.1311
485 121 9 9 0.1253
572 123 7 9 0.1249
919 147 11 14 0.1245
781 117 10 13 0.1189
875 143 9 12 0.1187
5 121 9 11 0.1176
789 143 13 15 0.1173
1010 150 11 14 0.1140
538 116 5 7 0.1139
10 111 7 8 0.1121
9 122 8 10 0.1101
489 121 9 10 0.1098
613 121 10 13 0.1041
785 143 14 16 0.1024
7 110 7 9 0.1006
520 148 11 15 0.0964
817 123 9 12 0.0929
977 133 11 12 0.0883
808 134 9 12 0.0869
565 144 15 20 0.0852
51 134 13 14 0.0844
534 116 6 7 0.0819
519 147 10 14 0.0811
13 136 9 11 0.0808
585 115 7 8 0.0787
460 137 10 15 0.0781
557 124 7 10 0.0743
865 135 9 13 0.0731
702 185 22 25 0.0710
781 146 18 20 0.0709
517 119 7 8 0.0703
464 135 8 11 0.0667
739 118 9 12 0.0664
614 157 17 20 0.0658
803 133 11 12 0.0655
989 128 9 10 0.0654
974 133 10 12 0.0631
584 115 6 9 0.0597
815 124 9 12 0.0566
1013 115 10 13 0.0549
13 133 9 12 0.0548
40 110 8 8 0.0528
935 137 10 12 0.0522
41 113 8 9 0.0518
536 115 6 7 0.0510
10 113 7 9 0.0494
465 136 11 14 0.0488
664 187 30 34 0.0477
973 227 30 34 0.0445
517 118 7 8 0.0436
82 128 10 11 0.0434
908 124 10 11 0.0434
28 113 7 9 0.0434
619 123 9 12 0.0423
991 221 21 27 0.0406
600 127 9 10 0.0395
746 131 10 13 0.0388
69 134 12 14 0.0375
873 163 16 24 0.0360
832 133 10 12 0.0358
824 128 11 13 0.0357
875 138 10 13 0.0354
130 109 10 10 0.0353
1 83 7 9 0.0346
491 120 7 9 0.0345
973 225 28 35 0.0340
534 114 5 7 0.0340
616 155 15 17 0.0332
109 132 11 13 0.0332
2 85 7 8 0.0325
1015 147 9 14 0.0323
1002 138 11 13 0.0322
546 128 12 12 0.0320
1014 126 9 13 0.0314
604 139 10 14 0.0312
788 147 17 21 0.0305
937 162 13 16 0.0303
85 149 15 19 0.0299
848 132 14 15 0.0298
132 111 9 10 0.0291
525 130 10 11 0.0289
538 116 8 9 0.0289
829 134 9 10 0.0282
935 136 9 11 0.0281
746 133 10 13 0.0278
142 142 12 16 0.0278
44 114 9 10 0.0278
573 122 7 8 0.0274
587 133 10 12 0.0269
559 110 7 8 0.0263
124 151 14 18 0.0260
610 154 13 17 0.0259
1011 115 10 11 0.0255
708 186 22 23 0.0250
853 132 10 14 0.0247
43 111 8 9 0.0240
54 132 10 12 0.0238
589 116 8 9 0.0237
618 123 9 10 0.0237
13 123 8 10 0.0233
1002 173 13 17 0.0228
514 117 6 8 0.0218
1010 118 9 12 0.0218
569 145 16 20 0.0217
365 171 23 27 0.0215
135 111 9 11 0.0213
1012 152 12 16 0.0207
461 135 8 12 0.0202
771 129 12 13 0.0201
615 108 8 10 0.0196
874 144 12 13 0.0194
940 135 10 13 0.0184
555 111 6 8 0.0183
703 193 22 24 0.0182
109 133 11 14 0.0177
4 85 7 8 0.0174
39 92 5 7 0.0172
1020 156 4 15 0.0167
4 83 7 8 0.0165
83 127 7 9 0.0162
896 80 11 14 0.0162
114 132 10 13 0.0161
731 166 11 13 0.0158
86 127 8 9 0.0158
1011 239 13 55 0.0153
1017 201 7 27 0.0152
612 110 8 10 0.0151
25 127 10 11 0.0150
842 130 13 14 0.0148
731 153 13 17 0.0146
35 92 6 7 0.0144
134 109 9 11 0.0144
617 153 14 19 0.0144
75 133 11 12 0.0143
953 140 11 13 0.0142
583 226 29 33 0.0140
85 145 13 16 0.0139
742 134 10 12 0.0133
701 180 20 26 0.0133
76 153 15 18 0.0132
140 145 16 20 0.0131
1001 170 12 16 0.0128
617 120 8 10 0.0127
30 149 14 15 0.0127
518 150 14 18 0.0125
780 117 10 12 0.0125
997 135 10 12 0.0124
947 145 11 14 0.0122
72 134 11 14 0.0121
778 148 13 16 0.0119
0 192 18 37 0.0118
576 221 28 32 0.0116
139 96 8 9 0.0115
788 158 16 19 0.0114
685 187 22 28 0.0114
1018 188 6 23 0.0114
136 96 8 8 0.0113
135 107 10 12 0.0113
140 139 10 12 0.0112
511 116 6 8 0.0111
49 134 10 12 0.0107
108 155 13 17 0.0106
803 149 11 13 0.0104
146 143 11 14 0.0103
618 127 9 11 0.0103
140 133 9 10 0.0102
