2_Demonstration_Demonstration_Or_Protest_2_200
246
74 266 36 46 0.8526
854 326 38 47 0.8449
87 132 29 39 0.8420
278 219 35 46 0.8415
789 385 46 52 0.8406
673 380 46 68 0.8366
14 364 40 51 0.8243
180 223 33 39 0.8241
940 302 43 52 0.8195
224 190 29 39 0.8165
952 175 34 39 0.8161
809 496 54 52 0.8123
390 224 26 34 0.8065
284 168 29 35 0.7937
843 134 21 24 0.7677
885 164 25 30 0.7614
542 167 23 33 0.7531
354 152 23 30 0.7498
308 97 16 19 0.6976
23 71 15 18 0.6707
1004 80 20 31 0.6227
399 48 14 19 0.5784
902 117 19 22 0.5721
399 478 54 48 0.5497
462 11 12 15 0.5241
906 0 13 15 0.5016
387 151 25 33 0.4768
273 67 15 19 0.4386
91 30 12 18 0.4373
308 365 48 57 0.4307
356 25 13 15 0.4295
683 35 18 23 0.3941
15 128 18 22 0.3821
501 6 12 16 0.3691
353 119 17 23 0.3680
399 477 55 49 0.3468
276 67 14 19 0.3238
1 90 15 22 0.2924
926 77 20 22 0.2799
900 117 18 22 0.2641
903 0 13 15 0.2316
679 35 19 23 0.2313
18 127 17 20 0.2292
350 120 16 21 0.2286
465 11 11 15 0.2113
923 76 20 23 0.2112
402 48 14 19 0.1924
94 30 12 18 0.1884
504 6 11 15 0.1853
363 114 17 19 0.1846
486 42 14 15 0.1671
526 84 11 15 0.1626
265 212 15 23 0.1617
15 127 17 21 0.1587
35 137 14 17 0.1427
121 262 28 36 0.1276
354 25 12 15 0.1271
289 80 15 21 0.1186
1 88 11 20 0.1162
757 73 13 18 0.1125
19 128 17 21 0.1110
385 152 24 31 0.1083
577 20 11 13 0.1069
923 75 17 20 0.1060
358 1 9 11 0.1025
499 7 11 13 0.0996
503 159 22 28 0.0996
0 43 5 20 0.0971
649 33 14 20 0.0950
1001 81 21 29 0.0949
406 140 15 19 0.0901
498 157 23 29 0.0879
399 167 22 28 0.0878
811 0 12 9 0.0874
407 142 17 21 0.0841
680 36 19 23 0.0831
850 196 21 26 0.0813
893 312 24 33 0.0812
285 81 15 20 0.0808
122 259 25 32 0.0805
485 40 12 13 0.0769
355 1 9 11 0.0751
900 296 30 36 0.0751
893 314 26 33 0.0739
814 0 12 9 0.0732
312 97 15 19 0.0718
790 93 16 17 0.0711
926 75 18 21 0.0707
1 14 10 12 0.0704
529 85 10 14 0.0692
903 153 21 25 0.0682
899 311 24 33 0.0676
392 164 23 31 0.0658
693 3 14 18 0.0590
5 91 15 19 0.0585
808 496 55 52 0.0564
266 214 18 27 0.0535
361 114 18 23 0.0529
3 88 16 22 0.0493
561 26 12 13 0.0480
290 77 12 16 0.0475
317 82 13 18 0.0462
5 88 14 19 0.0450
261 211 15 22 0.0446
355 113 18 23 0.0445
903 150 21 25 0.0433
646 33 13 19 0.0404
899 312 28 37 0.0399
366 114 17 21 0.0384
845 198 20 24 0.0381
356 3 9 11 0.0371
567 60 12 13 0.0368
503 163 25 28 0.0366
31 136 16 20 0.0348
340 203 26 32 0.0348
789 90 15 15 0.0347
522 113 13 18 0.0346
981 8 16 22 0.0340
523 83 11 16 0.0331
912 118 17 22 0.0326
761 73 12 17 0.0324
0 73 5 19 0.0321
361 82 15 20 0.0317
360 3 8 11 0.0312
334 89 11 15 0.0311
499 163 24 28 0.0311
475 36 12 13 0.0307
26 40 10 13 0.0303
432 10 13 17 0.0302
851 202 21 24 0.0298
884 189 18 21 0.0297
845 202 22 24 0.0296
872 24 13 17 0.0292
395 174 21 25 0.0291
962 0 13 11 0.0287
675 37 15 20 0.0287
903 292 25 29 0.0280
1010 25 13 18 0.0278
882 182 21 27 0.0277
53 165 17 23 0.0270
673 41 13 18 0.0270
947 11 10 13 0.0269
490 40 10 12 0.0268
409 140 17 23 0.0268
893 150 23 27 0.0258
3 15 11 14 0.0254
647 35 15 20 0.0252
286 85 16 20 0.0250
571 59 11 14 0.0248
366 80 18 23 0.0245
982 247 19 24 0.0242
51 162 17 24 0.0240
307 364 49 58 0.0239
360 25 11 14 0.0237
583 57 14 18 0.0236
520 115 17 21 0.0234
538 71 11 14 0.0234
512 115 20 24 0.0233
489 40 12 15 0.0232
60 73 15 18 0.0232
855 288 17 20 0.0229
857 34 13 16 0.0227
580 20 11 13 0.0225
801 16 15 18 0.0222
113 264 28 36 0.0219
980 12 18 23 0.0215
34 141 17 22 0.0211
75 390 17 22 0.0211
672 37 11 17 0.0209
558 26 11 12 0.0208
652 37 15 21 0.0205
766 0 13 9 0.0204
516 112 15 20 0.0203
757 76 14 22 0.0199
20 71 14 18 0.0198
482 41 13 16 0.0197
546 344 32 38 0.0194
944 11 9 12 0.0193
650 28 12 14 0.0192
522 85 13 18 0.0192
334 91 13 17 0.0180
75 91 18 21 0.0177
383 147 20 29 0.0176
786 7 12 15 0.0169
29 41 11 14 0.0169
116 259 24 31 0.0163
77 86 15 18 0.0162
28 41 11 14 0.0158
5 15 10 12 0.0156
265 208 14 20 0.0155
575 17 12 14 0.0153
480 28 11 12 0.0152
429 10 11 16 0.0150
798 16 15 17 0.0150
873 27 14 17 0.0150
1012 27 12 21 0.0148
23 65 14 18 0.0146
787 92 15 17 0.0145
894 297 30 38 0.0142
684 37 19 22 0.0141
699 40 14 19 0.0141
525 89 14 18 0.0141
925 81 19 24 0.0140
318 79 13 16 0.0140
865 132 14 19 0.0139
977 9 14 19 0.0139
5 13 10 14 0.0138
545 134 18 23 0.0137
27 9 9 10 0.0136
980 251 22 31 0.0135
921 139 18 23 0.0134
978 11 16 20 0.0133
876 25 13 15 0.0133
56 164 19 25 0.0132
0 0 9 8 0.0130
338 88 12 15 0.0129
712 33 13 20 0.0128
762 336 33 40 0.0127
491 41 11 15 0.0127
471 38 13 14 0.0126
88 28 12 17 0.0126
855 44 13 16 0.0124
332 201 26 30 0.0124
84 86 13 16 0.0122
976 14 17 22 0.0121
336 89 12 17 0.0120
9 18 11 12 0.0119
394 24 10 13 0.0118
1 41 10 18 0.0118
794 90 15 18 0.0117
505 159 27 33 0.0117
88 30 12 17 0.0116
586 52 11 14 0.0115
389 24 12 13 0.0114
573 20 12 14 0.0113
692 1 13 17 0.0113
854 35 12 15 0.0111
517 112 17 24 0.0108
526 79 10 15 0.0108
917 0 11 13 0.0108
391 140 18 21 0.0107
647 26 11 15 0.0106
29 39 11 14 0.0105
583 53 11 13 0.0105
388 149 21 29 0.0104
438 12 12 14 0.0101
