2_Demonstration_Demonstration_Or_Protest_2_54
117
321 201 44 53 0.8639
444 133 35 45 0.8586
241 146 30 45 0.8507
774 133 35 42 0.8478
107 161 25 29 0.8455
732 162 30 41 0.8423
866 129 34 52 0.8385
667 135 29 34 0.8295
984 230 32 39 0.8243
566 151 24 30 0.8207
637 154 24 26 0.8123
318 151 20 27 0.8098
574 197 36 49 0.8086
505 141 23 26 0.8007
173 146 20 27 0.7931
172 111 20 23 0.7832
266 142 21 28 0.7795
853 133 21 34 0.7764
353 172 25 29 0.7416
184 172 20 31 0.7407
530 149 21 27 0.7350
611 162 22 26 0.7333
132 152 22 30 0.6934
125 96 16 19 0.6688
269 191 20 31 0.6527
488 56 18 38 0.6210
198 57 18 23 0.4983
241 116 16 18 0.4808
107 90 22 24 0.4788
402 167 18 26 0.4647
372 91 14 17 0.3918
399 167 19 26 0.3754
381 162 17 22 0.3677
534 124 13 19 0.3605
316 13 11 15 0.3455
195 57 18 24 0.3429
401 116 11 13 0.3350
368 114 10 13 0.3301
313 13 11 15 0.3249
365 114 10 13 0.3172
405 116 10 13 0.3104
531 148 21 28 0.2942
491 56 18 38 0.2775
854 133 22 35 0.2720
375 92 13 17 0.2502
272 192 19 29 0.2461
310 39 9 11 0.2418
244 116 16 19 0.2334
1007 194 17 36 0.2214
334 37 9 13 0.1836
531 124 13 18 0.1756
129 153 22 29 0.1692
105 90 21 23 0.1660
333 38 9 12 0.1416
396 65 10 15 0.1326
334 6 10 14 0.1207
337 38 8 12 0.1145
376 92 13 16 0.1138
308 39 8 12 0.1071
668 136 28 33 0.1003
396 103 10 13 0.0962
721 145 23 32 0.0854
717 166 21 28 0.0730
1010 195 14 42 0.0670
718 159 18 24 0.0666
474 107 15 25 0.0648
612 162 22 27 0.0546
719 144 20 27 0.0532
106 89 21 23 0.0449
553 123 11 14 0.0376
128 152 21 27 0.0365
444 70 13 16 0.0356
1010 192 14 24 0.0351
278 171 17 24 0.0327
1004 191 20 38 0.0302
334 38 10 12 0.0289
270 143 20 26 0.0285
385 164 17 22 0.0279
398 67 10 13 0.0275
332 5 10 14 0.0273
312 39 9 12 0.0269
483 166 19 23 0.0256
696 161 18 23 0.0250
963 192 6 7 0.0230
182 172 20 30 0.0220
393 67 11 13 0.0215
394 68 10 13 0.0214
960 192 6 7 0.0205
312 38 10 11 0.0205
484 166 16 18 0.0204
169 111 20 23 0.0203
441 71 13 14 0.0203
360 175 21 25 0.0201
724 158 22 33 0.0196
693 162 17 21 0.0195
721 163 24 30 0.0194
130 96 12 18 0.0193
723 141 18 25 0.0190
267 165 19 31 0.0186
393 65 10 14 0.0179
719 143 22 26 0.0179
621 117 19 31 0.0174
851 134 18 31 0.0174
247 116 12 17 0.0170
329 66 9 10 0.0170
326 65 9 11 0.0156
97 160 16 23 0.0156
104 89 20 23 0.0146
556 123 11 15 0.0143
289 178 12 18 0.0139
384 164 18 24 0.0135
380 65 9 12 0.0133
375 162 18 24 0.0124
603 139 14 17 0.0114
337 39 8 12 0.0111
692 160 23 27 0.0101
601 151 16 22 0.0100
