2_Demonstration_Protesters_2_822
54
719 384 88 108 0.8717
25 362 44 57 0.8688
301 343 51 72 0.8593
678 363 38 47 0.8495
98 423 56 71 0.8487
940 383 35 40 0.8334
584 430 58 81 0.7364
518 395 34 42 0.7002
138 368 23 28 0.6498
207 386 45 56 0.6287
1004 368 18 23 0.5807
367 386 42 60 0.5015
980 364 15 19 0.4731
81 392 20 24 0.3307
712 411 36 64 0.3258
977 364 15 19 0.3213
1002 368 17 23 0.3135
1010 399 14 29 0.3083
1014 359 10 16 0.2500
207 387 44 54 0.2464
78 391 20 25 0.2309
459 412 24 28 0.1932
99 422 54 71 0.1475
1008 466 14 17 0.1459
713 418 35 57 0.1288
801 485 30 40 0.0688
1004 466 14 17 0.0587
803 485 31 41 0.0465
1007 465 14 16 0.0424
0 336 9 86 0.0419
94 424 33 53 0.0406
1002 400 19 30 0.0401
717 328 18 24 0.0304
0 333 7 79 0.0301
283 396 30 51 0.0291
142 369 21 26 0.0276
460 410 27 30 0.0263
0 342 15 69 0.0254
282 391 27 48 0.0251
1009 396 13 30 0.0215
276 395 32 51 0.0190
270 393 34 50 0.0189
259 394 35 49 0.0188
0 352 16 76 0.0173
1003 464 13 17 0.0144
1015 407 9 27 0.0134
259 397 38 51 0.0126
442 416 15 23 0.0125
436 412 19 29 0.0120
0 345 8 85 0.0118
1005 463 17 21 0.0115
1006 400 18 33 0.0103
469 732 93 36 0.0101
804 485 22 29 0.0100
