2_Demonstration_Political_Rally_2_114
555
649 317 27 36 0.8413
954 342 28 46 0.8129
598 284 17 20 0.4874
792 280 16 24 0.4388
826 272 15 22 0.3690
823 272 15 22 0.2978
359 96 6 7 0.2550
689 264 13 17 0.2532
383 100 7 9 0.2462
474 179 8 9 0.2441
380 100 7 9 0.2439
284 90 6 7 0.2322
356 96 6 7 0.2235
681 234 9 11 0.2158
343 92 6 7 0.2114
833 248 9 13 0.1970
976 238 8 11 0.1963
367 167 8 10 0.1944
309 93 5 7 0.1939
346 92 6 7 0.1927
456 180 8 9 0.1923
364 168 7 9 0.1887
342 64 5 6 0.1879
339 65 5 6 0.1847
274 96 6 7 0.1841
311 93 6 7 0.1817
288 90 5 7 0.1814
692 330 21 35 0.1809
718 164 7 8 0.1801
68 212 7 10 0.1749
331 94 6 8 0.1734
453 180 8 9 0.1712
8 149 9 10 0.1684
274 174 9 11 0.1657
477 180 7 9 0.1635
78 214 7 10 0.1566
716 164 6 8 0.1564
771 165 6 9 0.1514
277 174 9 11 0.1510
99 316 20 36 0.1496
328 94 6 8 0.1462
951 209 7 9 0.1447
974 238 7 11 0.1445
11 149 9 10 0.1432
764 223 8 9 0.1426
830 248 9 14 0.1414
675 255 11 13 0.1412
734 235 9 14 0.1412
286 90 6 7 0.1399
761 223 8 10 0.1383
999 170 6 7 0.1288
752 165 6 8 0.1264
93 266 13 15 0.1228
998 252 11 14 0.1227
755 165 6 8 0.1227
738 235 9 13 0.1217
261 172 8 9 0.1212
678 234 9 12 0.1179
774 165 7 9 0.1178
949 209 6 9 0.1175
1011 172 6 7 0.1171
336 78 5 8 0.1168
522 283 14 23 0.1132
996 169 6 8 0.1101
64 212 8 10 0.1100
97 266 13 16 0.1098
597 116 6 7 0.1075
576 108 7 8 0.1056
293 167 8 12 0.1054
428 181 7 9 0.1037
600 116 6 7 0.1020
431 181 8 9 0.1019
234 116 5 6 0.1016
679 233 9 11 0.0983
343 65 6 6 0.0973
606 261 10 13 0.0973
965 173 5 7 0.0950
778 364 22 33 0.0938
822 179 6 8 0.0923
964 197 7 8 0.0913
573 108 6 8 0.0908
594 283 17 22 0.0905
258 172 8 9 0.0903
985 168 5 7 0.0836
642 167 7 9 0.0835
693 330 25 37 0.0833
521 223 7 10 0.0830
685 264 13 17 0.0825
524 223 6 10 0.0800
987 169 6 7 0.0793
232 116 5 6 0.0793
773 166 6 9 0.0786
328 93 6 7 0.0778
672 254 10 13 0.0775
430 182 7 9 0.0766
644 168 7 8 0.0762
433 182 8 9 0.0740
271 97 6 7 0.0738
978 237 8 11 0.0736
575 107 6 8 0.0734
700 231 8 10 0.0725
273 96 5 6 0.0720
825 179 6 8 0.0712
962 196 7 9 0.0706
290 166 9 13 0.0699
763 222 7 9 0.0695
422 99 6 8 0.0695
645 167 7 9 0.0692
455 180 7 9 0.0672
493 180 7 8 0.0665
792 163 6 8 0.0656
1009 171 6 8 0.0656
551 252 9 13 0.0653
610 262 9 12 0.0649
574 5 5 7 0.0644
235 116 6 6 0.0641
365 169 7 8 0.0639
943 286 16 24 0.0632
472 154 6 7 0.0630
995 251 10 15 0.0628
967 172 5 7 0.0620
963 172 6 7 0.0608
458 180 7 9 0.0607
224 124 5 7 0.0605
570 5 6 7 0.0600
80 214 7 10 0.0597
473 204 7 8 0.0596
601 117 6 7 0.0595
517 282 14 23 0.0594
508 324 16 31 0.0591
65 211 8 10 0.0588
425 100 6 8 0.0587
852 241 8 10 0.0582
775 166 7 8 0.0581
335 104 7 7 0.0581
335 81 5 7 0.0575
716 162 6 9 0.0574
247 107 5 6 0.0572
436 272 12 22 0.0570
548 252 9 13 0.0568
989 209 7 9 0.0568
862 188 7 9 0.0566
760 222 7 9 0.0565
959 215 7 9 0.0559
572 4 6 7 0.0556
336 80 6 7 0.0554
805 283 13 22 0.0547
593 229 7 9 0.0546
572 107 6 8 0.0541
310 225 10 13 0.0540
924 204 7 8 0.0540
469 154 7 7 0.0537
294 168 9 12 0.0533
368 168 8 9 0.0530
892 182 6 8 0.0529
706 219 7 9 0.0527
882 244 8 9 0.0520
802 298 13 24 0.0517
823 180 6 8 0.0515
598 118 5 6 0.0515
966 197 7 8 0.0511
756 166 6 8 0.0505
237 165 9 11 0.0497
979 287 18 25 0.0495
637 270 12 20 0.0489
100 318 23 43 0.0486
1002 237 8 9 0.0483
820 179 6 8 0.0479
474 154 6 8 0.0476
986 209 8 8 0.0475
808 236 10 13 0.0473
856 241 7 10 0.0468
777 360 17 36 0.0468
470 203 7 9 0.0468
962 174 6 7 0.0466
380 102 7 8 0.0462
447 266 9 16 0.0461
1004 237 8 9 0.0459
249 107 5 7 0.0455
983 168 5 7 0.0448
865 188 7 9 0.0446
879 243 8 9 0.0444
654 238 8 10 0.0440
509 326 17 30 0.0437
966 195 7 8 0.0436
344 235 11 19 0.0435
890 183 6 8 0.0432
707 220 8 10 0.0429
1005 204 6 7 0.0426
340 235 11 18 0.0414
589 239 8 11 0.0412
832 246 8 12 0.0411
566 233 7 8 0.0403
601 237 9 10 0.0403
790 162 6 8 0.0399
627 216 6 8 0.0399
670 174 7 7 0.0398
720 165 6 8 0.0394
287 90 6 7 0.0392
789 282 14 21 0.0389
337 103 5 7 0.0382
624 215 6 9 0.0382
893 182 6 8 0.0381
595 229 8 9 0.0377
985 210 8 8 0.0375
789 279 16 24 0.0373
508 130 7 9 0.0370
520 221 6 10 0.0369
683 233 9 11 0.0368
506 132 7 8 0.0365
473 180 6 8 0.0364
306 96 5 7 0.0362
282 101 6 8 0.0362
704 219 7 9 0.0361
229 166 9 10 0.0360
186 300 20 36 0.0359
947 209 6 8 0.0358
933 217 7 8 0.0355
311 92 6 7 0.0354
443 265 9 17 0.0351
719 223 8 9 0.0351
652 213 7 9 0.0350
647 169 6 7 0.0343
976 237 9 11 0.0342
493 181 7 8 0.0341
306 111 6 7 0.0334
585 239 8 11 0.0333
496 180 6 8 0.0331
861 220 8 9 0.0330
65 212 8 10 0.0330
314 225 10 14 0.0330
865 221 7 10 0.0327
719 164 6 7 0.0327
862 221 8 10 0.0323
693 156 7 8 0.0322
889 181 6 8 0.0321
384 101 7 9 0.0320
218 174 8 10 0.0319
820 180 6 8 0.0317
777 152 6 7 0.0317
220 174 8 10 0.0313
568 233 7 8 0.0312
678 235 9 11 0.0312
946 291 14 22 0.0311
976 292 18 24 0.0310
715 165 6 8 0.0309
698 231 9 10 0.0307
505 131 6 8 0.0306
752 166 7 8 0.0305
276 173 8 9 0.0302
994 308 16 27 0.0301
291 100 6 7 0.0301
572 209 6 8 0.0301
510 131 7 8 0.0299
690 157 7 7 0.0299
975 236 7 11 0.0299
339 86 6 7 0.0299
677 233 8 11 0.0299
741 141 7 9 0.0295
645 217 7 8 0.0294
633 270 13 19 0.0292
1002 237 10 11 0.0292
569 209 6 8 0.0291
650 237 9 10 0.0290
474 204 7 8 0.0290
730 236 9 13 0.0290
303 111 6 7 0.0289
721 163 7 8 0.0286
251 106 5 6 0.0285
804 302 13 24 0.0284
450 180 7 9 0.0283
674 258 9 12 0.0281
556 218 7 9 0.0281
416 238 7 11 0.0280
571 251 12 16 0.0278
0 187 5 7 0.0278
187 299 17 29 0.0278
829 245 8 12 0.0277
879 296 17 25 0.0275
951 209 7 8 0.0274
752 165 7 7 0.0273
288 252 9 14 0.0273
668 174 6 7 0.0270
703 158 6 9 0.0269
332 104 7 7 0.0269
573 209 6 8 0.0267
774 164 7 8 0.0266
559 128 6 7 0.0261
493 133 5 7 0.0261
385 100 7 8 0.0260
80 214 6 8 0.0259
14 181 5 7 0.0258
562 128 6 7 0.0258
74 213 8 9 0.0258
360 97 6 6 0.0256
474 220 7 10 0.0255
646 218 7 8 0.0254
733 211 7 8 0.0252
272 98 6 6 0.0251
105 316 19 35 0.0251
13 342 18 41 0.0250
691 332 24 39 0.0249
640 150 6 7 0.0249
986 209 7 8 0.0249
935 218 7 8 0.0249
849 210 7 7 0.0248
639 162 7 7 0.0248
876 169 5 7 0.0245
558 1 7 8 0.0245
275 101 6 7 0.0244
341 64 5 7 0.0244
976 156 6 7 0.0243
703 161 6 8 0.0242
422 101 6 7 0.0239
628 174 7 8 0.0239
790 239 10 14 0.0239
470 155 7 7 0.0239
1007 173 6 8 0.0239
796 278 16 24 0.0237
234 115 5 7 0.0236
158 142 6 7 0.0236
262 173 7 8 0.0235
231 167 8 9 0.0235
569 3 6 8 0.0234
258 173 7 8 0.0232
980 290 18 27 0.0232
884 244 7 9 0.0230
94 268 14 16 0.0230
13 180 6 7 0.0229
879 224 9 10 0.0228
738 141 7 9 0.0228
799 299 12 23 0.0227
801 303 11 21 0.0224
975 288 16 22 0.0224
510 270 11 16 0.0222
879 169 6 8 0.0222
773 150 6 8 0.0221
673 174 6 7 0.0221
571 232 7 9 0.0221
869 209 8 9 0.0218
824 179 7 8 0.0217
930 217 7 8 0.0217
227 166 8 10 0.0216
977 235 8 10 0.0215
489 133 6 7 0.0214
568 251 11 14 0.0212
798 194 6 8 0.0211
693 159 6 8 0.0211
573 108 7 8 0.0211
1005 204 8 9 0.0211
1008 224 7 8 0.0209
689 160 7 8 0.0207
135 143 6 8 0.0206
79 215 7 9 0.0206
737 234 7 11 0.0203
731 236 9 12 0.0203
161 142 6 7 0.0202
419 98 6 7 0.0200
27 177 7 7 0.0198
628 244 10 11 0.0197
47 112 7 9 0.0197
426 102 6 7 0.0196
196 138 6 7 0.0195
827 194 7 8 0.0195
675 256 10 13 0.0194
125 167 5 7 0.0192
128 167 5 7 0.0191
651 211 7 8 0.0191
620 223 7 8 0.0190
138 143 6 7 0.0189
569 132 6 7 0.0188
422 98 7 8 0.0188
136 145 6 7 0.0187
880 245 8 9 0.0187
362 102 6 7 0.0187
625 215 7 8 0.0186
794 164 6 7 0.0185
731 210 6 8 0.0185
509 267 11 16 0.0185
637 152 6 7 0.0184
911 207 7 9 0.0184
50 112 8 9 0.0183
311 96 6 6 0.0182
597 116 6 7 0.0182
224 127 6 7 0.0182
7 147 8 9 0.0182
558 219 7 10 0.0182
963 258 11 16 0.0182
237 118 6 6 0.0182
925 204 7 8 0.0181
776 365 14 31 0.0181
316 339 16 34 0.0180
1003 225 8 8 0.0179
270 96 6 6 0.0179
630 244 10 12 0.0177
866 216 9 10 0.0176
841 194 7 8 0.0176
644 165 7 8 0.0175
960 172 6 7 0.0174
738 259 13 23 0.0174
181 302 21 34 0.0173
11 180 7 8 0.0173
649 213 7 9 0.0172
159 144 7 7 0.0171
419 237 7 12 0.0171
506 270 12 17 0.0170
949 245 9 10 0.0169
572 133 6 7 0.0169
53 256 12 23 0.0168
10 147 7 9 0.0168
570 210 6 8 0.0167
40 185 6 7 0.0167
776 239 8 12 0.0166
383 98 6 8 0.0166
379 99 7 7 0.0165
792 166 7 8 0.0163
471 205 7 8 0.0163
527 214 8 11 0.0162
862 189 6 8 0.0162
826 181 6 8 0.0160
494 181 6 7 0.0159
334 174 7 10 0.0158
470 206 7 8 0.0158
469 220 8 10 0.0157
568 232 8 9 0.0156
984 167 6 8 0.0156
570 130 6 7 0.0155
651 237 8 10 0.0155
781 366 28 34 0.0155
787 240 10 13 0.0155
273 178 9 9 0.0155
455 194 7 9 0.0154
912 221 7 9 0.0153
964 174 7 7 0.0153
560 3 6 7 0.0152
74 215 8 10 0.0152
422 102 6 8 0.0151
853 244 9 11 0.0151
11 180 5 7 0.0150
139 144 6 8 0.0149
802 165 7 8 0.0149
236 164 9 9 0.0149
529 207 7 9 0.0148
570 130 6 8 0.0148
623 223 7 8 0.0148
115 150 6 8 0.0148
730 211 7 9 0.0147
878 170 6 7 0.0147
602 260 9 13 0.0147
940 286 15 22 0.0147
802 280 12 20 0.0146
604 259 9 13 0.0146
497 181 6 8 0.0145
68 169 7 8 0.0145
795 193 7 9 0.0145
549 254 9 13 0.0144
532 208 7 8 0.0144
561 131 6 7 0.0143
973 159 6 7 0.0142
1019 216 5 9 0.0141
291 165 7 10 0.0140
330 175 8 9 0.0140
781 195 7 7 0.0139
808 218 9 11 0.0139
857 243 8 10 0.0139
470 154 6 7 0.0136
853 240 8 9 0.0136
196 124 5 7 0.0136
950 246 10 11 0.0136
772 128 6 6 0.0135
33 170 7 7 0.0135
566 312 26 35 0.0134
427 101 7 8 0.0134
648 218 8 9 0.0134
612 212 6 8 0.0133
163 166 7 8 0.0133
594 231 8 10 0.0133
878 222 8 10 0.0132
101 269 11 14 0.0131
778 196 6 8 0.0131
1001 168 6 7 0.0129
163 143 7 8 0.0129
1014 204 5 7 0.0129
63 211 7 9 0.0129
130 168 5 6 0.0128
636 199 6 8 0.0128
830 251 11 14 0.0128
743 148 7 9 0.0127
634 200 6 8 0.0126
805 235 10 13 0.0126
29 171 7 9 0.0125
959 196 7 9 0.0124
291 252 9 13 0.0124
501 244 12 16 0.0124
9 151 8 10 0.0123
862 187 6 9 0.0123
605 285 14 20 0.0123
990 307 15 28 0.0123
532 212 8 9 0.0123
949 259 10 13 0.0122
564 313 23 33 0.0122
844 197 6 8 0.0122
637 149 6 6 0.0122
903 221 8 9 0.0122
2 157 6 9 0.0122
932 219 7 9 0.0122
578 157 6 8 0.0120
1001 252 12 14 0.0120
792 192 6 8 0.0120
507 329 13 26 0.0120
112 150 6 8 0.0119
609 260 8 12 0.0119
734 260 14 23 0.0119
412 394 30 50 0.0119
799 298 17 25 0.0119
227 128 6 7 0.0118
733 234 8 12 0.0118
983 155 6 6 0.0118
825 193 6 9 0.0117
860 210 7 8 0.0117
760 152 6 8 0.0117
505 132 6 7 0.0116
447 268 10 16 0.0116
780 370 27 34 0.0115
158 130 5 6 0.0114
840 223 7 9 0.0114
225 288 14 21 0.0114
518 281 15 22 0.0114
705 218 7 7 0.0114
160 166 6 7 0.0113
198 124 6 7 0.0113
577 155 6 8 0.0112
126 169 5 6 0.0112
69 170 7 8 0.0111
500 219 7 9 0.0111
194 174 7 9 0.0110
157 227 7 8 0.0109
116 241 8 9 0.0109
194 121 6 8 0.0108
23 143 7 8 0.0107
908 206 6 9 0.0105
522 225 7 10 0.0105
506 266 11 17 0.0103
301 251 8 12 0.0103
611 167 6 8 0.0102
289 252 10 15 0.0102
968 257 10 15 0.0102
72 169 6 7 0.0101
197 136 6 7 0.0101
50 193 6 8 0.0101
19 143 7 8 0.0101
528 209 7 8 0.0101
575 157 7 8 0.0100
775 128 7 8 0.0100
309 339 21 36 0.0100
