2_Demonstration_Protesters_2_563
40
811 307 114 120 0.8909
101 242 85 100 0.8810
228 252 38 49 0.8757
393 191 65 92 0.8710
666 250 49 67 0.8615
670 166 29 38 0.8595
725 237 69 94 0.8576
633 185 26 35 0.8501
873 215 66 77 0.8493
565 218 29 39 0.8427
818 186 32 38 0.8392
237 212 25 33 0.8260
302 233 26 30 0.8190
985 207 35 34 0.6652
0 162 56 167 0.6310
771 200 31 33 0.5282
771 199 31 31 0.5008
463 263 38 50 0.4068
468 266 34 45 0.3831
565 218 29 39 0.3050
503 180 27 38 0.2793
725 238 68 94 0.1188
501 183 22 31 0.1033
170 210 35 39 0.0517
178 211 26 29 0.0471
0 167 56 156 0.0395
171 208 33 37 0.0357
91 277 35 57 0.0323
0 168 57 157 0.0318
78 246 15 20 0.0235
484 208 18 25 0.0226
665 251 50 66 0.0186
501 185 25 32 0.0165
177 211 28 34 0.0164
91 292 22 31 0.0156
38 246 30 54 0.0140
58 228 11 15 0.0136
35 224 39 88 0.0127
488 204 11 13 0.0114
0 187 50 172 0.0112
