2_Demonstration_Demonstrators_2_309
43
815 287 44 58 0.8601
990 382 34 49 0.8409
135 263 26 32 0.7824
152 234 20 21 0.7172
83 231 20 24 0.4948
34 224 13 15 0.2407
30 224 13 15 0.1966
251 296 32 50 0.1808
79 231 20 24 0.1722
297 265 8 11 0.1710
301 265 7 10 0.1625
244 295 36 52 0.1456
451 180 111 122 0.1409
929 366 11 13 0.1079
933 366 11 13 0.1039
912 356 9 13 0.0740
296 266 8 10 0.0634
81 230 19 22 0.0489
963 378 12 15 0.0488
916 356 9 12 0.0486
956 308 9 12 0.0396
952 308 9 12 0.0389
296 265 8 10 0.0365
189 259 12 18 0.0359
59 237 16 21 0.0351
966 378 13 16 0.0315
300 264 7 10 0.0304
959 395 14 17 0.0274
32 223 13 15 0.0238
185 260 12 17 0.0234
15 228 9 12 0.0223
1 263 7 10 0.0207
54 236 17 21 0.0195
0 262 6 9 0.0188
11 228 9 11 0.0156
986 317 7 9 0.0156
989 317 8 9 0.0155
913 358 12 17 0.0143
912 355 7 10 0.0136
65 215 14 17 0.0127
0 197 6 17 0.0126
296 266 9 11 0.0124
915 355 7 10 0.0119
