2_Demonstration_Demonstration_Or_Protest_2_385
835
756 472 24 32 0.8612
506 538 31 36 0.8586
287 537 30 40 0.8585
360 453 25 31 0.8417
616 494 25 28 0.8381
582 454 23 29 0.8376
213 469 26 29 0.8372
680 556 34 40 0.8369
98 517 25 30 0.8325
779 459 21 26 0.8310
396 531 30 35 0.8296
688 464 20 26 0.8255
130 499 23 30 0.8202
971 426 21 24 0.8118
737 422 19 21 0.8043
85 452 21 26 0.7977
831 588 32 52 0.7977
190 520 29 34 0.7730
21 547 26 39 0.7624
819 391 15 17 0.7622
806 430 19 20 0.7337
866 460 20 24 0.7048
538 413 16 18 0.6979
725 479 18 22 0.6518
339 468 18 28 0.6516
918 416 15 19 0.6424
324 427 19 23 0.6329
570 416 17 20 0.6243
634 415 14 22 0.6214
166 403 13 17 0.6100
592 387 13 16 0.6047
1008 329 7 9 0.5906
887 488 21 28 0.5782
354 403 15 17 0.5748
873 390 16 17 0.5738
0 422 9 20 0.5716
976 353 9 11 0.5702
22 400 14 17 0.5677
143 434 13 19 0.5654
458 412 12 18 0.5328
783 386 12 14 0.5285
895 474 18 27 0.5224
700 379 13 16 0.5159
296 403 10 13 0.5110
26 378 11 12 0.5098
1012 370 11 12 0.5069
864 418 17 21 0.5038
805 368 10 13 0.4952
737 366 10 12 0.4862
591 367 11 13 0.4672
986 366 10 13 0.4621
204 393 12 17 0.4501
818 340 7 9 0.4482
688 406 13 18 0.4416
545 387 12 14 0.4322
938 460 16 23 0.4318
547 387 12 14 0.4243
708 347 9 12 0.4130
1017 336 7 10 0.4110
960 335 7 9 0.4102
95 392 17 19 0.4054
865 419 18 20 0.4053
714 371 12 15 0.4019
412 403 11 15 0.4012
670 379 12 15 0.4011
93 392 16 18 0.4000
690 407 13 18 0.3966
26 474 16 22 0.3934
940 459 17 25 0.3919
176 381 14 17 0.3875
475 374 10 12 0.3830
875 353 8 9 0.3812
528 337 7 10 0.3805
385 363 8 10 0.3788
732 352 10 12 0.3773
768 398 11 18 0.3769
459 392 11 14 0.3767
871 340 7 8 0.3718
982 341 8 10 0.3662
75 347 10 13 0.3658
697 379 13 16 0.3648
26 360 10 12 0.3630
444 362 8 10 0.3592
985 341 8 10 0.3491
810 347 8 9 0.3470
296 365 8 10 0.3461
622 405 13 17 0.3444
998 338 8 9 0.3432
207 356 9 11 0.3419
536 350 7 10 0.3412
533 350 7 10 0.3392
708 357 10 12 0.3389
620 405 13 17 0.3384
322 427 20 23 0.3325
442 362 8 10 0.3286
422 360 8 10 0.3261
673 379 12 15 0.3258
438 352 7 8 0.3240
711 347 9 11 0.3218
526 337 7 10 0.3208
544 334 7 8 0.3200
375 353 7 8 0.3192
875 390 16 18 0.3170
802 368 11 13 0.3148
231 359 7 9 0.3124
740 366 10 12 0.3101
952 344 8 10 0.3100
878 352 8 10 0.3056
515 362 8 11 0.3044
454 370 9 11 0.3036
568 416 16 20 0.3033
293 365 9 10 0.3008
847 359 9 10 0.2999
619 342 8 10 0.2975
713 370 12 14 0.2971
311 401 13 16 0.2949
464 356 8 10 0.2915
503 342 6 8 0.2913
701 330 6 8 0.2901
76 401 11 16 0.2891
473 374 10 12 0.2842
1016 314 6 8 0.2796
989 351 9 11 0.2783
679 352 9 10 0.2764
885 487 21 28 0.2756
227 351 7 8 0.2755
612 394 13 15 0.2732
848 347 8 9 0.2698
717 333 7 8 0.2697
315 401 12 16 0.2687
786 386 11 14 0.2685
241 365 8 10 0.2683
631 353 9 10 0.2671
847 347 7 8 0.2659
274 339 6 8 0.2656
521 380 9 12 0.2640
24 360 9 12 0.2640
861 333 7 8 0.2632
837 327 6 7 0.2625
336 469 18 27 0.2619
99 351 8 9 0.2610
86 343 7 8 0.2610
71 451 16 25 0.2592
719 333 7 8 0.2577
373 366 7 9 0.2557
346 417 12 15 0.2548
210 357 9 10 0.2544
553 343 7 9 0.2529
210 374 10 12 0.2529
685 335 6 8 0.2521
533 330 7 8 0.2517
992 351 8 10 0.2517
704 330 6 8 0.2513
890 340 7 9 0.2504
930 329 7 8 0.2503
403 358 9 10 0.2502
1 346 7 9 0.2491
518 380 9 12 0.2453
455 411 12 19 0.2441
206 394 13 16 0.2440
1000 318 6 7 0.2434
432 369 8 11 0.2380
398 488 16 20 0.2379
901 345 7 10 0.2368
927 329 7 8 0.2358
80 387 11 14 0.2353
257 348 7 9 0.2351
984 366 11 13 0.2337
688 335 6 7 0.2329
513 362 8 11 0.2325
808 347 8 9 0.2323
466 355 9 11 0.2309
594 367 11 13 0.2302
456 392 11 14 0.2297
415 403 11 15 0.2265
850 346 7 10 0.2259
221 361 9 9 0.2258
634 352 8 10 0.2251
954 343 8 11 0.2249
72 347 11 13 0.2217
658 327 7 8 0.2216
516 362 9 11 0.2213
277 401 9 12 0.2197
131 403 11 13 0.2194
785 347 8 10 0.2192
839 327 6 7 0.2192
913 342 7 9 0.2185
956 346 8 11 0.2169
622 342 8 10 0.2160
420 360 8 10 0.2160
595 387 13 16 0.2158
413 344 6 8 0.2132
282 344 7 8 0.2116
482 343 6 9 0.2110
171 368 9 10 0.2107
253 349 8 9 0.2082
267 381 9 12 0.2080
960 355 8 9 0.2072
736 338 7 8 0.2068
893 340 7 9 0.2066
623 333 6 7 0.2063
398 345 7 8 0.2062
63 350 9 11 0.2062
285 344 6 8 0.2056
126 369 8 11 0.2048
783 347 9 10 0.2047
226 450 19 23 0.2030
519 326 7 9 0.2003
827 351 8 9 0.1995
182 356 7 8 0.1993
3 346 8 9 0.1968
995 329 6 7 0.1947
102 351 7 10 0.1937
220 386 9 11 0.1937
556 344 8 9 0.1925
957 355 8 10 0.1916
661 326 7 9 0.1904
660 356 8 10 0.1902
129 369 7 11 0.1895
563 376 9 12 0.1893
16 385 12 13 0.1886
415 343 7 9 0.1865
735 353 10 12 0.1863
180 382 13 16 0.1859
864 332 6 9 0.1855
788 347 8 9 0.1854
67 449 18 27 0.1812
107 340 6 7 0.1809
948 311 6 7 0.1788
324 347 7 8 0.1770
476 374 10 12 0.1762
988 367 10 12 0.1745
360 355 7 9 0.1711
591 345 7 8 0.1706
435 351 7 9 0.1703
275 361 9 10 0.1696
733 325 6 7 0.1686
968 323 6 8 0.1681
957 332 7 9 0.1659
238 343 6 8 0.1656
235 343 6 8 0.1636
465 357 9 11 0.1634
766 399 11 18 0.1631
547 333 7 9 0.1625
904 345 7 10 0.1624
864 333 7 9 0.1621
448 343 6 8 0.1597
997 329 7 8 0.1597
887 317 5 7 0.1591
596 337 7 8 0.1590
134 403 10 14 0.1585
663 356 8 10 0.1577
580 326 6 7 0.1570
916 341 7 9 0.1559
965 321 6 8 0.1559
739 338 6 8 0.1529
429 370 9 11 0.1526
945 311 6 7 0.1506
909 317 6 6 0.1502
485 343 6 9 0.1495
555 344 7 8 0.1489
906 317 6 6 0.1488
383 362 8 10 0.1488
356 356 7 9 0.1483
171 338 6 7 0.1480
846 359 8 10 0.1467
670 338 7 9 0.1456
633 359 9 11 0.1430
274 401 9 12 0.1425
572 337 6 7 0.1414
226 373 8 11 0.1412
968 321 6 8 0.1400
325 347 7 9 0.1399
558 441 13 21 0.1394
5 346 7 9 0.1390
905 329 6 8 0.1387
156 369 8 10 0.1386
805 326 6 7 0.1383
429 330 5 7 0.1381
473 333 6 6 0.1370
394 369 8 10 0.1361
36 376 9 12 0.1359
819 322 5 7 0.1357
254 348 7 9 0.1356
170 403 11 17 0.1353
875 315 6 6 0.1346
820 322 6 7 0.1342
643 365 9 11 0.1340
271 339 6 7 0.1338
1010 345 8 10 0.1332
188 355 7 9 0.1321
1015 370 9 13 0.1321
401 357 8 10 0.1317
349 343 6 8 0.1309
327 347 7 8 0.1302
72 401 12 16 0.1296
432 330 6 8 0.1296
256 358 8 10 0.1284
1003 294 5 7 0.1282
24 342 7 7 0.1269
146 435 12 18 0.1266
567 322 6 7 0.1266
811 347 8 9 0.1265
23 378 11 13 0.1260
410 381 11 12 0.1258
109 340 6 8 0.1256
765 324 7 8 0.1251
607 414 11 14 0.1240
730 325 6 7 0.1227
391 337 6 7 0.1226
194 343 5 6 0.1223
620 343 8 10 0.1219
281 343 7 9 0.1209
591 337 6 7 0.1207
1001 294 5 6 0.1178
487 390 9 12 0.1171
268 383 8 12 0.1169
372 353 7 7 0.1167
24 359 10 12 0.1167
768 324 6 9 0.1161
849 358 8 11 0.1156
680 323 6 8 0.1155
802 326 6 6 0.1149
769 335 7 8 0.1121
417 343 7 8 0.1116
605 331 6 7 0.1116
264 385 9 14 0.1113
264 380 10 13 0.1098
180 356 7 9 0.1092
154 354 6 9 0.1088
196 469 14 22 0.1085
648 362 10 11 0.1066
470 332 6 7 0.1058
368 376 7 9 0.1058
402 389 10 12 0.1057
555 440 12 22 0.1056
705 313 6 7 0.1054
113 352 8 9 0.1050
433 354 8 9 0.1044
1015 312 6 9 0.1041
528 329 7 8 0.1035
984 316 6 7 0.1031
1017 292 5 7 0.1029
193 468 15 22 0.1021
964 323 7 8 0.1019
475 332 6 8 0.1019
678 330 7 7 0.1019
902 330 6 8 0.1016
521 326 6 8 0.1013
210 356 9 11 0.0994
151 353 6 9 0.0993
300 324 5 6 0.0989
501 387 8 10 0.0988
391 368 8 11 0.0987
543 335 7 8 0.0987
558 344 7 9 0.0987
490 332 5 7 0.0985
632 317 5 5 0.0984
351 403 15 17 0.0984
518 326 6 8 0.0976
420 360 8 10 0.0976
665 413 11 16 0.0976
145 339 6 7 0.0976
758 305 6 6 0.0975
365 376 7 9 0.0969
303 341 6 7 0.0968
739 394 10 16 0.0968
154 370 7 9 0.0959
717 323 6 8 0.0958
579 313 6 6 0.0949
184 356 7 9 0.0944
194 324 5 6 0.0942
812 305 5 5 0.0936
293 350 8 8 0.0925
224 352 7 7 0.0923
389 335 6 7 0.0920
73 347 9 12 0.0917
635 334 7 8 0.0916
925 354 7 10 0.0913
157 370 9 10 0.0907
736 394 11 15 0.0907
223 385 9 11 0.0902
373 326 6 7 0.0901
703 313 5 7 0.0899
19 401 15 16 0.0898
551 325 6 7 0.0895
190 340 5 7 0.0892
616 323 6 7 0.0883
332 358 7 9 0.0881
30 328 5 6 0.0880
496 368 7 10 0.0878
370 367 8 10 0.0859
471 332 6 7 0.0847
648 359 9 11 0.0842
182 329 5 6 0.0841
826 306 5 6 0.0835
370 327 5 6 0.0833
570 337 7 8 0.0832
1012 314 7 7 0.0826
900 475 14 24 0.0817
635 333 6 7 0.0806
761 353 8 10 0.0806
476 392 10 13 0.0802
289 326 6 6 0.0801
248 324 5 7 0.0801
946 311 5 7 0.0789
198 467 15 23 0.0785
326 362 8 10 0.0781
898 300 5 6 0.0777
588 321 6 7 0.0772
142 339 6 7 0.0771
788 344 9 10 0.0771
835 325 6 7 0.0770
928 353 7 11 0.0765
144 374 8 9 0.0760
393 331 6 7 0.0759
873 339 7 8 0.0756
395 391 9 12 0.0751
815 305 5 6 0.0740
945 333 7 9 0.0733
392 391 9 12 0.0733
328 347 7 9 0.0732
643 317 5 6 0.0730
853 318 6 7 0.0728
596 336 7 8 0.0720
126 371 8 11 0.0720
130 371 7 10 0.0716
764 336 8 9 0.0715
183 381 11 15 0.0714
991 295 5 6 0.0708
632 414 14 22 0.0702
28 400 10 15 0.0701
911 300 5 6 0.0696
591 313 6 6 0.0695
304 324 5 7 0.0695
915 416 15 19 0.0689
566 322 5 7 0.0682
801 338 7 9 0.0680
615 322 6 7 0.0680
999 294 5 6 0.0677
719 332 7 8 0.0676
886 305 5 5 0.0668
214 331 4 6 0.0662
764 354 9 9 0.0660
105 339 6 7 0.0659
191 324 5 6 0.0657
588 346 7 8 0.0655
736 398 12 15 0.0655
1007 329 8 9 0.0651
958 354 8 11 0.0644
612 343 7 9 0.0642
502 341 6 8 0.0642
714 307 5 5 0.0642
43 345 7 8 0.0638
341 369 8 10 0.0636
890 339 7 9 0.0636
221 376 8 12 0.0635
415 344 6 7 0.0635
471 334 7 7 0.0633
210 331 5 6 0.0632
771 398 9 16 0.0631
862 419 17 20 0.0628
507 475 28 31 0.0627
982 315 6 7 0.0623
678 354 9 9 0.0615
446 341 6 8 0.0613
233 358 7 10 0.0611
50 339 7 7 0.0608
443 361 8 10 0.0607
334 398 13 16 0.0606
417 380 9 11 0.0604
198 342 6 7 0.0602
982 340 8 9 0.0595
687 408 12 17 0.0594
826 352 8 10 0.0594
767 322 7 8 0.0586
501 340 6 7 0.0583
650 377 12 14 0.0583
959 335 7 9 0.0582
456 321 6 8 0.0576
620 408 14 18 0.0576
621 340 7 9 0.0575
271 340 6 7 0.0571
386 362 8 9 0.0561
100 379 10 11 0.0559
740 397 11 16 0.0556
358 341 6 7 0.0552
63 353 8 10 0.0548
147 337 6 7 0.0548
705 309 6 6 0.0545
930 330 7 8 0.0544
216 385 10 13 0.0544
459 321 6 8 0.0542
533 328 6 7 0.0541
7 326 6 7 0.0541
756 305 5 6 0.0538
141 433 13 18 0.0538
86 342 6 7 0.0535
613 322 6 7 0.0535
648 344 7 9 0.0534
526 338 7 9 0.0533
845 345 7 8 0.0531
909 300 4 5 0.0531
115 329 7 8 0.0530
701 330 7 8 0.0526
977 300 5 6 0.0524
172 380 13 16 0.0524
340 371 8 10 0.0519
906 316 6 6 0.0518
109 453 14 18 0.0516
884 317 6 6 0.0514
238 343 6 7 0.0513
184 356 8 9 0.0511
219 450 22 23 0.0507
373 355 7 7 0.0504
28 327 5 6 0.0502
861 333 6 7 0.0500
391 336 6 7 0.0497
852 315 5 6 0.0495
265 383 9 11 0.0494
109 340 5 7 0.0492
1003 280 5 6 0.0491
465 356 8 10 0.0490
871 300 4 6 0.0487
458 323 6 7 0.0486
849 312 5 6 0.0486
664 356 8 10 0.0483
68 453 18 27 0.0481
729 354 9 11 0.0479
702 310 6 6 0.0479
784 303 4 5 0.0476
665 308 5 6 0.0474
343 371 8 11 0.0471
896 300 4 5 0.0471
183 381 12 15 0.0471
498 385 9 11 0.0466
0 420 6 21 0.0464
927 355 8 11 0.0463
10 325 6 7 0.0459
43 349 8 10 0.0457
285 343 6 7 0.0457
909 342 7 8 0.0453
657 326 6 7 0.0453
959 312 6 7 0.0452
78 331 6 6 0.0451
146 326 5 6 0.0445
127 353 8 9 0.0444
681 333 7 9 0.0439
55 326 5 6 0.0439
542 413 15 18 0.0439
820 340 7 8 0.0439
763 323 6 8 0.0439
371 326 5 6 0.0438
706 357 9 11 0.0438
738 334 6 8 0.0435
210 396 11 15 0.0435
53 326 4 6 0.0433
513 361 8 10 0.0426
781 303 4 6 0.0423
451 397 10 13 0.0422
230 329 5 7 0.0419
563 361 8 10 0.0413
249 327 6 6 0.0413
798 313 5 7 0.0411
213 333 5 7 0.0410
270 319 5 6 0.0409
587 367 10 13 0.0407
780 313 5 6 0.0404
81 386 11 15 0.0403
579 313 5 7 0.0403
160 326 6 6 0.0402
164 325 5 7 0.0399
480 321 6 8 0.0399
190 324 4 6 0.0398
736 326 5 7 0.0397
297 364 8 10 0.0395
74 452 20 27 0.0391
593 296 4 6 0.0390
210 356 8 9 0.0388
290 347 7 8 0.0387
407 338 6 7 0.0384
703 313 6 7 0.0384
593 313 5 6 0.0380
867 301 5 6 0.0380
869 299 5 6 0.0380
922 361 9 12 0.0374
157 367 8 10 0.0374
667 288 4 5 0.0369
483 321 5 8 0.0369
935 307 6 7 0.0369
143 339 6 7 0.0368
650 382 12 14 0.0367
630 317 5 6 0.0367
949 312 6 7 0.0366
105 352 8 10 0.0363
783 329 7 7 0.0360
661 325 6 8 0.0355
630 357 8 10 0.0354
381 328 5 6 0.0354
848 357 8 11 0.0353
827 306 5 5 0.0353
740 299 5 6 0.0352
1003 294 5 5 0.0352
485 427 11 14 0.0352
78 385 11 13 0.0351
13 383 12 13 0.0351
346 343 6 7 0.0349
893 301 4 5 0.0349
492 404 8 12 0.0348
512 475 25 29 0.0347
863 460 17 22 0.0347
769 363 11 13 0.0346
401 487 18 23 0.0345
30 330 5 6 0.0345
168 337 7 8 0.0343
29 476 19 24 0.0343
921 301 5 6 0.0339
645 315 5 7 0.0336
979 298 5 5 0.0336
520 382 8 11 0.0333
345 412 12 15 0.0332
757 305 5 6 0.0331
655 326 7 8 0.0330
332 395 12 16 0.0330
281 373 9 11 0.0330
79 401 11 15 0.0328
565 377 9 12 0.0326
144 326 5 6 0.0323
846 321 6 8 0.0323
520 381 9 12 0.0322
245 324 5 6 0.0320
9 324 5 7 0.0320
976 353 10 11 0.0319
525 381 8 11 0.0319
782 303 4 5 0.0315
743 337 7 9 0.0315
771 330 7 9 0.0312
624 437 15 22 0.0312
71 346 10 13 0.0311
83 483 22 28 0.0310
651 383 12 15 0.0310
303 324 5 6 0.0309
27 479 20 27 0.0309
371 329 6 6 0.0309
293 364 8 10 0.0307
0 506 10 21 0.0306
427 327 5 7 0.0303
812 305 5 5 0.0302
336 357 7 9 0.0302
257 352 8 9 0.0298
538 351 8 10 0.0296
556 443 12 20 0.0295
496 375 8 12 0.0294
594 297 5 6 0.0293
131 368 7 10 0.0292
644 291 4 5 0.0292
805 324 6 6 0.0291
86 341 6 7 0.0290
794 308 4 5 0.0285
191 340 6 7 0.0283
495 404 8 12 0.0280
55 329 5 6 0.0278
6 324 5 7 0.0278
106 360 8 9 0.0275
930 309 5 7 0.0274
664 289 4 5 0.0272
907 363 9 11 0.0270
722 479 16 21 0.0269
865 299 5 6 0.0269
893 476 20 29 0.0268
742 298 4 6 0.0266
553 311 5 6 0.0266
566 360 8 10 0.0263
493 364 8 10 0.0262
134 404 12 15 0.0260
402 303 4 6 0.0259
738 297 5 5 0.0258
143 411 12 16 0.0258
913 361 9 11 0.0258
392 388 9 12 0.0257
0 507 11 29 0.0256
641 291 4 5 0.0256
946 298 6 7 0.0252
366 378 9 10 0.0250
476 395 10 13 0.0249
9 362 8 11 0.0248
35 321 5 6 0.0247
643 311 5 6 0.0243
677 320 6 6 0.0241
173 383 13 15 0.0240
29 359 8 12 0.0240
14 385 10 13 0.0238
927 326 7 8 0.0238
644 372 10 12 0.0238
780 305 5 6 0.0237
238 378 9 11 0.0236
27 476 20 24 0.0234
596 297 4 5 0.0233
446 358 7 11 0.0231
293 317 5 6 0.0230
31 480 25 28 0.0229
6 344 7 9 0.0226
552 313 5 6 0.0224
97 378 11 13 0.0223
168 383 11 13 0.0223
313 403 14 16 0.0222
714 332 8 9 0.0222
593 365 10 12 0.0221
1008 456 15 17 0.0220
227 446 17 20 0.0218
516 361 8 10 0.0217
557 360 8 10 0.0217
167 324 5 7 0.0217
686 312 5 7 0.0215
71 443 16 25 0.0215
559 443 13 20 0.0215
665 288 4 5 0.0214
722 313 5 7 0.0213
985 293 5 6 0.0207
482 427 11 14 0.0207
447 395 10 13 0.0206
919 301 4 5 0.0205
934 357 8 10 0.0205
143 328 5 6 0.0200
228 455 18 23 0.0200
597 298 4 5 0.0197
611 471 21 23 0.0196
107 453 15 20 0.0195
666 400 13 17 0.0195
298 323 5 6 0.0194
39 330 5 7 0.0194
416 382 10 12 0.0192
575 300 5 6 0.0192
383 437 11 18 0.0188
811 303 5 6 0.0187
431 327 5 6 0.0186
943 296 5 7 0.0184
631 304 4 5 0.0183
347 418 12 16 0.0180
323 345 6 8 0.0180
892 471 18 26 0.0179
390 308 5 4 0.0179
241 373 8 11 0.0179
264 393 9 12 0.0177
574 299 4 5 0.0175
455 308 5 6 0.0174
779 303 4 5 0.0173
668 411 12 16 0.0173
660 307 5 6 0.0172
368 326 5 6 0.0171
748 360 8 11 0.0171
751 284 5 6 0.0170
17 360 9 11 0.0168
159 324 6 7 0.0168
695 287 4 5 0.0167
571 299 5 5 0.0167
474 373 9 12 0.0166
396 325 5 6 0.0165
404 303 4 6 0.0163
65 357 10 12 0.0162
344 395 12 16 0.0162
292 316 5 6 0.0161
304 314 5 6 0.0158
316 397 11 16 0.0157
768 394 10 17 0.0156
261 313 5 5 0.0155
492 406 10 14 0.0155
458 308 5 6 0.0155
814 304 5 5 0.0155
876 353 8 10 0.0154
1010 367 10 11 0.0153
258 312 5 6 0.0150
300 354 8 9 0.0149
748 284 5 5 0.0149
662 288 4 5 0.0147
293 403 10 13 0.0147
642 290 4 5 0.0146
407 402 11 15 0.0145
28 360 8 10 0.0144
802 292 5 5 0.0140
448 399 10 14 0.0140
202 395 12 15 0.0138
243 313 5 5 0.0138
572 300 5 6 0.0136
323 360 8 10 0.0135
550 313 5 6 0.0135
100 324 5 6 0.0135
753 289 4 5 0.0134
473 376 9 11 0.0133
805 285 4 5 0.0132
693 286 4 5 0.0132
97 325 5 6 0.0130
268 319 5 5 0.0129
897 376 12 16 0.0128
158 314 6 6 0.0127
22 359 9 11 0.0124
975 300 5 5 0.0124
364 313 5 5 0.0124
141 325 5 6 0.0123
328 370 9 10 0.0122
414 404 12 15 0.0122
802 285 4 5 0.0122
904 378 11 14 0.0121
628 359 8 11 0.0121
275 400 9 12 0.0121
692 288 4 5 0.0119
616 390 10 12 0.0119
61 327 5 6 0.0119
223 316 5 6 0.0119
1010 371 10 12 0.0117
295 316 5 6 0.0117
348 323 5 6 0.0117
163 403 14 18 0.0117
770 399 11 17 0.0116
62 357 9 11 0.0115
66 442 18 25 0.0115
55 486 25 32 0.0114
58 326 5 5 0.0113
846 303 5 5 0.0110
620 406 14 18 0.0109
339 415 14 17 0.0109
782 350 8 10 0.0108
902 351 8 10 0.0108
836 303 5 5 0.0107
627 297 4 5 0.0106
875 355 8 10 0.0106
295 368 8 11 0.0106
64 404 12 14 0.0106
808 430 18 21 0.0104
743 364 9 11 0.0103
340 387 10 12 0.0102
902 382 12 14 0.0102
353 328 6 7 0.0102
79 350 8 10 0.0101
209 322 5 5 0.0101
