2_Demonstration_Demonstration_Or_Protest_2_604
106
403 135 57 73 0.8603
660 116 56 112 0.8402
282 33 85 122 0.8302
95 161 46 65 0.8009
171 172 24 30 0.7046
468 149 15 22 0.5285
536 137 22 24 0.5171
74 134 13 17 0.4563
25 171 15 24 0.3722
521 94 12 16 0.3377
517 94 13 16 0.3240
103 131 13 16 0.3224
40 128 13 15 0.2814
71 134 13 16 0.2723
702 111 22 31 0.2693
540 136 21 25 0.2420
15 135 10 12 0.2398
36 207 18 27 0.2261
466 149 15 22 0.1979
45 129 12 14 0.1912
565 95 10 13 0.1896
310 161 31 32 0.1855
42 130 13 15 0.1843
17 135 10 12 0.1648
12 172 14 18 0.1606
89 138 12 14 0.1528
12 135 11 12 0.1451
805 169 18 20 0.1441
485 95 10 13 0.1364
11 180 21 29 0.1328
568 96 9 13 0.1209
88 119 12 14 0.1203
107 131 12 16 0.1151
87 118 11 13 0.1113
562 95 10 13 0.1036
481 95 11 13 0.0988
101 129 13 16 0.0909
85 120 11 13 0.0899
46 131 12 14 0.0898
95 162 45 64 0.0851
562 94 10 12 0.0736
84 118 11 13 0.0731
21 175 20 32 0.0724
13 134 10 11 0.0718
702 110 20 29 0.0625
484 94 10 11 0.0525
9 173 13 16 0.0467
731 88 12 15 0.0435
28 170 14 21 0.0404
13 220 17 20 0.0392
8 172 15 19 0.0392
538 137 22 24 0.0352
323 162 22 29 0.0351
160 171 15 21 0.0327
561 143 15 21 0.0324
735 88 11 15 0.0305
168 171 21 28 0.0292
567 94 10 14 0.0288
810 169 18 25 0.0274
106 129 11 15 0.0273
321 157 23 31 0.0273
481 93 9 12 0.0273
31 209 18 29 0.0270
155 158 14 18 0.0259
801 165 19 21 0.0257
17 132 9 12 0.0243
33 203 17 26 0.0237
29 170 15 24 0.0234
84 120 12 14 0.0232
559 93 10 12 0.0223
89 141 14 16 0.0214
349 167 22 32 0.0213
475 187 15 19 0.0212
812 175 22 34 0.0210
2 157 15 18 0.0208
791 0 146 128 0.0203
764 171 19 23 0.0198
567 94 9 12 0.0198
352 174 20 27 0.0195
24 167 13 21 0.0193
708 111 18 28 0.0192
801 170 15 18 0.0188
14 189 19 23 0.0188
799 167 22 25 0.0183
19 186 17 26 0.0177
38 209 19 29 0.0175
787 0 150 109 0.0161
32 208 15 25 0.0153
559 138 14 20 0.0147
485 93 11 14 0.0145
460 126 11 13 0.0140
12 137 10 11 0.0139
11 215 18 22 0.0137
8 186 18 23 0.0125
803 174 25 30 0.0123
733 91 11 14 0.0120
763 178 19 24 0.0120
718 97 12 15 0.0118
41 207 20 27 0.0116
518 94 12 15 0.0116
816 186 19 25 0.0113
727 89 13 17 0.0110
708 110 17 27 0.0104
39 126 10 13 0.0104
8 237 18 21 0.0101
26 182 17 28 0.0101
