2_Demonstration_Political_Rally_2_135
51
150 548 69 97 0.8281
528 441 86 98 0.8164
41 680 57 71 0.7935
935 635 74 89 0.7495
0 1031 28 45 0.1934
0 1030 20 47 0.0743
6 661 22 40 0.0629
335 681 11 13 0.0626
339 680 12 15 0.0557
376 685 16 26 0.0507
16 1037 25 35 0.0467
893 791 16 20 0.0413
371 685 16 26 0.0409
886 788 18 24 0.0381
934 635 74 89 0.0317
831 785 11 15 0.0301
827 786 10 12 0.0286
860 788 15 22 0.0280
441 697 12 16 0.0277
826 785 9 12 0.0276
0 660 21 42 0.0266
3 1038 29 41 0.0251
0 1035 21 45 0.0233
5 660 18 33 0.0228
451 673 17 22 0.0224
337 522 17 22 0.0212
446 697 12 16 0.0201
398 695 14 18 0.0195
0 709 10 41 0.0186
905 906 17 21 0.0175
852 770 15 24 0.0166
911 907 16 19 0.0162
341 681 12 16 0.0162
334 522 15 21 0.0162
373 662 11 13 0.0152
5 1029 31 48 0.0148
222 654 11 14 0.0141
262 726 24 29 0.0138
11 658 22 41 0.0138
22 1045 23 30 0.0130
446 676 14 19 0.0129
12 641 12 16 0.0125
378 662 10 13 0.0125
238 662 15 19 0.0117
389 667 11 13 0.0116
830 784 12 15 0.0108
282 529 12 15 0.0106
871 784 19 24 0.0104
252 953 27 43 0.0102
831 781 11 16 0.0102
218 654 10 13 0.0101
