2_Demonstration_Political_Rally_2_341
36
565 331 24 28 0.8177
127 341 20 26 0.7930
472 353 17 22 0.7320
62 367 14 17 0.7136
866 335 16 25 0.6514
205 361 14 17 0.6238
508 344 16 27 0.5720
401 361 11 15 0.4670
505 344 17 27 0.4551
793 336 13 18 0.4129
235 367 10 12 0.3937
181 351 18 21 0.3579
404 361 11 15 0.2913
110 347 13 21 0.2827
797 336 12 18 0.2694
238 367 10 12 0.2693
108 349 14 19 0.2166
106 348 13 19 0.1756
112 348 13 20 0.1711
184 351 18 21 0.1694
798 336 12 17 0.0927
209 362 13 15 0.0857
861 335 19 24 0.0647
208 362 14 16 0.0426
418 368 9 12 0.0423
504 346 16 25 0.0398
233 365 11 13 0.0253
66 367 12 17 0.0244
45 374 9 12 0.0243
236 366 10 12 0.0192
800 338 11 17 0.0150
417 367 9 11 0.0147
477 353 15 22 0.0145
871 334 15 24 0.0114
101 353 12 17 0.0109
184 356 17 19 0.0102
