2_Demonstration_Protesters_2_293
102
290 437 55 68 0.8934
220 531 87 99 0.8838
798 460 56 69 0.8798
862 461 73 84 0.8741
544 469 67 84 0.8733
456 441 51 66 0.8626
163 377 39 51 0.8575
477 365 44 48 0.8438
349 361 36 52 0.8412
602 389 38 51 0.8366
831 595 75 86 0.8220
405 476 46 78 0.8153
409 337 40 47 0.8044
727 522 44 87 0.8027
674 450 44 52 0.8001
89 344 45 67 0.7974
54 310 31 38 0.7745
0 425 31 84 0.7742
248 463 45 57 0.6805
674 361 28 35 0.6218
565 416 52 63 0.5799
838 410 44 55 0.5730
0 373 24 70 0.5063
129 357 30 49 0.4720
870 397 30 46 0.4446
48 332 31 43 0.4362
0 373 21 72 0.4043
869 394 30 47 0.3459
116 268 20 32 0.2585
270 364 27 40 0.2472
120 267 20 33 0.2382
746 423 54 60 0.2222
47 334 32 42 0.2097
747 422 55 62 0.2058
772 330 24 31 0.1887
265 363 30 42 0.1669
585 300 19 26 0.1427
1014 497 10 53 0.1398
554 369 28 33 0.1269
774 330 19 26 0.1096
298 353 15 18 0.1029
48 331 33 44 0.1027
300 353 17 19 0.0975
337 315 26 37 0.0842
554 366 28 32 0.0818
747 338 28 42 0.0759
855 403 32 48 0.0596
242 457 41 51 0.0561
1019 503 5 52 0.0550
338 313 22 30 0.0477
1010 494 14 56 0.0435
753 336 20 31 0.0426
244 461 48 63 0.0389
1008 497 16 59 0.0375
586 301 20 28 0.0364
336 318 28 42 0.0360
331 316 29 38 0.0360
269 324 16 20 0.0359
583 328 17 21 0.0294
49 334 32 42 0.0288
242 461 46 59 0.0284
768 330 23 31 0.0263
1014 413 10 59 0.0261
805 340 18 30 0.0259
135 356 32 48 0.0258
862 396 32 46 0.0247
332 313 24 31 0.0246
299 355 23 29 0.0239
271 363 22 34 0.0220
802 340 14 25 0.0217
581 300 18 25 0.0204
127 354 31 52 0.0203
1017 420 7 56 0.0199
90 347 45 64 0.0191
0 258 6 29 0.0185
333 313 29 36 0.0182
588 298 24 28 0.0181
835 410 42 48 0.0178
297 356 18 25 0.0167
586 296 23 30 0.0164
548 370 33 33 0.0143
743 334 32 42 0.0136
274 362 26 40 0.0135
769 328 20 29 0.0132
1007 487 17 63 0.0131
578 327 19 22 0.0130
753 329 21 31 0.0127
769 331 26 35 0.0125
329 320 31 42 0.0124
0 429 33 76 0.0123
271 365 33 50 0.0118
32 365 21 37 0.0117
703 345 19 29 0.0117
1014 405 10 62 0.0111
439 257 20 28 0.0111
844 406 39 51 0.0110
277 355 17 25 0.0110
1015 508 9 73 0.0108
562 365 23 30 0.0106
784 330 17 25 0.0104
591 303 25 32 0.0103
801 377 18 23 0.0100
