2_Demonstration_Demonstrators_2_712
37
889 424 38 48 0.8379
766 481 40 47 0.8333
646 530 42 59 0.8137
703 535 26 31 0.7786
995 374 29 46 0.7743
116 567 26 34 0.6253
821 508 38 54 0.3891
957 448 24 39 0.1374
428 532 33 43 0.1231
959 450 24 38 0.1101
687 535 22 28 0.1021
684 532 23 29 0.0743
115 568 24 33 0.0725
957 446 30 44 0.0656
674 605 40 44 0.0564
960 449 28 40 0.0561
816 506 44 58 0.0486
826 509 36 52 0.0461
432 533 31 41 0.0319
812 510 41 53 0.0264
659 646 70 36 0.0232
656 652 76 28 0.0229
674 650 58 30 0.0228
869 433 17 23 0.0213
892 376 23 29 0.0210
0 591 6 64 0.0198
867 431 17 23 0.0191
312 503 12 16 0.0174
0 596 7 64 0.0166
719 445 12 18 0.0160
705 196 11 13 0.0154
315 502 14 19 0.0149
684 523 24 27 0.0136
858 434 22 23 0.0124
310 501 10 14 0.0115
158 538 8 10 0.0106
666 606 55 51 0.0104
