2_Demonstration_Demonstrators_2_545
293
60 494 38 48 0.7916
67 431 29 38 0.7831
289 433 31 39 0.7793
258 499 35 45 0.7637
415 455 26 35 0.7440
150 417 29 34 0.7409
403 403 18 24 0.5989
793 410 20 29 0.5196
259 405 22 29 0.4962
99 392 27 33 0.4273
741 328 14 17 0.3748
294 357 19 22 0.3353
213 380 15 19 0.3174
195 412 23 29 0.3106
920 348 16 20 0.3095
256 404 22 30 0.3033
114 351 14 18 0.2802
691 300 13 16 0.2761
758 358 16 20 0.2741
363 419 21 27 0.2657
727 392 14 18 0.2639
266 353 15 17 0.2596
349 365 14 17 0.2535
798 410 18 29 0.2499
856 331 15 18 0.2444
762 358 16 20 0.2427
360 419 20 26 0.2362
353 365 14 17 0.2224
50 323 15 18 0.2152
103 393 26 33 0.2045
859 332 15 18 0.2037
929 414 20 26 0.1963
789 350 14 16 0.1833
785 349 13 17 0.1781
357 292 11 13 0.1775
242 402 19 26 0.1752
921 288 13 17 0.1737
299 357 18 22 0.1734
176 348 15 17 0.1675
883 442 20 32 0.1665
128 327 15 17 0.1644
191 412 24 30 0.1632
388 303 11 14 0.1602
353 292 11 13 0.1476
393 303 10 15 0.1318
210 379 15 19 0.1280
689 300 11 16 0.1251
400 403 18 24 0.1205
424 365 15 18 0.1195
171 348 15 17 0.1189
908 382 19 22 0.1184
245 405 19 25 0.1172
905 380 18 21 0.1162
196 413 23 31 0.1135
321 350 13 15 0.1113
90 341 16 20 0.1093
738 328 13 16 0.1088
823 285 13 14 0.1085
837 369 23 28 0.1072
206 317 12 14 0.1066
932 419 18 24 0.1019
120 388 20 26 0.1003
102 352 16 18 0.0996
262 353 14 16 0.0991
888 442 19 31 0.0973
827 285 13 14 0.0969
430 365 14 17 0.0930
831 368 23 27 0.0924
216 382 14 19 0.0817
92 344 16 20 0.0802
359 417 18 25 0.0776
694 300 12 16 0.0763
210 317 11 14 0.0763
362 417 20 25 0.0762
48 366 15 18 0.0741
824 315 11 14 0.0729
244 376 14 17 0.0729
724 392 13 18 0.0722
436 353 14 17 0.0721
191 412 25 33 0.0720
326 350 12 15 0.0717
898 299 11 13 0.0688
836 366 21 24 0.0687
291 356 17 21 0.0668
745 327 13 17 0.0666
134 328 13 15 0.0641
238 352 15 18 0.0639
828 315 11 14 0.0629
119 350 12 17 0.0621
156 323 12 15 0.0617
743 285 10 12 0.0615
742 303 13 14 0.0614
761 353 17 23 0.0610
738 286 11 12 0.0599
47 324 13 17 0.0594
345 337 14 16 0.0573
918 288 12 15 0.0559
844 393 19 25 0.0551
831 365 20 24 0.0529
848 300 13 15 0.0510
756 353 17 23 0.0494
243 317 12 15 0.0470
864 333 14 17 0.0467
862 331 14 17 0.0448
338 352 13 16 0.0443
896 314 14 16 0.0442
214 354 14 17 0.0424
840 388 20 26 0.0418
235 352 14 18 0.0417
853 300 12 15 0.0393
830 348 14 15 0.0388
307 292 12 14 0.0382
318 312 12 16 0.0370
1015 296 9 18 0.0356
770 278 11 14 0.0355
102 317 13 15 0.0354
901 299 10 13 0.0350
108 351 17 21 0.0344
314 313 11 15 0.0343
888 440 17 30 0.0339
746 328 13 16 0.0337
262 354 15 19 0.0336
83 310 10 12 0.0327
95 341 15 19 0.0321
922 412 23 29 0.0321
285 359 15 18 0.0321
925 419 19 24 0.0320
249 376 13 16 0.0313
161 323 11 15 0.0312
730 395 14 17 0.0305
449 328 11 15 0.0300
444 310 11 14 0.0299
441 353 12 15 0.0297
1013 293 11 17 0.0297
769 337 13 15 0.0295
439 310 11 13 0.0291
173 345 16 18 0.0287
87 309 10 13 0.0285
141 420 24 30 0.0285
806 331 11 14 0.0284
157 317 12 16 0.0281
694 300 13 17 0.0278
44 366 14 17 0.0274
279 248 13 14 0.0273
853 331 15 18 0.0269
948 364 13 17 0.0267
926 348 14 19 0.0267
774 278 11 14 0.0267
208 320 11 13 0.0266
210 382 15 20 0.0259
162 317 12 15 0.0258
385 372 16 20 0.0247
704 341 13 16 0.0244
131 328 15 17 0.0244
437 354 15 19 0.0240
86 307 10 13 0.0236
454 328 11 15 0.0235
915 349 16 19 0.0234
740 284 10 12 0.0229
747 303 11 14 0.0227
354 295 11 12 0.0226
732 392 12 17 0.0225
126 301 15 19 0.0222
903 380 19 23 0.0220
829 345 13 15 0.0219
290 357 17 20 0.0217
312 293 10 13 0.0217
398 348 14 19 0.0216
342 324 12 14 0.0215
359 294 10 13 0.0213
425 370 14 16 0.0211
728 310 12 14 0.0207
331 309 12 15 0.0206
82 307 10 13 0.0205
839 373 24 29 0.0204
210 380 17 22 0.0204
923 286 13 17 0.0203
1017 309 7 16 0.0203
122 390 21 27 0.0200
269 357 13 17 0.0197
391 303 12 15 0.0196
212 356 15 18 0.0192
807 335 12 13 0.0190
238 406 19 25 0.0187
319 347 13 15 0.0185
923 350 17 21 0.0185
902 314 12 15 0.0185
855 333 13 16 0.0183
81 382 19 23 0.0177
772 336 13 15 0.0176
693 288 11 13 0.0175
726 307 12 16 0.0175
896 296 11 14 0.0175
285 357 13 16 0.0174
824 284 13 16 0.0173
437 308 10 13 0.0172
442 308 11 13 0.0172
435 329 11 14 0.0170
338 324 12 14 0.0170
826 348 13 15 0.0166
822 283 12 14 0.0164
744 285 10 12 0.0164
55 322 13 16 0.0162
913 383 18 22 0.0161
876 410 21 27 0.0161
245 320 12 15 0.0161
350 337 12 15 0.0161
854 330 12 17 0.0160
423 292 11 14 0.0157
746 304 12 15 0.0157
808 293 11 14 0.0157
275 248 13 14 0.0156
926 410 21 27 0.0156
851 303 13 16 0.0156
847 391 23 30 0.0155
725 310 11 13 0.0155
320 304 13 16 0.0154
285 308 11 15 0.0154
279 262 11 14 0.0152
211 353 13 17 0.0151
440 308 13 16 0.0150
869 411 23 27 0.0150
803 330 11 13 0.0149
387 287 9 10 0.0148
236 354 16 18 0.0147
673 300 11 13 0.0147
810 296 11 14 0.0145
825 345 12 14 0.0144
925 287 14 18 0.0144
328 428 17 24 0.0144
91 393 23 29 0.0143
877 444 23 33 0.0143
84 380 17 21 0.0142
461 291 13 15 0.0142
803 334 12 14 0.0142
727 307 11 14 0.0141
192 408 19 22 0.0140
789 303 10 13 0.0139
412 314 12 14 0.0138
784 302 11 13 0.0136
901 383 19 21 0.0135
703 261 10 12 0.0134
107 334 14 17 0.0134
240 322 11 14 0.0134
300 356 15 20 0.0133
361 412 20 25 0.0132
462 313 12 15 0.0131
895 299 11 14 0.0131
827 283 12 13 0.0130
83 309 12 14 0.0130
130 331 14 17 0.0129
430 329 11 13 0.0127
699 262 10 11 0.0126
198 407 20 24 0.0126
700 322 12 15 0.0125
736 284 10 11 0.0125
709 341 11 15 0.0125
317 351 14 18 0.0124
48 320 15 18 0.0124
772 280 13 15 0.0123
724 307 10 13 0.0121
906 286 12 14 0.0119
315 309 13 16 0.0119
342 360 15 19 0.0118
825 311 13 15 0.0118
724 388 15 19 0.0118
923 292 12 17 0.0116
69 304 11 14 0.0116
770 317 12 14 0.0116
391 372 17 19 0.0115
48 375 18 22 0.0115
424 297 12 17 0.0114
305 291 10 14 0.0114
108 318 12 14 0.0113
916 343 17 22 0.0113
212 320 11 12 0.0113
248 316 13 16 0.0111
930 388 18 21 0.0111
275 262 11 14 0.0111
461 295 13 16 0.0110
304 265 12 14 0.0110
52 324 16 20 0.0108
47 383 21 25 0.0108
900 301 14 17 0.0108
180 351 14 18 0.0106
882 439 19 32 0.0106
311 294 10 13 0.0106
342 336 14 17 0.0103
912 378 18 22 0.0102
669 287 9 11 0.0101
331 431 16 23 0.0101
420 292 10 13 0.0101
696 323 12 15 0.0100
