2_Demonstration_Protesters_2_56
96
627 331 68 81 0.8805
389 403 69 84 0.8801
883 280 62 81 0.8742
817 199 56 71 0.8681
488 472 78 79 0.8478
237 398 55 59 0.8450
746 439 76 79 0.8327
711 248 39 51 0.7910
69 408 45 54 0.7643
462 323 43 54 0.7455
685 235 17 24 0.4892
523 281 45 35 0.4614
682 235 17 23 0.3437
283 543 60 70 0.3388
275 367 29 38 0.2951
312 713 51 55 0.2228
990 212 33 40 0.2163
603 270 17 23 0.1707
103 408 34 52 0.1415
668 157 15 20 0.1336
314 714 46 54 0.1244
658 222 20 23 0.1007
599 265 20 28 0.1004
655 223 20 24 0.0913
692 218 16 17 0.0877
313 714 41 54 0.0844
606 266 18 26 0.0758
660 220 17 20 0.0701
887 194 24 38 0.0674
608 271 15 22 0.0638
612 250 17 21 0.0565
888 197 25 38 0.0520
698 218 15 17 0.0479
880 194 28 41 0.0429
997 210 27 42 0.0413
891 189 18 25 0.0407
666 157 14 20 0.0394
351 380 34 39 0.0373
878 197 31 43 0.0348
972 223 25 30 0.0342
309 713 47 55 0.0325
279 368 26 36 0.0311
679 214 12 14 0.0304
601 251 21 27 0.0299
69 409 45 55 0.0282
612 247 15 18 0.0278
186 342 24 27 0.0275
525 292 45 26 0.0271
590 260 23 30 0.0258
730 406 39 58 0.0249
979 217 35 35 0.0243
657 260 21 26 0.0241
655 235 17 18 0.0228
769 190 16 20 0.0225
626 207 13 16 0.0222
657 220 15 19 0.0221
653 261 22 26 0.0213
886 209 29 40 0.0208
529 292 43 26 0.0201
595 260 22 30 0.0192
984 269 39 65 0.0189
728 405 48 69 0.0185
371 375 41 50 0.0184
108 408 32 53 0.0182
380 374 38 42 0.0181
659 236 17 19 0.0180
355 378 37 44 0.0172
611 255 21 28 0.0168
671 157 15 20 0.0160
186 344 27 33 0.0160
523 274 43 41 0.0158
624 264 19 24 0.0156
774 192 14 19 0.0154
983 257 41 77 0.0152
0 570 10 58 0.0149
677 213 11 13 0.0148
701 221 14 17 0.0147
607 247 14 21 0.0144
671 213 14 17 0.0142
886 188 21 30 0.0141
889 191 28 44 0.0136
374 375 33 40 0.0136
848 159 27 26 0.0134
627 209 14 18 0.0130
593 255 19 26 0.0126
727 407 37 63 0.0124
312 710 49 58 0.0123
696 215 14 17 0.0122
972 217 38 40 0.0121
0 575 14 53 0.0121
895 193 26 37 0.0121
618 251 15 18 0.0120
670 156 14 19 0.0116
1011 230 13 28 0.0110
623 271 20 27 0.0109
658 256 20 24 0.0109
