2_Demonstration_Demonstration_Or_Protest_2_114
23
364 137 82 133 0.8793
585 285 74 90 0.8624
120 304 86 119 0.8539
497 324 34 56 0.8244
824 121 27 33 0.7850
769 373 50 62 0.7594
941 136 26 33 0.7395
907 122 26 34 0.7387
914 235 31 34 0.5279
810 228 26 36 0.4628
739 293 25 30 0.4283
804 228 29 38 0.1067
751 332 11 15 0.0857
747 332 12 15 0.0843
741 292 25 27 0.0604
819 227 21 33 0.0404
769 373 49 62 0.0395
742 294 25 29 0.0352
738 292 25 28 0.0341
821 229 20 33 0.0325
217 407 22 22 0.0155
803 226 26 37 0.0133
734 292 19 25 0.0109
