2_Demonstration_Political_Rally_2_816
73
510 31 92 121 0.8747
701 490 55 68 0.8665
798 557 61 74 0.8432
942 574 70 78 0.8292
100 439 78 141 0.8267
232 430 69 82 0.8118
686 460 37 51 0.8114
581 104 71 101 0.8020
946 483 50 58 0.7996
826 482 59 78 0.7834
152 401 48 60 0.7689
934 446 46 52 0.7672
719 429 30 37 0.7671
53 289 65 91 0.7386
761 430 33 41 0.6574
785 425 32 42 0.5521
688 422 25 32 0.4585
232 430 69 82 0.2882
877 439 31 37 0.2611
990 448 28 39 0.2302
785 422 31 42 0.1965
361 456 54 102 0.1572
934 447 48 51 0.1567
790 426 29 39 0.1344
653 495 43 60 0.1208
1003 509 21 54 0.0925
767 431 29 40 0.0908
693 423 23 30 0.0892
791 476 35 51 0.0745
170 627 80 60 0.0738
793 391 13 16 0.0581
783 475 42 55 0.0567
994 508 30 54 0.0367
914 425 24 31 0.0365
993 456 25 33 0.0358
922 395 14 18 0.0352
1001 505 23 54 0.0338
997 503 27 63 0.0300
751 416 20 24 0.0299
775 408 17 21 0.0290
830 448 43 45 0.0277
987 448 24 37 0.0275
175 408 37 52 0.0272
934 473 48 62 0.0216
168 398 45 62 0.0210
996 505 27 51 0.0205
1005 502 19 44 0.0203
1014 405 10 15 0.0190
1001 402 16 17 0.0180
880 439 30 36 0.0173
910 431 30 37 0.0165
753 409 16 19 0.0163
927 396 13 17 0.0152
923 397 17 21 0.0149
755 434 30 35 0.0149
920 421 17 22 0.0146
769 428 25 36 0.0141
750 429 25 33 0.0137
183 398 38 63 0.0124
990 463 29 39 0.0123
909 426 25 31 0.0121
151 401 50 60 0.0118
893 401 15 20 0.0117
1001 402 12 12 0.0115
828 452 32 38 0.0114
829 457 45 49 0.0114
786 421 26 34 0.0107
885 532 30 42 0.0106
180 424 31 41 0.0102
812 389 12 15 0.0101
838 449 37 40 0.0101
990 446 23 32 0.0101
794 475 30 42 0.0100
