2_Demonstration_Political_Rally_2_609
724
807 544 25 30 0.8304
156 145 28 37 0.8297
129 243 80 126 0.8226
996 350 17 19 0.7548
768 564 22 29 0.7438
980 488 20 23 0.7422
691 412 15 19 0.7350
756 450 16 18 0.7308
635 391 17 20 0.7072
728 515 21 23 0.7003
906 431 18 22 0.6952
790 437 16 19 0.6916
677 402 14 19 0.6865
921 491 19 21 0.6723
408 417 14 17 0.6692
641 348 14 17 0.6619
383 398 15 19 0.6549
997 376 15 20 0.6508
782 465 18 19 0.6479
460 365 14 16 0.6217
587 387 14 19 0.6214
510 339 13 15 0.6152
968 347 16 19 0.5891
886 543 23 29 0.5880
770 410 15 17 0.5717
850 555 21 28 0.5662
321 371 14 18 0.5646
740 401 14 17 0.5613
819 406 15 19 0.5608
745 474 14 18 0.5538
420 393 13 16 0.5457
962 449 17 20 0.5355
616 431 15 18 0.5294
488 388 16 18 0.5238
758 322 14 18 0.5221
1015 475 9 21 0.5165
903 474 16 20 0.4821
554 363 13 15 0.4793
942 374 15 19 0.4629
770 296 13 16 0.4548
448 343 12 14 0.4535
719 426 15 18 0.4479
439 405 15 17 0.4444
259 368 14 17 0.4379
713 406 13 15 0.4261
388 363 14 15 0.4243
773 493 19 21 0.4063
471 341 14 17 0.4039
411 438 16 19 0.3981
743 539 20 24 0.3950
768 596 23 30 0.3919
663 319 13 16 0.3889
533 401 15 18 0.3887
815 328 14 17 0.3887
305 360 12 16 0.3782
610 325 13 15 0.3715
885 456 19 24 0.3715
606 325 14 16 0.3658
441 405 16 17 0.3572
392 363 13 15 0.3572
799 298 12 14 0.3561
962 410 19 24 0.3511
888 456 18 23 0.3476
939 374 16 20 0.3475
851 517 18 22 0.3448
992 465 16 22 0.3406
751 371 14 18 0.3363
557 362 13 16 0.3360
475 524 18 22 0.3318
989 465 17 22 0.3223
965 410 18 24 0.3185
866 474 19 24 0.3166
740 615 26 32 0.3161
750 370 14 18 0.3159
804 280 13 15 0.3122
802 297 12 15 0.3110
412 357 12 15 0.3073
965 449 16 20 0.3042
597 340 15 17 0.2986
770 493 19 21 0.2980
964 617 20 28 0.2943
612 367 13 15 0.2906
719 461 15 18 0.2882
761 322 13 18 0.2821
302 360 12 15 0.2820
936 573 18 22 0.2802
649 325 13 14 0.2760
770 597 24 29 0.2747
492 389 15 17 0.2724
702 286 13 17 0.2722
746 539 20 23 0.2701
912 332 16 19 0.2698
744 615 24 30 0.2695
718 298 12 15 0.2651
868 416 17 21 0.2610
853 394 14 18 0.2580
475 408 15 17 0.2560
879 360 16 20 0.2485
345 359 11 15 0.2478
748 371 14 17 0.2429
642 430 17 18 0.2422
740 289 13 15 0.2363
812 328 14 16 0.2335
816 456 17 20 0.2314
965 347 16 18 0.2294
262 368 14 16 0.2270
452 387 13 16 0.2237
852 485 17 21 0.2224
476 409 16 18 0.2155
716 477 14 17 0.2121
665 321 13 15 0.2111
536 341 11 13 0.2085
436 431 15 16 0.2085
342 359 12 14 0.2065
807 356 14 17 0.2060
717 460 15 17 0.2050
908 508 23 25 0.2036
497 306 12 14 0.2033
708 386 13 17 0.2029
351 324 11 13 0.2016
1010 296 14 17 0.1977
647 325 12 14 0.1969
723 426 14 18 0.1943
279 381 14 17 0.1938
491 342 12 13 0.1914
354 324 11 13 0.1861
961 617 20 28 0.1837
943 506 20 25 0.1828
478 524 18 23 0.1816
785 464 17 20 0.1804
768 525 16 21 0.1795
306 438 15 18 0.1793
983 566 20 23 0.1761
319 370 14 18 0.1755
553 347 13 16 0.1754
790 386 14 16 0.1753
287 355 12 14 0.1725
533 341 11 13 0.1714
976 309 14 17 0.1689
456 387 13 16 0.1680
900 474 16 20 0.1678
644 429 19 20 0.1674
415 357 12 15 0.1668
474 273 12 14 0.1666
710 406 13 15 0.1648
907 505 22 25 0.1632
530 401 15 17 0.1622
290 355 12 15 0.1619
552 345 12 14 0.1615
938 465 16 22 0.1589
911 330 15 20 0.1567
666 297 13 15 0.1564
882 388 17 22 0.1547
728 332 15 19 0.1506
915 332 16 19 0.1497
940 465 17 22 0.1485
646 436 20 24 0.1480
848 517 18 22 0.1453
710 327 12 15 0.1422
709 425 13 17 0.1413
595 340 14 16 0.1408
558 445 25 24 0.1399
866 594 25 29 0.1381
943 512 21 26 0.1364
809 358 14 18 0.1344
1016 541 8 28 0.1341
849 393 14 18 0.1340
554 319 13 15 0.1316
796 404 14 18 0.1264
615 388 13 15 0.1251
724 550 24 26 0.1239
935 572 17 21 0.1234
513 364 15 19 0.1231
940 573 17 21 0.1218
598 318 13 14 0.1217
994 330 14 16 0.1214
476 323 12 14 0.1209
558 319 11 15 0.1167
555 321 12 16 0.1153
350 427 13 18 0.1150
541 317 13 15 0.1150
479 407 16 17 0.1144
714 327 11 15 0.1141
360 385 11 17 0.1130
700 287 12 16 0.1127
789 383 14 16 0.1123
417 393 13 16 0.1117
610 366 11 16 0.1105
773 296 12 15 0.1105
414 439 17 19 0.1099
714 502 18 22 0.1082
914 330 16 20 0.1080
627 234 13 17 0.1080
304 324 11 14 0.1078
977 660 18 20 0.1072
342 360 11 14 0.1067
815 294 12 14 0.1036
848 484 18 22 0.1035
330 352 11 15 0.1015
446 343 11 14 0.0999
613 296 15 17 0.0997
801 280 13 15 0.0992
353 426 14 19 0.0987
499 365 13 17 0.0984
358 382 12 15 0.0974
980 309 13 16 0.0973
694 354 14 17 0.0973
913 507 20 22 0.0966
945 326 17 18 0.0966
556 345 11 14 0.0966
842 290 15 19 0.0964
291 329 12 14 0.0956
332 291 12 13 0.0941
596 317 12 14 0.0938
330 335 11 14 0.0938
725 325 17 22 0.0937
468 342 13 15 0.0926
711 387 13 16 0.0898
886 594 23 29 0.0889
819 458 17 20 0.0884
737 289 13 15 0.0881
787 386 14 16 0.0880
939 572 16 20 0.0879
327 335 11 14 0.0870
675 375 15 17 0.0862
851 482 17 22 0.0858
817 295 12 15 0.0856
972 660 21 20 0.0841
879 338 14 17 0.0833
427 290 12 14 0.0828
479 323 11 13 0.0812
393 330 13 16 0.0802
768 409 15 17 0.0794
865 595 29 34 0.0794
335 354 11 15 0.0786
303 478 18 20 0.0781
752 279 13 17 0.0779
956 478 16 22 0.0777
913 509 21 23 0.0770
886 457 19 24 0.0770
706 314 12 14 0.0770
811 452 16 21 0.0753
888 596 25 28 0.0753
844 295 14 17 0.0749
791 414 16 19 0.0744
494 305 11 15 0.0737
288 329 11 14 0.0735
998 282 12 14 0.0726
363 310 11 13 0.0709
508 339 13 15 0.0703
668 350 12 16 0.0699
392 289 11 15 0.0693
464 365 12 15 0.0692
418 377 12 15 0.0685
329 334 10 13 0.0682
633 392 16 19 0.0678
559 321 11 16 0.0674
991 328 14 17 0.0672
697 354 15 18 0.0670
737 401 13 17 0.0668
430 289 12 14 0.0664
413 358 13 16 0.0652
388 290 11 15 0.0647
959 287 12 14 0.0643
884 547 23 28 0.0642
720 258 13 15 0.0639
826 433 15 17 0.0635
946 309 16 18 0.0634
664 295 13 14 0.0623
821 406 16 20 0.0622
259 286 12 15 0.0621
737 305 13 15 0.0609
389 330 13 16 0.0608
838 385 14 20 0.0608
325 405 13 16 0.0600
797 344 12 15 0.0595
990 565 18 23 0.0595
1015 450 9 21 0.0587
878 357 15 18 0.0580
471 274 12 13 0.0577
328 406 13 16 0.0574
753 283 12 16 0.0574
974 662 21 18 0.0569
1014 272 10 18 0.0565
876 360 14 19 0.0563
813 447 15 18 0.0554
480 409 15 18 0.0551
326 334 11 13 0.0550
439 333 11 14 0.0548
889 656 27 24 0.0548
887 660 29 20 0.0545
474 519 17 24 0.0544
748 370 13 18 0.0543
756 416 11 14 0.0533
367 310 11 12 0.0532
695 359 15 19 0.0531
702 281 13 15 0.0530
753 505 15 17 0.0526
726 316 14 19 0.0525
622 296 13 16 0.0518
644 348 13 17 0.0506
896 350 15 19 0.0506
748 475 14 17 0.0504
1010 293 13 16 0.0501
468 343 14 17 0.0498
257 276 11 13 0.0496
882 274 13 16 0.0491
500 308 11 13 0.0490
698 359 15 20 0.0482
826 435 17 20 0.0479
329 291 11 13 0.0477
557 290 11 13 0.0475
556 443 25 23 0.0472
373 280 12 14 0.0471
280 384 15 17 0.0468
675 402 13 19 0.0467
587 383 14 17 0.0467
720 299 12 15 0.0461
716 296 12 14 0.0460
256 483 16 22 0.0456
362 308 11 13 0.0455
824 433 13 17 0.0454
832 476 16 18 0.0454
840 382 13 18 0.0451
472 346 13 17 0.0451
1009 594 15 26 0.0447
858 365 14 18 0.0446
926 491 16 21 0.0445
722 460 13 16 0.0445
452 284 13 15 0.0442
768 295 13 15 0.0437
475 322 11 13 0.0436
292 335 13 16 0.0432
593 275 12 14 0.0431
1000 284 12 14 0.0427
642 433 20 24 0.0427
882 395 18 22 0.0419
614 291 15 18 0.0413
498 358 12 14 0.0412
415 377 13 16 0.0404
579 357 12 15 0.0400
597 320 14 16 0.0392
651 302 12 15 0.0391
560 289 11 13 0.0390
908 431 18 23 0.0388
480 360 13 15 0.0386
953 536 24 24 0.0384
1017 543 7 32 0.0384
824 355 14 18 0.0384
620 431 14 17 0.0380
514 314 12 15 0.0378
944 525 23 25 0.0378
876 339 13 16 0.0377
1014 340 10 19 0.0375
455 284 14 15 0.0375
544 318 13 16 0.0373
381 396 14 18 0.0373
739 428 11 15 0.0370
491 342 13 15 0.0368
742 473 14 18 0.0356
353 341 11 15 0.0356
821 311 13 16 0.0356
851 556 21 28 0.0355
801 296 12 15 0.0352
280 339 12 15 0.0352
799 344 14 17 0.0350
975 307 13 16 0.0344
36 381 21 24 0.0343
1010 596 14 29 0.0343
457 303 15 18 0.0342
672 350 11 15 0.0342
791 528 20 22 0.0341
356 386 12 16 0.0339
830 274 12 15 0.0339
720 296 13 16 0.0336
366 308 10 13 0.0336
450 344 11 14 0.0335
582 356 13 15 0.0333
349 340 12 15 0.0333
845 437 17 21 0.0331
442 333 12 14 0.0329
767 523 16 20 0.0329
891 644 27 26 0.0327
517 364 14 19 0.0325
844 427 17 21 0.0323
673 454 16 20 0.0322
648 324 13 14 0.0315
302 433 16 22 0.0313
436 277 12 13 0.0311
1016 406 8 19 0.0309
938 327 16 19 0.0306
480 358 12 14 0.0305
951 528 25 26 0.0305
303 360 12 14 0.0304
514 297 11 14 0.0301
812 354 15 18 0.0301
750 580 18 24 0.0297
514 395 13 17 0.0296
980 662 17 18 0.0295
387 444 13 17 0.0291
324 371 14 17 0.0288
496 368 13 16 0.0288
837 382 13 18 0.0287
899 656 20 21 0.0287
440 431 13 16 0.0287
979 306 13 16 0.0286
724 320 15 19 0.0285
578 274 12 14 0.0283
700 290 14 17 0.0283
596 275 12 14 0.0282
668 319 13 16 0.0282
518 316 11 13 0.0282
302 437 15 19 0.0278
517 367 14 17 0.0276
437 546 29 33 0.0276
515 398 14 16 0.0276
572 394 14 16 0.0274
591 300 13 15 0.0273
1017 411 7 19 0.0272
591 258 12 14 0.0270
263 288 11 13 0.0269
719 256 12 14 0.0269
254 481 17 23 0.0269
668 296 13 15 0.0267
715 298 11 15 0.0267
673 459 19 22 0.0266
955 506 21 23 0.0266
590 290 14 16 0.0265
311 438 13 18 0.0265
597 321 12 15 0.0263
719 475 15 18 0.0263
944 303 16 19 0.0262
787 383 13 16 0.0261
877 595 31 32 0.0260
825 311 11 14 0.0257
390 333 13 18 0.0257
415 374 13 15 0.0256
898 645 23 25 0.0255
953 326 14 16 0.0254
394 334 13 17 0.0253
1007 295 15 18 0.0253
850 395 15 18 0.0252
848 554 19 28 0.0250
542 279 12 14 0.0249
850 396 14 19 0.0249
670 297 12 14 0.0248
952 239 11 13 0.0247
546 279 12 14 0.0247
948 536 23 23 0.0246
725 549 18 19 0.0246
859 619 17 20 0.0245
615 433 20 25 0.0245
614 386 12 13 0.0245
407 292 13 15 0.0245
765 595 22 29 0.0245
1014 267 10 17 0.0244
720 423 15 18 0.0244
651 275 14 17 0.0243
574 412 15 17 0.0243
303 322 10 14 0.0242
1006 296 14 17 0.0241
302 418 14 16 0.0240
575 402 14 18 0.0239
456 420 12 15 0.0238
805 282 13 15 0.0238
939 513 18 24 0.0235
772 295 13 15 0.0235
883 444 17 20 0.0235
590 257 10 12 0.0234
513 295 11 13 0.0234
854 396 15 19 0.0234
225 334 15 25 0.0234
785 274 12 15 0.0233
477 273 10 13 0.0233
723 258 12 15 0.0230
468 346 12 15 0.0230
893 359 17 22 0.0229
572 295 13 16 0.0228
726 628 19 25 0.0228
723 462 14 17 0.0225
349 284 10 12 0.0224
619 295 15 16 0.0224
318 279 12 15 0.0224
798 401 14 17 0.0224
956 239 10 13 0.0223
864 519 19 22 0.0221
377 280 11 14 0.0221
568 296 13 16 0.0220
458 365 13 15 0.0219
650 447 17 20 0.0219
872 417 17 21 0.0217
347 283 10 12 0.0217
848 557 20 27 0.0216
799 347 12 15 0.0216
449 262 11 13 0.0215
596 342 15 17 0.0215
732 515 20 22 0.0213
570 341 13 15 0.0213
427 544 32 36 0.0212
355 381 11 15 0.0211
713 477 13 17 0.0211
384 453 13 17 0.0211
550 305 13 15 0.0210
747 277 14 18 0.0210
843 366 13 17 0.0209
997 472 16 22 0.0209
648 303 12 14 0.0208
573 390 13 17 0.0207
672 375 13 16 0.0205
869 420 19 23 0.0205
846 252 11 13 0.0204
254 276 11 13 0.0204
433 543 20 21 0.0202
956 483 18 22 0.0202
441 544 19 21 0.0202
625 234 12 16 0.0202
435 435 16 18 0.0201
812 458 16 20 0.0201
950 323 15 18 0.0200
276 341 12 16 0.0198
676 441 18 22 0.0198
1010 474 14 22 0.0197
668 319 11 15 0.0197
948 286 15 18 0.0194
30 351 13 18 0.0194
865 472 16 21 0.0193
867 525 20 23 0.0193
985 238 13 15 0.0191
566 442 20 21 0.0191
527 251 13 15 0.0191
591 414 15 19 0.0191
300 478 15 19 0.0190
374 282 12 15 0.0189
335 310 13 16 0.0189
810 278 11 14 0.0189
33 349 14 20 0.0189
620 293 14 17 0.0188
445 344 13 15 0.0183
439 350 13 16 0.0183
380 312 13 15 0.0181
220 334 17 26 0.0181
868 594 26 31 0.0181
706 383 13 17 0.0180
36 381 16 19 0.0180
351 284 10 12 0.0178
667 247 12 14 0.0177
846 481 18 21 0.0177
773 470 13 17 0.0176
878 365 16 19 0.0175
845 632 20 23 0.0174
664 265 12 15 0.0174
969 234 11 12 0.0171
978 568 21 25 0.0171
321 301 13 15 0.0170
351 402 12 16 0.0169
296 290 12 14 0.0169
942 462 13 15 0.0168
946 514 23 28 0.0168
359 264 11 13 0.0167
661 319 13 15 0.0167
549 345 13 16 0.0167
609 298 13 15 0.0166
822 402 15 17 0.0166
289 352 12 14 0.0165
878 274 13 15 0.0164
785 493 17 22 0.0163
595 413 15 19 0.0162
920 286 15 18 0.0161
861 614 25 26 0.0161
743 290 13 16 0.0161
700 281 12 15 0.0159
699 328 11 15 0.0159
746 579 18 25 0.0159
1016 365 8 18 0.0158
716 199 9 11 0.0158
516 317 12 14 0.0158
644 426 16 18 0.0158
459 442 14 16 0.0158
560 444 26 24 0.0157
472 271 12 14 0.0156
355 402 12 16 0.0156
723 255 12 15 0.0156
713 199 9 11 0.0154
1013 473 10 21 0.0154
570 292 13 15 0.0154
820 449 17 21 0.0154
878 393 17 21 0.0154
515 296 13 14 0.0153
474 322 12 15 0.0153
413 441 16 20 0.0153
827 358 13 17 0.0153
390 447 12 14 0.0152
424 325 11 14 0.0152
412 417 14 17 0.0152
996 285 12 14 0.0151
583 387 15 20 0.0151
823 457 15 19 0.0150
939 461 13 17 0.0150
981 570 23 25 0.0150
397 276 12 13 0.0149
451 280 13 15 0.0148
538 400 14 16 0.0148
773 525 15 20 0.0148
318 371 12 17 0.0148
703 317 12 17 0.0148
774 411 14 16 0.0147
819 293 12 15 0.0147
330 410 14 15 0.0146
751 271 12 15 0.0146
723 548 22 24 0.0146
878 342 15 18 0.0146
670 348 13 16 0.0145
299 417 14 18 0.0145
902 504 17 23 0.0145
980 431 15 21 0.0145
1001 377 13 18 0.0145
780 599 23 27 0.0144
644 440 21 23 0.0143
696 350 14 16 0.0143
811 448 13 16 0.0143
871 472 19 21 0.0143
977 568 20 23 0.0142
513 339 14 16 0.0142
839 292 12 15 0.0142
542 287 13 16 0.0141
750 273 13 16 0.0141
853 368 15 19 0.0141
431 391 13 16 0.0139
335 292 11 13 0.0139
618 427 16 17 0.0138
622 265 13 14 0.0138
619 266 12 14 0.0137
1017 479 7 26 0.0137
928 652 20 22 0.0136
718 500 18 20 0.0136
846 292 16 19 0.0136
823 405 14 18 0.0136
841 297 11 14 0.0136
260 276 10 13 0.0135
457 422 13 15 0.0135
804 360 12 16 0.0135
671 454 13 18 0.0134
669 295 12 13 0.0134
710 384 12 16 0.0134
928 284 14 17 0.0133
773 294 12 15 0.0132
318 372 12 16 0.0132
825 469 18 23 0.0132
1013 664 10 13 0.0132
340 305 13 16 0.0131
301 323 10 13 0.0130
531 251 13 15 0.0129
325 411 15 16 0.0129
890 652 29 28 0.0126
569 294 13 15 0.0126
856 672 16 8 0.0125
866 250 14 15 0.0125
999 234 13 15 0.0125
416 395 14 17 0.0125
723 558 28 35 0.0125
901 352 14 17 0.0124
308 275 11 14 0.0123
495 295 10 13 0.0123
412 418 12 15 0.0122
948 502 18 20 0.0122
565 446 22 23 0.0122
758 280 10 14 0.0121
1010 449 14 21 0.0121
672 449 15 18 0.0121
674 373 13 16 0.0121
392 345 14 16 0.0120
746 217 10 13 0.0120
390 290 13 16 0.0120
876 389 16 20 0.0120
846 607 18 22 0.0120
786 497 19 23 0.0119
577 360 15 16 0.0118
942 470 21 26 0.0118
746 271 12 14 0.0117
469 272 13 15 0.0117
934 252 13 14 0.0117
787 437 16 20 0.0117
391 449 11 14 0.0116
614 284 11 13 0.0116
438 425 15 16 0.0115
737 444 14 18 0.0114
301 291 11 13 0.0113
517 298 11 13 0.0112
965 408 17 20 0.0112
593 294 13 16 0.0112
996 281 11 14 0.0112
698 368 15 18 0.0111
899 347 15 18 0.0110
675 369 15 19 0.0110
709 437 14 18 0.0110
416 436 13 14 0.0109
614 367 13 16 0.0109
942 641 22 24 0.0109
647 274 13 17 0.0108
746 472 16 19 0.0108
630 237 12 14 0.0108
721 550 19 23 0.0107
989 632 22 27 0.0107
848 424 16 19 0.0106
888 547 21 26 0.0106
416 359 13 15 0.0105
990 635 22 28 0.0105
787 642 24 26 0.0104
261 482 13 20 0.0104
934 273 15 17 0.0104
875 593 26 30 0.0103
453 443 14 16 0.0103
727 572 23 27 0.0103
843 640 22 25 0.0103
969 233 9 11 0.0103
725 333 13 18 0.0102
825 474 17 20 0.0102
537 345 13 16 0.0102
482 388 13 16 0.0102
259 368 17 18 0.0101
492 293 11 14 0.0101
571 412 14 17 0.0101
285 376 13 15 0.0101
479 381 13 16 0.0101
