2_Demonstration_Demonstrators_2_244
109
429 113 49 62 0.8566
731 155 55 82 0.8340
252 175 26 30 0.8100
843 142 25 28 0.7506
713 182 26 40 0.6268
203 170 16 18 0.5274
615 135 21 23 0.5123
541 139 24 28 0.5003
1014 116 10 21 0.4983
687 142 25 28 0.3931
713 183 23 39 0.3427
119 210 30 39 0.3409
205 170 16 19 0.3213
618 135 20 23 0.2705
601 170 22 27 0.2619
75 153 13 17 0.2481
301 166 11 13 0.2446
940 123 21 24 0.2376
304 166 11 13 0.2114
361 173 12 14 0.2013
359 172 11 13 0.1865
605 169 22 29 0.1754
937 123 19 22 0.1707
29 191 7 8 0.1370
1017 117 7 22 0.1223
411 171 20 24 0.1170
905 166 27 32 0.1113
414 171 21 25 0.1069
390 191 11 13 0.1064
394 191 10 13 0.1027
907 136 17 19 0.1005
682 144 20 25 0.0932
27 191 7 9 0.0917
72 154 11 14 0.0874
364 171 10 14 0.0873
27 191 7 8 0.0843
336 168 11 13 0.0832
904 162 26 31 0.0822
31 191 6 8 0.0816
112 210 31 37 0.0807
165 179 13 17 0.0763
124 210 29 37 0.0726
50 187 8 10 0.0650
340 168 10 13 0.0574
110 212 35 42 0.0562
542 140 25 28 0.0554
337 174 10 13 0.0554
539 141 23 27 0.0510
110 225 27 39 0.0490
320 174 7 9 0.0485
97 170 22 26 0.0476
365 173 10 14 0.0470
49 186 7 11 0.0467
911 166 25 31 0.0419
47 187 7 9 0.0415
357 175 11 12 0.0413
995 136 14 18 0.0413
384 174 11 14 0.0403
693 143 23 27 0.0382
154 168 12 15 0.0365
316 173 7 10 0.0340
382 173 10 12 0.0335
942 125 25 30 0.0329
945 124 22 26 0.0296
537 139 23 27 0.0293
670 151 12 18 0.0285
92 171 20 24 0.0261
909 163 25 30 0.0252
306 170 9 11 0.0238
31 191 6 8 0.0236
307 166 10 12 0.0221
948 123 21 27 0.0219
75 158 14 18 0.0212
339 167 10 12 0.0204
935 126 24 28 0.0200
411 172 23 28 0.0190
0 169 5 15 0.0190
904 135 16 18 0.0187
416 168 16 20 0.0186
98 167 19 22 0.0185
179 182 11 15 0.0184
992 136 13 17 0.0182
161 180 15 19 0.0178
410 169 17 20 0.0178
25 190 7 8 0.0176
692 141 22 26 0.0170
159 178 15 17 0.0164
0 175 8 14 0.0163
302 170 10 12 0.0161
1011 121 13 24 0.0156
125 211 32 41 0.0155
152 168 10 14 0.0144
1011 110 13 25 0.0135
672 151 14 19 0.0130
181 184 12 16 0.0122
77 155 13 16 0.0121
903 137 15 18 0.0120
392 188 11 15 0.0120
606 167 19 26 0.0119
168 182 15 19 0.0119
714 179 32 48 0.0118
528 159 14 18 0.0118
907 133 13 17 0.0115
531 157 21 24 0.0112
183 182 10 15 0.0107
680 142 17 24 0.0105
528 155 12 15 0.0104
72 159 12 16 0.0101
116 218 32 42 0.0100
