2_Demonstration_Demonstration_Or_Protest_2_655
55
279 111 24 29 0.7741
684 69 25 29 0.7627
74 182 16 19 0.7058
513 96 23 28 0.4988
836 91 30 41 0.4615
22 240 36 39 0.3638
511 97 23 27 0.2806
167 213 26 36 0.1832
87 127 13 17 0.1615
56 58 11 14 0.1504
163 212 28 38 0.1476
512 97 24 28 0.1195
629 120 16 20 0.1164
59 58 12 14 0.1084
632 119 18 22 0.1056
901 93 7 9 0.1032
905 93 6 9 0.0846
922 91 7 9 0.0844
84 126 12 17 0.0608
906 94 6 8 0.0607
902 94 7 9 0.0568
797 142 9 10 0.0484
925 92 6 8 0.0430
252 82 7 9 0.0399
251 81 7 9 0.0377
248 82 7 8 0.0364
378 376 31 27 0.0357
249 83 7 8 0.0321
926 91 7 9 0.0291
800 141 9 11 0.0284
12 190 14 17 0.0272
89 128 13 17 0.0270
223 119 19 24 0.0258
831 92 24 36 0.0252
616 33 11 12 0.0225
904 93 7 9 0.0208
218 119 21 25 0.0169
514 97 23 27 0.0166
842 91 28 39 0.0165
59 54 11 13 0.0146
262 80 8 9 0.0144
55 54 11 14 0.0144
497 7 13 15 0.0144
25 197 16 18 0.0143
227 89 10 11 0.0142
924 91 7 9 0.0139
25 191 15 18 0.0133
22 209 22 26 0.0123
620 33 9 11 0.0123
380 375 31 28 0.0120
799 143 9 12 0.0117
227 110 16 19 0.0109
56 61 13 15 0.0106
1018 101 6 9 0.0105
28 193 16 19 0.0102
