2_Demonstration_Political_Rally_2_695
440
766 559 56 73 0.8637
498 375 35 40 0.8492
44 241 27 29 0.8488
327 472 41 49 0.8470
408 376 35 41 0.8385
297 423 40 41 0.8373
316 536 40 45 0.8348
584 367 32 41 0.8342
424 471 38 47 0.8287
439 346 32 36 0.8283
132 396 40 42 0.8235
11 435 40 44 0.8176
18 269 27 28 0.8063
1 383 36 40 0.8049
882 478 35 43 0.7983
171 437 33 46 0.7978
525 456 39 49 0.7958
190 226 24 27 0.7910
685 183 22 23 0.7754
401 295 33 40 0.7752
105 359 35 43 0.7737
363 421 33 42 0.7582
608 579 39 50 0.7567
963 650 59 33 0.7463
815 295 24 31 0.7333
225 349 30 40 0.7280
807 173 19 23 0.7266
103 236 20 23 0.7201
22 124 16 19 0.7164
161 257 24 25 0.7111
1 16 18 21 0.7030
806 227 25 30 0.7025
873 357 29 39 0.6758
267 158 19 21 0.6520
471 94 15 16 0.6506
660 206 19 26 0.6361
813 270 25 28 0.6199
215 319 26 30 0.5505
706 198 22 27 0.5445
59 59 16 17 0.5072
71 463 41 48 0.4970
674 472 43 59 0.4969
608 199 18 24 0.4936
138 128 17 19 0.4888
57 132 18 21 0.4884
963 93 15 16 0.4719
170 214 20 25 0.4698
586 186 16 20 0.4697
167 214 21 25 0.4681
0 496 14 59 0.4489
685 148 17 20 0.4475
855 172 19 21 0.4467
209 267 22 25 0.4376
705 199 21 25 0.4305
642 189 15 20 0.4176
396 528 38 39 0.4034
17 228 19 23 0.3999
1009 103 12 17 0.3953
59 222 20 23 0.3893
793 195 19 22 0.3871
13 228 20 24 0.3653
640 171 14 18 0.3599
269 249 19 22 0.3564
192 143 16 18 0.3449
966 93 14 17 0.3053
464 84 10 12 0.2997
140 128 18 19 0.2957
54 132 19 21 0.2803
217 131 15 17 0.2262
185 441 41 48 0.2208
349 314 30 37 0.2204
0 494 9 59 0.2201
626 152 17 21 0.1927
698 240 22 30 0.1897
277 409 30 38 0.1880
150 300 25 30 0.1813
628 154 17 21 0.1796
154 301 24 28 0.1774
958 127 14 17 0.1740
682 148 17 21 0.1680
250 182 26 27 0.1622
471 45 10 12 0.1617
808 227 24 30 0.1607
273 248 19 23 0.1585
461 84 10 12 0.1490
329 259 25 31 0.1467
1011 103 11 18 0.1389
673 470 44 60 0.1270
151 302 25 28 0.1257
468 45 10 12 0.1257
0 94 5 20 0.1245
257 150 14 17 0.1236
87 142 19 19 0.1230
568 327 24 31 0.1194
262 139 16 18 0.1175
56 59 16 17 0.1132
606 200 17 22 0.1104
218 50 11 12 0.1092
205 267 24 26 0.1087
189 142 16 18 0.1067
273 282 24 32 0.1066
568 327 23 26 0.1024
329 0 13 11 0.1022
413 48 10 11 0.1018
975 118 16 18 0.0989
1006 103 12 17 0.0956
87 140 17 16 0.0934
537 301 33 39 0.0899
239 98 14 18 0.0898
694 111 14 17 0.0898
471 63 11 13 0.0896
990 100 13 17 0.0882
456 422 30 38 0.0879
703 327 24 32 0.0872
54 222 21 23 0.0863
88 223 15 20 0.0856
962 648 62 35 0.0852
645 189 15 20 0.0819
799 196 15 20 0.0812
679 277 20 30 0.0799
131 113 14 16 0.0794
332 259 26 31 0.0792
214 130 15 17 0.0774
682 474 40 54 0.0767
586 172 16 19 0.0765
134 113 15 16 0.0761
612 128 11 15 0.0756
14 228 20 24 0.0755
208 266 21 24 0.0751
119 121 13 16 0.0740
416 48 10 11 0.0730
259 138 16 18 0.0729
807 485 29 35 0.0728
406 24 10 12 0.0724
235 100 14 17 0.0716
4 17 17 20 0.0711
122 121 14 17 0.0702
113 261 17 21 0.0688
188 449 41 47 0.0684
791 192 19 21 0.0681
323 325 27 30 0.0679
831 231 19 27 0.0676
5 583 24 40 0.0675
1018 82 6 16 0.0674
439 25 11 12 0.0674
680 273 18 30 0.0664
326 0 12 12 0.0657
700 111 13 16 0.0634
644 191 15 20 0.0624
468 64 10 12 0.0624
403 23 10 13 0.0599
758 509 29 45 0.0592
459 45 10 10 0.0581
685 275 16 26 0.0581
856 177 20 23 0.0565
424 9 9 11 0.0560
47 34 15 20 0.0559
1007 104 12 17 0.0556
39 137 16 18 0.0553
68 222 18 23 0.0552
575 158 15 19 0.0547
422 10 8 10 0.0533
667 472 45 60 0.0533
180 40 10 10 0.0522
123 148 18 19 0.0518
980 117 16 19 0.0513
93 341 28 29 0.0510
974 116 15 18 0.0486
411 0 8 7 0.0484
977 117 15 18 0.0480
502 467 31 36 0.0475
608 128 12 15 0.0463
657 208 18 24 0.0462
757 174 13 19 0.0452
39 213 15 16 0.0449
216 50 10 11 0.0448
571 317 22 22 0.0445
103 125 14 18 0.0436
114 87 15 19 0.0436
442 26 10 11 0.0434
176 112 13 15 0.0421
289 194 18 22 0.0411
564 327 25 31 0.0407
282 408 32 42 0.0402
681 114 11 13 0.0397
58 217 18 24 0.0390
0 204 11 22 0.0388
714 284 17 23 0.0388
465 282 28 34 0.0388
706 325 23 32 0.0387
959 129 16 18 0.0385
955 127 14 16 0.0383
260 140 18 20 0.0371
94 342 31 34 0.0367
0 202 10 21 0.0363
798 224 16 24 0.0362
702 325 24 32 0.0362
399 0 9 7 0.0356
725 283 20 24 0.0352
188 49 13 14 0.0351
586 165 16 19 0.0351
190 456 42 51 0.0349
694 242 20 27 0.0348
458 422 31 38 0.0346
501 460 34 42 0.0345
454 73 10 12 0.0343
221 49 10 13 0.0343
117 92 13 16 0.0342
1015 77 9 16 0.0342
395 527 38 39 0.0341
171 586 34 63 0.0338
0 356 10 29 0.0335
180 42 11 13 0.0333
476 596 34 61 0.0333
643 170 14 18 0.0332
79 133 18 19 0.0330
625 196 15 20 0.0327
0 381 18 35 0.0322
317 325 29 30 0.0321
708 327 22 31 0.0321
195 112 15 15 0.0318
252 377 23 34 0.0309
567 163 16 20 0.0307
274 288 23 31 0.0307
76 125 17 20 0.0307
250 370 26 40 0.0306
990 118 15 18 0.0303
299 257 25 30 0.0298
119 30 8 9 0.0294
268 281 26 33 0.0292
26 21 12 15 0.0291
467 64 12 15 0.0288
574 154 15 17 0.0275
235 104 14 17 0.0272
590 167 15 18 0.0269
251 87 13 16 0.0269
768 98 12 13 0.0266
686 278 16 27 0.0266
712 235 23 30 0.0262
466 14 9 10 0.0258
156 303 23 27 0.0257
0 342 19 33 0.0257
635 171 15 18 0.0255
44 34 12 18 0.0255
188 358 29 34 0.0255
468 294 25 29 0.0251
565 167 17 21 0.0250
476 94 12 15 0.0249
469 14 9 10 0.0249
469 94 14 16 0.0248
981 115 15 18 0.0248
758 512 33 44 0.0248
55 221 20 26 0.0247
0 338 18 33 0.0246
613 130 11 14 0.0244
324 327 29 33 0.0241
590 186 17 21 0.0238
246 131 15 19 0.0237
285 403 27 30 0.0237
49 125 16 19 0.0233
119 31 10 11 0.0228
469 44 9 12 0.0227
453 426 34 44 0.0226
239 102 15 19 0.0226
445 38 10 11 0.0225
632 153 15 19 0.0225
188 52 15 18 0.0225
835 230 20 28 0.0224
315 327 34 36 0.0223
247 89 13 16 0.0223
705 283 20 26 0.0223
965 127 22 24 0.0223
412 0 7 7 0.0223
122 30 8 9 0.0222
718 235 22 28 0.0222
630 126 11 14 0.0221
285 195 17 21 0.0220
262 159 21 24 0.0219
205 34 11 12 0.0218
421 11 9 11 0.0218
802 485 33 37 0.0217
568 163 17 22 0.0215
172 112 13 14 0.0215
252 191 25 24 0.0213
425 2 9 9 0.0211
144 127 15 18 0.0211
297 248 16 19 0.0211
133 117 17 20 0.0208
651 107 16 18 0.0207
3 343 26 31 0.0201
200 114 13 12 0.0201
609 130 11 15 0.0200
695 113 15 17 0.0200
583 132 15 18 0.0200
6 132 13 19 0.0198
181 39 12 13 0.0198
25 83 17 22 0.0195
643 171 15 19 0.0195
469 45 10 12 0.0194
579 132 16 18 0.0193
2 584 19 39 0.0191
425 635 31 44 0.0190
427 7 9 10 0.0189
300 248 18 20 0.0189
2 338 24 31 0.0188
397 0 9 6 0.0188
717 164 13 17 0.0187
851 170 20 23 0.0186
756 512 22 40 0.0186
629 500 34 48 0.0186
165 583 47 69 0.0184
424 20 10 11 0.0181
245 126 13 17 0.0179
194 118 16 18 0.0178
273 279 22 29 0.0178
548 149 14 19 0.0177
717 169 15 19 0.0177
757 514 24 40 0.0177
257 183 23 26 0.0177
113 70 11 13 0.0176
89 19 11 14 0.0174
248 94 13 16 0.0174
237 95 15 18 0.0173
431 654 38 29 0.0173
492 617 27 42 0.0173
996 9 9 11 0.0172
597 146 15 19 0.0171
176 118 15 17 0.0171
470 92 14 17 0.0170
731 172 15 19 0.0170
472 66 11 12 0.0168
123 31 9 10 0.0168
177 43 11 12 0.0167
652 125 13 16 0.0167
951 95 12 15 0.0167
82 222 17 22 0.0165
439 51 9 11 0.0164
415 45 10 13 0.0164
464 43 11 12 0.0163
385 1 9 8 0.0162
644 189 17 21 0.0162
533 297 31 40 0.0161
87 342 33 34 0.0160
139 209 17 22 0.0159
53 36 16 19 0.0159
7 367 26 31 0.0158
449 0 7 6 0.0157
83 139 18 21 0.0157
277 410 31 43 0.0157
451 0 8 6 0.0156
424 53 9 10 0.0155
0 503 15 53 0.0155
160 38 11 13 0.0154
880 198 16 20 0.0151
779 132 19 21 0.0151
732 113 13 16 0.0150
444 39 10 11 0.0150
86 338 31 32 0.0149
651 129 15 18 0.0148
772 134 12 15 0.0146
828 224 21 30 0.0145
564 325 22 29 0.0145
423 636 22 40 0.0144
846 396 29 40 0.0144
268 287 27 33 0.0143
94 142 15 17 0.0143
167 594 41 59 0.0143
441 33 11 14 0.0142
80 141 20 20 0.0142
184 36 11 12 0.0142
797 194 17 19 0.0142
197 445 33 45 0.0141
441 24 9 10 0.0140
118 662 54 21 0.0139
473 589 35 65 0.0139
461 284 26 30 0.0138
196 451 37 46 0.0138
220 52 11 11 0.0137
118 147 19 20 0.0136
96 340 32 40 0.0136
0 488 8 53 0.0136
651 104 13 16 0.0135
251 368 33 43 0.0133
0 338 27 36 0.0133
708 239 23 30 0.0133
287 188 20 27 0.0133
861 173 18 22 0.0132
606 159 14 19 0.0132
273 236 23 30 0.0130
482 53 9 12 0.0129
215 48 11 12 0.0129
87 217 15 21 0.0128
667 126 13 16 0.0127
856 259 20 25 0.0127
461 83 11 11 0.0126
196 459 42 50 0.0126
407 47 9 12 0.0125
467 15 9 10 0.0125
264 246 20 24 0.0125
157 258 22 24 0.0124
254 184 25 27 0.0124
48 41 20 25 0.0123
723 278 20 25 0.0123
630 130 14 17 0.0121
761 110 15 19 0.0120
993 9 9 11 0.0118
614 158 14 20 0.0117
259 156 17 20 0.0117
614 196 17 21 0.0116
474 23 9 12 0.0116
453 67 10 12 0.0116
758 111 15 18 0.0115
624 161 15 19 0.0115
469 303 23 24 0.0115
249 127 14 16 0.0115
459 427 33 42 0.0114
772 98 10 12 0.0113
110 282 22 28 0.0112
758 180 12 18 0.0112
85 18 12 16 0.0111
387 50 10 12 0.0111
727 117 15 17 0.0111
664 205 21 27 0.0111
387 2 8 10 0.0111
416 46 9 10 0.0111
39 139 19 22 0.0110
161 40 12 13 0.0110
763 172 15 19 0.0109
176 588 38 60 0.0109
331 262 25 30 0.0107
187 143 16 19 0.0107
882 358 24 35 0.0106
797 443 29 40 0.0106
203 264 20 26 0.0105
187 270 18 24 0.0105
266 154 17 19 0.0104
699 473 31 42 0.0103
0 222 8 24 0.0103
706 318 20 26 0.0102
666 174 15 20 0.0100
