2_Demonstration_Demonstration_Or_Protest_2_173
273
52 356 42 50 0.8908
849 293 51 67 0.8719
365 292 35 58 0.8674
0 300 24 52 0.8619
653 205 34 47 0.8618
871 207 39 57 0.8616
109 245 37 56 0.8572
506 211 38 64 0.8549
273 275 34 48 0.8508
585 232 38 56 0.8476
460 226 32 47 0.8339
775 187 31 48 0.8299
674 276 44 64 0.8272
355 225 25 38 0.8195
170 315 43 56 0.8077
256 250 30 44 0.8053
176 224 20 27 0.7960
673 152 18 27 0.7389
743 159 19 29 0.7360
321 208 17 24 0.7323
575 186 19 24 0.7280
829 163 20 29 0.7251
252 223 19 20 0.6888
361 191 15 21 0.6358
453 208 23 29 0.5910
642 169 16 23 0.5768
186 276 28 31 0.5763
549 168 13 17 0.5762
206 238 22 29 0.5757
3 215 13 19 0.5197
226 207 13 18 0.5127
438 192 14 20 0.4611
105 219 13 18 0.4385
118 218 11 14 0.4322
517 190 21 24 0.4317
383 198 16 20 0.4275
157 194 9 10 0.3751
16 241 15 17 0.3740
520 157 10 13 0.3730
290 196 14 18 0.3706
207 237 22 29 0.3602
495 162 11 14 0.3563
242 208 9 13 0.3524
19 241 15 17 0.3471
517 157 10 13 0.3427
442 175 9 12 0.3387
492 163 11 13 0.3333
439 175 9 12 0.3136
6 215 13 18 0.3041
137 209 11 15 0.2969
287 196 14 18 0.2875
441 193 14 19 0.2804
41 217 9 12 0.2718
217 199 10 14 0.2648
3 250 16 20 0.2621
882 145 8 8 0.2579
138 210 12 16 0.2575
169 206 10 12 0.2509
38 217 9 12 0.2448
92 219 13 16 0.2399
289 196 14 18 0.2387
587 157 10 13 0.2300
430 168 8 10 0.2272
719 155 8 10 0.2238
885 145 7 9 0.2169
427 168 8 10 0.2130
722 155 8 10 0.2130
375 174 10 13 0.2126
895 179 19 22 0.2126
134 211 12 14 0.2100
408 178 11 16 0.2082
172 191 8 10 0.1962
473 190 12 18 0.1868
400 180 11 13 0.1851
584 158 10 12 0.1833
175 191 8 10 0.1825
214 199 10 14 0.1803
216 198 10 13 0.1692
7 250 15 19 0.1601
646 169 14 23 0.1594
378 174 10 12 0.1592
546 168 13 17 0.1576
181 206 10 11 0.1573
168 216 13 17 0.1527
339 178 8 11 0.1468
336 178 9 12 0.1447
393 196 12 15 0.1432
332 186 9 12 0.1428
481 165 7 9 0.1427
129 199 8 10 0.1424
251 187 8 10 0.1391
130 199 9 11 0.1385
63 218 12 16 0.1382
105 219 15 19 0.1357
117 203 8 9 0.1284
970 121 9 10 0.1271
998 176 12 14 0.1264
966 121 9 10 0.1253
364 191 15 20 0.1182
667 147 8 11 0.1168
702 180 12 19 0.1152
234 187 7 9 0.1129
213 198 9 12 0.1121
388 195 13 19 0.1047
451 208 21 27 0.1044
441 192 14 22 0.1002
237 186 8 10 0.1001
235 187 8 10 0.0967
395 197 13 19 0.0963
192 190 7 10 0.0931
156 194 8 10 0.0924
995 176 11 14 0.0915
328 186 11 12 0.0893
223 206 14 19 0.0857
165 216 10 14 0.0845
53 202 6 9 0.0837
468 191 14 17 0.0815
410 162 7 8 0.0807
378 173 8 11 0.0804
516 193 23 29 0.0800
68 218 11 13 0.0797
327 182 10 12 0.0793
664 147 8 10 0.0787
227 206 14 19 0.0779
895 182 20 23 0.0751
344 189 11 15 0.0744
1017 139 7 19 0.0712
409 162 6 8 0.0698
240 207 11 14 0.0693
160 195 8 9 0.0688
886 145 7 9 0.0684
114 203 8 10 0.0681
96 221 13 17 0.0670
43 216 9 12 0.0643
901 180 15 19 0.0642
514 190 21 24 0.0640
967 122 9 11 0.0621
244 209 10 12 0.0615
479 165 7 8 0.0592
116 201 7 9 0.0590
448 160 8 10 0.0573
675 193 20 23 0.0568
287 196 12 16 0.0561
406 162 7 7 0.0554
374 173 9 11 0.0547
694 140 8 10 0.0537
266 180 7 10 0.0534
368 170 8 9 0.0526
188 190 8 10 0.0525
453 208 20 22 0.0525
437 151 7 9 0.0520
407 162 7 10 0.0507
50 202 7 8 0.0503
67 206 9 10 0.0487
165 208 11 13 0.0484
971 122 8 10 0.0472
471 188 12 15 0.0471
238 187 7 10 0.0460
38 217 10 12 0.0451
183 206 10 11 0.0449
563 164 10 13 0.0448
378 197 15 20 0.0443
262 180 8 11 0.0435
189 190 7 9 0.0426
664 148 10 12 0.0422
175 190 6 9 0.0416
171 190 7 9 0.0409
718 155 8 10 0.0402
882 146 8 9 0.0399
237 187 7 10 0.0397
25 211 9 10 0.0389
299 184 10 12 0.0387
87 216 11 14 0.0385
108 217 11 14 0.0384
182 207 12 14 0.0373
47 202 7 9 0.0358
672 194 23 32 0.0356
562 161 9 11 0.0347
159 194 8 10 0.0345
853 214 23 38 0.0341
336 181 10 12 0.0341
909 140 9 11 0.0340
411 180 11 14 0.0339
475 188 9 12 0.0337
4 245 13 17 0.0328
304 200 14 18 0.0322
1018 142 6 22 0.0322
699 179 12 20 0.0312
346 171 7 9 0.0309
65 223 12 13 0.0306
517 188 18 18 0.0306
61 216 11 14 0.0305
436 150 7 9 0.0302
263 183 9 10 0.0301
98 205 8 10 0.0298
478 164 8 11 0.0293
395 181 12 14 0.0290
746 159 19 28 0.0290
559 160 10 12 0.0286
61 223 10 12 0.0272
303 183 9 11 0.0268
252 222 17 18 0.0260
215 196 8 9 0.0244
843 197 16 22 0.0243
497 189 11 14 0.0243
411 184 10 14 0.0242
640 168 15 23 0.0240
113 202 7 8 0.0237
142 223 14 17 0.0235
424 168 9 10 0.0233
478 189 10 17 0.0233
566 151 7 9 0.0232
262 179 7 8 0.0230
433 152 7 10 0.0224
720 155 11 13 0.0223
134 209 13 15 0.0221
441 174 8 11 0.0218
336 177 8 10 0.0214
132 198 8 9 0.0213
265 178 6 9 0.0212
588 158 11 14 0.0212
268 186 9 11 0.0211
368 170 7 9 0.0211
1013 168 10 17 0.0208
326 175 8 9 0.0208
513 193 25 30 0.0201
710 125 10 13 0.0201
867 178 13 15 0.0199
39 217 8 10 0.0194
585 159 10 13 0.0194
713 125 10 13 0.0189
1013 170 11 18 0.0189
722 156 8 10 0.0188
1014 205 10 31 0.0188
710 141 9 11 0.0184
432 152 6 8 0.0183
566 161 9 12 0.0180
1000 129 7 10 0.0177
670 154 18 25 0.0177
22 210 9 11 0.0173
997 129 7 10 0.0167
667 149 15 20 0.0165
305 195 13 16 0.0156
385 200 17 21 0.0153
72 209 9 11 0.0150
322 183 10 11 0.0147
844 195 12 17 0.0146
903 183 14 20 0.0145
599 162 18 22 0.0140
693 139 6 8 0.0139
157 193 7 9 0.0137
441 148 7 8 0.0135
589 156 11 15 0.0135
109 220 12 15 0.0133
673 276 45 65 0.0128
705 180 12 20 0.0126
97 203 8 8 0.0125
149 222 14 17 0.0125
882 145 8 8 0.0124
344 170 8 9 0.0123
38 202 8 9 0.0122
319 208 16 22 0.0121
425 174 11 14 0.0118
381 203 19 25 0.0117
694 141 8 9 0.0116
473 193 15 20 0.0116
0 192 6 11 0.0112
441 166 8 11 0.0111
579 186 17 23 0.0111
906 140 8 10 0.0109
215 202 11 12 0.0108
990 116 7 8 0.0106
410 237 16 23 0.0103
