2_Demonstration_Demonstration_Or_Protest_2_615
34
0 266 37 40 0.8550
431 251 32 38 0.8478
942 246 32 31 0.8456
118 249 35 42 0.8444
36 250 35 39 0.8424
559 242 28 32 0.8408
288 220 35 38 0.8304
761 256 27 32 0.8270
896 245 32 29 0.8247
611 256 26 32 0.8167
507 267 27 31 0.8103
826 252 29 31 0.8001
680 255 21 27 0.5846
178 243 32 37 0.5227
719 269 20 25 0.3891
722 269 19 24 0.1936
679 254 21 28 0.1823
655 263 19 23 0.1401
177 244 30 35 0.1139
659 263 18 23 0.1115
722 270 20 23 0.0865
147 247 18 26 0.0659
655 269 20 23 0.0645
681 254 22 28 0.0549
667 254 20 25 0.0480
739 268 14 20 0.0395
661 270 16 21 0.0281
717 268 20 26 0.0272
653 255 22 27 0.0258
682 255 22 28 0.0230
359 273 22 28 0.0172
362 272 23 30 0.0160
145 243 19 27 0.0147
154 258 21 29 0.0130
