2_Demonstration_Political_Rally_2_90
62
538 269 56 75 0.8590
788 380 22 27 0.8078
923 377 12 16 0.4039
114 358 12 16 0.3528
204 354 11 15 0.3406
875 379 10 15 0.3125
200 354 11 15 0.2998
878 380 11 14 0.2835
26 314 12 15 0.2770
64 319 11 14 0.2372
110 358 12 15 0.2283
238 379 14 17 0.2246
235 379 14 17 0.2034
298 362 11 15 0.2027
39 370 12 16 0.1993
61 319 10 14 0.1806
302 362 11 15 0.1794
23 315 11 14 0.1580
920 376 12 17 0.1563
195 334 10 14 0.1478
920 377 12 16 0.1294
198 335 10 13 0.1198
325 368 11 15 0.1053
73 295 14 17 0.1015
299 364 12 14 0.0913
154 361 11 15 0.0865
925 377 11 16 0.0806
23 312 12 16 0.0800
43 371 12 15 0.0760
329 368 11 16 0.0739
68 319 11 14 0.0729
156 365 10 13 0.0696
938 407 10 13 0.0499
35 370 11 14 0.0469
942 406 10 14 0.0469
303 364 11 14 0.0439
158 361 11 14 0.0398
153 365 10 13 0.0374
152 361 10 14 0.0339
60 317 11 14 0.0315
29 315 11 14 0.0300
28 313 12 14 0.0299
325 365 10 13 0.0296
233 354 12 14 0.0289
71 295 13 17 0.0282
158 362 11 14 0.0256
36 368 12 15 0.0244
329 364 10 13 0.0234
82 373 9 11 0.0216
2 323 7 10 0.0213
86 373 9 11 0.0191
1016 389 8 21 0.0171
22 313 10 14 0.0170
110 360 13 15 0.0168
237 353 12 15 0.0132
848 394 13 16 0.0132
1013 384 11 21 0.0124
925 376 11 15 0.0120
29 313 10 14 0.0117
193 336 10 14 0.0114
235 381 15 19 0.0110
158 365 10 13 0.0106
