2_Demonstration_Protesters_2_583
56
814 229 53 75 0.8221
587 203 42 45 0.7254
817 127 11 14 0.5891
905 126 12 15 0.5187
832 113 11 14 0.4594
999 116 10 13 0.3960
868 117 7 11 0.3810
897 110 8 11 0.3430
996 116 10 13 0.3270
931 109 7 9 0.3230
894 110 9 11 0.3215
865 117 8 11 0.3206
790 109 8 10 0.3114
793 109 8 10 0.3058
902 126 12 15 0.3007
928 109 7 10 0.2944
801 127 9 13 0.2922
958 109 8 9 0.2897
955 109 7 9 0.2792
798 127 10 13 0.2670
830 113 10 14 0.2489
830 112 11 14 0.0692
961 130 8 11 0.0617
957 130 9 10 0.0421
586 200 33 41 0.0415
795 110 8 10 0.0412
984 125 8 10 0.0387
932 110 7 9 0.0316
960 109 7 10 0.0290
955 110 8 10 0.0289
898 111 8 11 0.0250
791 110 8 10 0.0241
794 109 9 11 0.0233
955 109 8 10 0.0227
867 116 7 9 0.0224
981 125 8 10 0.0222
5 150 18 21 0.0214
890 130 10 12 0.0212
800 129 10 12 0.0198
929 110 8 9 0.0190
929 111 8 9 0.0185
3 151 16 19 0.0182
895 112 8 10 0.0176
1001 116 10 12 0.0174
801 124 9 12 0.0162
867 121 8 10 0.0150
864 121 8 11 0.0149
1016 170 8 14 0.0148
898 110 9 11 0.0144
997 143 8 10 0.0140
864 116 7 10 0.0127
994 142 9 10 0.0122
870 116 8 11 0.0110
835 114 10 12 0.0109
983 123 8 10 0.0106
0 203 37 40 0.0103
