2_Demonstration_Demonstration_Or_Protest_2_586
239
381 185 27 38 0.8689
471 146 25 33 0.8570
692 145 27 36 0.8489
835 200 31 38 0.8297
639 166 23 34 0.8043
140 145 22 31 0.7805
996 145 19 26 0.7398
525 121 14 17 0.6976
385 134 15 22 0.6533
174 125 16 19 0.6203
577 155 19 26 0.5772
410 106 13 16 0.5728
805 218 18 34 0.5536
346 93 12 14 0.5490
282 121 13 18 0.5377
130 98 11 13 0.5285
111 129 13 17 0.4797
438 125 14 18 0.4607
790 113 12 15 0.4554
601 114 11 18 0.4520
963 104 15 21 0.4467
131 119 13 16 0.4316
359 87 11 12 0.4283
246 120 17 22 0.4263
959 104 17 21 0.4011
759 118 17 23 0.3944
787 113 13 15 0.3940
26 131 16 17 0.3846
28 105 11 13 0.3800
1 113 13 14 0.3670
169 102 10 12 0.3668
762 118 16 22 0.3660
134 119 13 15 0.3648
216 114 11 13 0.3520
385 104 8 10 0.3341
289 160 15 24 0.3279
434 97 10 13 0.3249
27 131 17 19 0.3239
52 112 10 12 0.3216
285 159 16 25 0.3052
1 95 9 11 0.2960
382 104 8 10 0.2859
401 99 9 10 0.2793
581 156 17 24 0.2789
539 93 10 11 0.2701
313 168 19 25 0.2670
203 123 9 12 0.2572
249 121 16 20 0.2555
122 147 17 25 0.2452
100 90 7 9 0.2432
31 105 10 13 0.2380
598 114 12 18 0.2320
525 103 12 14 0.2153
150 104 8 10 0.2113
291 102 9 11 0.2099
310 168 18 24 0.2063
1 98 11 13 0.2034
187 106 9 12 0.2032
171 125 16 19 0.1994
109 104 9 12 0.1842
108 129 13 16 0.1816
148 104 8 11 0.1782
288 102 9 11 0.1739
441 123 14 20 0.1737
399 160 13 18 0.1731
107 105 9 11 0.1728
344 93 11 14 0.1689
542 93 9 11 0.1683
97 90 7 9 0.1615
120 149 15 21 0.1521
777 125 10 13 0.1503
15 90 9 10 0.1495
722 126 9 12 0.1374
199 123 10 13 0.1342
420 112 13 17 0.1333
200 122 9 11 0.1331
572 121 14 17 0.1310
91 108 9 12 0.1309
71 94 7 9 0.1301
49 112 10 12 0.1293
67 94 8 9 0.1290
399 98 8 11 0.1269
412 105 13 18 0.1245
725 126 9 12 0.1225
432 96 11 13 0.1217
128 97 11 13 0.1149
183 105 9 12 0.1123
389 134 13 20 0.1107
4 113 11 13 0.1090
295 89 7 8 0.1086
358 86 10 12 0.1078
409 91 8 10 0.0957
761 117 16 22 0.0942
91 111 11 14 0.0907
455 114 16 23 0.0904
69 95 7 9 0.0893
569 122 12 16 0.0889
216 113 9 11 0.0864
306 93 8 9 0.0858
39 92 7 9 0.0828
280 120 12 17 0.0822
694 92 10 13 0.0807
58 96 8 9 0.0800
455 94 8 11 0.0769
571 119 12 17 0.0768
334 105 11 14 0.0767
368 91 9 11 0.0767
95 112 9 13 0.0765
760 103 10 10 0.0761
186 108 9 11 0.0744
448 114 14 19 0.0723
26 104 10 13 0.0720
30 131 15 16 0.0718
292 89 6 8 0.0709
217 119 9 12 0.0690
811 219 16 32 0.0682
458 94 8 11 0.0682
764 102 9 12 0.0680
67 109 10 11 0.0676
537 92 10 13 0.0676
148 96 7 10 0.0672
88 111 10 13 0.0658
190 108 8 10 0.0639
185 107 10 12 0.0626
35 92 8 9 0.0614
4 110 12 14 0.0610
1 126 13 16 0.0599
89 108 10 12 0.0569
294 88 6 8 0.0566
53 110 10 12 0.0554
108 105 9 11 0.0547
214 114 9 9 0.0538
522 102 12 14 0.0533
430 97 10 12 0.0530
265 231 14 19 0.0500
251 119 14 17 0.0497
36 92 7 9 0.0474
403 161 11 16 0.0462
696 93 10 12 0.0448
432 82 9 13 0.0444
151 105 8 10 0.0439
428 98 12 14 0.0435
12 90 9 10 0.0435
72 139 15 20 0.0435
408 90 6 8 0.0431
430 82 9 12 0.0415
309 167 15 21 0.0409
143 96 9 11 0.0405
625 139 11 13 0.0398
214 113 9 12 0.0390
168 100 9 11 0.0389
98 89 7 8 0.0388
12 88 8 10 0.0386
2 132 13 19 0.0381
286 123 11 16 0.0381
291 87 6 8 0.0375
458 116 17 24 0.0375
72 94 7 10 0.0374
568 120 11 15 0.0371
54 86 7 8 0.0367
262 231 14 18 0.0356
66 94 8 9 0.0353
522 104 13 15 0.0347
96 89 7 8 0.0334
348 94 11 14 0.0332
459 95 8 11 0.0331
126 98 10 11 0.0320
172 100 8 10 0.0315
622 139 10 13 0.0298
541 94 9 11 0.0296
306 94 8 10 0.0290
361 87 9 11 0.0289
668 131 11 16 0.0279
293 89 7 9 0.0276
523 120 14 18 0.0270
406 90 6 8 0.0269
30 106 10 12 0.0266
312 168 16 22 0.0263
50 111 10 12 0.0252
669 135 12 15 0.0247
4 129 14 17 0.0244
289 104 10 12 0.0234
69 139 15 20 0.0228
308 92 8 9 0.0226
725 124 8 10 0.0226
454 96 9 11 0.0225
246 119 14 18 0.0220
93 90 8 10 0.0220
2 72 7 10 0.0218
102 90 8 10 0.0212
11 4 9 11 0.0209
693 114 13 18 0.0200
132 119 15 17 0.0199
110 88 7 8 0.0198
337 105 11 14 0.0196
382 102 8 10 0.0195
168 103 10 11 0.0187
721 124 9 11 0.0187
111 107 10 11 0.0186
409 108 10 13 0.0183
38 90 7 8 0.0178
411 91 8 11 0.0175
763 101 9 10 0.0173
688 121 17 23 0.0172
355 87 10 12 0.0165
131 95 9 10 0.0162
542 92 8 10 0.0161
413 105 12 15 0.0160
182 126 13 16 0.0159
604 115 10 15 0.0156
999 94 9 12 0.0156
722 129 11 13 0.0152
386 103 9 11 0.0149
73 90 7 8 0.0148
13 3 9 12 0.0144
761 101 7 9 0.0141
350 95 10 12 0.0140
543 95 9 11 0.0136
302 88 7 9 0.0133
597 139 10 13 0.0132
345 93 9 11 0.0131
538 107 10 12 0.0130
913 136 9 12 0.0130
698 113 10 14 0.0129
186 99 9 10 0.0128
75 131 12 15 0.0124
5 133 11 15 0.0122
6 126 12 14 0.0121
332 105 10 13 0.0118
436 93 9 11 0.0117
739 100 8 10 0.0114
21 88 7 8 0.0114
593 138 11 16 0.0113
332 106 15 21 0.0112
916 136 8 12 0.0111
911 135 9 11 0.0110
462 110 13 17 0.0108
996 110 11 18 0.0105
624 136 10 13 0.0101
