2_Demonstration_Demonstrators_2_689
40
349 323 82 80 0.8503
123 311 39 54 0.8423
183 256 34 55 0.8226
293 243 39 54 0.7781
1 246 19 24 0.6118
256 226 20 26 0.5791
148 235 17 22 0.4840
347 192 18 21 0.4697
174 230 18 22 0.4170
216 209 17 20 0.4140
86 235 15 19 0.3858
52 256 15 21 0.3264
314 208 20 21 0.2885
253 226 20 25 0.2855
212 209 17 20 0.2739
5 246 18 24 0.2553
170 230 18 22 0.2478
144 236 17 20 0.2357
352 193 17 19 0.2346
90 236 15 18 0.2168
40 236 13 17 0.2155
48 256 15 20 0.1880
36 236 13 16 0.1290
315 210 22 24 0.1044
50 255 14 17 0.0665
310 209 18 20 0.0502
219 211 16 20 0.0446
316 200 18 19 0.0402
318 203 20 21 0.0384
310 212 20 22 0.0245
33 294 27 30 0.0221
39 204 17 20 0.0211
47 254 16 20 0.0156
180 228 16 20 0.0142
67 216 13 17 0.0141
153 233 16 20 0.0141
42 236 12 15 0.0131
81 233 15 18 0.0130
175 227 15 18 0.0120
321 204 18 21 0.0104
