2_Demonstration_Political_Rally_2_57
87
78 138 33 46 0.8743
759 142 28 39 0.8738
783 145 30 43 0.8673
213 143 33 48 0.8668
362 139 31 43 0.8641
493 164 32 43 0.8626
897 254 33 43 0.8583
276 201 33 44 0.8571
527 154 30 38 0.8534
591 130 32 49 0.8515
385 120 29 40 0.8421
147 132 32 38 0.8419
945 168 29 36 0.8333
280 145 28 39 0.8318
665 179 29 40 0.8303
829 121 32 44 0.8078
918 169 26 35 0.8069
931 214 24 29 0.7956
445 79 21 25 0.7925
8 126 22 36 0.7882
0 120 14 45 0.7646
643 149 25 34 0.7608
466 149 23 41 0.7493
103 152 22 32 0.6376
933 151 24 34 0.6260
260 130 21 30 0.6234
486 306 49 64 0.6114
104 116 30 38 0.4990
484 133 25 37 0.4737
710 179 31 43 0.4585
256 130 23 30 0.3414
1018 137 6 40 0.2515
828 121 32 43 0.2504
487 134 24 34 0.2158
549 173 20 30 0.1998
286 116 21 31 0.1433
29 136 26 33 0.1269
348 152 18 26 0.1178
1019 138 5 42 0.1113
284 117 19 29 0.1063
108 156 22 31 0.1062
552 172 22 31 0.1048
464 150 20 39 0.0950
407 148 22 30 0.0878
418 148 20 29 0.0671
434 149 13 26 0.0605
26 142 20 28 0.0518
432 147 12 24 0.0483
1018 243 6 40 0.0482
278 124 24 36 0.0427
23 133 19 30 0.0406
28 141 26 31 0.0371
275 142 24 35 0.0363
29 130 25 33 0.0353
121 132 24 30 0.0337
285 118 26 38 0.0331
1018 144 6 44 0.0316
25 135 24 35 0.0304
422 145 17 27 0.0303
571 137 25 37 0.0302
936 150 24 34 0.0300
1 121 21 43 0.0289
588 138 28 43 0.0274
549 177 21 30 0.0257
102 119 26 35 0.0242
112 121 27 35 0.0233
484 132 22 33 0.0223
36 135 27 31 0.0193
811 147 21 32 0.0185
332 151 22 27 0.0182
409 142 20 32 0.0180
283 118 23 34 0.0178
0 119 8 40 0.0170
928 151 25 32 0.0167
585 150 22 34 0.0165
351 155 18 27 0.0162
1014 239 10 44 0.0162
576 144 26 37 0.0156
435 147 15 26 0.0149
341 148 19 28 0.0140
713 179 29 42 0.0140
934 149 21 27 0.0129
718 231 16 22 0.0126
552 166 21 33 0.0125
1 123 19 43 0.0120
342 143 22 31 0.0103
113 115 27 35 0.0102
