2_Demonstration_Demonstration_Or_Protest_2_914
177
258 28 40 52 0.8555
831 351 18 20 0.8136
78 69 23 28 0.7393
910 347 17 22 0.6908
777 356 14 18 0.6717
165 53 17 34 0.6331
167 333 11 15 0.5878
104 361 12 14 0.5458
51 335 15 19 0.5365
605 301 14 16 0.5358
187 341 11 14 0.5208
379 317 12 17 0.4577
857 125 12 16 0.4397
232 96 11 14 0.3926
901 106 14 18 0.3925
376 317 13 17 0.3763
316 337 8 12 0.3509
514 327 10 12 0.3492
53 335 15 19 0.3376
253 341 8 10 0.3376
387 301 10 14 0.3218
904 106 14 18 0.3197
510 313 9 12 0.3182
127 331 10 16 0.3181
608 301 13 16 0.3127
719 364 14 16 0.3096
507 312 10 12 0.3058
548 334 8 11 0.3049
636 313 10 14 0.2966
577 311 9 11 0.2955
185 340 11 15 0.2836
575 311 9 11 0.2813
545 316 8 11 0.2805
106 362 11 12 0.2795
512 327 10 12 0.2614
313 337 9 12 0.2572
637 313 10 13 0.2528
280 341 8 10 0.2515
389 301 10 13 0.2410
550 334 8 11 0.2405
529 308 7 10 0.2398
639 313 10 13 0.2302
250 341 8 11 0.2146
718 363 13 15 0.2062
548 316 8 11 0.2000
237 342 8 12 0.1957
164 332 11 16 0.1940
136 89 13 18 0.1851
909 347 16 22 0.1796
252 340 8 11 0.1781
467 311 9 10 0.1754
133 89 13 17 0.1706
277 341 9 11 0.1691
229 97 11 13 0.1618
854 125 11 15 0.1581
465 311 8 10 0.1517
903 106 14 18 0.1461
279 340 8 11 0.1410
516 327 9 12 0.1354
141 98 11 14 0.1343
523 293 7 11 0.1234
525 293 7 10 0.1233
545 314 7 9 0.1227
410 100 16 20 0.1225
236 341 8 10 0.1182
249 340 9 11 0.1174
636 313 10 13 0.1136
547 314 7 10 0.1101
482 338 8 10 0.1075
480 338 8 10 0.1071
125 332 9 15 0.1063
229 96 11 14 0.1030
386 301 10 13 0.1008
376 133 7 9 0.1008
379 134 7 8 0.0993
480 340 9 10 0.0876
511 314 9 12 0.0822
579 312 8 10 0.0794
408 144 6 7 0.0789
405 144 6 8 0.0761
276 340 9 11 0.0742
722 362 13 15 0.0722
314 339 9 11 0.0721
483 340 8 10 0.0710
389 301 10 12 0.0639
146 99 9 12 0.0624
508 314 9 12 0.0615
491 317 8 11 0.0548
120 85 11 15 0.0538
733 122 6 7 0.0504
775 356 14 17 0.0496
760 126 6 6 0.0488
900 106 14 18 0.0478
782 129 7 8 0.0471
731 121 6 7 0.0466
779 129 7 8 0.0465
136 95 12 16 0.0457
757 126 6 6 0.0448
575 313 8 11 0.0432
515 326 9 12 0.0427
728 121 6 7 0.0421
377 135 7 8 0.0419
545 316 9 11 0.0392
524 292 6 10 0.0378
131 333 10 14 0.0367
380 135 7 8 0.0364
729 123 6 6 0.0357
439 336 8 10 0.0353
317 338 9 12 0.0350
125 75 12 16 0.0325
508 130 6 7 0.0320
852 116 10 15 0.0309
505 129 6 8 0.0306
579 310 9 12 0.0303
481 141 6 8 0.0301
452 326 9 13 0.0300
169 321 12 15 0.0285
757 126 5 7 0.0279
468 312 9 11 0.0273
574 312 9 11 0.0271
478 141 6 8 0.0270
242 340 9 12 0.0256
233 344 8 12 0.0250
467 312 8 11 0.0244
853 119 13 17 0.0243
458 317 9 11 0.0236
102 361 11 13 0.0227
723 364 12 16 0.0224
440 338 8 9 0.0223
162 100 13 16 0.0219
121 77 12 17 0.0219
522 292 6 9 0.0214
452 324 9 12 0.0213
235 71 13 16 0.0209
489 316 8 10 0.0206
522 293 8 11 0.0195
145 97 9 12 0.0193
408 145 6 7 0.0188
547 335 9 10 0.0185
454 326 9 12 0.0178
444 317 8 9 0.0176
252 67 16 22 0.0174
779 128 6 8 0.0170
442 337 7 10 0.0169
445 317 8 10 0.0164
241 67 11 13 0.0164
239 70 14 17 0.0162
401 147 8 8 0.0160
530 307 7 9 0.0153
451 139 6 7 0.0151
391 134 6 8 0.0151
134 87 12 15 0.0149
282 340 8 11 0.0146
41 39 10 11 0.0142
503 128 6 8 0.0141
445 318 8 10 0.0137
374 135 7 8 0.0130
441 336 8 10 0.0128
512 313 9 11 0.0125
460 316 7 9 0.0124
776 126 6 8 0.0122
421 109 14 16 0.0122
236 67 11 14 0.0121
550 336 9 11 0.0119
434 334 9 11 0.0116
786 128 7 9 0.0116
133 331 12 16 0.0115
235 97 11 14 0.0115
233 96 10 13 0.0114
448 139 5 6 0.0114
257 339 8 11 0.0112
476 140 6 8 0.0111
126 72 9 13 0.0110
818 142 7 8 0.0108
779 130 6 7 0.0106
480 140 6 7 0.0101
233 348 8 10 0.0100
