2_Demonstration_Demonstrators_2_41
46
396 374 92 162 0.8639
821 495 49 58 0.8543
408 186 42 47 0.8536
953 500 46 60 0.7953
634 440 40 58 0.7900
255 90 35 38 0.6097
205 190 48 56 0.4400
888 514 11 13 0.3647
891 514 10 13 0.3375
560 546 18 22 0.2167
205 190 48 56 0.1655
954 501 45 58 0.0967
167 551 6 8 0.0549
888 515 11 13 0.0504
881 538 9 12 0.0480
892 515 10 13 0.0391
563 548 16 20 0.0367
145 550 6 8 0.0364
908 447 7 9 0.0331
765 505 12 13 0.0325
905 447 7 9 0.0253
165 551 6 8 0.0250
542 487 19 22 0.0241
761 506 11 12 0.0231
149 553 6 8 0.0197
539 486 20 23 0.0196
153 544 7 8 0.0194
146 552 7 8 0.0186
168 552 7 8 0.0186
142 549 7 8 0.0179
549 549 8 11 0.0177
555 548 12 15 0.0176
715 542 7 9 0.0163
884 539 9 11 0.0159
712 541 7 10 0.0155
764 503 11 13 0.0155
875 516 12 16 0.0137
713 544 7 8 0.0127
717 543 6 8 0.0127
1008 547 16 27 0.0124
142 546 6 8 0.0124
633 440 42 57 0.0123
526 547 10 12 0.0114
164 551 6 8 0.0106
165 549 6 8 0.0104
879 540 10 13 0.0102
