2_Demonstration_Protesters_2_46
96
81 53 57 75 0.8790
482 564 86 143 0.8774
649 274 74 122 0.8774
263 153 65 99 0.8733
828 67 71 91 0.8691
338 76 65 94 0.8629
931 217 77 100 0.8609
738 445 95 129 0.8584
499 157 69 97 0.8573
577 561 97 143 0.8569
128 110 70 99 0.8528
434 506 82 140 0.8470
394 338 90 110 0.8372
617 621 97 106 0.8303
761 129 59 73 0.8237
799 603 75 118 0.8175
757 46 57 75 0.8165
959 123 63 81 0.8164
614 97 60 89 0.8145
270 17 56 64 0.8138
59 249 68 99 0.8125
0 434 41 138 0.8083
956 527 67 108 0.8063
925 583 85 138 0.7943
946 659 77 67 0.7935
254 463 70 102 0.7860
240 83 61 85 0.7774
361 344 75 93 0.7535
254 537 108 158 0.7294
725 201 68 89 0.7192
26 361 63 76 0.6963
544 29 67 98 0.6125
0 101 19 81 0.6098
928 47 53 70 0.5643
42 23 57 66 0.5068
218 281 77 95 0.4885
829 21 51 62 0.4863
0 102 17 78 0.4745
995 442 29 84 0.4722
582 67 50 67 0.4290
563 34 58 70 0.3783
468 17 43 52 0.2963
391 117 51 70 0.2801
133 0 34 47 0.2385
0 28 17 62 0.2359
42 25 46 62 0.2341
200 20 44 56 0.1824
469 141 58 79 0.1568
0 26 13 61 0.1557
551 24 53 71 0.1281
479 18 33 46 0.1168
389 117 52 71 0.1164
928 47 54 71 0.1128
360 344 66 88 0.1127
995 160 29 67 0.1124
928 12 42 55 0.1114
552 21 49 57 0.0965
240 114 48 61 0.0842
199 18 46 56 0.0624
930 10 38 45 0.0622
924 12 46 58 0.0609
470 144 69 85 0.0591
993 445 31 78 0.0586
745 35 45 66 0.0557
579 71 57 77 0.0515
548 25 58 91 0.0439
676 26 43 50 0.0398
753 33 41 57 0.0397
430 9 35 53 0.0346
42 24 53 66 0.0344
433 8 45 59 0.0328
712 151 53 87 0.0317
744 28 45 61 0.0292
469 138 57 77 0.0280
351 0 55 39 0.0277
574 60 54 74 0.0222
0 26 20 65 0.0218
238 115 41 59 0.0212
758 46 55 74 0.0209
748 43 43 71 0.0205
980 156 44 71 0.0204
472 140 69 92 0.0200
857 417 71 98 0.0186
471 136 66 82 0.0161
553 19 56 62 0.0160
926 10 41 46 0.0157
347 0 46 36 0.0154
0 20 11 59 0.0139
1000 164 24 72 0.0133
432 9 28 44 0.0129
239 102 53 72 0.0127
709 149 45 93 0.0118
556 31 61 80 0.0115
433 8 39 49 0.0113
578 64 47 70 0.0113
0 23 20 63 0.0109
