2_Demonstration_Protesters_2_92
110
261 427 55 74 0.8299
742 359 55 62 0.8198
690 342 32 40 0.8088
245 300 31 38 0.7998
85 528 71 121 0.7677
829 330 34 45 0.7561
199 323 25 40 0.6469
651 299 22 29 0.6300
430 300 15 20 0.4326
966 308 28 40 0.4109
91 294 12 17 0.4014
346 330 21 28 0.3927
591 321 19 28 0.3449
381 315 21 28 0.3397
427 300 14 20 0.3162
469 300 21 26 0.2887
594 320 20 29 0.2436
349 330 20 28 0.2324
384 317 20 27 0.2069
95 294 11 16 0.1965
498 322 19 27 0.1921
115 311 21 24 0.1333
119 310 21 24 0.1294
386 313 21 30 0.1039
655 298 25 30 0.1035
0 304 18 38 0.0986
970 308 30 41 0.0969
163 316 16 21 0.0909
119 307 20 23 0.0908
943 321 18 26 0.0892
37 279 12 15 0.0846
463 300 21 26 0.0786
942 319 16 24 0.0741
321 309 24 41 0.0688
939 322 17 23 0.0669
958 318 21 33 0.0665
67 344 30 41 0.0654
0 304 14 34 0.0637
33 279 11 14 0.0621
326 319 19 32 0.0574
667 299 21 28 0.0557
495 315 19 31 0.0552
738 309 13 18 0.0542
316 308 27 45 0.0540
163 663 29 61 0.0483
938 319 16 23 0.0470
958 314 20 32 0.0470
87 428 50 69 0.0464
587 320 18 28 0.0447
159 316 15 20 0.0421
37 277 9 11 0.0413
89 423 47 69 0.0408
115 307 19 23 0.0404
184 290 12 15 0.0360
378 308 20 28 0.0359
373 308 15 21 0.0351
2 306 25 35 0.0342
734 310 13 17 0.0328
187 291 14 16 0.0319
99 436 37 55 0.0290
467 297 19 25 0.0288
79 346 21 34 0.0273
0 299 22 46 0.0271
501 322 23 29 0.0256
145 371 22 38 0.0237
389 318 20 26 0.0235
2 304 22 31 0.0234
33 407 33 55 0.0231
138 370 25 38 0.0223
38 284 12 16 0.0222
33 282 14 18 0.0220
976 313 27 40 0.0214
160 313 16 22 0.0209
64 348 33 43 0.0203
125 308 19 24 0.0201
375 313 17 26 0.0195
87 294 12 16 0.0184
476 301 19 26 0.0183
34 277 9 11 0.0173
464 301 23 30 0.0172
470 304 22 28 0.0166
166 664 35 61 0.0164
952 319 22 34 0.0162
137 312 14 20 0.0158
648 302 15 24 0.0157
67 340 29 40 0.0152
84 432 54 63 0.0148
101 430 34 53 0.0147
739 310 15 18 0.0140
141 306 12 17 0.0135
186 287 13 16 0.0134
319 313 23 41 0.0134
183 287 11 15 0.0132
0 308 16 44 0.0130
32 285 12 15 0.0127
38 409 33 52 0.0123
378 322 15 21 0.0120
43 284 10 13 0.0112
189 297 16 19 0.0112
326 306 17 27 0.0111
184 288 15 18 0.0109
494 321 19 31 0.0108
462 305 23 27 0.0108
734 310 15 19 0.0106
1015 320 9 34 0.0106
952 315 20 31 0.0106
385 311 20 28 0.0101
78 342 21 35 0.0101
165 319 19 26 0.0100
549 315 17 23 0.0100
