2_Demonstration_Protesters_2_912
170
720 278 30 39 0.8389
836 326 28 35 0.8336
146 432 24 30 0.8246
479 310 26 35 0.8197
597 311 24 37 0.8158
881 333 25 31 0.8063
549 310 21 24 0.7852
510 338 18 28 0.7650
353 347 18 24 0.7139
526 314 16 22 0.7045
789 332 17 22 0.6314
257 338 12 14 0.5598
636 319 13 17 0.5525
261 385 20 39 0.5397
42 349 15 18 0.4970
173 364 15 19 0.4959
998 349 25 31 0.4630
647 341 15 20 0.4358
370 329 12 16 0.3791
130 370 12 19 0.3774
620 319 15 21 0.3764
170 364 16 19 0.3452
644 341 16 20 0.3438
65 347 12 17 0.3315
45 349 14 18 0.3132
134 371 10 17 0.2922
243 332 9 11 0.2778
998 349 25 31 0.2685
69 348 10 15 0.2601
187 353 12 15 0.2441
68 348 11 16 0.2350
511 304 12 16 0.2348
655 325 13 15 0.2274
272 318 7 9 0.2274
425 306 8 10 0.2164
440 313 11 14 0.2151
443 313 11 14 0.2094
615 317 18 26 0.1885
918 338 9 14 0.1830
367 329 12 15 0.1826
271 338 9 12 0.1807
268 318 8 9 0.1693
270 337 9 11 0.1672
293 324 8 10 0.1659
240 331 8 12 0.1648
194 333 10 14 0.1646
295 325 8 10 0.1602
300 350 10 14 0.1538
921 338 9 14 0.1506
258 385 21 38 0.1492
422 306 8 10 0.1434
291 326 8 9 0.1403
302 350 11 14 0.1355
617 318 15 23 0.1338
255 337 12 15 0.1318
132 373 11 17 0.1318
302 349 10 14 0.1307
274 337 8 11 0.1273
299 350 10 13 0.1161
198 333 9 13 0.1133
283 318 7 9 0.1132
443 311 10 13 0.1130
254 338 11 14 0.1112
920 337 8 13 0.1028
508 304 12 18 0.1016
343 330 9 11 0.1009
659 325 12 15 0.0883
270 318 7 8 0.0826
951 310 10 12 0.0817
956 309 10 12 0.0805
439 311 10 14 0.0779
194 336 11 17 0.0759
182 355 13 18 0.0742
791 332 17 22 0.0713
340 330 9 11 0.0703
916 337 9 13 0.0687
803 346 17 21 0.0659
338 314 6 8 0.0607
335 313 7 8 0.0578
654 323 13 15 0.0546
281 318 7 8 0.0539
606 319 20 29 0.0539
396 317 9 10 0.0514
529 315 16 21 0.0511
292 325 7 10 0.0493
393 317 8 10 0.0487
801 344 16 20 0.0487
191 332 10 14 0.0486
836 326 28 35 0.0477
299 311 7 7 0.0437
952 311 11 13 0.0431
327 336 9 10 0.0431
326 338 10 13 0.0422
354 311 7 8 0.0401
242 331 8 11 0.0392
329 338 11 15 0.0385
901 321 12 17 0.0366
185 352 12 15 0.0363
937 262 8 11 0.0363
269 320 8 9 0.0360
398 307 8 9 0.0351
685 311 16 19 0.0347
267 317 7 9 0.0342
948 311 8 11 0.0341
659 323 11 14 0.0340
340 314 7 8 0.0339
311 310 7 7 0.0331
315 310 6 7 0.0328
341 328 10 12 0.0327
407 328 8 10 0.0323
682 312 15 17 0.0323
191 331 11 13 0.0319
238 330 8 10 0.0319
422 306 8 10 0.0311
71 350 9 14 0.0309
423 305 7 9 0.0309
904 321 11 14 0.0308
366 329 12 14 0.0305
411 327 8 11 0.0295
241 330 8 10 0.0294
935 261 8 11 0.0284
339 313 6 8 0.0273
394 308 8 9 0.0267
640 320 13 16 0.0266
334 314 7 8 0.0256
378 325 9 11 0.0251
349 348 19 23 0.0249
395 307 7 9 0.0249
948 313 8 10 0.0247
121 375 13 17 0.0241
190 339 11 16 0.0235
901 323 14 19 0.0234
933 263 8 10 0.0231
120 370 12 16 0.0227
394 319 8 10 0.0225
372 324 9 11 0.0215
412 325 9 11 0.0214
378 306 6 8 0.0211
200 336 9 14 0.0205
511 308 13 18 0.0205
314 310 6 7 0.0201
164 366 12 14 0.0201
361 320 9 10 0.0195
932 261 9 11 0.0189
420 304 7 9 0.0187
514 303 12 18 0.0183
63 348 11 16 0.0182
305 322 7 8 0.0181
665 323 11 14 0.0159
784 332 16 21 0.0158
656 315 11 13 0.0158
956 310 11 15 0.0148
799 343 16 21 0.0145
376 305 6 7 0.0144
373 306 7 9 0.0143
552 310 20 24 0.0142
944 339 11 14 0.0135
297 311 6 7 0.0130
395 304 7 9 0.0130
333 355 13 18 0.0127
623 320 16 22 0.0126
338 313 6 7 0.0124
193 330 10 11 0.0117
416 326 9 10 0.0113
133 371 12 17 0.0112
318 327 8 10 0.0109
799 347 15 20 0.0109
359 345 16 22 0.0108
438 295 10 11 0.0104
940 339 11 14 0.0101
