2_Demonstration_Demonstrators_2_654
38
588 167 36 41 0.8340
452 156 34 42 0.8331
295 145 36 46 0.8235
718 186 33 42 0.7607
828 125 29 35 0.7456
710 128 27 27 0.7402
245 117 31 37 0.5512
349 145 27 35 0.4883
595 114 26 29 0.4392
157 100 25 28 0.3774
951 186 38 45 0.2782
953 187 38 44 0.1848
152 99 27 30 0.1063
0 123 11 51 0.0939
464 117 26 29 0.0903
464 119 28 32 0.0875
0 122 8 48 0.0835
345 145 27 35 0.0637
958 148 35 35 0.0460
591 113 21 28 0.0396
943 184 34 42 0.0380
599 114 27 31 0.0275
956 147 34 35 0.0255
956 142 28 29 0.0232
149 101 33 36 0.0188
0 121 16 54 0.0180
239 116 25 32 0.0163
243 118 28 34 0.0153
959 143 32 30 0.0148
998 115 17 21 0.0137
601 117 28 31 0.0135
977 276 47 115 0.0131
354 143 29 36 0.0130
252 118 29 37 0.0127
0 117 15 50 0.0126
0 127 11 52 0.0119
151 103 33 38 0.0109
592 117 23 27 0.0107
