2_Demonstration_Protesters_2_179
42
153 189 37 45 0.8473
514 195 35 40 0.8464
644 157 31 39 0.8463
846 154 25 37 0.4821
3 318 12 15 0.4746
845 155 22 37 0.4668
103 316 11 14 0.4645
984 190 15 22 0.4554
80 325 13 14 0.4299
981 189 15 24 0.3170
6 318 12 15 0.2781
54 317 11 13 0.2623
84 324 12 14 0.2597
58 318 10 13 0.2337
105 316 11 14 0.1472
48 316 9 12 0.1097
102 325 11 14 0.1026
56 320 10 12 0.0821
101 316 11 13 0.0821
58 318 11 13 0.0663
26 313 9 12 0.0625
60 321 10 12 0.0611
980 191 15 21 0.0373
106 323 10 14 0.0314
549 221 19 21 0.0251
52 361 8 8 0.0246
740 219 17 21 0.0239
50 360 8 8 0.0215
554 220 20 22 0.0215
105 330 9 10 0.0207
105 317 11 13 0.0200
83 324 12 13 0.0183
47 359 8 9 0.0176
48 362 8 8 0.0169
33 317 9 11 0.0155
78 342 9 11 0.0151
44 314 8 11 0.0146
50 319 8 11 0.0138
738 216 14 20 0.0138
79 342 11 12 0.0121
24 312 9 12 0.0113
737 219 12 19 0.0109
