2_Demonstration_Political_Rally_2_690
88
812 402 69 82 0.8557
534 410 91 114 0.8192
645 393 22 37 0.8121
948 368 12 17 0.4701
108 392 8 10 0.3568
756 369 9 13 0.3559
753 369 8 13 0.3437
92 411 9 11 0.3289
79 355 9 11 0.3257
111 392 8 10 0.3207
181 349 8 10 0.2947
82 355 9 10 0.2569
64 361 8 11 0.2567
732 425 9 13 0.2537
61 361 8 11 0.2407
1008 417 8 9 0.2354
1005 417 8 9 0.2163
95 411 9 11 0.2119
735 425 8 13 0.1892
179 349 8 10 0.1891
115 356 7 8 0.1848
183 350 8 10 0.1646
953 369 9 15 0.1639
1007 415 8 10 0.1604
42 363 7 9 0.1516
184 350 7 10 0.1371
223 358 7 8 0.1357
1004 415 8 10 0.1345
226 358 7 8 0.1324
44 363 8 9 0.1304
118 356 6 8 0.1284
701 367 7 8 0.1227
61 363 8 11 0.1113
1010 394 8 11 0.1111
698 367 6 8 0.1036
699 366 7 8 0.0931
1007 394 8 10 0.0929
201 356 6 8 0.0910
65 362 8 11 0.0871
116 355 6 8 0.0782
198 356 6 8 0.0760
179 351 9 10 0.0749
687 365 6 8 0.0737
78 355 8 10 0.0727
0 362 4 12 0.0674
697 366 6 7 0.0668
199 354 6 8 0.0635
689 365 6 8 0.0613
61 361 8 10 0.0601
10 443 9 11 0.0465
116 367 7 8 0.0442
13 443 9 11 0.0416
222 356 6 9 0.0412
82 354 8 10 0.0387
113 355 7 8 0.0379
730 424 8 13 0.0377
95 412 8 10 0.0372
651 376 8 10 0.0340
651 377 9 11 0.0339
1007 415 9 11 0.0331
118 367 6 8 0.0319
225 357 7 8 0.0297
699 367 6 8 0.0292
42 364 6 8 0.0292
734 426 9 12 0.0291
98 412 7 9 0.0276
114 357 7 8 0.0242
648 377 8 9 0.0235
40 364 7 8 0.0210
40 363 6 8 0.0208
82 357 7 9 0.0208
110 392 7 9 0.0207
224 360 6 8 0.0207
222 357 6 8 0.0206
55 351 8 9 0.0202
0 364 5 12 0.0202
736 426 9 12 0.0189
74 357 7 9 0.0162
951 366 11 16 0.0160
649 378 8 11 0.0159
1008 394 9 11 0.0151
1 362 7 10 0.0147
183 349 7 9 0.0138
92 411 8 10 0.0133
227 360 6 8 0.0124
90 410 9 12 0.0119
0 375 4 10 0.0102
107 392 7 10 0.0102
