2_Demonstration_Demonstration_Or_Protest_2_242
37
17 487 28 33 0.8274
172 523 52 83 0.8128
269 505 33 41 0.7358
806 345 53 81 0.7029
763 453 17 21 0.2391
173 524 52 81 0.1773
737 426 18 22 0.0933
759 452 17 21 0.0930
807 434 17 20 0.0849
778 445 12 17 0.0761
779 448 12 17 0.0627
798 452 13 19 0.0522
801 452 14 19 0.0514
729 424 23 30 0.0408
767 412 20 24 0.0403
774 445 13 17 0.0359
0 502 10 29 0.0294
724 426 27 34 0.0285
806 431 15 19 0.0261
990 426 20 35 0.0255
0 513 18 43 0.0215
743 427 17 23 0.0201
774 414 15 21 0.0199
0 509 11 28 0.0187
768 450 17 23 0.0186
737 428 20 26 0.0184
990 423 19 35 0.0178
987 424 20 38 0.0171
216 468 12 15 0.0153
811 432 19 24 0.0141
1 492 12 28 0.0140
746 428 12 17 0.0135
802 432 18 21 0.0122
2 502 20 29 0.0120
211 470 11 14 0.0116
56 479 25 33 0.0108
764 455 17 22 0.0104
