2_Demonstration_Political_Rally_2_18
144
241 419 21 27 0.8422
315 436 22 26 0.8297
171 448 22 29 0.8231
443 455 20 30 0.8156
223 271 21 29 0.8142
863 445 20 26 0.8139
355 342 19 25 0.8030
623 453 20 27 0.7983
380 434 20 27 0.7966
12 351 20 27 0.7966
316 259 17 24 0.7963
89 263 19 23 0.7931
485 359 19 25 0.7929
766 417 19 24 0.7925
166 331 21 26 0.7872
423 426 18 21 0.7790
227 251 19 20 0.7766
240 309 19 23 0.7715
149 383 20 26 0.7662
26 310 19 24 0.7585
187 305 17 23 0.7583
369 300 17 24 0.7565
481 402 18 22 0.7550
75 320 17 20 0.7501
133 294 20 24 0.7322
273 394 20 27 0.7302
332 200 16 21 0.7280
103 238 17 21 0.7263
189 229 15 18 0.7233
459 486 21 25 0.7102
915 434 18 23 0.6972
22 457 21 27 0.6939
1 208 14 20 0.6922
501 446 19 27 0.6656
153 301 20 23 0.6532
83 287 19 23 0.6365
65 337 19 23 0.6341
264 203 18 25 0.6133
128 429 18 22 0.6081
24 256 17 22 0.6036
369 343 15 23 0.6036
160 406 17 24 0.5916
43 447 19 24 0.5864
301 331 19 25 0.5693
97 446 20 25 0.5420
530 393 18 26 0.5357
433 410 19 23 0.5322
173 257 17 24 0.5141
44 239 16 21 0.5009
365 428 18 24 0.4975
301 316 17 22 0.4939
454 293 16 21 0.4897
23 458 21 27 0.4830
230 362 18 23 0.4731
99 447 20 24 0.4062
41 239 17 21 0.3991
527 393 19 25 0.3984
44 425 18 21 0.3975
363 427 17 24 0.3844
451 293 16 21 0.3655
26 255 17 24 0.3550
267 203 17 25 0.3381
68 337 18 23 0.3378
250 344 17 21 0.3353
157 407 18 23 0.3188
436 411 18 23 0.3064
171 257 17 24 0.2967
41 425 19 21 0.2697
80 287 19 23 0.2266
298 332 19 25 0.2196
430 358 16 20 0.2188
135 294 19 24 0.1965
235 382 18 24 0.1850
231 381 19 25 0.1764
442 316 15 18 0.1613
0 208 12 20 0.1598
271 394 20 27 0.1596
334 386 20 24 0.1588
431 364 16 20 0.1570
40 446 19 25 0.1502
504 447 18 25 0.1390
58 259 13 16 0.1317
426 363 16 21 0.1227
298 315 18 23 0.1223
0 460 7 26 0.1185
43 424 19 20 0.1175
192 215 15 21 0.1165
0 462 11 24 0.1052
396 384 16 19 0.1047
246 344 18 22 0.0997
55 257 13 17 0.0985
410 273 14 19 0.0966
280 264 17 23 0.0944
156 301 19 23 0.0942
233 384 19 23 0.0865
0 274 5 22 0.0847
439 316 16 18 0.0779
228 361 17 21 0.0764
0 412 6 21 0.0707
426 358 17 21 0.0634
343 273 13 16 0.0629
1 257 10 18 0.0612
237 385 17 22 0.0594
29 311 17 23 0.0561
126 246 12 16 0.0556
345 273 13 17 0.0548
127 248 12 16 0.0459
478 402 18 22 0.0456
407 270 15 22 0.0431
132 429 16 22 0.0430
374 344 12 21 0.0412
338 387 18 23 0.0379
300 331 18 25 0.0377
238 310 18 22 0.0374
0 410 5 22 0.0373
186 278 16 20 0.0353
186 229 15 18 0.0329
477 562 14 19 0.0327
482 563 12 18 0.0315
107 239 15 20 0.0278
183 278 15 19 0.0249
371 344 15 23 0.0247
439 412 16 21 0.0234
398 388 15 19 0.0220
897 556 14 17 0.0219
56 260 13 17 0.0217
463 487 19 23 0.0214
104 286 14 18 0.0200
438 410 17 22 0.0177
717 540 16 27 0.0170
40 447 19 24 0.0160
0 266 7 24 0.0159
374 277 13 17 0.0154
28 296 16 20 0.0151
172 257 17 23 0.0142
252 347 16 20 0.0139
131 294 19 23 0.0129
631 481 13 16 0.0123
894 554 14 18 0.0122
2 256 12 20 0.0119
686 437 18 24 0.0111
444 368 14 16 0.0106
40 423 19 21 0.0104
912 433 18 24 0.0102
