2_Demonstration_Demonstration_Or_Protest_2_102
157
426 607 24 32 0.7939
265 583 21 25 0.7636
671 544 22 25 0.7346
76 607 23 25 0.6861
980 513 17 23 0.6127
238 583 20 27 0.6054
404 606 18 30 0.4353
637 582 15 24 0.4325
844 582 18 25 0.4035
949 488 19 22 0.3898
758 577 18 23 0.3898
953 488 18 21 0.3878
761 578 18 22 0.3624
756 533 13 16 0.2955
772 542 14 16 0.2665
1006 499 13 16 0.2519
623 653 17 26 0.2439
1003 499 12 17 0.2376
776 542 13 17 0.1991
976 513 19 23 0.1945
974 489 12 16 0.1828
557 633 19 27 0.1675
702 540 15 19 0.1640
312 582 12 16 0.1626
798 527 12 18 0.1610
802 527 13 18 0.1316
1018 520 6 15 0.1310
408 607 16 29 0.1284
231 606 19 23 0.1185
280 643 17 23 0.1156
0 631 7 20 0.1136
315 582 12 16 0.1084
971 488 12 14 0.0981
281 615 17 21 0.0970
0 602 7 23 0.0945
801 524 12 19 0.0909
849 582 16 24 0.0799
242 584 18 26 0.0797
602 588 14 16 0.0746
634 583 13 23 0.0707
398 605 20 31 0.0693
719 546 15 21 0.0689
277 612 17 21 0.0672
797 523 12 20 0.0656
441 577 19 27 0.0648
753 533 12 16 0.0645
1003 499 14 19 0.0614
722 544 17 24 0.0611
1002 477 12 16 0.0610
438 576 17 26 0.0598
437 572 14 20 0.0594
700 537 15 21 0.0550
441 573 16 22 0.0539
862 545 12 16 0.0535
784 554 13 18 0.0528
1001 474 11 14 0.0501
641 585 13 22 0.0492
618 654 18 25 0.0492
720 549 16 22 0.0453
866 545 11 16 0.0435
1 657 15 20 0.0432
843 523 13 15 0.0395
677 670 19 13 0.0387
561 635 17 27 0.0378
271 583 19 24 0.0377
904 509 15 21 0.0370
788 554 13 19 0.0370
776 539 12 16 0.0361
630 568 13 18 0.0351
1008 499 13 19 0.0349
1004 498 16 19 0.0347
235 606 17 21 0.0334
440 574 16 24 0.0332
1004 477 13 17 0.0325
400 608 20 30 0.0315
620 646 19 31 0.0312
861 502 14 18 0.0309
799 526 14 19 0.0307
1017 532 7 20 0.0276
743 556 14 18 0.0270
1005 474 10 14 0.0268
606 587 14 17 0.0268
724 550 18 22 0.0261
0 600 4 23 0.0250
721 547 15 21 0.0245
274 644 18 22 0.0243
553 632 20 29 0.0242
771 442 10 12 0.0238
906 513 15 19 0.0228
338 603 14 21 0.0224
771 539 13 16 0.0223
596 654 17 23 0.0222
589 654 18 23 0.0214
619 650 19 29 0.0214
398 515 18 23 0.0209
277 637 17 27 0.0207
286 645 15 22 0.0201
342 599 12 20 0.0199
780 511 11 15 0.0198
535 608 19 21 0.0197
1003 476 14 15 0.0193
634 587 12 21 0.0189
892 504 13 19 0.0188
641 579 16 24 0.0188
753 531 13 17 0.0181
888 504 13 18 0.0181
342 602 13 22 0.0180
92 609 17 22 0.0178
780 516 12 15 0.0176
434 571 10 17 0.0175
339 600 12 19 0.0174
603 588 16 21 0.0172
864 502 14 19 0.0160
410 605 16 28 0.0155
667 369 11 14 0.0152
775 442 9 11 0.0150
775 531 13 17 0.0147
561 605 17 19 0.0143
867 537 12 18 0.0143
366 536 13 16 0.0143
282 645 18 24 0.0139
15 669 14 14 0.0139
774 545 14 19 0.0137
728 614 20 26 0.0137
312 580 14 17 0.0136
700 543 14 20 0.0135
840 522 12 16 0.0134
1 600 10 24 0.0131
668 544 20 25 0.0131
1003 541 11 16 0.0130
786 551 12 16 0.0130
359 544 13 16 0.0130
988 516 11 17 0.0130
315 576 13 18 0.0130
7 659 18 22 0.0127
4 654 15 23 0.0127
899 515 13 18 0.0126
977 489 10 12 0.0124
353 535 9 11 0.0123
804 499 10 12 0.0123
776 512 11 14 0.0121
736 616 18 24 0.0120
235 599 18 23 0.0120
35 659 17 19 0.0119
728 538 14 17 0.0116
237 580 18 25 0.0115
380 559 13 18 0.0113
697 536 15 20 0.0112
704 511 14 15 0.0109
311 576 13 18 0.0108
863 538 11 17 0.0108
800 498 9 12 0.0107
90 585 17 21 0.0107
248 589 16 22 0.0107
553 635 21 28 0.0105
361 517 11 14 0.0103
402 516 16 22 0.0101
