2_Demonstration_Demonstration_Or_Protest_2_453
89
7 290 43 58 0.8634
471 230 89 110 0.8570
61 308 31 41 0.8554
181 278 62 71 0.8477
572 323 30 37 0.8411
648 277 21 33 0.8315
661 303 21 29 0.8313
753 327 22 26 0.8311
609 289 24 39 0.8249
268 335 19 23 0.7754
398 258 42 67 0.7712
805 309 19 26 0.7688
738 311 16 20 0.7337
718 337 18 22 0.6696
692 310 19 26 0.5866
721 317 15 20 0.5627
918 321 16 23 0.5625
235 318 19 25 0.4516
691 311 19 25 0.3930
753 306 12 15 0.2849
724 316 15 20 0.2735
721 337 17 22 0.2250
293 325 14 17 0.1963
914 322 15 21 0.1370
754 306 10 12 0.1268
1009 270 15 53 0.0997
340 309 23 25 0.0976
875 335 12 21 0.0860
517 307 25 31 0.0821
694 311 19 25 0.0800
878 336 12 20 0.0774
231 308 21 32 0.0754
273 336 16 22 0.0680
559 319 12 22 0.0668
0 329 16 83 0.0567
339 316 25 27 0.0443
773 323 10 15 0.0439
237 322 18 25 0.0431
285 325 12 18 0.0420
723 315 15 19 0.0418
810 309 16 25 0.0396
555 320 13 21 0.0380
557 309 16 29 0.0378
1014 271 10 58 0.0365
875 341 12 19 0.0361
750 306 14 16 0.0360
338 320 26 30 0.0352
1003 268 21 56 0.0306
1002 271 22 69 0.0297
298 326 12 15 0.0295
717 71 12 15 0.0272
758 304 10 11 0.0268
289 326 13 17 0.0267
0 334 12 58 0.0265
0 333 9 43 0.0260
922 320 15 24 0.0255
525 294 22 36 0.0253
0 341 12 82 0.0249
780 309 13 17 0.0242
233 322 17 27 0.0240
399 260 41 64 0.0235
1016 63 8 22 0.0230
0 334 13 78 0.0221
295 327 14 18 0.0217
923 321 15 23 0.0216
336 317 25 28 0.0209
995 300 29 109 0.0208
230 311 21 33 0.0200
332 308 24 27 0.0196
995 286 29 103 0.0194
332 316 26 28 0.0194
877 332 13 19 0.0193
1010 268 14 44 0.0183
879 340 12 19 0.0175
510 283 37 51 0.0164
777 307 11 14 0.0149
781 307 10 12 0.0147
517 291 49 62 0.0147
317 317 9 16 0.0137
752 307 10 13 0.0136
1018 374 6 51 0.0135
715 71 10 14 0.0134
878 332 11 15 0.0124
1017 369 7 53 0.0119
998 272 25 48 0.0117
335 321 23 27 0.0115
348 311 20 22 0.0115
245 322 11 18 0.0105
320 311 9 19 0.0102
