2_Demonstration_Demonstration_Or_Protest_2_368
150
737 219 29 34 0.8489
610 239 23 27 0.7825
881 240 20 32 0.7709
571 220 21 23 0.5638
205 247 17 20 0.5595
519 220 17 21 0.5453
36 249 12 17 0.5417
374 223 17 22 0.4860
303 234 13 18 0.4636
175 240 15 17 0.4589
725 239 14 19 0.4203
957 279 13 16 0.4185
645 230 18 24 0.4085
643 230 18 24 0.4025
976 258 15 22 0.4012
376 223 17 22 0.3616
426 229 11 13 0.3537
86 214 8 12 0.3530
7 216 14 16 0.3368
89 214 8 12 0.3352
300 234 13 18 0.3342
71 234 9 11 0.3305
3 216 16 16 0.3244
828 238 13 18 0.3202
53 210 10 12 0.3190
1008 252 14 21 0.3124
460 234 13 20 0.3103
562 240 15 19 0.3077
722 240 14 18 0.2941
867 251 14 20 0.2887
74 233 9 12 0.2820
429 229 11 13 0.2678
51 210 10 12 0.2525
978 258 17 23 0.2194
825 238 13 18 0.2132
950 265 10 13 0.2121
33 249 12 17 0.2022
517 221 17 19 0.1974
152 220 11 13 0.1887
151 218 10 13 0.1723
148 220 11 13 0.1705
172 240 14 17 0.1570
55 210 10 12 0.1504
1011 254 13 19 0.1472
130 208 8 9 0.1468
4 217 15 17 0.1468
93 230 11 14 0.1424
953 265 9 13 0.1415
129 207 7 9 0.1395
778 247 11 15 0.1306
863 252 15 18 0.1299
774 247 12 15 0.1276
148 218 9 13 0.1266
127 207 7 8 0.1233
216 229 11 14 0.1228
127 208 8 10 0.1175
91 228 11 15 0.1130
973 255 14 20 0.1073
954 279 13 15 0.1045
565 241 14 19 0.0982
778 245 10 11 0.0964
95 228 11 14 0.0900
457 233 11 19 0.0899
874 236 12 17 0.0847
8 217 15 16 0.0832
73 232 9 12 0.0781
213 229 11 13 0.0770
458 229 12 19 0.0766
96 230 11 16 0.0713
774 244 11 12 0.0620
70 232 9 11 0.0610
566 238 17 20 0.0537
177 242 14 18 0.0526
1006 255 14 18 0.0490
1004 252 15 20 0.0482
725 239 16 21 0.0449
463 237 13 17 0.0441
364 227 10 14 0.0432
456 229 10 16 0.0423
498 238 10 14 0.0417
125 0 9 8 0.0389
495 238 9 13 0.0374
507 247 16 21 0.0352
959 280 14 17 0.0351
868 254 15 20 0.0346
122 0 10 8 0.0344
952 265 11 15 0.0343
216 233 12 13 0.0327
556 238 14 19 0.0307
116 14 15 17 0.0304
567 221 19 22 0.0288
209 247 15 18 0.0279
774 243 13 16 0.0275
863 255 15 19 0.0273
85 216 8 12 0.0257
190 226 12 16 0.0246
208 246 14 17 0.0245
109 222 13 16 0.0241
154 218 10 13 0.0241
504 247 14 19 0.0240
249 234 10 12 0.0239
106 222 11 13 0.0235
569 243 14 17 0.0229
691 263 14 14 0.0219
976 260 16 21 0.0204
108 202 9 11 0.0199
702 259 13 16 0.0194
51 209 9 11 0.0191
463 237 13 17 0.0173
951 262 8 10 0.0172
254 234 9 12 0.0172
558 243 14 17 0.0166
945 265 9 12 0.0165
205 244 14 14 0.0160
428 231 10 13 0.0155
266 232 15 18 0.0153
568 236 19 22 0.0153
248 228 10 13 0.0153
494 240 12 15 0.0145
481 242 10 12 0.0143
222 230 9 12 0.0141
462 240 14 18 0.0140
202 249 12 16 0.0139
668 262 14 15 0.0139
705 254 12 15 0.0138
955 281 13 16 0.0136
858 269 12 16 0.0134
55 213 10 11 0.0130
172 242 15 18 0.0128
215 228 10 11 0.0125
351 231 9 11 0.0123
252 229 9 13 0.0123
114 11 14 17 0.0119
225 233 9 12 0.0119
591 247 14 18 0.0118
353 232 9 12 0.0117
723 237 16 21 0.0116
58 210 9 11 0.0115
67 199 7 8 0.0115
181 240 13 16 0.0112
402 206 12 16 0.0111
359 230 10 12 0.0110
857 234 14 17 0.0107
0 235 4 17 0.0106
872 234 11 14 0.0105
113 231 12 15 0.0104
143 219 9 12 0.0103
431 231 10 13 0.0102
326 250 11 15 0.0102
255 249 12 14 0.0100
