2_Demonstration_Demonstration_Or_Protest_2_915
43
419 321 240 319 0.8100
200 271 19 25 0.7630
300 284 20 25 0.6551
265 267 11 15 0.2554
261 267 11 15 0.2327
229 273 12 16 0.1831
333 262 10 12 0.1719
297 284 20 25 0.1552
330 262 10 12 0.1437
914 208 13 16 0.1168
918 208 13 17 0.1166
797 232 9 12 0.0850
801 232 9 11 0.0845
797 236 10 13 0.0797
770 225 10 12 0.0723
58 345 18 18 0.0585
331 261 10 11 0.0569
800 235 10 13 0.0548
767 225 9 12 0.0536
59 346 20 20 0.0519
916 205 14 17 0.0390
226 272 12 15 0.0381
912 206 13 16 0.0278
233 272 12 16 0.0267
234 275 10 13 0.0256
329 261 9 11 0.0252
263 270 11 14 0.0249
49 283 7 8 0.0239
336 262 9 11 0.0234
768 222 10 13 0.0224
774 225 10 13 0.0212
262 268 13 16 0.0206
54 347 19 20 0.0188
771 223 11 12 0.0187
268 270 11 13 0.0185
363 262 9 11 0.0159
53 283 6 8 0.0149
336 261 9 10 0.0128
362 261 9 10 0.0128
735 234 8 9 0.0116
739 235 8 10 0.0109
739 233 8 10 0.0106
735 236 9 10 0.0104
