2_Demonstration_Demonstration_Or_Protest_2_1
111
610 250 41 56 0.8763
205 247 44 45 0.8685
409 247 40 47 0.8669
356 256 42 50 0.8649
961 273 43 52 0.8649
482 285 41 52 0.8626
533 264 36 47 0.8573
896 117 39 42 0.8573
927 268 38 50 0.8542
849 91 35 42 0.8491
207 129 42 49 0.8479
321 476 45 51 0.8436
299 263 39 42 0.8422
894 254 38 43 0.8400
348 11 36 40 0.8399
567 235 38 41 0.8399
1004 115 20 45 0.8390
107 304 46 38 0.8379
482 32 33 42 0.8373
518 473 40 44 0.8277
173 165 37 46 0.8253
815 528 44 51 0.8241
616 526 43 55 0.8211
960 170 40 39 0.8161
784 261 36 55 0.8049
483 252 40 42 0.7774
747 283 28 36 0.7569
746 573 37 57 0.7501
144 240 35 46 0.7337
315 405 23 26 0.7118
224 1 35 39 0.7112
227 550 17 19 0.6484
343 239 29 35 0.6367
546 155 15 17 0.5892
806 230 31 56 0.5624
806 230 28 56 0.4632
44 249 30 52 0.4100
194 599 41 64 0.3934
194 601 37 61 0.3228
199 462 34 50 0.3144
517 569 40 70 0.2988
704 245 35 42 0.2818
376 539 28 54 0.2705
225 1 34 39 0.2534
0 220 7 48 0.2418
543 154 15 18 0.2066
201 601 36 61 0.1980
121 482 45 62 0.1669
307 517 44 63 0.1356
198 462 36 51 0.1266
225 550 17 20 0.1250
375 540 29 55 0.1235
36 276 33 55 0.1227
265 327 17 21 0.1137
185 601 36 60 0.0890
247 271 22 26 0.0845
372 541 27 57 0.0726
208 555 14 17 0.0677
46 192 31 48 0.0652
517 571 35 68 0.0622
345 239 32 39 0.0550
213 555 12 15 0.0529
146 305 25 29 0.0520
56 183 29 47 0.0495
610 249 41 58 0.0484
31 275 37 55 0.0482
48 249 28 49 0.0476
0 217 5 49 0.0476
53 190 31 48 0.0443
342 258 26 38 0.0424
307 518 44 61 0.0415
75 194 34 42 0.0407
372 539 25 56 0.0397
129 246 38 45 0.0396
122 252 35 38 0.0373
129 254 34 41 0.0349
346 237 28 34 0.0336
362 360 12 16 0.0323
548 541 23 42 0.0305
71 195 30 39 0.0296
958 572 35 60 0.0294
145 240 34 45 0.0288
710 246 35 43 0.0270
551 540 26 43 0.0268
692 526 37 69 0.0247
29 268 39 56 0.0192
0 217 13 52 0.0188
55 174 29 47 0.0179
122 483 45 60 0.0179
75 193 30 38 0.0177
40 200 36 52 0.0162
1012 600 12 60 0.0162
952 578 33 59 0.0155
46 181 33 50 0.0154
699 245 35 43 0.0143
119 218 25 29 0.0141
598 159 14 17 0.0129
576 528 37 49 0.0126
365 361 11 15 0.0124
68 191 33 41 0.0123
116 203 29 36 0.0119
341 238 26 33 0.0119
133 241 36 44 0.0115
702 228 38 45 0.0115
242 268 23 29 0.0114
109 201 32 39 0.0106
193 466 39 56 0.0106
51 248 24 35 0.0106
951 572 33 61 0.0104
625 169 7 9 0.0103
622 168 8 9 0.0101
