2_Demonstration_Political_Rally_2_891
23
305 270 136 182 0.9011
490 27 155 204 0.8843
33 388 47 54 0.8677
183 387 40 54 0.8342
235 286 32 50 0.8229
28 255 24 43 0.7404
57 259 18 27 0.6058
154 256 16 20 0.3879
73 238 13 22 0.3203
25 238 21 28 0.2505
70 239 13 22 0.2275
125 232 13 15 0.1390
160 257 13 18 0.1365
28 238 20 26 0.0888
54 260 18 28 0.0800
122 232 12 15 0.0489
269 236 12 19 0.0392
24 254 26 45 0.0211
266 233 14 21 0.0169
273 239 10 15 0.0161
193 227 11 15 0.0132
26 236 21 28 0.0109
156 257 16 20 0.0104
