2_Demonstration_Protesters_2_1033
23
111 47 85 105 0.8541
313 201 51 74 0.8461
356 262 34 53 0.8236
414 308 31 43 0.8147
494 343 26 36 0.7635
834 423 11 15 0.3279
808 427 9 12 0.2737
550 416 11 12 0.2402
547 416 10 12 0.2219
836 423 11 14 0.2060
832 424 10 13 0.1679
786 428 9 10 0.1637
784 427 8 11 0.1380
805 427 9 11 0.1020
832 422 10 15 0.0590
782 428 8 10 0.0452
782 427 8 10 0.0402
805 427 9 12 0.0339
563 427 8 9 0.0294
783 428 8 10 0.0230
830 424 11 13 0.0197
836 422 10 13 0.0190
547 417 10 12 0.0176
