2_Demonstration_Demonstration_Or_Protest_2_32
185
244 1248 83 102 0.8629
731 1103 57 68 0.8514
312 1098 54 81 0.8347
172 1082 56 75 0.8323
519 1060 29 36 0.8290
631 1063 28 36 0.8261
293 1077 39 62 0.8249
530 1112 40 51 0.8243
51 1045 44 53 0.8114
430 1033 33 43 0.8005
0 1256 56 115 0.7829
525 1154 61 86 0.7786
337 1032 30 34 0.7742
867 1105 31 36 0.7617
458 1065 48 63 0.6680
578 1078 25 30 0.6628
458 1064 48 64 0.5990
937 1079 22 27 0.5936
703 1101 33 51 0.5833
896 1020 28 31 0.5670
370 1031 23 28 0.5609
274 1056 37 48 0.5549
832 1098 24 35 0.4416
749 1076 25 28 0.4410
493 1018 15 18 0.3788
991 1043 25 32 0.3756
704 1101 38 54 0.3654
196 1035 31 39 0.3625
550 1023 14 17 0.3602
1013 986 11 24 0.3146
773 1059 21 23 0.2921
893 1020 28 31 0.2752
530 1029 17 19 0.2575
373 1031 23 29 0.2362
0 1089 15 57 0.2195
825 1098 26 37 0.2122
979 1059 19 23 0.2069
577 1024 16 18 0.1850
299 1032 23 28 0.1646
489 1017 15 19 0.1568
273 1056 38 49 0.1527
694 1045 17 21 0.1462
690 1044 17 22 0.1448
271 1056 36 47 0.1424
602 1014 13 15 0.1391
632 1034 15 17 0.1376
549 1059 19 26 0.1323
548 1022 13 17 0.1192
778 1060 19 22 0.1172
300 1032 24 30 0.1144
722 1052 18 19 0.1064
724 1055 20 21 0.0945
605 1014 13 15 0.0889
291 1032 27 30 0.0868
975 1042 21 25 0.0865
602 1046 17 21 0.0810
0 1086 6 61 0.0801
727 1052 18 19 0.0770
994 1049 23 29 0.0763
633 1036 17 19 0.0725
406 1030 19 26 0.0700
663 1045 15 16 0.0697
628 1034 14 16 0.0688
831 1098 22 33 0.0688
822 1051 17 19 0.0675
859 1029 18 22 0.0661
252 1038 25 29 0.0586
1011 985 13 22 0.0550
667 1063 23 28 0.0547
526 1029 16 18 0.0521
1011 1013 13 23 0.0521
576 1023 12 15 0.0518
819 1057 22 25 0.0489
553 1020 12 16 0.0484
585 1038 18 22 0.0478
629 1035 15 19 0.0461
658 1044 15 17 0.0449
1008 987 15 23 0.0445
729 1054 20 22 0.0441
997 1043 25 31 0.0418
252 1032 22 23 0.0414
962 1057 19 24 0.0402
0 1082 19 68 0.0393
702 1084 26 32 0.0384
446 1011 19 23 0.0376
970 1094 29 37 0.0376
1 1091 29 55 0.0373
969 998 22 30 0.0353
753 1073 26 27 0.0348
755 1027 13 17 0.0347
526 1030 19 22 0.0344
774 1036 14 16 0.0341
807 1063 18 21 0.0338
667 1068 24 28 0.0337
585 1032 17 19 0.0336
692 1042 17 20 0.0331
940 1051 18 20 0.0328
611 1043 17 22 0.0326
116 1026 23 35 0.0322
556 1024 14 17 0.0313
933 1079 20 26 0.0311
912 1150 33 44 0.0306
555 1057 19 25 0.0299
598 1014 13 16 0.0294
867 1029 18 20 0.0279
525 1155 60 85 0.0276
695 1038 14 15 0.0271
162 1021 24 31 0.0267
0 1094 18 63 0.0264
781 1111 34 50 0.0252
690 1038 14 16 0.0245
779 1036 14 14 0.0244
249 1065 29 40 0.0241
495 1019 15 19 0.0235
942 1054 19 20 0.0233
406 1032 24 30 0.0232
971 1040 21 24 0.0230
661 1043 15 18 0.0230
281 1034 28 31 0.0222
963 998 24 32 0.0219
149 1019 30 39 0.0216
995 1038 25 32 0.0214
861 1031 19 22 0.0204
769 1038 15 16 0.0200
550 1063 21 28 0.0199
545 1021 14 16 0.0192
801 1036 13 14 0.0191
117 1026 30 42 0.0191
751 1028 12 16 0.0189
791 1113 32 46 0.0188
970 1098 31 39 0.0188
958 1050 17 20 0.0181
453 1011 16 19 0.0175
553 1018 12 14 0.0173
993 1037 19 23 0.0171
572 1080 22 27 0.0169
162 1052 32 41 0.0168
726 1049 14 16 0.0166
797 1038 14 16 0.0165
825 1047 14 16 0.0163
818 1053 15 17 0.0162
551 1027 13 17 0.0159
248 1034 23 28 0.0158
601 1012 12 14 0.0153
307 1032 22 29 0.0150
400 1031 20 24 0.0149
642 1037 14 16 0.0149
815 1067 24 28 0.0147
969 995 21 30 0.0141
709 1081 29 33 0.0141
771 1052 19 21 0.0141
696 1050 18 19 0.0140
585 1077 23 30 0.0140
909 1149 30 43 0.0140
490 1020 15 19 0.0139
447 1008 20 22 0.0137
1000 1050 20 29 0.0134
970 1123 22 29 0.0134
3 1016 33 50 0.0131
782 1105 30 46 0.0130
254 1053 32 46 0.0129
840 1055 17 19 0.0129
977 1039 17 20 0.0129
723 1067 23 27 0.0127
512 1019 14 17 0.0126
399 1036 23 27 0.0124
376 1030 24 31 0.0123
605 1051 18 20 0.0117
281 1060 38 50 0.0115
0 1071 4 65 0.0115
973 1060 20 26 0.0115
966 998 23 30 0.0114
862 1034 17 21 0.0114
127 1028 37 42 0.0114
607 1026 14 17 0.0114
241 1074 23 32 0.0113
837 1051 16 17 0.0112
1009 990 15 27 0.0110
524 1013 14 16 0.0108
677 1038 12 15 0.0108
954 1152 27 37 0.0107
124 1026 27 37 0.0105
190 1037 30 37 0.0102
580 1070 21 24 0.0101
1011 1099 13 26 0.0100
