2_Demonstration_Political_Rally_2_137
60
12 372 86 122 0.8963
234 300 70 94 0.8737
907 275 28 38 0.8572
296 295 63 90 0.8530
0 305 24 47 0.8528
757 272 36 43 0.8469
652 276 36 48 0.8394
786 277 30 39 0.8193
397 279 26 33 0.8042
844 267 29 32 0.7895
422 317 49 67 0.7647
930 266 25 33 0.7482
478 281 24 30 0.7240
715 279 16 19 0.6092
200 281 32 43 0.5688
370 278 25 28 0.5112
740 269 17 25 0.4104
565 321 28 43 0.3811
563 322 25 40 0.3419
369 330 47 63 0.2689
203 282 33 43 0.2685
717 279 16 19 0.2621
463 275 17 26 0.2552
373 277 24 29 0.2526
606 319 25 39 0.2134
467 274 18 29 0.1658
373 277 23 26 0.1219
487 321 29 55 0.1219
608 287 28 36 0.1116
607 286 26 34 0.1062
464 275 19 29 0.0986
607 320 25 39 0.0904
368 333 53 66 0.0780
1012 258 12 24 0.0727
217 286 29 40 0.0580
1019 291 5 32 0.0498
483 320 27 57 0.0473
614 320 22 37 0.0406
217 283 25 35 0.0332
700 301 14 20 0.0328
1012 280 11 25 0.0307
924 267 25 35 0.0302
739 277 18 22 0.0293
373 334 49 67 0.0289
898 270 18 27 0.0273
744 269 19 27 0.0232
740 267 16 25 0.0208
1014 314 10 30 0.0196
833 272 20 25 0.0188
693 300 17 22 0.0173
721 276 17 20 0.0166
617 322 21 37 0.0151
1008 258 16 30 0.0140
600 321 29 41 0.0135
1016 303 8 39 0.0126
604 290 25 33 0.0125
636 286 27 37 0.0124
897 267 14 19 0.0118
370 328 41 55 0.0115
1014 251 10 26 0.0114
