2_Demonstration_Political_Rally_2_637
45
0 385 35 47 0.8553
162 386 37 58 0.8474
280 357 36 43 0.8391
725 403 33 43 0.8366
735 96 47 78 0.8354
660 398 23 34 0.8093
454 364 32 61 0.8077
619 348 23 39 0.7300
908 399 20 32 0.6079
366 403 29 41 0.6037
912 398 19 32 0.2770
847 360 25 41 0.1579
843 360 27 40 0.1513
846 358 24 39 0.0854
788 382 24 30 0.0747
871 399 17 22 0.0715
843 358 24 39 0.0640
786 386 27 35 0.0493
783 381 21 28 0.0467
0 337 8 57 0.0454
869 401 22 31 0.0435
766 401 16 22 0.0424
554 364 26 33 0.0376
876 400 19 26 0.0340
599 349 27 42 0.0322
787 377 23 30 0.0263
553 358 27 34 0.0235
853 371 21 33 0.0225
0 334 6 56 0.0212
892 399 21 29 0.0194
781 379 19 26 0.0192
613 347 27 41 0.0182
462 347 25 45 0.0153
878 401 22 31 0.0148
843 370 24 36 0.0147
0 323 8 50 0.0145
812 406 30 36 0.0143
598 356 27 40 0.0142
462 353 25 48 0.0135
781 390 25 30 0.0133
551 366 24 29 0.0127
789 383 27 33 0.0125
626 350 23 35 0.0118
794 382 24 31 0.0108
297 371 22 32 0.0103
