2_Demonstration_Political_Rally_2_456
172
150 356 29 37 0.8220
397 308 28 34 0.8206
85 371 23 37 0.7748
500 258 17 22 0.5099
487 332 19 21 0.4643
356 206 15 23 0.4007
643 307 15 20 0.3905
646 306 15 21 0.2954
813 216 20 22 0.2780
475 271 16 22 0.2704
811 214 20 23 0.2592
206 211 12 16 0.2387
491 332 19 21 0.2375
707 251 13 17 0.2342
690 321 19 23 0.1881
294 243 14 18 0.1633
202 245 12 17 0.1570
956 230 15 20 0.1357
711 251 13 17 0.1339
479 271 15 22 0.1298
809 216 20 22 0.1288
504 258 16 22 0.1268
664 283 15 18 0.1265
621 249 10 13 0.1189
198 246 13 17 0.1131
439 210 13 16 0.1107
290 241 15 19 0.1085
596 313 17 20 0.1069
149 248 16 19 0.1049
603 244 12 15 0.1041
624 248 11 14 0.1037
599 321 15 16 0.1018
351 205 14 24 0.0960
601 243 11 15 0.0930
524 253 9 13 0.0921
637 229 9 13 0.0878
633 229 9 13 0.0878
976 272 13 18 0.0860
968 234 14 18 0.0821
953 227 15 21 0.0753
562 240 10 14 0.0746
871 219 15 20 0.0717
486 244 16 20 0.0713
443 209 13 17 0.0688
718 215 13 16 0.0626
201 242 12 17 0.0607
952 231 14 18 0.0605
707 227 11 13 0.0597
808 215 18 21 0.0594
145 248 16 19 0.0581
131 231 15 20 0.0536
136 231 17 21 0.0535
593 313 15 19 0.0530
591 258 11 14 0.0530
948 227 14 19 0.0516
558 241 10 13 0.0511
695 322 19 23 0.0509
980 205 18 22 0.0508
209 210 12 16 0.0506
564 258 12 18 0.0487
675 252 12 17 0.0462
658 235 10 13 0.0447
427 247 21 26 0.0412
286 244 16 17 0.0411
689 315 18 24 0.0401
692 238 12 15 0.0400
976 205 17 22 0.0399
979 273 13 17 0.0398
671 253 11 16 0.0389
704 232 13 14 0.0388
167 236 15 20 0.0383
595 321 14 16 0.0380
994 207 16 19 0.0376
661 235 11 14 0.0353
857 228 12 16 0.0348
473 237 11 17 0.0332
204 211 10 15 0.0331
571 261 13 17 0.0321
525 254 10 12 0.0320
870 216 13 16 0.0319
598 244 10 13 0.0310
359 204 16 23 0.0308
639 275 12 17 0.0302
520 253 12 16 0.0301
208 208 13 17 0.0297
642 305 14 20 0.0296
905 212 19 23 0.0294
908 214 19 24 0.0294
634 232 10 12 0.0290
716 219 15 17 0.0288
571 252 13 18 0.0287
517 222 12 14 0.0283
135 228 15 20 0.0282
645 305 15 20 0.0282
661 284 12 17 0.0278
639 249 12 15 0.0276
670 257 11 16 0.0266
352 202 15 25 0.0263
590 254 11 16 0.0263
204 207 12 15 0.0262
362 207 14 22 0.0260
684 237 11 14 0.0259
486 240 15 20 0.0255
269 232 16 19 0.0253
639 231 9 12 0.0248
769 233 14 16 0.0244
470 272 17 22 0.0233
596 304 16 21 0.0231
722 214 13 17 0.0228
556 246 10 14 0.0226
952 227 16 21 0.0224
662 281 14 17 0.0220
562 243 10 13 0.0218
664 213 11 15 0.0215
630 308 14 19 0.0209
174 237 12 19 0.0207
770 227 14 17 0.0206
197 242 12 17 0.0205
520 221 12 15 0.0198
556 257 13 19 0.0197
484 331 18 21 0.0194
723 219 13 16 0.0192
596 308 15 19 0.0189
423 247 19 26 0.0186
622 251 11 14 0.0185
592 256 12 15 0.0181
654 251 13 16 0.0176
446 224 15 18 0.0174
672 255 13 16 0.0174
567 256 12 16 0.0172
876 219 16 19 0.0169
130 228 14 19 0.0169
920 221 18 23 0.0167
692 323 20 23 0.0161
134 229 17 22 0.0160
634 275 13 17 0.0159
674 256 12 17 0.0154
660 214 11 13 0.0153
941 234 11 14 0.0151
657 259 13 16 0.0150
668 282 13 17 0.0146
594 257 12 14 0.0145
703 230 12 15 0.0144
188 219 13 16 0.0143
569 239 10 13 0.0143
496 257 15 22 0.0139
1015 204 9 20 0.0135
440 207 14 18 0.0130
775 228 11 15 0.0129
185 220 11 15 0.0128
704 252 12 16 0.0124
467 272 16 21 0.0122
469 237 10 15 0.0122
674 235 11 13 0.0119
699 248 12 17 0.0118
618 284 12 15 0.0116
494 241 11 17 0.0115
649 255 12 14 0.0114
932 220 17 22 0.0114
345 206 13 21 0.0112
628 256 11 13 0.0107
640 283 13 16 0.0105
509 253 14 19 0.0105
299 244 11 16 0.0104
266 268 21 27 0.0104
679 209 11 14 0.0103
218 264 15 19 0.0102
640 230 10 12 0.0102
1014 201 10 18 0.0102
479 243 17 20 0.0101
549 254 11 15 0.0101
155 249 15 18 0.0101
