2_Demonstration_Demonstration_Or_Protest_2_79
117
901 623 30 36 0.8428
641 574 11 14 0.5424
866 568 15 20 0.4781
761 630 25 38 0.4740
663 568 11 16 0.4377
819 521 11 14 0.3932
701 538 12 14 0.3928
605 564 13 15 0.3672
817 521 10 13 0.3385
603 564 12 14 0.3310
537 596 10 12 0.3161
661 569 10 15 0.3097
692 509 9 11 0.3082
648 520 8 10 0.3047
753 497 9 11 0.3006
571 586 9 11 0.2956
574 586 9 10 0.2873
739 553 12 15 0.2858
690 509 9 11 0.2851
651 520 8 10 0.2770
674 562 12 16 0.2735
756 496 8 12 0.2596
731 550 9 12 0.2553
534 596 10 12 0.2503
704 539 12 14 0.2468
671 562 12 15 0.2308
729 550 8 11 0.2117
553 590 9 11 0.2002
863 568 15 20 0.1726
554 592 9 11 0.1709
557 591 8 11 0.1697
674 563 13 16 0.1436
639 574 11 13 0.1425
637 624 14 17 0.1409
704 564 8 10 0.1377
692 549 8 10 0.1362
690 550 7 10 0.1320
738 550 11 16 0.1071
607 564 12 14 0.1041
758 635 21 32 0.0999
694 509 9 11 0.0934
706 565 7 9 0.0790
699 538 11 14 0.0779
702 565 8 10 0.0763
743 610 13 21 0.0673
736 553 11 14 0.0646
707 538 10 13 0.0520
729 551 8 11 0.0512
633 624 13 16 0.0501
571 584 9 11 0.0410
967 627 56 50 0.0406
745 612 14 21 0.0401
821 522 10 12 0.0395
639 652 21 26 0.0388
701 563 8 11 0.0386
576 587 8 10 0.0385
729 551 9 11 0.0350
645 573 10 13 0.0336
962 623 60 53 0.0322
649 519 8 10 0.0315
645 573 11 14 0.0309
955 601 62 65 0.0302
822 587 10 13 0.0295
638 625 16 19 0.0295
540 597 9 11 0.0278
743 552 9 14 0.0273
690 511 8 10 0.0250
608 565 12 14 0.0243
858 474 10 10 0.0239
953 594 51 60 0.0230
978 643 40 32 0.0227
860 476 9 12 0.0212
949 590 42 54 0.0212
951 586 59 69 0.0211
643 574 12 15 0.0208
950 593 46 59 0.0203
747 610 14 20 0.0203
826 588 9 12 0.0190
694 510 8 11 0.0181
535 595 10 11 0.0176
824 590 10 15 0.0170
694 550 10 12 0.0168
632 627 14 17 0.0167
855 509 7 10 0.0164
764 630 30 40 0.0163
552 587 8 10 0.0159
673 559 10 11 0.0157
852 510 7 9 0.0154
639 576 10 12 0.0154
713 568 9 11 0.0154
753 498 9 11 0.0151
810 565 7 9 0.0147
757 498 9 11 0.0147
639 651 28 27 0.0146
857 477 8 10 0.0142
837 558 11 15 0.0137
730 586 9 12 0.0133
760 567 9 11 0.0131
950 581 37 52 0.0131
646 519 8 10 0.0130
843 557 11 15 0.0124
641 623 14 17 0.0121
674 555 9 12 0.0114
532 595 9 11 0.0114
949 597 51 60 0.0113
857 474 8 10 0.0112
666 574 10 13 0.0111
812 567 7 9 0.0110
949 587 45 59 0.0110
764 560 11 14 0.0109
727 586 9 11 0.0109
601 567 10 12 0.0108
862 473 8 10 0.0108
970 639 50 38 0.0107
649 522 8 10 0.0107
757 519 9 11 0.0104
764 566 10 13 0.0103
