2_Demonstration_Demonstrators_2_781
89
254 166 53 70 0.8761
696 218 46 55 0.8752
464 198 40 54 0.8731
548 140 55 82 0.8675
536 210 34 46 0.8386
393 193 23 35 0.8318
922 269 42 44 0.8234
238 129 29 53 0.8089
930 229 28 32 0.7921
758 255 23 24 0.5546
763 227 20 24 0.5050
815 229 21 19 0.4700
535 189 21 29 0.4640
533 190 18 26 0.3890
109 229 17 19 0.2721
438 224 9 11 0.2711
855 247 16 16 0.2233
437 224 8 10 0.2010
849 248 15 16 0.1990
890 242 16 19 0.1955
423 222 6 8 0.1870
978 248 11 23 0.1831
756 255 24 24 0.1755
105 229 17 19 0.1715
663 145 9 9 0.1674
665 145 9 9 0.1625
854 246 15 17 0.1609
440 223 9 12 0.1503
980 250 13 22 0.1315
425 221 6 9 0.1209
656 187 7 9 0.1175
421 221 7 9 0.1123
359 204 11 19 0.1059
440 223 8 11 0.1033
130 216 10 13 0.0976
653 188 6 8 0.0958
888 242 14 16 0.0945
663 225 11 15 0.0937
43 203 6 7 0.0802
667 145 8 10 0.0789
890 243 19 22 0.0742
46 203 6 7 0.0732
758 254 22 23 0.0728
660 226 10 13 0.0668
663 146 9 10 0.0612
654 187 7 8 0.0609
794 239 12 15 0.0527
765 230 21 24 0.0520
887 244 17 20 0.0517
863 246 12 15 0.0491
42 202 6 7 0.0473
1015 244 9 25 0.0408
135 223 12 16 0.0390
363 205 10 16 0.0358
132 217 11 14 0.0330
1014 240 10 24 0.0317
131 221 12 17 0.0312
500 203 13 21 0.0286
864 247 13 15 0.0284
847 246 13 16 0.0275
652 187 6 8 0.0271
360 205 12 19 0.0257
46 200 6 8 0.0255
127 216 10 12 0.0246
107 230 16 19 0.0241
105 231 19 21 0.0240
311 169 22 33 0.0230
112 232 17 19 0.0216
758 227 19 23 0.0203
129 215 8 10 0.0189
132 215 9 11 0.0182
363 203 12 20 0.0179
653 188 6 9 0.0177
504 204 13 19 0.0175
976 245 9 21 0.0170
42 203 5 7 0.0167
978 248 16 28 0.0166
797 238 11 14 0.0159
10 221 5 6 0.0154
776 169 6 7 0.0146
658 186 6 9 0.0135
502 205 20 25 0.0127
124 233 10 12 0.0124
1015 250 9 29 0.0124
6 221 6 6 0.0115
418 214 11 16 0.0113
980 246 10 20 0.0112
663 224 9 11 0.0111
780 168 6 8 0.0101
