2_Demonstration_Protesters_2_646
50
476 212 75 102 0.8696
655 218 74 92 0.8579
345 242 103 142 0.8468
567 214 39 53 0.8380
978 223 44 49 0.8378
228 190 52 69 0.8336
453 161 47 74 0.7695
335 183 23 32 0.7520
593 177 22 29 0.6873
391 178 18 23 0.5935
191 185 17 19 0.4835
282 172 14 18 0.4367
118 169 36 45 0.3426
293 173 12 16 0.2915
91 195 28 37 0.2620
591 178 22 28 0.1386
388 178 17 23 0.1309
742 194 22 29 0.1256
744 193 16 19 0.1246
279 171 13 18 0.1020
118 170 37 46 0.0976
91 195 30 38 0.0772
121 171 37 46 0.0770
88 185 23 30 0.0638
747 193 17 20 0.0615
88 195 27 35 0.0547
291 172 12 16 0.0413
189 184 15 17 0.0409
745 193 23 32 0.0408
279 172 13 18 0.0395
89 196 28 36 0.0374
297 175 10 14 0.0314
418 179 14 17 0.0262
93 187 23 29 0.0241
362 190 14 18 0.0237
412 179 15 18 0.0220
4 189 31 41 0.0213
375 181 14 17 0.0187
375 188 15 18 0.0180
805 347 76 85 0.0179
115 177 27 35 0.0162
186 184 18 22 0.0155
94 179 20 28 0.0152
118 167 33 34 0.0148
414 180 15 21 0.0140
13 191 26 35 0.0131
417 183 16 21 0.0126
89 181 19 25 0.0115
120 169 37 44 0.0106
167 179 16 20 0.0104
