2_Demonstration_Demonstrators_2_713
271
555 341 25 32 0.8124
362 387 26 36 0.8075
103 386 41 59 0.6501
857 312 18 21 0.5446
297 314 16 19 0.4768
516 331 25 36 0.4496
399 312 21 27 0.4403
396 312 22 28 0.3740
300 315 16 18 0.3264
575 282 9 11 0.2321
370 244 8 10 0.2267
373 244 8 10 0.2242
483 282 8 10 0.2167
486 282 9 10 0.2004
557 274 8 11 0.1570
38 323 20 22 0.1566
350 243 8 9 0.1413
325 240 9 12 0.1271
933 280 14 17 0.1254
560 274 8 11 0.1199
329 240 8 11 0.1096
929 307 14 20 0.1031
613 273 7 9 0.1023
862 312 16 21 0.0992
593 293 7 8 0.0957
638 246 6 8 0.0910
558 276 8 10 0.0907
94 232 7 9 0.0907
641 246 6 8 0.0887
576 267 8 9 0.0862
250 268 7 9 0.0859
616 274 7 8 0.0853
268 238 7 9 0.0833
526 256 9 12 0.0805
247 268 7 9 0.0771
285 261 6 8 0.0767
523 256 9 12 0.0762
600 276 7 9 0.0726
288 260 7 9 0.0721
50 233 12 15 0.0705
686 325 19 23 0.0701
375 244 7 10 0.0690
270 239 7 8 0.0684
606 266 7 8 0.0674
265 238 7 8 0.0650
603 265 7 9 0.0641
457 267 8 10 0.0637
460 267 8 10 0.0632
602 292 7 9 0.0624
347 243 8 9 0.0614
925 308 14 18 0.0580
266 240 7 8 0.0578
597 277 7 9 0.0569
626 277 7 10 0.0564
35 323 19 20 0.0539
575 265 7 10 0.0539
622 273 7 10 0.0524
642 297 7 9 0.0512
111 232 8 10 0.0505
325 239 8 10 0.0501
328 239 8 10 0.0500
371 243 7 9 0.0458
433 257 6 8 0.0451
683 326 15 21 0.0439
429 257 7 8 0.0430
949 308 13 17 0.0411
636 263 8 9 0.0401
562 276 8 10 0.0398
286 262 7 8 0.0382
421 283 8 11 0.0381
42 324 19 22 0.0380
279 276 8 9 0.0380
418 283 8 10 0.0379
572 266 8 9 0.0379
629 298 6 8 0.0378
52 236 12 14 0.0377
634 277 8 9 0.0365
593 256 7 8 0.0362
502 265 10 12 0.0358
636 265 8 9 0.0353
574 283 8 9 0.0345
871 261 8 10 0.0340
985 284 8 10 0.0324
578 284 8 10 0.0320
573 267 8 9 0.0318
646 296 7 10 0.0318
216 279 7 8 0.0317
927 310 14 17 0.0312
923 312 17 21 0.0311
909 285 8 10 0.0306
684 322 19 22 0.0303
1007 280 7 9 0.0295
213 279 7 8 0.0294
55 232 10 12 0.0292
426 269 7 8 0.0292
346 243 8 10 0.0292
874 263 7 9 0.0291
249 267 7 8 0.0288
369 244 8 9 0.0286
105 233 7 9 0.0285
400 269 8 9 0.0280
536 279 9 11 0.0279
644 299 7 7 0.0278
414 270 7 9 0.0276
599 276 7 8 0.0276
520 275 10 12 0.0273
492 244 9 11 0.0272
907 285 7 9 0.0268
960 269 6 9 0.0267
245 267 7 8 0.0264
633 264 8 9 0.0262
595 292 6 9 0.0262
988 284 7 10 0.0262
484 279 9 11 0.0261
536 262 8 9 0.0259
604 266 6 8 0.0257
607 267 7 8 0.0255
591 255 6 7 0.0254
963 269 7 9 0.0248
459 265 7 9 0.0244
228 253 7 9 0.0242
527 260 8 10 0.0242
456 265 7 9 0.0240
108 236 7 9 0.0233
496 244 8 10 0.0233
86 287 10 12 0.0229
803 270 8 10 0.0224
286 261 8 9 0.0223
48 238 10 12 0.0222
574 284 8 10 0.0221
220 266 8 9 0.0220
630 300 6 7 0.0220
544 261 8 9 0.0219
885 264 7 9 0.0218
289 262 6 9 0.0218
482 257 8 9 0.0217
821 295 7 9 0.0217
769 271 8 10 0.0214
522 258 9 11 0.0213
258 285 8 9 0.0212
464 246 8 9 0.0211
618 273 6 8 0.0210
931 311 15 20 0.0209
42 322 17 20 0.0206
155 236 8 10 0.0206
25 243 10 12 0.0203
818 294 7 9 0.0202
179 237 7 8 0.0201
506 263 9 11 0.0199
937 261 7 9 0.0198
431 271 7 8 0.0198
1011 280 6 9 0.0197
109 234 8 9 0.0194
651 270 8 10 0.0192
938 266 7 9 0.0192
429 256 6 8 0.0192
199 247 7 9 0.0192
509 280 10 13 0.0191
626 296 7 9 0.0188
680 321 16 22 0.0187
931 284 12 14 0.0187
754 294 8 10 0.0185
485 257 9 10 0.0185
799 269 8 10 0.0184
55 234 11 13 0.0183
934 287 14 17 0.0183
245 268 8 9 0.0181
23 244 9 11 0.0181
751 294 8 10 0.0181
432 256 6 8 0.0180
83 289 10 13 0.0179
863 261 8 8 0.0179
766 271 8 10 0.0179
708 267 8 10 0.0178
86 289 11 12 0.0177
1007 245 7 8 0.0177
1011 245 7 8 0.0175
216 263 8 10 0.0174
182 238 7 8 0.0172
208 291 8 10 0.0170
213 276 8 9 0.0168
124 258 12 15 0.0167
866 262 8 9 0.0166
894 308 10 12 0.0165
463 266 8 10 0.0165
444 274 7 9 0.0164
267 239 7 9 0.0164
416 269 8 10 0.0164
853 313 18 20 0.0162
535 260 8 10 0.0161
196 246 7 10 0.0160
910 269 7 9 0.0160
158 237 8 10 0.0159
989 285 7 9 0.0158
344 293 12 15 0.0157
261 286 7 8 0.0155
487 281 9 11 0.0155
941 261 6 8 0.0154
218 266 8 9 0.0153
96 233 8 9 0.0152
83 287 9 12 0.0151
112 235 7 9 0.0151
48 235 11 14 0.0150
227 252 7 9 0.0149
499 383 21 33 0.0146
937 281 12 15 0.0145
645 296 7 9 0.0144
160 235 8 9 0.0144
961 267 6 8 0.0143
882 263 7 9 0.0141
784 279 8 9 0.0141
93 232 7 10 0.0140
500 266 8 10 0.0140
398 268 7 8 0.0137
906 286 9 11 0.0135
936 265 8 9 0.0135
910 317 14 16 0.0134
132 237 8 10 0.0132
986 285 7 9 0.0132
854 309 19 23 0.0131
411 269 7 8 0.0130
932 281 11 14 0.0130
626 296 7 8 0.0130
848 264 7 9 0.0128
199 255 7 10 0.0128
671 261 7 9 0.0127
503 263 9 11 0.0127
961 269 6 8 0.0126
770 275 7 10 0.0126
874 262 7 9 0.0125
818 292 7 8 0.0124
724 260 8 10 0.0124
195 255 8 10 0.0124
820 270 8 9 0.0123
674 261 7 9 0.0122
279 275 8 9 0.0121
110 231 6 8 0.0121
399 268 8 11 0.0120
324 241 9 10 0.0119
802 269 8 9 0.0119
189 282 7 9 0.0118
206 292 7 9 0.0117
833 263 6 8 0.0117
901 258 7 8 0.0116
467 246 8 10 0.0116
974 265 7 8 0.0115
323 247 9 10 0.0114
175 252 8 11 0.0113
192 281 7 10 0.0113
374 245 7 10 0.0112
828 261 7 10 0.0112
243 269 7 9 0.0111
710 255 8 11 0.0110
831 261 7 10 0.0109
640 246 7 8 0.0107
804 273 7 9 0.0107
224 251 7 10 0.0106
481 279 9 10 0.0106
977 266 7 8 0.0105
705 266 9 10 0.0104
447 275 8 9 0.0104
179 253 7 10 0.0104
909 287 10 13 0.0104
132 238 10 11 0.0103
446 269 7 10 0.0103
951 310 12 16 0.0102
92 231 8 9 0.0101
396 268 7 9 0.0101
418 284 10 12 0.0101
482 285 8 9 0.0101
933 266 7 8 0.0101
