2_Demonstration_Political_Rally_2_117
168
589 193 31 42 0.8619
839 203 26 35 0.8443
380 213 28 34 0.8433
792 213 23 26 0.8425
63 195 20 27 0.8124
635 201 21 31 0.8119
731 217 25 36 0.8095
287 194 21 30 0.7960
24 203 21 25 0.7890
807 188 13 16 0.7113
957 191 22 28 0.6889
877 191 21 41 0.6182
781 202 13 17 0.6032
124 214 14 24 0.5506
411 207 17 23 0.5225
144 208 13 19 0.4679
477 192 11 13 0.4488
452 194 11 16 0.4043
480 191 10 14 0.3662
173 196 10 14 0.3568
455 195 10 14 0.3543
176 197 10 13 0.3523
699 207 18 28 0.3172
533 192 9 13 0.3149
373 182 8 11 0.2932
371 182 8 11 0.2844
795 193 10 13 0.2786
487 176 9 12 0.2738
527 190 8 11 0.2326
484 176 9 12 0.2094
513 194 7 10 0.2040
729 184 7 10 0.1993
415 207 15 23 0.1963
510 194 8 10 0.1952
396 190 7 10 0.1925
398 189 8 11 0.1797
206 195 8 14 0.1766
265 213 13 18 0.1750
745 195 8 10 0.1619
143 207 13 20 0.1531
262 213 13 18 0.1520
719 189 7 8 0.1495
727 185 7 9 0.1348
538 225 19 24 0.1346
546 187 8 9 0.1335
525 190 7 10 0.1288
543 186 7 11 0.1246
625 192 13 21 0.1237
121 214 15 24 0.1158
407 185 7 9 0.1142
730 185 7 9 0.1112
403 189 9 11 0.1101
422 187 9 11 0.1068
361 198 9 13 0.1052
268 186 11 16 0.1036
552 185 6 9 0.0969
763 183 5 6 0.0940
683 230 11 18 0.0937
420 187 8 8 0.0930
779 203 11 15 0.0907
147 209 12 18 0.0892
209 196 8 13 0.0886
717 189 6 8 0.0873
410 207 15 22 0.0810
695 206 17 27 0.0781
398 188 6 10 0.0764
1 203 9 16 0.0762
686 230 12 18 0.0761
810 188 12 16 0.0755
524 190 7 9 0.0754
749 226 16 26 0.0737
359 197 8 12 0.0733
738 180 6 7 0.0701
147 206 11 18 0.0685
543 187 9 11 0.0682
872 200 19 32 0.0679
268 184 10 14 0.0676
771 182 5 7 0.0666
485 175 9 11 0.0662
525 191 7 10 0.0660
265 187 11 15 0.0640
699 206 14 21 0.0613
375 183 7 10 0.0602
543 226 16 23 0.0583
770 184 6 7 0.0581
873 197 17 33 0.0536
376 183 7 10 0.0528
395 190 8 10 0.0525
356 198 11 13 0.0501
727 186 8 9 0.0484
419 187 8 11 0.0478
364 198 9 14 0.0455
583 193 10 14 0.0454
694 191 8 10 0.0454
203 195 9 13 0.0448
739 180 4 6 0.0439
736 180 5 6 0.0426
693 185 6 7 0.0423
773 184 7 8 0.0417
747 193 7 8 0.0417
473 174 7 8 0.0417
715 188 6 7 0.0409
208 197 8 14 0.0397
556 183 6 9 0.0383
696 208 17 24 0.0383
744 195 11 14 0.0382
868 189 9 15 0.0381
531 194 9 11 0.0380
962 191 19 26 0.0369
265 185 9 12 0.0369
774 182 5 7 0.0359
515 195 7 9 0.0357
350 189 8 11 0.0346
696 206 14 21 0.0336
537 194 9 10 0.0328
748 192 8 9 0.0321
695 189 7 9 0.0318
81 223 13 17 0.0316
349 188 7 8 0.0302
684 183 5 8 0.0300
265 186 10 15 0.0299
750 231 17 24 0.0283
84 222 11 15 0.0279
348 188 8 11 0.0275
509 195 8 11 0.0255
475 192 9 11 0.0245
370 184 8 11 0.0242
81 221 11 15 0.0224
770 181 5 6 0.0222
762 182 5 6 0.0209
798 190 8 11 0.0208
85 224 13 16 0.0208
871 172 6 7 0.0202
788 193 12 15 0.0195
897 158 5 7 0.0190
690 189 8 12 0.0190
95 228 10 13 0.0186
141 185 7 11 0.0182
127 216 13 23 0.0169
3 204 12 17 0.0167
764 204 11 14 0.0164
203 198 10 12 0.0163
138 185 8 11 0.0160
880 179 12 18 0.0159
868 172 6 7 0.0159
680 184 7 10 0.0158
540 181 7 8 0.0158
899 158 5 7 0.0157
623 190 12 19 0.0154
487 180 9 10 0.0152
142 186 8 11 0.0147
684 233 12 18 0.0143
346 190 9 11 0.0136
260 207 13 18 0.0134
415 207 14 21 0.0130
483 174 8 10 0.0128
823 176 8 8 0.0121
793 177 6 7 0.0119
617 191 16 25 0.0117
580 215 14 17 0.0115
805 189 12 14 0.0115
263 210 13 19 0.0115
778 204 14 20 0.0115
687 233 14 18 0.0114
139 186 10 13 0.0114
346 188 7 8 0.0113
871 172 6 8 0.0107
264 208 13 19 0.0104
