2_Demonstration_Political_Rally_2_659
58
37 245 103 115 0.8942
511 196 128 139 0.8719
962 245 62 79 0.8700
193 276 35 44 0.8413
164 289 27 30 0.8330
731 237 50 60 0.8280
0 328 30 35 0.8145
368 272 20 26 0.7961
233 282 26 46 0.7489
408 278 16 20 0.7426
455 265 57 71 0.7127
133 290 26 30 0.4478
2 292 18 24 0.4294
5 292 18 24 0.4175
256 250 28 37 0.3971
891 228 16 22 0.3710
735 205 10 12 0.3100
739 205 9 12 0.3085
450 264 16 21 0.3018
768 216 34 56 0.2263
888 227 17 24 0.1886
234 283 25 45 0.1770
0 327 29 36 0.1709
731 239 49 58 0.1188
23 306 16 24 0.1154
769 217 36 60 0.0924
452 262 24 31 0.0898
33 313 20 36 0.0891
24 308 18 28 0.0805
144 290 18 24 0.0654
722 239 14 27 0.0633
905 224 18 26 0.0604
724 237 25 37 0.0528
456 266 50 66 0.0492
905 223 12 14 0.0428
0 362 7 27 0.0394
30 309 18 38 0.0386
345 277 10 15 0.0339
447 267 11 16 0.0308
866 258 22 53 0.0265
256 250 26 36 0.0261
339 277 11 16 0.0255
452 270 17 19 0.0245
766 216 30 52 0.0237
722 238 18 33 0.0234
132 291 27 30 0.0233
436 279 12 13 0.0191
704 234 11 16 0.0185
437 289 13 15 0.0177
897 227 15 23 0.0169
894 230 16 23 0.0159
445 263 16 23 0.0148
343 275 10 14 0.0142
27 320 18 30 0.0133
771 220 41 58 0.0115
760 220 36 56 0.0114
148 284 16 21 0.0112
254 251 29 41 0.0101
