2_Demonstration_Demonstrators_2_314
81
414 258 27 31 0.7908
112 260 27 31 0.7740
128 297 31 40 0.7606
259 270 26 31 0.7542
68 326 30 40 0.7310
204 267 29 35 0.6948
95 479 34 72 0.6114
608 357 31 64 0.6060
381 279 22 34 0.6031
218 683 40 67 0.5841
66 228 24 30 0.5725
14 387 30 54 0.5605
241 386 34 53 0.4925
193 329 28 43 0.4418
880 399 23 48 0.4155
139 360 34 56 0.3827
749 351 23 41 0.3712
532 249 19 29 0.3019
484 298 24 41 0.2571
767 298 26 33 0.2408
768 297 30 39 0.2391
218 685 40 64 0.1981
6 315 22 39 0.1728
236 386 36 54 0.1718
527 249 19 28 0.1392
190 330 27 42 0.1090
135 362 35 54 0.0882
0 314 15 49 0.0824
387 278 19 35 0.0818
489 297 20 39 0.0745
16 479 23 46 0.0736
659 279 22 33 0.0698
609 354 34 69 0.0695
489 298 21 41 0.0661
747 351 18 39 0.0647
172 389 27 47 0.0624
186 287 17 26 0.0600
570 305 27 38 0.0594
0 321 12 43 0.0562
11 479 26 48 0.0548
0 307 15 50 0.0523
57 289 25 29 0.0499
883 400 26 48 0.0495
181 287 19 26 0.0450
654 280 20 32 0.0413
59 291 27 31 0.0304
0 254 18 28 0.0302
278 301 22 28 0.0286
539 250 19 29 0.0274
92 482 35 69 0.0271
3 313 24 39 0.0264
187 289 19 30 0.0260
0 308 21 54 0.0246
4 478 35 56 0.0221
180 290 22 29 0.0219
525 305 16 35 0.0216
0 252 14 24 0.0215
658 275 21 35 0.0210
536 246 20 30 0.0191
278 303 26 30 0.0188
281 299 28 32 0.0186
573 304 30 38 0.0186
25 387 24 54 0.0174
313 332 25 38 0.0170
0 300 9 41 0.0159
876 400 18 45 0.0153
745 347 18 41 0.0146
66 289 24 29 0.0145
387 277 19 33 0.0138
182 286 23 30 0.0127
134 261 22 25 0.0125
67 292 26 33 0.0124
337 290 20 25 0.0124
766 295 20 29 0.0123
50 288 24 28 0.0121
474 301 27 39 0.0120
5 385 35 57 0.0119
572 310 27 35 0.0109
314 336 24 39 0.0109
54 289 28 33 0.0106
15 404 30 48 0.0103
