2_Demonstration_Protesters_2_54
79
21 210 23 29 0.8341
419 98 18 24 0.8174
521 67 17 22 0.8100
150 207 24 28 0.8084
599 138 20 25 0.8028
316 141 19 23 0.7871
394 74 14 22 0.7708
678 125 20 24 0.7562
334 64 17 20 0.7487
410 267 25 29 0.7331
17 160 19 25 0.7238
440 134 19 23 0.6541
296 84 14 20 0.6334
814 105 18 22 0.6206
227 162 21 23 0.5913
526 136 19 22 0.5415
171 160 18 25 0.5364
870 135 17 22 0.5132
364 78 16 17 0.4819
173 160 18 25 0.4374
685 162 20 24 0.4265
549 60 14 18 0.4080
225 161 22 24 0.3915
872 136 17 21 0.3771
362 77 16 17 0.3496
89 57 10 11 0.3305
525 135 19 23 0.2980
86 57 10 11 0.2961
949 55 10 13 0.2761
176 49 8 10 0.2640
172 49 8 10 0.2518
354 231 21 19 0.2472
74 97 13 16 0.2440
281 54 11 13 0.2160
951 55 10 13 0.2043
551 61 14 17 0.1962
438 133 18 23 0.1579
810 106 17 21 0.1487
298 84 14 20 0.1406
338 64 15 19 0.1395
278 54 10 13 0.1296
947 55 10 13 0.1192
70 96 14 17 0.1021
151 55 7 10 0.0883
147 55 8 11 0.0808
142 166 19 23 0.0768
169 160 19 26 0.0763
281 51 10 11 0.0753
146 165 21 25 0.0743
528 135 19 23 0.0543
155 68 8 8 0.0513
150 53 7 9 0.0503
173 50 8 10 0.0454
146 53 8 10 0.0437
662 108 19 24 0.0413
279 51 9 11 0.0389
858 97 12 18 0.0385
177 50 8 9 0.0354
545 61 15 19 0.0309
554 59 11 17 0.0285
683 162 19 23 0.0262
1002 71 6 9 0.0257
547 143 16 22 0.0248
612 120 16 23 0.0241
874 135 17 21 0.0226
390 74 15 22 0.0224
859 101 13 17 0.0218
14 160 20 24 0.0215
146 66 8 8 0.0209
16 160 19 25 0.0190
1000 72 6 8 0.0182
86 59 10 11 0.0182
76 100 13 16 0.0138
530 137 18 21 0.0137
350 232 21 18 0.0134
156 65 7 9 0.0127
862 97 11 16 0.0124
819 106 16 21 0.0121
334 103 15 20 0.0102
