2_Demonstration_Demonstration_Or_Protest_2_438
26
467 544 59 76 0.8711
451 266 48 59 0.8578
450 266 49 60 0.1424
746 503 13 19 0.1359
750 503 12 19 0.0884
318 499 12 14 0.0376
879 496 13 17 0.0293
875 496 13 16 0.0247
895 544 21 24 0.0236
81 583 23 35 0.0233
901 544 18 23 0.0216
315 499 11 13 0.0213
689 575 15 31 0.0206
58 606 20 48 0.0198
947 505 16 20 0.0198
76 581 25 39 0.0174
885 520 12 15 0.0156
867 510 14 18 0.0153
845 501 14 19 0.0152
891 582 23 39 0.0150
956 506 12 17 0.0137
392 498 10 13 0.0125
388 499 10 12 0.0118
844 499 13 17 0.0111
0 498 8 15 0.0105
867 514 14 16 0.0102
