2_Demonstration_Demonstrators_2_378
195
201 403 59 64 0.8698
221 495 62 77 0.8690
105 466 63 70 0.8673
598 420 48 51 0.8668
155 266 38 45 0.8645
500 521 71 53 0.8606
674 332 47 55 0.8605
307 277 39 43 0.8564
434 309 37 49 0.8536
609 330 47 55 0.8508
87 295 49 48 0.8503
265 357 53 56 0.8476
222 243 35 47 0.8475
502 300 49 50 0.8472
495 417 51 65 0.8462
753 422 44 50 0.8422
943 402 51 61 0.8416
811 491 58 68 0.8402
508 361 42 51 0.8400
536 258 34 45 0.8374
765 318 37 39 0.8336
866 334 34 39 0.8316
361 225 31 37 0.8300
550 376 40 51 0.8281
482 208 33 40 0.8277
327 466 44 54 0.8272
100 207 32 30 0.8251
571 238 30 32 0.8250
437 468 60 63 0.8164
647 495 59 72 0.8154
193 190 26 34 0.8140
414 193 36 35 0.8136
154 205 32 34 0.8133
397 239 34 34 0.8125
284 291 31 39 0.8098
649 263 36 35 0.8095
645 434 49 59 0.8090
713 405 38 48 0.8071
389 331 42 50 0.8036
754 369 43 44 0.8032
0 307 26 63 0.7946
14 205 34 36 0.7913
903 354 39 41 0.7913
371 290 38 41 0.7893
330 220 28 36 0.7891
104 137 26 30 0.7868
1004 215 20 25 0.7855
209 135 24 28 0.7847
949 227 26 32 0.7827
601 271 33 30 0.7802
738 285 30 38 0.7789
264 224 35 39 0.7766
928 206 25 27 0.7702
889 208 22 26 0.7619
696 495 51 59 0.7579
159 168 25 27 0.7541
95 249 32 33 0.7484
312 169 23 26 0.7457
811 267 33 40 0.7385
726 454 41 49 0.7245
186 376 39 52 0.7007
925 174 23 26 0.6955
137 302 27 48 0.6878
960 153 19 25 0.6727
835 396 39 44 0.6601
902 405 38 52 0.6329
2 274 39 49 0.6015
1014 129 10 26 0.5532
139 199 21 25 0.5142
255 424 37 53 0.4726
344 193 24 28 0.4439
1006 554 18 22 0.3830
617 241 27 29 0.3731
293 197 21 23 0.3713
937 331 29 27 0.3623
0 203 8 31 0.3398
649 299 29 35 0.3369
137 199 20 25 0.3189
480 297 24 28 0.3154
1006 553 18 23 0.3116
347 193 23 27 0.3106
616 554 62 21 0.3025
651 299 29 34 0.2518
425 294 28 35 0.2495
44 185 28 31 0.2126
904 142 20 27 0.1696
964 154 17 24 0.1643
424 295 24 30 0.1618
488 327 21 30 0.1467
298 198 19 22 0.1281
911 133 15 16 0.1248
811 491 58 68 0.1195
869 460 37 45 0.1161
901 405 38 53 0.1114
0 193 7 32 0.1049
1017 130 7 26 0.0973
42 183 28 31 0.0860
491 323 23 35 0.0823
905 146 19 26 0.0708
0 132 12 27 0.0640
1008 402 16 52 0.0627
923 174 23 26 0.0606
747 259 24 27 0.0586
1013 407 11 51 0.0538
915 134 14 15 0.0509
612 242 29 29 0.0486
262 425 39 55 0.0469
1013 185 11 21 0.0450
897 142 20 28 0.0439
140 302 26 49 0.0438
0 133 15 32 0.0430
856 444 46 48 0.0417
154 240 30 33 0.0411
900 148 17 23 0.0408
1018 352 6 36 0.0400
942 109 16 19 0.0391
861 444 44 48 0.0388
52 187 23 28 0.0367
838 393 45 47 0.0335
1016 190 8 23 0.0335
292 198 24 27 0.0332
910 83 12 16 0.0324
849 555 50 20 0.0320
1019 306 5 42 0.0309
847 393 47 45 0.0309
651 300 27 30 0.0299
11 147 23 28 0.0293
1018 282 6 38 0.0288
426 290 26 28 0.0285
188 371 40 46 0.0282
1016 277 8 42 0.0282
485 323 22 33 0.0281
937 340 31 22 0.0270
620 555 64 20 0.0256
902 140 19 25 0.0255
862 460 40 48 0.0249
945 331 26 25 0.0249
839 277 23 29 0.0247
1000 197 17 20 0.0246
1000 552 24 24 0.0236
1018 297 6 48 0.0225
937 109 16 19 0.0215
847 395 50 48 0.0210
741 259 26 26 0.0201
1009 394 15 51 0.0191
0 307 27 65 0.0190
694 0 28 20 0.0189
629 243 21 26 0.0189
1014 417 10 49 0.0186
1009 128 15 30 0.0183
1008 238 14 26 0.0178
1 128 22 34 0.0177
0 204 12 35 0.0174
864 453 41 47 0.0171
1 201 15 33 0.0171
1017 90 7 26 0.0165
1017 97 7 26 0.0163
19 150 17 23 0.0160
1008 187 16 21 0.0158
631 14 14 16 0.0155
991 401 30 49 0.0148
857 448 46 52 0.0147
1019 150 5 23 0.0144
923 101 10 13 0.0143
16 129 21 24 0.0140
632 2 21 25 0.0139
0 189 13 34 0.0137
751 295 31 35 0.0137
924 103 11 13 0.0137
11 142 23 29 0.0128
944 113 17 19 0.0124
11 128 22 27 0.0124
421 298 29 38 0.0123
51 184 24 27 0.0122
912 142 17 24 0.0121
1000 237 20 24 0.0119
836 272 24 31 0.0119
1018 354 6 45 0.0118
744 262 26 29 0.0117
1018 83 6 21 0.0117
665 500 47 64 0.0116
634 12 17 18 0.0115
936 113 19 21 0.0115
878 461 31 42 0.0114
137 154 22 24 0.0112
0 186 7 31 0.0111
294 189 21 21 0.0110
914 83 11 15 0.0107
262 427 43 57 0.0106
36 181 29 32 0.0106
892 164 18 25 0.0104
1017 344 7 40 0.0103
0 121 16 23 0.0102
754 256 26 29 0.0102
17 146 19 23 0.0100
