2_Demonstration_Demonstration_Or_Protest_2_159
57
585 342 52 73 0.8803
824 349 99 100 0.8737
427 185 43 53 0.8650
268 373 55 62 0.8615
670 383 32 41 0.8430
529 414 32 38 0.8139
563 391 28 36 0.7879
957 318 67 92 0.7761
290 198 20 24 0.7384
216 417 16 22 0.6677
241 399 22 33 0.5538
173 163 51 56 0.5476
785 309 52 69 0.4888
463 380 18 24 0.4316
172 163 53 57 0.4055
326 393 22 40 0.3416
467 380 17 24 0.3191
787 311 48 66 0.3082
124 397 22 42 0.1566
330 399 19 34 0.1403
219 417 15 22 0.1049
245 397 22 37 0.0996
941 356 23 41 0.0995
339 398 17 29 0.0951
48 388 18 23 0.0810
326 390 17 30 0.0789
130 399 24 40 0.0445
370 400 14 18 0.0416
116 398 24 43 0.0399
218 395 11 14 0.0373
935 356 24 40 0.0370
318 386 22 35 0.0340
122 394 21 43 0.0332
416 195 27 39 0.0296
942 356 25 43 0.0272
316 387 27 44 0.0234
128 395 24 42 0.0232
649 399 15 22 0.0226
230 385 15 18 0.0225
219 397 11 14 0.0216
948 347 38 53 0.0206
215 395 13 18 0.0199
231 384 12 14 0.0192
51 393 16 21 0.0165
215 395 10 13 0.0157
960 336 26 31 0.0152
947 356 37 51 0.0146
943 367 24 39 0.0132
933 360 27 41 0.0132
201 450 16 23 0.0130
645 398 15 22 0.0124
173 391 17 24 0.0120
366 397 15 22 0.0115
362 399 17 21 0.0110
211 399 11 15 0.0105
45 391 15 20 0.0102
237 385 13 16 0.0100
