2_Demonstration_Demonstration_Or_Protest_2_58
285
43 239 61 65 0.8917
303 299 50 69 0.8878
450 314 56 73 0.8876
768 271 45 56 0.8853
163 299 54 71 0.8817
785 445 67 77 0.8810
0 168 28 46 0.8797
654 313 51 78 0.8792
287 382 58 85 0.8790
701 246 39 50 0.8719
28 511 102 112 0.8719
88 151 37 37 0.8707
965 282 50 53 0.8679
334 180 34 41 0.8677
838 172 35 39 0.8634
317 222 40 47 0.8623
590 173 34 41 0.8610
152 111 32 33 0.8584
148 158 31 36 0.8582
868 242 40 51 0.8569
182 88 23 26 0.8551
943 195 35 44 0.8506
314 123 27 33 0.8478
160 231 47 52 0.8447
775 192 34 38 0.8426
580 564 48 84 0.8406
384 293 41 51 0.8383
625 266 38 52 0.8232
907 324 37 55 0.8194
826 142 22 29 0.8048
46 42 19 20 0.7931
125 50 16 19 0.7919
984 147 28 30 0.7712
465 172 29 35 0.7698
112 84 19 21 0.7633
864 117 25 29 0.7570
0 53 11 17 0.7556
515 174 24 31 0.7389
689 48 17 20 0.7314
161 51 16 18 0.7190
632 104 20 25 0.7188
78 81 18 25 0.7149
248 242 46 58 0.7004
509 78 16 20 0.6920
12 82 16 20 0.6781
210 68 19 24 0.6648
769 33 13 18 0.6453
586 247 39 45 0.6442
104 52 18 21 0.6441
389 129 23 29 0.6244
515 231 46 60 0.5915
72 117 20 31 0.5809
690 170 31 34 0.5804
430 184 25 31 0.5261
165 441 56 57 0.5229
350 61 13 18 0.4905
692 2 10 11 0.4903
694 77 17 20 0.4882
365 155 22 30 0.4813
546 94 14 22 0.4550
516 231 45 60 0.4350
326 1 9 12 0.4238
457 56 13 19 0.4144
241 5 9 12 0.4143
1002 223 22 30 0.3970
691 128 17 21 0.3950
745 14 9 12 0.3789
350 37 11 15 0.3778
696 77 17 20 0.3758
329 1 9 12 0.3654
266 91 16 21 0.3624
243 5 9 12 0.3550
674 2 8 12 0.3454
296 1 9 11 0.3365
211 68 19 24 0.3340
353 61 13 18 0.3306
543 95 14 21 0.3283
255 38 12 17 0.3277
672 2 8 12 0.3187
745 52 13 18 0.3138
461 3 10 11 0.3062
459 3 9 11 0.3045
471 120 19 27 0.3039
821 4 10 11 0.2994
781 147 17 26 0.2951
469 119 19 26 0.2894
434 232 19 35 0.2698
252 74 14 17 0.2504
252 72 13 16 0.2487
11 63 12 14 0.2426
743 14 9 12 0.2360
1010 4 10 12 0.2118
454 57 13 18 0.2083
249 75 14 16 0.2029
208 1 9 11 0.2018
771 33 14 18 0.1990
168 441 54 55 0.1990
294 0 10 12 0.1986
866 95 15 19 0.1979
706 1 8 10 0.1937
818 4 10 11 0.1930
849 89 13 18 0.1923
107 53 18 20 0.1902
538 5 9 12 0.1801
746 13 10 13 0.1750
535 5 10 12 0.1743
353 37 10 15 0.1695
718 13 8 11 0.1622
784 2 11 10 0.1608
823 4 10 11 0.1536
211 2 8 10 0.1521
783 0 10 9 0.1469
704 1 8 9 0.1456
207 0 9 10 0.1431
715 13 8 11 0.1373
779 145 18 26 0.1351
984 147 29 30 0.1299
11 61 11 13 0.1260
295 60 10 15 0.1252
1007 4 10 11 0.1246
716 11 8 12 0.1245
349 36 10 15 0.1161
210 0 9 11 0.1160
787 0 9 9 0.1127
286 2 9 11 0.1093
148 81 15 18 0.1084
998 222 24 31 0.1054
298 1 9 11 0.1014
433 231 19 34 0.0994
438 185 20 30 0.0978
576 130 19 23 0.0960
686 28 8 10 0.0933
353 36 9 14 0.0902
788 2 9 10 0.0900
852 90 12 19 0.0893
67 118 21 31 0.0864
1 87 12 21 0.0843
253 38 10 16 0.0833
642 76 12 16 0.0830
359 8 9 11 0.0823
549 76 13 15 0.0810
250 73 12 15 0.0796
1000 0 9 7 0.0794
524 125 15 24 0.0786
297 63 9 13 0.0772
689 28 8 10 0.0763
358 0 9 8 0.0719
159 51 17 18 0.0690
690 1 9 12 0.0662
263 92 13 19 0.0655
355 0 9 8 0.0651
146 81 13 17 0.0623
747 52 16 18 0.0618
266 6 7 10 0.0601
262 6 8 11 0.0597
548 73 12 15 0.0596
299 60 8 14 0.0596
704 26 8 11 0.0582
866 99 20 23 0.0579
945 118 21 31 0.0558
166 29 11 15 0.0543
972 83 12 22 0.0475
985 5 10 11 0.0474
837 91 13 17 0.0474
298 0 9 11 0.0471
969 81 13 22 0.0467
357 7 9 13 0.0458
945 114 18 27 0.0452
694 126 19 26 0.0422
779 238 34 37 0.0386
294 63 9 13 0.0382
273 125 23 28 0.0369
786 148 14 24 0.0368
579 129 23 27 0.0368
270 89 20 24 0.0367
970 0 9 6 0.0363
439 230 17 33 0.0351
744 50 11 13 0.0350
0 83 11 18 0.0346
689 130 12 18 0.0345
778 238 32 35 0.0338
785 145 15 24 0.0334
1015 89 9 20 0.0319
688 47 16 20 0.0318
923 109 14 14 0.0308
967 84 13 21 0.0304
375 154 15 29 0.0298
257 73 12 16 0.0297
122 47 17 21 0.0290
545 73 12 14 0.0289
709 1 8 10 0.0283
360 99 14 20 0.0280
579 132 20 26 0.0274
628 103 22 27 0.0274
205 2 9 9 0.0273
546 76 12 16 0.0272
849 85 12 18 0.0271
967 0 9 6 0.0269
781 1 10 11 0.0268
419 177 26 33 0.0264
939 188 22 30 0.0260
853 85 12 16 0.0255
999 0 8 7 0.0251
1018 128 6 23 0.0251
868 95 17 19 0.0249
645 76 12 16 0.0249
128 38 12 14 0.0234
332 67 11 15 0.0232
822 3 11 11 0.0232
210 0 10 11 0.0230
941 187 23 28 0.0227
263 3 8 11 0.0226
361 10 8 10 0.0225
850 92 14 19 0.0222
465 119 16 24 0.0222
299 62 9 14 0.0220
163 29 11 15 0.0220
531 127 12 20 0.0218
159 440 59 60 0.0216
357 10 8 11 0.0211
965 80 15 23 0.0209
938 186 17 21 0.0206
82 82 17 24 0.0204
17 82 14 19 0.0202
506 78 16 20 0.0201
292 1 9 11 0.0200
698 26 9 11 0.0198
1010 140 14 28 0.0197
362 5 8 12 0.0195
596 247 33 44 0.0189
579 133 30 33 0.0185
263 125 24 30 0.0184
693 2 9 11 0.0183
669 55 13 18 0.0174
323 67 12 16 0.0174
944 108 14 20 0.0173
546 75 12 16 0.0170
817 114 15 22 0.0169
262 93 16 20 0.0168
1007 2 10 10 0.0168
703 172 23 28 0.0167
150 87 21 22 0.0160
719 17 9 10 0.0159
440 232 17 34 0.0158
1014 82 10 22 0.0148
292 1 10 12 0.0146
160 96 23 24 0.0145
774 146 20 27 0.0141
1017 109 7 24 0.0135
268 95 18 21 0.0132
1018 97 6 20 0.0129
725 49 12 16 0.0126
945 18 10 12 0.0125
336 41 9 11 0.0125
747 50 14 17 0.0125
110 84 18 21 0.0125
465 121 20 26 0.0122
248 242 46 58 0.0122
163 29 11 13 0.0119
946 115 22 30 0.0118
258 71 12 16 0.0117
994 217 25 34 0.0117
363 99 16 20 0.0116
929 109 13 15 0.0114
282 2 8 10 0.0114
640 74 12 16 0.0113
968 0 8 8 0.0112
686 177 30 34 0.0112
778 243 39 46 0.0110
1013 89 11 25 0.0109
941 114 12 19 0.0109
264 133 25 30 0.0107
257 127 16 25 0.0106
293 60 10 14 0.0106
466 119 20 29 0.0106
476 120 17 24 0.0106
942 18 10 13 0.0104
361 3 9 12 0.0103
772 34 13 17 0.0103
880 160 23 28 0.0103
1007 3 11 12 0.0103
385 129 21 27 0.0101
986 221 26 29 0.0101
358 97 13 20 0.0101
447 92 13 20 0.0100
