2_Demonstration_Protesters_2_148
25
708 253 100 136 0.8933
393 380 90 119 0.8840
333 140 62 88 0.8795
609 241 56 66 0.8640
971 173 53 106 0.8639
672 220 57 86 0.8305
406 205 35 44 0.8267
153 225 31 42 0.8252
475 193 48 56 0.8096
48 229 23 40 0.7069
553 253 17 30 0.4188
476 193 48 55 0.3807
84 247 22 26 0.3627
556 253 19 30 0.2729
54 229 19 40 0.1286
948 231 10 13 0.0611
949 233 10 11 0.0606
946 234 9 10 0.0330
946 232 9 11 0.0305
957 222 13 22 0.0281
961 229 13 19 0.0276
189 248 10 13 0.0159
394 380 88 120 0.0136
551 252 16 29 0.0127
189 245 9 13 0.0101
