2_Demonstration_Demonstration_Or_Protest_2_471
23
174 165 94 125 0.8810
585 282 64 83 0.8799
749 221 72 94 0.8762
1008 274 16 63 0.8261
420 258 56 90 0.8230
648 331 47 56 0.7902
86 149 59 96 0.7806
219 413 35 43 0.6876
206 478 26 46 0.4683
373 518 27 37 0.4300
414 516 28 36 0.3027
432 455 30 35 0.2478
239 482 33 50 0.1835
391 463 29 37 0.1450
590 495 26 31 0.0629
819 449 27 31 0.0410
474 460 25 36 0.0323
450 511 28 39 0.0312
620 497 29 38 0.0296
268 437 23 39 0.0269
642 349 44 52 0.0194
349 170 28 28 0.0147
0 267 17 86 0.0124
