2_Demonstration_Demonstration_Or_Protest_2_644
113
101 237 30 38 0.8205
232 63 26 34 0.8099
147 181 24 33 0.8080
822 277 23 30 0.8056
879 310 28 34 0.7978
851 270 22 27 0.7673
933 275 22 27 0.7607
174 172 22 29 0.7498
658 270 26 34 0.7301
716 245 22 34 0.7070
365 245 23 30 0.7018
403 242 20 26 0.7004
768 287 27 34 0.6958
429 230 21 30 0.6699
332 89 20 29 0.6542
21 31 20 25 0.6475
656 293 26 35 0.6265
646 236 19 25 0.6002
511 247 19 23 0.4979
562 276 25 33 0.4942
473 159 18 21 0.3661
837 140 18 25 0.3459
835 140 19 26 0.3300
293 237 17 22 0.3163
570 120 18 23 0.3020
564 275 26 35 0.2773
445 278 22 26 0.2733
525 148 18 23 0.2619
643 235 19 26 0.2506
834 141 17 24 0.2481
385 242 15 24 0.2286
212 46 17 19 0.2280
566 120 18 23 0.2269
446 281 23 28 0.2155
550 245 20 25 0.1834
517 273 24 29 0.1804
208 47 16 18 0.1703
767 286 26 34 0.1344
654 293 24 35 0.1310
530 148 17 24 0.1083
336 89 18 29 0.1031
784 258 18 23 0.1009
18 32 18 24 0.0828
964 276 24 28 0.0826
548 243 20 23 0.0779
782 247 19 29 0.0747
785 245 23 32 0.0727
786 256 21 26 0.0675
450 277 22 26 0.0661
508 245 18 23 0.0647
470 157 17 21 0.0627
496 163 17 22 0.0536
581 251 19 26 0.0504
960 284 22 25 0.0496
966 282 24 25 0.0483
960 277 21 27 0.0459
479 274 20 23 0.0447
1010 292 13 25 0.0421
577 251 20 27 0.0414
554 245 19 25 0.0398
1011 297 13 29 0.0351
474 274 19 23 0.0343
579 260 20 26 0.0339
554 242 18 23 0.0307
378 245 20 28 0.0301
386 240 17 24 0.0298
478 160 16 21 0.0296
359 245 24 30 0.0291
513 272 23 29 0.0290
838 141 18 25 0.0284
515 247 20 24 0.0282
28 30 19 24 0.0263
980 276 20 26 0.0260
1018 257 6 30 0.0257
570 263 26 30 0.0253
780 242 18 28 0.0243
602 255 18 23 0.0227
440 281 23 27 0.0203
1016 252 8 28 0.0195
602 259 20 25 0.0194
487 315 19 24 0.0190
569 118 17 22 0.0190
538 196 18 22 0.0184
209 49 20 23 0.0183
491 315 19 23 0.0181
519 277 25 31 0.0171
537 189 18 25 0.0168
291 232 17 24 0.0162
235 217 18 23 0.0160
970 277 23 27 0.0158
785 241 21 31 0.0156
267 286 18 25 0.0154
513 249 21 26 0.0140
405 242 20 26 0.0139
232 219 20 23 0.0129
386 248 17 24 0.0129
469 158 17 23 0.0127
520 150 18 24 0.0126
493 160 15 21 0.0122
238 219 18 23 0.0119
496 167 18 22 0.0119
523 144 17 22 0.0117
606 255 19 22 0.0116
425 232 20 28 0.0112
606 258 21 27 0.0111
430 308 22 26 0.0108
566 122 21 26 0.0107
544 196 16 21 0.0104
1015 305 9 29 0.0104
515 275 23 30 0.0104
1004 292 16 24 0.0103
267 296 18 27 0.0103
211 43 16 19 0.0102
