2_Demonstration_Protesters_2_779
36
0 345 116 143 0.8947
975 418 46 51 0.8854
551 394 87 110 0.8797
613 230 29 38 0.8265
733 368 77 93 0.8133
700 436 25 33 0.7674
105 417 56 79 0.6824
932 411 15 21 0.6503
859 341 14 18 0.4214
914 422 21 28 0.2423
909 423 23 28 0.2103
914 423 19 25 0.1153
935 411 15 21 0.0995
862 417 24 29 0.0715
451 419 29 44 0.0636
908 421 21 27 0.0495
437 417 36 50 0.0470
854 420 25 30 0.0467
863 341 13 17 0.0447
851 423 29 33 0.0279
873 419 17 22 0.0207
964 427 17 22 0.0207
899 422 13 19 0.0197
963 427 15 17 0.0189
861 415 28 36 0.0179
447 413 31 47 0.0176
273 371 24 29 0.0175
846 413 34 42 0.0174
437 425 34 45 0.0165
859 421 27 31 0.0164
920 422 19 24 0.0162
860 407 25 34 0.0147
931 425 16 21 0.0140
439 413 34 47 0.0121
904 422 21 27 0.0119
844 427 25 28 0.0111
