2_Demonstration_Demonstrators_2_290
93
507 564 91 106 0.8884
171 369 83 83 0.8727
728 508 55 69 0.8723
860 470 53 59 0.8711
413 144 75 107 0.8632
698 163 65 96 0.8597
636 483 44 37 0.8498
457 504 25 30 0.8050
19 495 23 25 0.7914
379 507 18 21 0.7760
482 492 18 19 0.7197
361 507 13 15 0.4190
702 488 11 12 0.3801
413 514 15 19 0.3274
412 504 13 17 0.3157
938 450 21 19 0.3058
936 449 21 21 0.2845
416 514 15 19 0.2300
516 503 9 12 0.2282
566 510 15 14 0.1882
1009 444 15 120 0.1786
415 505 13 17 0.1551
514 503 10 12 0.1547
569 509 15 16 0.1308
271 384 18 22 0.1289
518 504 10 11 0.1243
518 503 9 11 0.1109
1013 458 11 113 0.1029
699 489 10 10 0.0950
542 505 9 10 0.0727
704 489 10 12 0.0680
359 507 10 13 0.0600
1014 444 10 128 0.0574
426 491 9 13 0.0558
53 529 18 22 0.0553
565 513 18 18 0.0551
544 505 10 11 0.0509
541 504 8 10 0.0507
273 384 17 20 0.0505
415 503 12 17 0.0443
56 529 19 24 0.0429
429 491 9 12 0.0407
290 415 17 19 0.0401
425 490 9 11 0.0393
1014 436 10 123 0.0382
701 490 10 10 0.0373
259 379 11 13 0.0371
57 520 16 20 0.0360
1013 479 11 80 0.0355
54 522 15 18 0.0345
926 453 11 16 0.0340
364 506 12 15 0.0339
549 487 8 8 0.0333
893 458 19 27 0.0326
412 503 10 14 0.0319
361 489 10 9 0.0304
270 383 18 21 0.0298
273 385 17 20 0.0291
487 495 15 17 0.0288
381 495 15 17 0.0268
542 504 10 11 0.0265
252 472 18 18 0.0265
1014 431 10 108 0.0264
545 503 8 10 0.0246
428 490 9 11 0.0243
619 493 7 8 0.0241
249 473 24 26 0.0238
287 429 21 25 0.0235
567 512 22 21 0.0227
678 487 15 13 0.0214
617 491 9 9 0.0212
365 489 10 10 0.0203
546 487 8 8 0.0198
938 449 19 19 0.0197
1012 433 12 80 0.0183
29 629 16 18 0.0183
987 448 8 10 0.0172
491 493 11 15 0.0172
284 430 18 23 0.0169
517 502 10 13 0.0165
292 391 13 17 0.0157
404 496 10 14 0.0146
568 507 14 14 0.0142
32 628 17 20 0.0135
575 487 12 10 0.0127
54 523 20 25 0.0126
242 471 28 31 0.0125
924 448 12 18 0.0123
371 507 16 20 0.0116
706 488 11 11 0.0114
888 460 28 39 0.0104
383 491 11 12 0.0103
783 479 16 15 0.0100
