2_Demonstration_Political_Rally_2_204
204
465 393 9 12 0.3527
497 399 9 12 0.3000
500 399 9 12 0.2951
468 393 9 12 0.2950
55 405 11 15 0.2846
767 386 10 13 0.2790
443 396 8 12 0.2701
59 406 11 14 0.2597
408 391 10 13 0.2518
763 386 10 13 0.2463
447 396 7 12 0.2420
138 434 10 13 0.2416
423 393 8 11 0.2283
405 391 9 13 0.2281
135 434 10 13 0.2257
1003 386 9 11 0.2040
1000 386 9 10 0.1994
420 392 8 11 0.1832
230 437 9 12 0.1821
341 398 9 11 0.1771
338 398 8 11 0.1660
226 437 10 12 0.1583
407 390 10 13 0.1385
386 395 9 11 0.1285
837 392 7 11 0.1199
168 431 8 10 0.1184
662 390 7 11 0.1117
202 428 9 11 0.1111
841 392 7 10 0.1064
404 390 9 12 0.1062
659 390 7 11 0.0968
382 395 9 11 0.0896
237 362 5 6 0.0891
165 431 8 10 0.0874
924 389 8 11 0.0840
813 396 7 9 0.0834
810 395 7 9 0.0817
188 428 8 10 0.0803
178 426 7 8 0.0797
234 362 6 7 0.0793
205 429 8 11 0.0793
189 359 5 6 0.0762
660 391 7 12 0.0760
193 359 4 6 0.0745
926 390 7 10 0.0734
419 393 8 11 0.0718
664 391 7 11 0.0711
244 436 7 9 0.0700
191 429 8 10 0.0681
187 430 8 9 0.0659
151 429 7 10 0.0655
274 401 8 11 0.0655
939 385 7 10 0.0651
674 391 8 10 0.0633
840 385 7 9 0.0631
999 386 7 10 0.0606
153 430 7 11 0.0595
125 364 6 6 0.0553
278 401 8 12 0.0551
232 362 6 6 0.0546
444 395 8 11 0.0545
837 390 7 11 0.0522
524 400 8 10 0.0510
117 428 8 10 0.0507
384 394 8 10 0.0500
942 385 8 10 0.0495
122 364 5 6 0.0488
147 429 8 11 0.0484
120 430 9 9 0.0480
994 376 7 9 0.0451
872 386 8 9 0.0441
191 358 5 6 0.0435
233 439 8 10 0.0429
250 426 7 10 0.0417
806 388 8 10 0.0415
853 369 6 7 0.0412
991 376 6 8 0.0409
497 401 8 11 0.0407
677 392 8 9 0.0401
850 368 6 8 0.0400
873 370 6 7 0.0396
839 383 6 8 0.0396
848 368 6 7 0.0374
922 389 7 10 0.0372
141 439 7 9 0.0360
227 440 9 10 0.0357
253 426 8 10 0.0355
127 364 5 7 0.0353
137 437 9 11 0.0350
642 381 7 9 0.0345
214 416 6 8 0.0344
862 388 7 9 0.0339
188 358 5 6 0.0338
870 370 5 7 0.0337
276 403 7 11 0.0336
496 397 9 11 0.0328
137 439 8 10 0.0326
211 417 6 8 0.0323
387 394 8 10 0.0321
521 322 5 6 0.0321
716 409 7 10 0.0313
527 400 8 10 0.0311
674 391 8 11 0.0310
713 409 7 10 0.0309
798 387 8 11 0.0305
922 391 7 9 0.0305
228 418 7 8 0.0296
812 394 7 9 0.0291
852 368 5 7 0.0290
1003 386 9 10 0.0286
502 400 8 11 0.0284
518 321 4 6 0.0272
236 363 5 6 0.0260
639 381 7 9 0.0254
769 386 9 11 0.0249
1003 388 8 9 0.0247
122 365 6 6 0.0243
864 389 6 9 0.0238
105 422 7 10 0.0236
824 404 7 9 0.0221
876 387 8 10 0.0219
926 389 8 10 0.0219
230 419 7 9 0.0211
26 401 9 13 0.0210
809 395 7 10 0.0209
927 390 7 10 0.0207
167 432 7 9 0.0201
134 430 10 12 0.0196
184 426 7 9 0.0195
129 421 8 9 0.0194
692 410 8 11 0.0194
280 403 8 12 0.0191
859 388 7 10 0.0191
232 437 8 10 0.0191
317 395 8 13 0.0189
977 410 8 10 0.0187
875 386 7 10 0.0186
254 429 7 9 0.0184
101 422 8 10 0.0183
237 362 5 6 0.0182
828 406 7 9 0.0177
241 418 7 8 0.0171
105 422 7 9 0.0168
876 389 7 10 0.0168
463 392 9 12 0.0166
835 393 7 9 0.0161
381 394 8 10 0.0160
444 394 7 11 0.0158
640 380 7 8 0.0158
252 421 7 9 0.0155
750 407 7 10 0.0154
207 427 7 9 0.0153
481 394 8 11 0.0152
525 403 7 9 0.0151
27 404 9 12 0.0150
519 321 5 5 0.0149
345 400 7 9 0.0148
165 427 7 8 0.0148
467 393 10 11 0.0146
689 410 7 10 0.0146
196 422 7 9 0.0146
805 385 7 8 0.0145
746 406 8 10 0.0144
893 378 7 10 0.0142
765 389 9 11 0.0142
516 321 5 6 0.0142
981 409 8 11 0.0141
339 397 9 11 0.0140
321 394 8 13 0.0140
1006 388 8 9 0.0137
176 423 7 8 0.0137
896 378 7 10 0.0136
638 381 6 8 0.0135
822 419 7 9 0.0134
233 360 6 7 0.0130
113 367 5 6 0.0129
524 399 7 9 0.0129
340 400 8 10 0.0129
852 369 6 7 0.0128
295 404 9 13 0.0126
467 392 9 12 0.0123
937 384 7 9 0.0121
183 401 7 9 0.0119
648 375 7 9 0.0119
111 366 5 6 0.0117
185 403 7 8 0.0117
714 408 7 9 0.0117
770 386 10 12 0.0117
103 421 7 9 0.0116
711 408 7 9 0.0116
529 402 8 10 0.0114
770 388 9 11 0.0113
444 398 7 10 0.0112
87 433 8 9 0.0112
192 359 5 6 0.0111
971 369 6 8 0.0109
819 420 7 9 0.0105
0 212 7 29 0.0105
91 433 7 9 0.0105
745 403 8 11 0.0103
830 415 7 9 0.0103
245 424 7 9 0.0102
136 427 8 9 0.0100
872 371 6 8 0.0100
