2_Demonstration_Political_Rally_2_301
217
677 320 18 21 0.4913
675 319 17 21 0.2037
28 266 8 9 0.1858
605 265 9 12 0.1674
490 266 8 11 0.1556
477 266 8 10 0.1512
608 265 9 12 0.1505
176 239 9 11 0.1501
470 243 6 9 0.1495
24 266 8 9 0.1494
180 238 9 12 0.1489
473 243 7 9 0.1371
471 306 8 10 0.1364
494 267 8 11 0.1338
475 306 7 10 0.1312
410 291 11 13 0.1301
335 280 12 14 0.1201
643 273 11 14 0.1126
686 263 10 12 0.1094
690 263 10 12 0.1086
168 277 8 10 0.1075
524 261 11 13 0.1057
141 271 7 10 0.1051
408 292 9 11 0.0992
181 270 8 10 0.0970
129 230 9 13 0.0870
345 253 11 12 0.0845
322 252 10 12 0.0829
688 287 12 16 0.0825
163 276 8 11 0.0777
32 267 7 10 0.0765
431 260 9 12 0.0764
339 281 11 13 0.0757
683 288 12 15 0.0737
408 248 9 12 0.0730
387 262 8 10 0.0725
417 311 9 11 0.0695
404 249 9 11 0.0685
411 277 11 13 0.0674
435 260 8 12 0.0673
630 274 9 12 0.0665
433 259 9 11 0.0662
406 246 9 12 0.0627
642 270 11 14 0.0624
156 238 7 9 0.0621
48 236 9 11 0.0617
505 269 9 12 0.0615
126 230 8 12 0.0614
430 259 9 10 0.0613
143 272 7 10 0.0594
51 235 10 12 0.0592
419 309 9 12 0.0590
310 315 11 13 0.0587
553 268 9 12 0.0585
647 274 11 13 0.0574
488 243 8 8 0.0564
367 262 10 11 0.0559
184 271 7 9 0.0553
414 290 9 12 0.0544
457 261 8 12 0.0542
184 268 9 11 0.0537
504 271 8 11 0.0535
421 311 9 11 0.0531
501 254 9 11 0.0528
415 277 10 12 0.0489
461 261 8 12 0.0487
403 247 9 12 0.0475
50 232 10 12 0.0467
124 270 7 11 0.0460
389 262 8 11 0.0459
372 261 9 12 0.0454
522 259 11 13 0.0428
626 272 10 11 0.0416
372 256 10 13 0.0411
342 253 10 12 0.0411
598 277 9 12 0.0406
126 271 7 11 0.0405
646 271 11 13 0.0404
556 268 9 11 0.0402
508 271 8 11 0.0396
541 275 10 14 0.0395
313 316 11 12 0.0394
541 271 9 12 0.0389
158 272 8 11 0.0388
347 258 9 11 0.0387
456 259 9 11 0.0359
338 240 10 11 0.0359
47 232 9 12 0.0358
412 296 9 10 0.0351
25 264 8 10 0.0345
434 305 9 11 0.0341
208 251 8 11 0.0339
110 267 7 11 0.0335
337 284 11 12 0.0335
412 294 9 11 0.0334
385 260 9 11 0.0331
152 237 7 10 0.0324
645 271 11 14 0.0322
593 277 11 13 0.0317
493 267 8 11 0.0315
164 275 9 11 0.0313
151 239 7 9 0.0309
317 253 9 11 0.0307
367 256 10 13 0.0304
409 296 8 10 0.0298
139 271 8 11 0.0297
321 249 10 12 0.0293
310 259 9 11 0.0290
626 272 9 12 0.0289
133 233 9 11 0.0287
30 267 7 10 0.0287
341 258 10 11 0.0287
473 244 7 9 0.0285
178 237 8 11 0.0283
476 267 7 10 0.0279
131 233 9 13 0.0269
478 306 9 11 0.0264
415 275 9 11 0.0261
472 309 8 9 0.0260
106 267 8 9 0.0258
341 284 9 12 0.0258
569 278 9 13 0.0256
122 272 7 10 0.0251
177 271 8 11 0.0251
477 308 7 10 0.0249
480 268 7 9 0.0249
256 244 10 12 0.0247
184 270 7 10 0.0245
544 271 10 13 0.0240
343 252 9 11 0.0240
546 274 10 13 0.0240
320 256 9 10 0.0236
319 251 10 11 0.0236
666 285 8 11 0.0235
493 268 7 10 0.0234
201 283 7 10 0.0234
463 257 8 11 0.0233
437 309 7 9 0.0228
625 273 8 12 0.0228
520 260 10 11 0.0227
663 284 9 10 0.0226
127 234 8 11 0.0225
410 266 10 12 0.0223
596 265 10 12 0.0222
301 251 9 12 0.0220
523 265 10 11 0.0218
184 241 9 11 0.0217
472 304 8 11 0.0211
211 252 8 11 0.0208
356 233 9 11 0.0207
199 286 6 8 0.0204
389 241 9 11 0.0202
573 279 9 12 0.0192
21 264 7 9 0.0190
689 261 9 11 0.0189
471 245 7 9 0.0188
344 240 11 12 0.0180
483 316 8 10 0.0180
175 237 8 10 0.0177
370 254 8 10 0.0176
353 233 9 11 0.0175
549 283 9 11 0.0171
470 288 7 10 0.0170
397 251 9 10 0.0170
608 264 8 10 0.0168
439 306 8 10 0.0167
603 266 9 12 0.0166
673 321 17 20 0.0166
211 249 9 11 0.0166
181 241 9 10 0.0165
795 297 15 18 0.0165
203 249 8 11 0.0164
206 249 8 11 0.0163
488 244 7 9 0.0162
149 219 8 10 0.0159
131 229 8 11 0.0158
203 286 6 8 0.0153
109 268 8 10 0.0150
352 275 8 12 0.0149
331 279 10 13 0.0148
538 277 9 13 0.0147
405 276 10 11 0.0145
388 265 8 10 0.0145
685 261 9 11 0.0142
604 264 8 11 0.0138
337 239 8 9 0.0136
370 264 8 11 0.0135
235 246 8 11 0.0134
467 288 8 11 0.0132
695 287 10 14 0.0131
146 219 8 11 0.0131
569 270 9 11 0.0130
410 248 8 11 0.0130
491 243 7 9 0.0130
31 268 7 9 0.0127
545 282 8 12 0.0124
357 234 9 11 0.0122
259 245 10 11 0.0121
209 260 8 10 0.0120
487 250 8 10 0.0120
495 290 8 11 0.0118
338 276 11 13 0.0117
528 259 9 12 0.0117
34 269 7 9 0.0114
570 274 9 12 0.0114
492 290 8 11 0.0114
561 302 9 11 0.0114
309 249 9 11 0.0114
427 275 9 12 0.0111
295 250 9 12 0.0111
307 259 8 11 0.0110
659 284 8 11 0.0109
555 301 10 11 0.0104
259 246 10 12 0.0104
23 235 8 9 0.0102
687 285 11 14 0.0101
220 258 8 9 0.0101
