2_Demonstration_Demonstrators_2_306
60
209 367 11 14 0.2171
213 368 10 13 0.1903
243 369 11 14 0.1574
154 418 12 16 0.1282
0 381 7 11 0.1138
191 361 11 16 0.1064
239 369 11 14 0.0896
190 358 11 15 0.0862
187 362 11 15 0.0862
162 420 13 17 0.0773
271 365 9 12 0.0751
148 415 13 19 0.0750
39 376 9 11 0.0676
334 373 12 18 0.0651
37 375 9 10 0.0629
213 366 9 10 0.0604
24 370 9 10 0.0603
35 376 9 12 0.0601
21 368 9 12 0.0571
210 365 8 11 0.0539
112 414 13 17 0.0490
187 358 10 14 0.0480
270 364 8 10 0.0459
142 406 13 19 0.0434
167 425 10 13 0.0422
269 365 9 12 0.0367
273 365 9 13 0.0353
333 373 10 14 0.0340
0 480 14 23 0.0329
66 372 9 12 0.0299
240 371 11 13 0.0292
246 371 10 13 0.0281
162 425 10 14 0.0276
211 369 11 15 0.0258
1 353 10 17 0.0232
273 363 8 10 0.0223
109 414 13 17 0.0219
36 376 9 11 0.0216
161 421 12 16 0.0203
210 371 11 14 0.0191
66 374 10 12 0.0181
240 373 9 12 0.0173
0 378 5 12 0.0172
2 379 8 11 0.0171
0 401 5 26 0.0168
189 432 9 13 0.0159
332 374 11 16 0.0158
56 368 8 10 0.0152
6 359 11 15 0.0139
50 394 10 13 0.0138
45 386 9 11 0.0136
168 333 10 12 0.0131
87 369 8 10 0.0131
268 366 9 12 0.0129
74 370 8 10 0.0129
336 372 14 19 0.0128
62 374 10 11 0.0120
214 371 10 13 0.0118
372 358 18 26 0.0115
22 367 9 11 0.0107
