2_Demonstration_Demonstrators_2_486
24
553 404 66 89 0.8719
373 384 93 127 0.8660
150 461 59 51 0.8308
261 368 58 80 0.8253
926 320 43 69 0.8098
197 421 37 47 0.6018
1000 275 17 21 0.5585
27 262 13 16 0.3565
1003 274 17 23 0.3529
25 260 12 16 0.2388
29 260 12 15 0.0525
30 262 12 16 0.0487
25 263 11 15 0.0316
197 421 37 49 0.0198
151 463 55 49 0.0177
1014 478 10 34 0.0170
1010 462 14 50 0.0170
1000 347 24 52 0.0148
995 353 25 45 0.0136
29 261 13 15 0.0135
374 384 92 127 0.0129
1006 353 18 45 0.0120
1010 340 14 32 0.0118
1003 335 21 39 0.0109
