2_Demonstration_Protesters_2_163
240
220 123 36 45 0.7854
49 175 20 24 0.7809
80 206 23 26 0.6307
506 265 26 24 0.6177
538 123 12 16 0.5752
101 194 15 20 0.5724
963 13 22 24 0.5125
307 161 13 16 0.4961
615 109 12 14 0.4922
553 326 34 48 0.4796
160 183 17 25 0.4631
962 13 21 24 0.4578
499 122 12 14 0.4522
366 152 15 20 0.4456
524 116 12 15 0.4300
590 123 11 14 0.4146
866 70 11 13 0.3789
542 527 55 44 0.3486
691 149 11 13 0.3407
369 152 15 20 0.3388
863 70 10 13 0.3375
528 184 13 17 0.3286
641 113 10 13 0.3199
427 131 12 16 0.3158
600 105 11 13 0.3124
157 184 17 23 0.3096
680 164 10 13 0.3036
688 149 11 13 0.2925
905 128 9 11 0.2887
901 128 10 12 0.2865
280 159 14 16 0.2728
413 136 13 16 0.2722
905 59 9 11 0.2650
558 120 10 13 0.2633
593 123 10 14 0.2626
931 52 9 13 0.2577
644 114 10 13 0.2554
527 117 11 15 0.2523
497 122 11 14 0.2514
561 120 10 13 0.2500
920 58 9 12 0.2346
471 133 10 13 0.2340
574 115 11 14 0.2337
13 206 11 15 0.2326
850 74 10 11 0.2279
126 199 16 18 0.2203
430 131 12 15 0.2199
755 161 10 11 0.2191
772 92 9 12 0.2142
928 53 9 12 0.2038
897 77 11 13 0.1997
902 59 9 12 0.1983
775 92 9 11 0.1970
602 105 10 14 0.1878
305 161 12 15 0.1837
849 148 10 11 0.1824
505 265 26 23 0.1778
682 164 10 12 0.1755
618 109 11 14 0.1703
518 108 11 13 0.1675
256 168 17 21 0.1666
853 148 9 11 0.1664
15 207 11 15 0.1651
531 184 14 17 0.1598
354 141 12 14 0.1566
750 127 8 10 0.1482
678 164 10 12 0.1450
747 127 8 10 0.1437
598 105 10 13 0.1420
598 106 11 13 0.1349
427 130 11 15 0.1329
455 135 12 15 0.1318
351 140 11 15 0.1295
767 121 10 12 0.1283
901 77 10 12 0.1236
430 130 11 15 0.1107
759 114 8 10 0.1087
275 161 12 13 0.1061
255 166 14 16 0.1045
807 115 10 13 0.1044
737 166 9 12 0.1029
458 134 12 15 0.1025
608 492 64 42 0.0987
609 495 56 35 0.0985
99 193 15 19 0.0959
484 137 10 13 0.0914
572 117 11 13 0.0906
447 124 14 17 0.0900
789 148 9 11 0.0886
418 142 14 17 0.0854
401 139 11 14 0.0832
785 148 10 12 0.0831
516 107 10 12 0.0825
520 107 10 12 0.0821
999 23 14 15 0.0815
741 166 9 11 0.0815
454 128 13 15 0.0782
559 118 10 14 0.0770
17 206 10 14 0.0761
756 113 8 10 0.0717
125 193 13 14 0.0709
415 139 14 16 0.0704
773 93 9 12 0.0668
613 121 11 13 0.0661
811 115 9 13 0.0655
767 117 10 12 0.0653
613 494 54 34 0.0648
415 142 13 16 0.0629
459 143 12 15 0.0624
467 133 10 12 0.0612
754 152 11 14 0.0579
78 205 23 27 0.0561
806 146 9 10 0.0558
543 115 11 14 0.0548
12 208 10 13 0.0543
750 156 11 14 0.0542
776 93 9 12 0.0538
122 192 11 13 0.0500
280 157 13 15 0.0496
587 122 11 13 0.0489
804 112 10 12 0.0487
310 162 13 15 0.0476
803 145 9 10 0.0476
132 200 14 18 0.0471
723 105 8 11 0.0455
788 92 8 9 0.0449
899 78 11 13 0.0431
694 150 9 12 0.0421
719 105 9 11 0.0414
129 205 16 19 0.0412
852 72 10 12 0.0400
608 500 59 46 0.0399
402 143 11 13 0.0395
18 208 11 15 0.0393
765 128 8 10 0.0389
804 107 9 11 0.0366
757 111 9 9 0.0363
130 196 14 18 0.0362
456 143 11 15 0.0349
809 118 10 12 0.0349
615 483 52 43 0.0344
724 106 9 12 0.0343
12 207 10 12 0.0336
904 57 8 11 0.0335
738 169 9 12 0.0332
523 118 11 14 0.0322
541 122 12 14 0.0321
802 145 10 11 0.0318
556 119 10 13 0.0313
785 146 10 11 0.0312
104 194 16 20 0.0312
741 168 9 11 0.0308
557 326 37 47 0.0291
848 146 9 11 0.0290
346 163 11 14 0.0287
257 163 19 24 0.0282
852 146 10 12 0.0282
608 482 55 45 0.0281
713 114 9 11 0.0281
593 122 10 13 0.0272
719 137 10 12 0.0269
443 123 12 14 0.0265
769 120 10 11 0.0265
785 112 10 12 0.0264
851 146 9 11 0.0264
714 116 8 9 0.0259
468 135 11 14 0.0256
497 122 11 14 0.0255
806 116 10 12 0.0254
755 147 10 11 0.0251
901 58 8 10 0.0250
285 161 13 16 0.0247
515 146 11 13 0.0245
607 496 68 58 0.0242
896 77 10 12 0.0238
262 169 14 18 0.0231
784 155 10 12 0.0223
1014 35 9 13 0.0208
895 80 10 12 0.0208
35 183 14 17 0.0208
749 128 8 10 0.0207
101 206 14 20 0.0206
488 138 10 13 0.0204
850 75 9 11 0.0203
679 165 9 11 0.0198
399 135 9 11 0.0194
751 125 8 11 0.0193
519 146 10 12 0.0191
504 121 12 14 0.0191
398 142 10 14 0.0191
904 61 9 11 0.0188
542 109 10 12 0.0188
720 108 10 13 0.0187
998 42 12 13 0.0185
352 143 11 15 0.0184
565 198 15 15 0.0182
849 73 10 11 0.0179
902 78 9 12 0.0176
932 53 10 13 0.0168
774 92 10 12 0.0164
752 162 9 11 0.0164
643 114 10 12 0.0164
310 162 13 16 0.0163
135 206 13 17 0.0161
758 148 9 11 0.0160
239 152 15 23 0.0155
671 331 29 39 0.0154
1004 23 10 14 0.0154
792 146 10 11 0.0153
847 74 8 11 0.0152
723 136 9 12 0.0151
812 119 9 13 0.0150
545 111 10 11 0.0149
694 149 9 12 0.0147
853 76 8 10 0.0145
519 144 10 13 0.0140
542 524 56 46 0.0139
792 93 8 11 0.0136
413 135 11 13 0.0133
644 116 9 12 0.0129
343 135 10 13 0.0127
446 119 10 14 0.0127
286 157 11 14 0.0124
784 148 9 11 0.0122
807 119 9 12 0.0122
1002 21 14 14 0.0120
365 153 14 19 0.0119
618 112 11 13 0.0118
343 163 10 13 0.0117
321 168 11 13 0.0116
816 152 9 11 0.0114
1006 104 7 9 0.0113
573 194 13 14 0.0113
755 111 8 9 0.0110
711 118 9 10 0.0108
276 165 12 14 0.0107
517 141 11 14 0.0106
342 164 12 15 0.0105
108 195 13 17 0.0103
759 160 9 12 0.0103
