2_Demonstration_Protesters_2_884
37
935 422 89 141 0.8815
524 153 31 37 0.8332
366 84 21 29 0.8237
891 179 32 43 0.8236
700 45 22 31 0.8097
516 220 34 35 0.8047
585 91 23 25 0.7828
35 79 20 22 0.6694
669 262 23 50 0.5780
1015 138 9 35 0.4492
668 261 21 52 0.4482
292 98 13 19 0.4035
201 90 14 22 0.3513
724 194 26 25 0.2420
294 99 14 18 0.2140
872 162 21 27 0.1958
198 91 13 21 0.1764
552 68 14 14 0.1507
1017 139 7 35 0.1017
870 161 20 26 0.0625
769 340 39 62 0.0479
556 68 13 14 0.0475
873 160 23 27 0.0468
874 162 24 30 0.0422
404 192 17 20 0.0396
0 80 7 26 0.0383
298 99 11 17 0.0369
289 100 14 17 0.0329
144 248 34 42 0.0274
767 339 29 65 0.0273
290 98 12 18 0.0251
400 191 19 21 0.0243
205 89 16 22 0.0186
0 83 8 29 0.0126
550 65 13 14 0.0108
549 67 12 15 0.0104
1017 131 7 33 0.0101
