2_Demonstration_Political_Rally_2_83
325
884 567 110 117 0.8902
227 265 70 89 0.8814
601 496 95 132 0.8776
2 396 87 100 0.8711
403 303 89 121 0.8710
290 568 108 116 0.8673
888 159 49 55 0.8652
179 156 48 57 0.8595
625 388 92 99 0.8590
880 333 81 89 0.8562
95 615 108 67 0.8533
175 390 75 93 0.8512
233 120 40 55 0.8459
118 528 109 107 0.8432
675 610 110 72 0.8355
563 295 71 74 0.8340
95 291 69 80 0.8339
982 439 42 115 0.8321
169 0 31 37 0.8276
501 211 58 68 0.8271
74 218 54 62 0.8254
447 116 40 48 0.8224
220 59 35 48 0.8224
208 226 54 73 0.8191
812 134 39 51 0.8179
559 81 34 39 0.8158
46 181 46 62 0.8092
399 108 36 44 0.8065
327 166 49 59 0.8049
736 378 75 99 0.8045
475 84 37 41 0.8001
204 109 31 40 0.7967
111 78 40 50 0.7914
1 71 35 42 0.7891
428 33 29 35 0.7776
265 19 24 31 0.7776
928 201 44 51 0.7744
950 161 53 52 0.7639
381 153 37 44 0.7572
628 65 28 33 0.7535
289 32 33 40 0.7492
0 152 18 61 0.7445
825 60 29 42 0.7417
386 64 31 33 0.7383
41 289 35 53 0.7291
750 20 23 27 0.7220
474 17 27 28 0.7215
404 198 51 58 0.7209
376 93 34 39 0.7154
789 121 36 43 0.7012
556 188 30 38 0.7002
11 125 48 61 0.6882
814 39 28 32 0.6840
310 70 29 38 0.6693
740 154 51 60 0.6516
465 181 54 67 0.6276
919 0 23 25 0.6023
669 50 27 31 0.5715
883 76 35 40 0.5682
130 171 44 52 0.5600
234 10 26 33 0.5538
972 82 35 46 0.5422
348 35 26 32 0.5297
976 227 48 75 0.5089
996 98 28 52 0.4951
475 46 20 24 0.4229
947 13 27 33 0.4078
778 41 26 30 0.4046
807 257 44 56 0.3964
945 12 27 34 0.3929
869 27 26 34 0.3912
625 244 49 52 0.3881
870 28 26 33 0.3870
586 20 22 23 0.3791
251 65 24 36 0.3642
940 79 28 40 0.3525
77 41 32 35 0.3351
587 196 50 56 0.3226
511 374 64 93 0.3219
617 241 58 58 0.3150
605 58 24 27 0.3116
508 0 29 24 0.3019
0 255 28 77 0.2977
346 34 24 33 0.2977
478 46 19 24 0.2895
569 41 18 25 0.2838
0 40 7 39 0.2588
993 126 29 40 0.2430
670 21 23 27 0.2409
528 48 33 41 0.2353
565 41 19 26 0.2338
37 61 31 42 0.2178
0 325 8 81 0.2132
201 52 23 29 0.2022
608 25 22 25 0.2018
413 0 23 18 0.2001
498 43 22 29 0.1982
781 42 27 29 0.1913
589 55 21 25 0.1884
670 100 27 31 0.1741
374 238 47 55 0.1724
465 180 54 69 0.1673
7 27 25 30 0.1651
35 62 29 39 0.1616
61 139 38 44 0.1602
0 329 10 84 0.1596
502 43 23 30 0.1523
981 30 26 31 0.1522
0 257 27 71 0.1516
499 44 23 30 0.1511
702 110 34 43 0.1458
118 41 27 35 0.1425
830 17 22 24 0.1407
604 60 28 31 0.1364
826 337 42 49 0.1351
257 66 22 34 0.1341
466 183 56 67 0.1337
698 29 26 32 0.1333
999 127 25 36 0.1331
0 39 11 50 0.1318
965 80 38 50 0.1213
760 94 31 38 0.1179
789 121 36 42 0.1176
341 15 27 35 0.1163
797 255 54 61 0.1148
413 0 26 21 0.1103
607 25 20 22 0.1071
692 3 20 25 0.1065
0 111 16 40 0.1050
72 13 20 26 0.1022
743 187 46 64 0.0987
760 84 27 30 0.0956
703 27 30 33 0.0903
759 89 30 36 0.0852
267 2 22 26 0.0842
410 1 24 20 0.0821
668 93 30 36 0.0818
801 24 18 20 0.0768
981 32 27 31 0.0767
988 30 22 28 0.0764
117 41 32 40 0.0736
601 59 27 32 0.0704
0 319 6 81 0.0699
502 43 27 33 0.0694
940 78 31 46 0.0683
669 25 26 31 0.0658
242 187 40 49 0.0644
0 321 12 97 0.0632
99 20 26 31 0.0619
98 23 28 35 0.0596
342 30 24 33 0.0587
232 11 24 31 0.0580
818 0 22 15 0.0574
994 96 30 59 0.0568
356 0 22 11 0.0552
695 2 21 27 0.0547
822 0 23 15 0.0520
873 130 38 51 0.0511
593 208 50 49 0.0510
372 238 49 63 0.0503
1011 53 13 31 0.0498
601 58 24 27 0.0496
590 201 52 52 0.0494
7 23 25 29 0.0486
6 33 27 35 0.0458
348 9 23 26 0.0446
385 426 44 68 0.0437
700 30 29 34 0.0436
605 26 18 22 0.0426
747 186 51 64 0.0411
71 53 33 42 0.0402
1 109 14 35 0.0389
113 45 30 38 0.0383
794 21 22 24 0.0381
445 61 28 37 0.0379
804 409 89 99 0.0376
335 132 42 50 0.0375
301 2 18 20 0.0356
594 108 50 55 0.0342
343 10 24 28 0.0342
989 129 34 43 0.0336
835 18 20 24 0.0324
268 1 20 19 0.0323
0 36 6 33 0.0321
0 111 17 57 0.0321
347 14 24 32 0.0299
880 128 33 43 0.0299
701 110 33 42 0.0295
114 41 26 33 0.0291
76 53 28 38 0.0291
256 0 16 10 0.0291
622 39 23 27 0.0287
589 205 46 48 0.0283
749 79 32 33 0.0282
965 76 34 44 0.0282
372 249 45 60 0.0279
740 77 27 30 0.0275
72 12 18 21 0.0271
872 128 38 46 0.0266
0 145 21 67 0.0265
246 187 32 34 0.0259
750 185 43 52 0.0256
667 22 23 25 0.0253
399 75 30 34 0.0253
447 61 28 37 0.0249
665 25 26 29 0.0247
123 328 48 58 0.0247
203 58 26 31 0.0247
390 15 22 25 0.0236
991 106 33 53 0.0232
666 50 26 29 0.0227
528 56 32 37 0.0227
103 514 40 63 0.0224
339 130 38 41 0.0219
361 0 22 13 0.0217
103 521 42 69 0.0216
746 182 40 56 0.0214
123 115 31 40 0.0210
628 207 40 39 0.0205
748 0 18 17 0.0204
95 0 28 25 0.0203
45 182 47 62 0.0203
252 67 25 35 0.0202
882 132 37 48 0.0201
272 1 19 18 0.0200
390 2 24 21 0.0199
993 113 31 56 0.0198
590 17 20 24 0.0198
336 129 40 44 0.0197
271 3 21 24 0.0197
617 204 58 57 0.0197
634 204 41 41 0.0194
378 57 24 31 0.0193
34 65 32 40 0.0193
982 17 26 32 0.0193
990 21 20 26 0.0190
1015 56 9 39 0.0189
983 0 20 14 0.0187
23 0 25 29 0.0180
14 29 21 27 0.0180
692 6 24 30 0.0179
802 31 20 27 0.0178
531 46 29 34 0.0178
704 30 32 35 0.0174
102 24 30 35 0.0171
102 20 26 32 0.0169
745 184 59 66 0.0169
235 7 23 31 0.0169
588 50 20 22 0.0169
22 528 48 57 0.0169
1019 6 5 23 0.0168
625 190 42 47 0.0168
1003 129 20 41 0.0168
95 0 24 18 0.0168
966 72 32 38 0.0166
694 31 19 28 0.0164
363 0 25 22 0.0164
895 11 22 25 0.0163
790 7 23 22 0.0163
253 130 34 46 0.0160
212 51 26 35 0.0160
610 2 17 19 0.0159
944 10 22 27 0.0158
509 102 21 30 0.0157
533 21 19 21 0.0155
737 184 55 67 0.0151
587 196 45 55 0.0149
593 198 54 57 0.0149
692 1 17 19 0.0148
587 55 27 29 0.0147
409 0 23 19 0.0145
296 1 20 22 0.0144
1 101 35 47 0.0144
339 132 39 47 0.0141
739 155 53 59 0.0137
587 22 23 24 0.0135
671 17 20 22 0.0133
898 9 21 25 0.0132
665 47 22 25 0.0132
611 28 25 29 0.0131
895 6 23 28 0.0131
911 283 58 56 0.0128
252 123 34 48 0.0126
0 100 31 51 0.0125
753 87 32 36 0.0124
238 188 45 58 0.0124
19 517 51 67 0.0123
429 19 29 32 0.0121
0 410 30 84 0.0120
535 50 29 38 0.0119
862 129 42 50 0.0118
539 45 27 30 0.0118
589 103 48 58 0.0117
694 29 25 34 0.0117
126 113 38 47 0.0116
587 188 47 57 0.0116
443 67 31 40 0.0115
302 0 16 14 0.0114
209 48 27 34 0.0114
987 221 37 66 0.0114
792 72 21 27 0.0113
693 9 19 26 0.0113
760 104 33 38 0.0112
696 0 18 20 0.0112
980 1 27 29 0.0110
975 28 30 35 0.0110
766 99 30 36 0.0109
386 421 43 79 0.0109
895 283 65 57 0.0109
742 196 46 59 0.0109
752 89 35 40 0.0109
99 29 29 34 0.0108
333 23 26 32 0.0106
0 66 17 47 0.0105
373 50 23 33 0.0104
436 18 24 29 0.0104
660 1 20 20 0.0103
0 34 19 32 0.0103
719 28 20 26 0.0102
520 48 33 38 0.0101
620 35 23 26 0.0101
1009 29 14 28 0.0100
370 259 43 60 0.0100
498 555 70 109 0.0100
935 81 27 42 0.0100
