2_Demonstration_Demonstration_Or_Protest_2_225
604
353 441 16 20 0.7305
445 431 16 19 0.7264
985 502 16 19 0.7197
856 429 15 22 0.6782
320 441 18 23 0.6758
137 411 15 19 0.6135
945 434 15 21 0.5863
257 410 14 18 0.5768
205 452 15 19 0.5645
462 412 14 15 0.5149
662 416 16 17 0.5066
39 406 19 24 0.4611
502 435 15 17 0.4528
919 387 12 14 0.4358
918 409 13 17 0.4269
1015 403 9 19 0.4049
884 436 15 16 0.4036
992 404 12 15 0.3934
763 417 15 17 0.3922
679 425 12 15 0.3836
868 422 13 19 0.3817
848 410 13 17 0.3724
700 425 14 19 0.3688
995 403 12 16 0.3580
882 434 14 16 0.3540
225 437 17 17 0.3450
862 355 10 12 0.3260
819 416 13 16 0.3170
920 409 14 17 0.3158
561 428 16 18 0.3086
801 433 14 18 0.3003
173 424 18 21 0.2985
731 429 15 17 0.2979
588 394 12 13 0.2961
597 345 9 12 0.2890
500 434 15 17 0.2870
594 345 9 12 0.2757
761 417 13 17 0.2732
222 438 15 16 0.2676
916 387 12 14 0.2661
906 364 11 13 0.2630
398 407 13 15 0.2622
866 422 13 17 0.2550
38 404 18 23 0.2516
295 390 12 14 0.2511
358 345 10 12 0.2481
449 354 11 13 0.2462
830 396 12 15 0.2293
270 439 13 16 0.2288
156 378 12 15 0.2249
413 351 10 12 0.2167
865 354 10 13 0.2158
536 342 9 11 0.2124
942 434 16 20 0.2109
585 408 12 15 0.2100
797 433 14 17 0.2095
696 425 14 18 0.2092
273 390 13 15 0.2045
539 342 9 11 0.2005
782 365 11 13 0.1949
383 381 12 14 0.1939
346 346 9 12 0.1937
170 425 17 20 0.1935
890 364 9 12 0.1932
174 419 16 19 0.1865
394 424 12 16 0.1838
810 343 9 11 0.1679
705 349 8 11 0.1673
575 401 12 15 0.1651
675 425 12 15 0.1636
990 383 12 13 0.1578
104 403 15 19 0.1577
416 352 10 13 0.1553
0 417 8 17 0.1547
96 429 17 21 0.1536
453 355 10 12 0.1531
1016 501 8 17 0.1524
701 349 8 11 0.1464
832 397 12 16 0.1445
589 374 12 15 0.1388
329 425 13 17 0.1345
90 429 19 21 0.1336
983 354 12 14 0.1310
893 445 14 17 0.1308
993 384 12 13 0.1296
902 364 11 13 0.1250
391 424 12 16 0.1238
194 390 14 16 0.1227
356 402 13 15 0.1209
324 440 17 24 0.1205
160 378 12 15 0.1203
735 430 16 18 0.1201
803 434 14 18 0.1201
635 407 15 17 0.1154
361 345 10 13 0.1150
826 337 8 10 0.1131
348 347 9 12 0.1130
538 363 12 15 0.1129
276 390 13 16 0.1108
843 339 9 11 0.1098
799 434 14 18 0.1095
344 346 9 12 0.1089
109 403 15 18 0.1088
573 401 11 14 0.1071
407 370 10 12 0.1056
813 343 9 11 0.1049
581 411 13 15 0.1038
461 410 13 16 0.1021
379 341 8 10 0.1016
858 430 15 22 0.1009
224 434 16 19 0.0995
566 359 9 10 0.0989
815 417 11 14 0.0983
326 426 13 16 0.0976
385 354 10 12 0.0976
893 447 15 18 0.0973
866 408 13 15 0.0968
407 391 12 14 0.0950
299 391 11 13 0.0941
586 410 13 15 0.0936
852 411 12 16 0.0926
322 366 12 14 0.0907
344 347 10 12 0.0905
342 367 10 12 0.0895
979 354 12 14 0.0871
666 355 12 13 0.0863
879 354 9 10 0.0833
628 370 9 12 0.0832
1011 499 10 17 0.0829
339 367 10 12 0.0826
587 371 12 15 0.0821
345 415 14 18 0.0814
626 370 8 12 0.0813
570 358 8 11 0.0812
692 381 11 14 0.0802
134 411 14 19 0.0802
1000 517 14 18 0.0801
821 375 11 15 0.0798
114 358 10 13 0.0795
836 436 14 17 0.0770
430 373 10 14 0.0768
367 330 8 11 0.0768
805 359 10 12 0.0767
933 402 12 16 0.0766
42 404 17 22 0.0756
381 381 11 14 0.0754
632 407 13 17 0.0751
659 416 15 17 0.0746
678 294 7 8 0.0746
996 342 10 13 0.0741
261 410 14 18 0.0737
832 353 10 12 0.0729
433 373 11 14 0.0729
843 356 10 12 0.0716
632 411 14 16 0.0716
474 387 11 13 0.0714
917 431 14 18 0.0702
382 341 9 10 0.0701
92 433 19 21 0.0701
847 409 13 16 0.0681
383 372 11 12 0.0676
472 385 11 13 0.0676
636 410 15 17 0.0673
502 352 10 13 0.0671
681 293 6 8 0.0660
365 364 10 13 0.0657
991 385 12 15 0.0656
367 363 11 13 0.0656
921 332 9 11 0.0653
993 342 9 11 0.0651
103 411 17 20 0.0636
770 397 15 18 0.0632
806 361 10 12 0.0627
503 350 8 9 0.0625
703 348 8 11 0.0622
401 407 13 15 0.0615
741 380 10 13 0.0610
142 365 11 15 0.0609
97 433 18 21 0.0608
738 380 10 13 0.0607
802 362 11 13 0.0606
586 374 11 14 0.0598
798 382 11 14 0.0597
585 395 12 14 0.0595
213 355 9 11 0.0594
370 331 8 10 0.0594
257 374 12 13 0.0588
748 365 11 14 0.0584
254 409 14 18 0.0582
920 348 11 12 0.0578
802 359 10 12 0.0576
606 395 10 13 0.0576
534 364 10 13 0.0575
404 390 12 13 0.0575
216 355 9 11 0.0571
751 365 12 15 0.0570
505 351 10 12 0.0565
541 403 15 17 0.0564
768 363 10 13 0.0564
466 412 13 15 0.0562
318 340 10 12 0.0559
1017 408 7 16 0.0559
769 395 13 16 0.0559
773 352 9 13 0.0558
682 380 12 15 0.0556
110 357 10 14 0.0555
826 417 14 17 0.0547
506 350 8 9 0.0547
287 352 10 11 0.0544
545 405 14 16 0.0541
805 380 11 13 0.0537
776 352 10 12 0.0535
918 332 9 11 0.0534
245 352 9 11 0.0534
541 341 8 11 0.0533
934 305 12 15 0.0532
412 349 9 12 0.0531
592 394 10 13 0.0531
855 392 11 15 0.0526
411 371 9 11 0.0523
0 425 10 22 0.0523
778 398 13 16 0.0513
504 434 14 16 0.0512
847 324 9 11 0.0509
391 422 11 14 0.0508
947 351 10 13 0.0506
185 365 11 13 0.0504
574 400 11 14 0.0503
1019 437 5 20 0.0502
602 407 10 14 0.0498
384 385 12 14 0.0497
886 340 8 11 0.0496
362 345 10 12 0.0481
976 423 12 17 0.0481
844 325 8 11 0.0476
662 355 10 12 0.0475
504 436 15 16 0.0474
291 352 10 11 0.0461
814 329 7 9 0.0459
430 413 14 17 0.0458
591 394 11 14 0.0455
829 398 11 15 0.0455
732 434 16 19 0.0455
398 364 9 11 0.0453
544 365 11 14 0.0445
1018 464 6 23 0.0443
267 439 12 16 0.0442
796 385 12 15 0.0441
956 346 9 12 0.0441
330 422 11 14 0.0441
822 417 14 17 0.0440
870 422 13 18 0.0439
314 341 10 12 0.0435
817 328 8 10 0.0435
697 424 14 18 0.0434
1009 501 12 17 0.0431
352 403 12 14 0.0430
388 381 10 14 0.0419
503 359 11 13 0.0418
177 409 15 18 0.0414
388 351 9 11 0.0408
209 452 15 19 0.0408
321 398 11 14 0.0400
471 387 11 13 0.0396
824 375 11 14 0.0395
995 385 12 14 0.0386
254 392 12 14 0.0384
904 366 11 12 0.0382
708 392 12 14 0.0382
828 397 13 16 0.0381
976 421 10 14 0.0381
450 359 11 14 0.0380
903 362 10 13 0.0380
676 425 12 16 0.0378
836 432 13 17 0.0378
274 365 11 13 0.0376
426 414 12 17 0.0375
675 354 11 13 0.0372
567 360 10 11 0.0371
1013 398 10 15 0.0370
851 409 12 16 0.0369
828 396 11 14 0.0369
870 396 12 14 0.0368
927 367 10 13 0.0368
192 398 16 19 0.0366
1018 433 6 19 0.0365
539 389 13 15 0.0364
952 346 9 12 0.0361
189 365 10 13 0.0360
264 332 8 10 0.0359
840 435 13 18 0.0359
448 431 16 19 0.0358
775 395 12 16 0.0356
306 376 10 12 0.0356
955 348 10 12 0.0356
198 389 14 17 0.0352
930 369 10 13 0.0352
342 388 11 15 0.0352
819 355 10 12 0.0351
682 294 6 8 0.0348
628 391 11 15 0.0348
269 351 9 11 0.0346
592 373 11 14 0.0345
434 349 9 11 0.0343
397 413 14 18 0.0343
56 400 12 18 0.0342
1018 351 6 13 0.0338
267 332 9 10 0.0338
328 422 10 14 0.0336
243 352 8 11 0.0335
430 371 11 14 0.0334
563 434 16 21 0.0333
648 379 10 13 0.0333
878 353 9 11 0.0333
567 429 14 17 0.0331
929 372 10 12 0.0331
913 431 13 17 0.0330
278 364 11 14 0.0328
305 369 11 14 0.0326
774 396 13 17 0.0324
1003 516 15 19 0.0323
343 347 10 12 0.0318
339 368 11 13 0.0317
116 360 9 12 0.0315
112 360 10 12 0.0314
148 395 14 18 0.0311
268 436 13 15 0.0310
411 370 10 12 0.0309
594 376 11 13 0.0308
1000 349 11 14 0.0307
852 392 10 15 0.0305
386 375 11 13 0.0304
257 370 11 13 0.0303
275 440 14 18 0.0301
381 386 11 14 0.0301
594 368 11 14 0.0297
176 434 18 21 0.0297
727 426 13 17 0.0295
144 374 12 14 0.0294
318 397 11 14 0.0290
107 401 15 17 0.0289
716 382 11 14 0.0287
636 427 14 17 0.0287
602 410 11 15 0.0287
574 398 10 13 0.0287
929 372 10 12 0.0287
322 372 12 14 0.0286
736 351 9 11 0.0286
651 379 11 13 0.0286
823 374 11 14 0.0286
390 357 10 12 0.0285
676 424 12 14 0.0283
363 346 10 11 0.0282
350 414 13 17 0.0279
427 370 10 13 0.0279
870 333 9 11 0.0277
159 376 11 14 0.0274
779 366 11 14 0.0274
438 349 10 13 0.0271
887 434 12 15 0.0270
557 427 14 18 0.0269
664 377 11 14 0.0269
381 304 8 9 0.0267
339 389 11 14 0.0267
979 424 12 16 0.0262
415 351 10 12 0.0258
544 389 12 14 0.0257
378 304 7 10 0.0254
898 446 13 16 0.0254
740 351 8 11 0.0253
917 436 15 19 0.0252
776 350 9 11 0.0252
801 384 10 13 0.0250
391 423 13 16 0.0249
750 368 12 14 0.0246
53 351 12 18 0.0246
447 354 10 12 0.0245
679 344 9 10 0.0245
994 359 10 13 0.0245
467 370 11 13 0.0243
261 374 10 13 0.0242
845 323 8 11 0.0242
103 423 16 19 0.0241
2 417 10 19 0.0241
700 348 9 11 0.0240
229 345 8 11 0.0239
539 343 10 11 0.0239
466 410 12 14 0.0238
415 349 9 12 0.0238
852 395 12 15 0.0238
980 420 10 14 0.0237
982 352 10 12 0.0237
652 442 15 18 0.0235
0 396 5 14 0.0234
645 409 11 14 0.0233
506 361 11 13 0.0233
316 396 12 15 0.0231
208 449 15 18 0.0231
293 391 12 14 0.0230
259 372 12 14 0.0230
899 361 10 12 0.0229
552 371 11 12 0.0228
486 404 13 15 0.0228
630 371 9 12 0.0227
775 351 10 12 0.0227
701 350 8 10 0.0226
180 422 14 18 0.0225
809 343 9 11 0.0225
845 358 11 14 0.0224
890 448 14 17 0.0222
301 368 11 14 0.0221
760 389 12 15 0.0220
934 341 10 11 0.0219
712 391 11 15 0.0219
197 364 10 13 0.0219
436 372 10 13 0.0217
202 355 9 12 0.0214
827 341 10 12 0.0213
774 379 11 14 0.0211
288 330 8 10 0.0209
904 388 11 13 0.0207
477 388 10 13 0.0207
522 399 11 14 0.0205
402 412 13 17 0.0204
542 367 11 14 0.0203
257 356 11 13 0.0203
112 397 12 16 0.0203
626 373 8 11 0.0202
254 374 11 12 0.0201
889 370 9 12 0.0201
565 425 15 17 0.0200
955 347 10 13 0.0199
670 352 10 12 0.0198
974 377 11 14 0.0198
109 413 13 18 0.0197
366 366 10 13 0.0196
107 424 12 17 0.0196
518 399 11 14 0.0193
751 361 10 12 0.0193
804 370 11 15 0.0192
345 423 14 18 0.0191
772 351 9 10 0.0191
699 422 13 18 0.0189
850 308 8 9 0.0189
0 400 6 19 0.0189
169 419 17 19 0.0189
874 398 11 14 0.0188
1018 339 6 13 0.0187
626 372 9 13 0.0187
214 353 10 12 0.0185
361 402 11 14 0.0183
319 369 11 14 0.0183
360 382 10 13 0.0182
921 334 10 11 0.0182
137 364 10 13 0.0182
978 420 13 16 0.0182
989 502 14 19 0.0182
54 399 14 19 0.0181
863 358 10 14 0.0180
807 342 9 12 0.0180
544 401 13 16 0.0178
226 345 8 11 0.0177
975 402 11 14 0.0174
643 317 8 11 0.0173
53 380 11 15 0.0172
1004 520 15 19 0.0172
987 357 12 15 0.0171
691 364 11 14 0.0171
924 347 10 12 0.0170
247 339 8 10 0.0170
337 442 14 19 0.0168
570 359 10 11 0.0168
291 330 9 9 0.0168
669 357 10 12 0.0167
140 370 11 14 0.0166
1020 470 4 22 0.0166
360 400 12 15 0.0166
178 450 14 17 0.0165
569 357 8 10 0.0165
626 395 10 13 0.0164
595 346 10 12 0.0164
316 399 11 14 0.0164
315 343 11 13 0.0164
412 394 10 13 0.0164
938 352 10 13 0.0163
289 351 10 12 0.0163
675 345 9 12 0.0162
891 338 10 12 0.0161
495 381 12 15 0.0161
771 303 9 11 0.0161
253 366 10 12 0.0160
393 344 9 12 0.0160
1001 328 10 12 0.0159
134 409 15 19 0.0158
934 396 11 15 0.0158
848 324 8 10 0.0158
242 351 9 11 0.0158
274 435 12 15 0.0157
427 424 12 16 0.0157
161 370 11 15 0.0157
465 370 12 14 0.0156
286 349 10 11 0.0156
1001 345 9 12 0.0156
540 344 8 11 0.0155
382 336 9 11 0.0155
688 461 13 16 0.0153
431 410 12 15 0.0153
891 371 11 12 0.0151
187 367 11 14 0.0150
779 376 10 14 0.0148
290 348 11 12 0.0147
501 350 9 12 0.0147
519 398 12 15 0.0147
565 413 13 14 0.0147
1009 526 14 18 0.0146
558 371 10 12 0.0146
662 358 10 11 0.0146
150 397 15 19 0.0145
687 456 14 18 0.0144
736 434 15 19 0.0144
1002 524 17 18 0.0144
813 327 7 8 0.0143
252 392 11 14 0.0143
817 326 7 9 0.0142
696 335 8 10 0.0141
895 330 10 12 0.0141
286 370 11 14 0.0140
266 442 13 15 0.0140
720 425 12 17 0.0139
916 385 12 15 0.0137
186 440 15 20 0.0137
854 321 8 11 0.0137
218 356 9 12 0.0135
854 308 7 9 0.0135
1017 324 7 11 0.0134
1016 323 7 10 0.0133
905 346 10 11 0.0133
918 410 12 16 0.0132
638 337 11 14 0.0132
631 371 10 13 0.0131
980 358 11 13 0.0131
301 376 11 13 0.0131
171 356 10 13 0.0131
739 349 9 11 0.0130
368 330 8 10 0.0130
645 317 8 11 0.0130
663 306 7 8 0.0130
139 361 11 14 0.0129
886 366 9 13 0.0128
213 350 8 11 0.0128
488 380 12 16 0.0128
57 353 11 15 0.0127
0 431 11 22 0.0127
606 411 11 14 0.0127
264 350 10 11 0.0127
735 349 9 11 0.0127
606 405 11 14 0.0127
341 394 11 14 0.0125
714 420 14 18 0.0124
332 424 12 15 0.0124
449 392 13 15 0.0124
187 433 13 17 0.0122
155 340 10 14 0.0122
682 457 14 18 0.0122
700 379 12 14 0.0120
724 395 13 17 0.0120
843 324 7 10 0.0120
867 358 10 12 0.0118
650 377 9 12 0.0117
158 371 10 13 0.0117
633 426 13 17 0.0116
913 338 11 14 0.0116
702 334 9 9 0.0116
310 357 11 13 0.0116
108 398 12 16 0.0115
765 439 13 15 0.0115
753 382 12 15 0.0115
327 371 11 14 0.0115
246 338 7 9 0.0114
684 460 13 17 0.0113
676 358 10 13 0.0113
168 410 15 17 0.0113
965 380 10 14 0.0112
1007 498 11 16 0.0112
683 293 7 9 0.0111
100 406 12 16 0.0111
326 331 10 13 0.0110
939 414 11 14 0.0110
940 395 11 14 0.0110
927 447 13 16 0.0109
860 353 9 12 0.0108
499 354 10 13 0.0107
468 383 11 14 0.0106
728 398 14 17 0.0104
821 371 10 14 0.0103
136 376 11 13 0.0103
510 390 10 11 0.0103
396 404 11 15 0.0102
666 376 10 13 0.0102
632 393 11 14 0.0102
933 306 10 13 0.0101
145 396 15 18 0.0101
197 398 15 18 0.0100
1010 368 10 14 0.0100
