2_Demonstration_Demonstrators_2_28
398
513 444 29 36 0.8570
845 515 39 50 0.8555
179 518 40 46 0.8531
385 430 26 30 0.8514
84 479 37 44 0.8505
39 394 31 36 0.8502
456 396 23 32 0.8494
171 382 25 30 0.8426
37 546 40 54 0.8415
490 388 20 27 0.8398
329 444 23 31 0.8372
260 452 24 28 0.8357
328 514 33 40 0.8346
597 505 35 44 0.8333
754 431 23 30 0.8315
659 607 52 58 0.8272
250 397 21 27 0.8271
978 478 26 37 0.8259
492 561 36 54 0.8227
181 600 46 68 0.8143
892 439 24 39 0.8109
1007 441 17 37 0.8107
136 411 23 33 0.8093
36 360 26 32 0.7888
260 362 21 24 0.7840
603 385 23 28 0.7767
684 450 21 23 0.7743
547 362 16 22 0.7702
296 426 23 29 0.7686
439 497 32 36 0.7649
586 363 18 20 0.7494
422 352 16 20 0.7415
367 381 17 22 0.7414
63 353 20 23 0.7362
215 370 15 17 0.7265
865 398 21 30 0.7249
192 353 12 15 0.6810
757 354 13 16 0.6771
647 367 16 21 0.6717
805 390 14 19 0.6506
0 364 13 20 0.6494
697 581 35 49 0.6432
672 378 17 23 0.6353
436 462 24 32 0.6197
443 372 17 24 0.5995
618 363 14 18 0.5955
240 342 13 16 0.5919
216 338 12 15 0.5523
770 352 11 16 0.5031
456 345 13 16 0.4906
715 401 16 20 0.4512
572 341 12 15 0.4419
283 370 19 21 0.4315
840 389 14 19 0.4055
714 357 10 13 0.3993
526 343 10 13 0.3988
619 320 9 12 0.3821
910 420 19 27 0.3799
262 388 17 23 0.3756
587 320 9 11 0.3755
807 358 10 15 0.3753
564 320 9 12 0.3620
498 368 14 17 0.3601
833 329 9 11 0.3541
454 345 13 16 0.3441
589 320 9 11 0.3432
570 341 12 15 0.3402
476 368 17 22 0.3371
562 320 9 11 0.3354
434 462 24 32 0.3331
170 344 11 14 0.3316
622 320 9 12 0.3286
798 331 7 9 0.3272
138 369 15 22 0.3128
286 370 18 21 0.3125
193 384 15 24 0.3114
759 404 16 22 0.3081
762 404 15 21 0.3021
154 364 20 27 0.3012
879 401 13 21 0.2939
838 389 12 18 0.2914
478 368 18 22 0.2906
567 394 16 24 0.2900
214 339 11 14 0.2858
621 363 13 18 0.2841
912 421 19 26 0.2776
667 335 7 9 0.2727
992 340 9 11 0.2678
64 339 14 15 0.2611
457 529 33 39 0.2608
804 358 10 14 0.2607
813 330 7 9 0.2536
563 368 14 19 0.2523
701 358 10 15 0.2518
652 340 9 12 0.2460
524 343 9 12 0.2456
457 527 32 39 0.2451
670 351 9 12 0.2396
942 403 15 22 0.2360
238 343 12 15 0.2326
811 330 6 8 0.2218
528 343 9 12 0.2189
996 340 8 11 0.2186
649 341 10 12 0.2173
231 319 8 10 0.2118
228 319 8 10 0.2089
276 347 12 13 0.2045
660 329 7 9 0.2022
279 347 11 12 0.2009
570 394 13 23 0.2008
439 372 16 24 0.1970
698 358 11 15 0.1969
773 352 11 16 0.1926
327 311 7 9 0.1919
886 365 9 12 0.1885
470 320 8 9 0.1860
571 395 14 23 0.1860
472 320 9 9 0.1814
324 311 7 9 0.1784
140 369 17 23 0.1776
1004 356 10 12 0.1772
173 344 10 13 0.1764
795 331 8 9 0.1755
458 528 32 40 0.1710
1001 357 10 12 0.1648
461 370 14 17 0.1635
816 359 10 14 0.1621
670 335 7 10 0.1614
190 380 16 25 0.1614
907 418 21 28 0.1587
641 326 8 10 0.1559
690 376 13 17 0.1548
672 351 9 12 0.1544
939 403 15 22 0.1544
567 394 14 23 0.1538
195 354 10 14 0.1524
158 364 18 25 0.1521
645 367 15 20 0.1517
154 369 20 28 0.1492
901 355 8 11 0.1488
670 378 16 22 0.1426
1002 380 12 14 0.1413
907 368 10 13 0.1391
888 364 9 12 0.1387
639 325 8 10 0.1358
904 355 8 11 0.1353
563 371 15 19 0.1353
345 594 30 65 0.1323
669 336 7 9 0.1259
333 339 12 12 0.1227
76 301 7 8 0.1223
658 328 7 9 0.1223
661 328 7 9 0.1167
636 359 12 16 0.1139
74 301 6 8 0.1089
197 384 13 22 0.1083
426 311 7 8 0.1078
325 312 8 10 0.1068
844 328 7 10 0.1064
481 360 15 17 0.1020
595 357 13 17 0.1002
830 329 8 10 0.0988
1006 380 11 14 0.0979
970 368 11 13 0.0965
511 354 11 14 0.0954
4 709 43 57 0.0949
175 359 13 15 0.0919
14 349 13 16 0.0893
819 361 10 14 0.0853
476 369 19 23 0.0849
884 365 9 12 0.0824
429 311 7 8 0.0821
332 336 11 12 0.0812
810 390 11 18 0.0810
283 368 17 20 0.0803
878 397 14 21 0.0794
461 371 15 18 0.0781
67 353 18 22 0.0771
834 366 11 14 0.0748
967 369 10 12 0.0740
881 353 7 8 0.0723
13 346 13 17 0.0706
64 337 11 13 0.0689
722 400 17 22 0.0684
503 367 11 15 0.0681
427 312 7 9 0.0664
328 312 7 9 0.0661
843 328 7 9 0.0654
500 353 12 15 0.0627
278 349 11 13 0.0613
293 348 9 9 0.0610
886 362 8 11 0.0602
670 350 10 12 0.0598
799 330 8 9 0.0577
810 330 6 8 0.0575
478 319 7 9 0.0566
473 321 8 10 0.0565
994 339 8 10 0.0560
900 353 8 10 0.0546
865 322 6 7 0.0544
702 360 11 16 0.0544
878 351 7 9 0.0543
478 359 15 17 0.0534
868 321 6 8 0.0531
991 340 8 9 0.0528
106 353 13 16 0.0522
881 354 7 9 0.0522
494 370 15 17 0.0516
330 340 11 11 0.0506
796 330 7 9 0.0483
700 356 10 12 0.0477
831 329 7 10 0.0475
170 329 9 11 0.0469
588 358 15 19 0.0469
293 349 11 12 0.0468
594 362 16 20 0.0454
429 312 8 9 0.0437
566 368 14 19 0.0432
603 347 11 13 0.0431
701 329 6 8 0.0420
697 360 13 16 0.0420
704 329 6 8 0.0417
615 347 10 13 0.0416
650 343 11 13 0.0405
115 352 12 15 0.0390
88 332 9 11 0.0389
813 329 6 8 0.0387
498 351 11 13 0.0386
409 377 11 16 0.0383
494 374 18 25 0.0383
904 369 10 13 0.0380
786 371 11 15 0.0379
838 367 10 13 0.0372
3 708 50 59 0.0366
431 376 12 20 0.0360
469 320 10 12 0.0356
785 374 12 17 0.0356
903 353 8 8 0.0346
338 593 32 66 0.0335
880 353 8 10 0.0333
923 389 12 16 0.0325
657 328 8 10 0.0325
948 360 9 11 0.0324
694 373 12 17 0.0323
1004 377 12 13 0.0322
655 545 30 46 0.0322
754 353 12 16 0.0320
586 344 12 13 0.0320
1003 359 9 13 0.0320
902 354 8 11 0.0319
173 330 8 11 0.0317
836 361 9 13 0.0300
712 401 14 19 0.0299
474 317 7 8 0.0299
412 356 11 14 0.0297
839 361 9 12 0.0293
480 370 18 22 0.0288
846 328 8 9 0.0283
68 339 11 13 0.0279
187 325 8 11 0.0271
702 329 6 7 0.0269
700 328 6 8 0.0268
970 371 11 14 0.0266
170 327 7 9 0.0265
809 360 11 14 0.0263
566 347 13 15 0.0263
743 370 13 17 0.0257
772 351 11 15 0.0256
700 329 7 9 0.0254
470 321 8 10 0.0253
717 357 9 12 0.0246
501 351 10 11 0.0245
1015 414 9 27 0.0244
8 348 15 19 0.0244
669 334 8 9 0.0242
861 399 20 29 0.0240
72 299 7 8 0.0239
80 289 7 8 0.0238
168 346 12 14 0.0237
945 359 8 10 0.0237
716 358 10 13 0.0237
799 332 8 9 0.0233
0 382 8 25 0.0232
831 369 10 14 0.0230
695 582 37 49 0.0230
136 369 17 23 0.0228
720 400 15 20 0.0227
1004 354 10 12 0.0224
922 385 12 17 0.0223
230 319 9 11 0.0219
336 338 10 12 0.0218
2 364 14 20 0.0218
859 328 8 9 0.0216
967 372 10 13 0.0216
972 353 10 12 0.0215
465 371 15 18 0.0212
592 320 8 10 0.0212
115 351 11 12 0.0208
134 368 15 20 0.0207
192 371 13 18 0.0207
343 589 34 72 0.0205
186 325 7 9 0.0203
58 352 18 22 0.0203
121 354 11 15 0.0202
347 321 9 10 0.0198
79 287 7 9 0.0195
867 322 7 9 0.0194
594 353 12 14 0.0193
107 350 15 17 0.0193
946 324 8 11 0.0192
834 333 8 10 0.0191
601 385 24 28 0.0191
671 337 7 9 0.0190
950 364 12 14 0.0185
406 377 11 16 0.0184
937 315 9 10 0.0183
912 418 18 27 0.0183
100 359 16 21 0.0179
823 334 8 10 0.0175
553 347 10 14 0.0175
77 302 6 8 0.0174
330 337 9 11 0.0173
569 366 13 17 0.0173
157 367 20 26 0.0173
285 369 18 21 0.0172
973 369 11 13 0.0172
186 325 8 10 0.0171
922 340 13 14 0.0171
710 340 8 11 0.0168
885 366 9 12 0.0168
590 320 9 10 0.0168
336 333 10 13 0.0166
470 318 7 8 0.0165
974 349 8 10 0.0165
1019 317 5 12 0.0164
474 346 12 13 0.0163
467 497 23 36 0.0162
821 356 9 12 0.0162
369 381 17 22 0.0160
280 347 11 12 0.0160
322 312 8 10 0.0158
335 591 38 74 0.0158
755 354 11 16 0.0157
543 363 16 21 0.0156
590 321 9 10 0.0155
885 404 10 15 0.0152
523 344 11 13 0.0150
699 376 13 17 0.0149
638 348 9 12 0.0149
91 363 14 20 0.0146
566 321 9 11 0.0146
927 387 11 15 0.0145
171 348 10 14 0.0145
929 339 11 13 0.0143
961 370 9 12 0.0140
97 358 12 15 0.0140
173 326 8 9 0.0139
566 319 10 12 0.0138
903 371 10 12 0.0138
944 375 11 14 0.0136
0 427 19 39 0.0136
174 351 10 15 0.0135
17 346 12 16 0.0133
743 373 13 17 0.0133
61 340 14 16 0.0133
0 426 17 36 0.0132
135 370 16 21 0.0131
170 328 9 10 0.0130
794 330 6 8 0.0125
216 331 9 11 0.0125
969 356 9 12 0.0124
265 350 14 14 0.0123
908 370 10 13 0.0123
943 322 9 11 0.0122
83 288 6 9 0.0122
623 322 9 10 0.0121
679 412 15 20 0.0120
241 334 10 12 0.0120
190 353 11 14 0.0119
947 402 12 18 0.0119
936 315 7 8 0.0117
479 348 11 12 0.0116
804 356 10 13 0.0116
87 331 8 11 0.0114
839 335 8 11 0.0114
1006 360 9 11 0.0113
955 411 13 19 0.0112
335 341 11 13 0.0109
971 352 8 9 0.0109
877 407 17 23 0.0109
848 373 10 14 0.0107
479 317 6 8 0.0106
66 293 6 8 0.0105
745 328 7 10 0.0104
68 336 10 11 0.0104
713 397 15 22 0.0104
903 421 20 32 0.0103
562 323 9 10 0.0100
