2_Demonstration_Demonstration_Or_Protest_2_687
2048
280 532 15 20 0.7791
701 481 15 18 0.7671
765 540 15 20 0.7524
687 531 16 21 0.7423
754 509 14 18 0.7387
359 462 14 19 0.7352
422 482 14 17 0.7349
794 455 14 18 0.7311
229 496 14 17 0.7310
444 526 16 22 0.7238
370 432 13 18 0.7188
163 482 14 20 0.7072
738 453 14 17 0.6975
778 433 13 18 0.6917
585 505 14 18 0.6905
422 300 9 13 0.6719
201 470 14 17 0.6666
740 412 13 19 0.6665
766 574 15 19 0.6658
252 543 15 23 0.6647
189 505 14 19 0.6608
1012 461 12 20 0.6587
764 498 13 17 0.6520
384 290 10 12 0.6510
537 381 12 16 0.6480
462 302 11 13 0.6450
955 607 18 23 0.6438
489 458 13 17 0.6438
92 504 15 19 0.6377
486 512 14 16 0.6362
163 441 12 16 0.6361
419 315 11 14 0.6352
359 356 11 15 0.6248
409 364 11 15 0.6122
501 404 13 18 0.6110
177 402 12 16 0.6076
462 393 13 17 0.6055
923 403 12 16 0.6040
943 292 11 13 0.6010
490 316 10 13 0.5996
844 326 11 15 0.5972
295 378 11 15 0.5960
668 306 10 13 0.5916
736 669 19 16 0.5901
77 397 12 16 0.5899
653 316 11 14 0.5877
527 356 12 16 0.5860
259 399 12 16 0.5856
34 490 15 19 0.5854
153 451 12 17 0.5816
859 349 11 16 0.5796
617 529 13 15 0.5779
310 501 15 21 0.5748
305 315 10 14 0.5731
447 312 11 14 0.5724
576 418 11 16 0.5719
669 386 12 16 0.5719
487 351 12 15 0.5701
669 359 10 15 0.5699
25 418 11 16 0.5694
935 349 12 16 0.5691
215 467 12 16 0.5680
909 320 11 15 0.5679
572 293 10 12 0.5675
740 316 10 13 0.5654
136 545 14 19 0.5624
521 467 14 18 0.5600
534 512 13 17 0.5596
626 283 10 13 0.5557
768 410 11 15 0.5549
386 358 11 14 0.5534
101 359 11 15 0.5533
672 327 11 14 0.5524
589 291 10 13 0.5521
499 313 10 14 0.5520
900 413 11 16 0.5487
871 308 10 14 0.5482
444 390 12 15 0.5461
927 291 11 14 0.5394
213 410 12 17 0.5386
419 507 14 20 0.5370
597 457 14 17 0.5367
433 319 9 14 0.5354
404 281 10 12 0.5321
819 355 11 15 0.5306
819 401 11 15 0.5292
767 377 11 15 0.5284
796 326 10 13 0.5268
474 300 10 14 0.5260
238 415 11 15 0.5252
881 374 12 16 0.5232
196 440 12 16 0.5209
695 418 11 16 0.5204
85 451 13 17 0.5137
755 267 9 12 0.5114
827 291 10 13 0.5079
711 524 15 20 0.5078
771 387 12 15 0.5077
691 153 8 9 0.5074
709 326 9 13 0.5071
900 332 11 15 0.5070
79 324 11 15 0.5065
690 135 7 9 0.5041
686 282 9 13 0.5041
771 269 9 13 0.5040
320 414 11 15 0.5020
355 519 13 18 0.5014
502 341 11 14 0.5007
946 366 11 16 0.4997
101 292 11 13 0.4996
273 323 10 15 0.4986
707 231 7 11 0.4978
619 254 9 11 0.4937
721 458 12 17 0.4917
155 358 11 14 0.4915
398 448 13 18 0.4912
710 368 12 16 0.4889
386 392 11 15 0.4889
316 356 11 13 0.4883
234 356 11 16 0.4881
881 435 11 17 0.4877
437 287 10 14 0.4874
823 371 12 15 0.4871
666 271 10 12 0.4845
340 415 10 15 0.4837
329 329 11 14 0.4830
947 324 11 14 0.4812
787 419 12 15 0.4807
29 325 10 13 0.4794
579 250 8 11 0.4794
738 340 9 14 0.4784
636 396 11 17 0.4781
450 277 9 12 0.4771
537 434 11 15 0.4769
316 434 11 16 0.4763
926 425 11 17 0.4754
262 418 12 16 0.4742
381 329 11 15 0.4722
148 274 10 13 0.4721
280 369 10 13 0.4714
638 284 9 12 0.4707
670 472 13 18 0.4707
644 518 15 19 0.4703
827 216 9 11 0.4690
150 203 9 13 0.4686
309 334 11 14 0.4653
798 304 10 13 0.4649
556 382 12 16 0.4636
595 268 10 12 0.4636
513 147 6 9 0.4624
607 489 11 16 0.4611
869 243 10 12 0.4603
258 380 11 14 0.4601
555 289 10 12 0.4592
483 487 13 18 0.4587
740 267 8 12 0.4577
500 276 10 14 0.4577
430 401 13 17 0.4571
441 401 11 15 0.4564
145 475 12 17 0.4546
412 398 12 17 0.4542
206 334 9 12 0.4542
869 455 10 16 0.4540
558 309 10 13 0.4538
592 212 8 12 0.4531
763 344 11 15 0.4523
260 443 14 19 0.4507
522 397 12 15 0.4506
814 474 13 17 0.4505
613 402 11 14 0.4499
521 287 10 13 0.4498
749 325 10 13 0.4496
537 338 11 15 0.4492
489 148 7 9 0.4485
346 380 10 13 0.4483
958 463 13 16 0.4462
700 311 11 13 0.4454
603 307 9 13 0.4448
720 217 7 10 0.4445
576 310 9 14 0.4444
781 264 8 11 0.4433
859 263 9 13 0.4429
234 519 13 18 0.4426
229 201 8 11 0.4424
277 285 10 14 0.4411
117 339 11 14 0.4404
466 290 9 12 0.4398
365 529 15 20 0.4391
964 630 20 23 0.4375
95 599 18 24 0.4373
440 452 12 18 0.4366
380 563 14 20 0.4338
962 630 20 23 0.4333
362 529 16 20 0.4329
12 332 9 12 0.4322
465 232 8 11 0.4310
531 279 10 11 0.4305
584 269 8 11 0.4296
549 227 9 10 0.4286
442 452 13 18 0.4279
625 354 11 14 0.4267
665 253 9 11 0.4265
527 228 9 12 0.4262
77 267 8 11 0.4258
790 383 11 14 0.4257
383 408 11 15 0.4255
608 312 10 13 0.4253
617 232 8 12 0.4252
722 283 9 13 0.4215
742 266 9 13 0.4205
637 263 9 12 0.4203
582 367 12 15 0.4199
395 278 9 12 0.4198
598 186 9 10 0.4182
718 260 9 12 0.4179
791 190 9 11 0.4178
473 263 9 12 0.4172
231 277 10 12 0.4144
693 219 8 10 0.4143
394 313 9 12 0.4139
693 390 11 16 0.4129
703 284 9 11 0.4118
525 71 6 8 0.4113
490 236 9 13 0.4094
548 302 9 12 0.4091
680 409 12 17 0.4088
262 443 14 19 0.4085
92 599 19 24 0.4072
53 185 7 9 0.4066
658 217 8 11 0.4059
419 534 14 20 0.4036
413 262 9 12 0.4033
623 354 11 14 0.4018
397 408 11 16 0.4017
769 159 8 10 0.4016
0 205 7 9 0.4009
341 294 10 12 0.4003
639 263 9 12 0.3994
424 163 8 10 0.3978
795 176 7 9 0.3973
163 232 8 12 0.3965
917 277 10 13 0.3963
811 176 7 11 0.3953
680 133 7 8 0.3939
247 314 10 13 0.3934
260 418 12 17 0.3933
827 447 12 18 0.3928
283 324 9 14 0.3912
543 149 7 8 0.3910
66 290 9 12 0.3909
565 263 8 11 0.3897
647 518 14 19 0.3893
475 346 9 12 0.3892
947 245 9 10 0.3877
653 126 7 9 0.3873
712 368 13 17 0.3873
521 373 12 17 0.3840
678 146 7 9 0.3827
918 263 9 11 0.3826
347 328 10 13 0.3824
208 346 11 13 0.3824
211 346 10 13 0.3819
282 387 9 12 0.3816
682 87 6 8 0.3809
545 344 10 14 0.3808
409 307 9 12 0.3806
779 178 8 9 0.3797
335 310 10 14 0.3795
721 314 8 12 0.3795
89 270 8 11 0.3783
765 345 11 14 0.3782
393 278 8 12 0.3774
727 326 9 12 0.3771
181 288 10 14 0.3767
225 370 11 16 0.3764
649 275 8 11 0.3762
745 193 7 9 0.3762
617 280 9 13 0.3761
896 264 9 11 0.3760
452 217 9 11 0.3753
222 371 11 15 0.3746
144 186 8 10 0.3740
866 179 8 10 0.3740
504 301 10 13 0.3734
789 316 9 12 0.3733
724 252 8 10 0.3732
426 268 9 12 0.3731
736 294 9 13 0.3727
369 264 8 12 0.3716
503 258 8 10 0.3716
392 313 9 12 0.3712
649 349 11 14 0.3711
155 334 11 13 0.3696
867 455 10 16 0.3692
250 314 10 13 0.3685
692 244 9 11 0.3681
63 177 7 8 0.3679
998 405 10 16 0.3678
411 398 12 16 0.3666
919 277 11 14 0.3662
157 261 8 11 0.3662
937 251 9 11 0.3656
686 257 8 10 0.3656
378 563 14 20 0.3656
677 220 8 10 0.3653
378 330 11 14 0.3644
230 345 10 13 0.3642
253 263 8 11 0.3621
616 299 9 12 0.3618
725 203 8 9 0.3585
427 401 14 18 0.3581
40 178 7 10 0.3578
767 245 8 11 0.3578
236 356 11 15 0.3576
195 136 7 9 0.3573
400 448 13 18 0.3568
954 230 8 11 0.3549
528 86 6 8 0.3548
338 294 10 12 0.3547
810 412 11 15 0.3547
645 203 8 10 0.3546
581 174 7 9 0.3542
386 88 6 8 0.3542
738 294 10 13 0.3541
584 366 12 16 0.3533
618 147 6 9 0.3528
555 273 10 11 0.3527
933 337 12 13 0.3511
198 440 12 16 0.3509
577 353 10 13 0.3499
232 331 9 12 0.3493
236 415 11 15 0.3488
333 347 11 15 0.3487
46 325 10 14 0.3484
478 224 8 10 0.3477
577 146 7 9 0.3473
701 403 10 14 0.3472
657 148 7 9 0.3472
274 285 10 14 0.3463
284 266 9 13 0.3462
614 124 6 9 0.3461
760 210 9 11 0.3443
759 155 7 10 0.3441
875 83 6 8 0.3440
458 360 10 13 0.3437
501 140 7 9 0.3433
716 261 9 12 0.3433
555 237 8 11 0.3428
395 139 7 10 0.3424
457 254 8 12 0.3413
883 274 10 13 0.3405
523 287 10 13 0.3404
511 185 7 11 0.3401
111 309 10 13 0.3393
108 308 10 14 0.3388
503 157 7 10 0.3386
437 423 12 15 0.3386
401 160 7 10 0.3383
616 344 11 12 0.3380
418 272 9 13 0.3373
257 276 8 10 0.3370
765 306 11 13 0.3370
869 179 7 10 0.3366
277 176 7 9 0.3366
934 270 9 11 0.3349
373 220 9 11 0.3349
222 186 7 10 0.3347
651 349 11 14 0.3346
455 217 9 11 0.3346
362 316 9 13 0.3345
33 225 7 10 0.3341
308 410 10 13 0.3336
578 226 8 11 0.3329
690 124 7 8 0.3329
480 224 8 10 0.3326
402 182 7 11 0.3322
130 236 8 14 0.3322
511 70 6 8 0.3315
840 208 8 11 0.3302
687 283 10 12 0.3302
380 255 9 11 0.3295
724 283 10 13 0.3287
308 138 7 9 0.3286
482 293 10 13 0.3280
499 277 9 13 0.3278
583 174 7 9 0.3278
114 183 7 10 0.3274
576 226 8 11 0.3273
691 244 8 11 0.3261
286 267 10 12 0.3259
192 367 10 12 0.3256
587 129 6 8 0.3255
398 139 7 9 0.3242
793 190 9 11 0.3239
228 277 10 12 0.3238
533 278 10 12 0.3235
702 311 11 14 0.3232
644 390 10 15 0.3230
535 303 9 11 0.3224
590 152 7 9 0.3218
185 269 9 11 0.3201
740 340 9 14 0.3196
782 178 7 9 0.3196
1006 300 10 13 0.3192
636 159 7 9 0.3179
695 101 6 8 0.3178
755 254 8 10 0.3178
853 236 9 11 0.3177
547 472 11 16 0.3174
364 316 10 13 0.3174
586 269 8 11 0.3172
254 285 9 11 0.3169
607 132 7 9 0.3169
523 146 7 10 0.3160
146 273 10 14 0.3158
601 186 8 11 0.3156
99 292 10 13 0.3155
261 380 10 14 0.3152
812 474 13 17 0.3150
930 291 10 14 0.3148
870 220 8 10 0.3148
674 327 11 14 0.3147
945 367 9 15 0.3147
508 185 8 11 0.3146
673 472 13 18 0.3142
46 126 7 9 0.3138
763 305 10 13 0.3129
471 263 9 12 0.3124
366 264 8 11 0.3119
1009 300 10 13 0.3117
969 143 7 10 0.3113
553 138 6 9 0.3110
439 288 10 13 0.3110
791 316 9 13 0.3106
83 451 12 17 0.3096
789 418 12 17 0.3087
158 333 10 14 0.3085
386 235 9 12 0.3083
410 126 6 8 0.3082
819 220 9 11 0.3080
407 126 6 8 0.3080
250 263 9 11 0.3077
306 138 6 9 0.3077
507 301 10 13 0.3070
609 489 12 16 0.3066
617 268 9 11 0.3065
111 150 7 8 0.3061
829 291 10 13 0.3061
390 199 8 10 0.3056
10 259 9 12 0.3050
705 285 9 10 0.3048
881 274 10 13 0.3045
535 338 11 14 0.3045
638 159 7 9 0.3039
872 207 7 10 0.3035
151 159 7 10 0.3027
520 396 11 16 0.3024
530 60 6 7 0.3024
660 130 7 9 0.3022
942 144 7 9 0.3020
452 78 7 8 0.3020
407 308 9 12 0.3008
63 290 10 12 0.3005
1008 410 10 15 0.3005
183 164 7 9 0.3003
335 348 11 14 0.2995
459 255 9 12 0.2995
429 268 8 12 0.2994
478 208 8 10 0.2987
439 75 7 8 0.2971
226 201 8 11 0.2965
995 405 10 16 0.2963
412 248 9 11 0.2962
119 339 10 13 0.2962
772 136 7 9 0.2962
818 355 10 15 0.2961
375 285 9 12 0.2958
235 88 6 8 0.2955
60 116 6 8 0.2952
594 212 9 12 0.2950
103 59 6 7 0.2945
569 159 7 9 0.2937
213 134 6 9 0.2936
787 353 9 12 0.2934
558 382 12 17 0.2928
30 325 10 14 0.2926
920 263 10 11 0.2916
806 155 7 9 0.2915
834 170 8 10 0.2913
564 482 11 16 0.2913
842 208 8 10 0.2911
949 201 7 9 0.2910
473 101 7 10 0.2909
312 501 15 20 0.2908
476 101 7 9 0.2906
74 267 9 11 0.2904
404 160 7 10 0.2900
1010 196 7 11 0.2890
581 250 9 12 0.2888
326 329 11 15 0.2887
274 176 7 9 0.2884
557 289 10 11 0.2880
834 249 9 10 0.2879
337 415 11 15 0.2869
378 255 8 10 0.2865
813 176 8 11 0.2865
977 227 8 10 0.2865
473 346 9 12 0.2862
416 507 14 20 0.2862
788 384 11 14 0.2861
557 273 10 12 0.2859
661 217 8 11 0.2859
287 165 7 10 0.2858
117 268 9 11 0.2857
850 215 8 10 0.2856
313 194 7 9 0.2856
92 215 8 10 0.2856
765 377 11 15 0.2845
688 76 6 7 0.2838
362 298 9 12 0.2837
1016 545 8 16 0.2835
946 201 7 9 0.2834
719 102 6 7 0.2834
439 195 8 9 0.2829
209 164 7 8 0.2827
313 434 12 16 0.2826
543 471 12 16 0.2825
775 366 10 12 0.2823
879 374 12 16 0.2817
450 169 8 11 0.2817
956 230 8 11 0.2814
809 410 11 15 0.2810
817 220 9 11 0.2807
975 109 6 9 0.2806
638 189 8 9 0.2803
933 335 10 14 0.2796
160 232 9 12 0.2794
574 83 6 9 0.2793
560 151 7 9 0.2793
505 341 10 14 0.2785
244 157 7 10 0.2784
60 495 12 17 0.2775
927 234 8 11 0.2773
566 406 11 15 0.2772
555 73 6 8 0.2759
969 245 9 12 0.2757
713 524 14 20 0.2752
751 325 10 13 0.2748
387 103 7 8 0.2741
843 326 10 15 0.2740
622 115 6 8 0.2738
243 157 7 9 0.2734
632 379 11 15 0.2731
727 252 8 10 0.2729
542 57 6 8 0.2726
133 545 15 19 0.2724
9 332 9 12 0.2722
965 77 7 8 0.2721
436 254 8 10 0.2721
203 334 10 12 0.2718
557 310 10 13 0.2713
979 226 8 11 0.2713
493 239 9 12 0.2708
289 166 7 9 0.2706
898 164 8 10 0.2704
510 83 6 8 0.2703
775 136 7 9 0.2698
904 139 6 8 0.2696
480 488 13 17 0.2692
440 101 7 9 0.2692
808 155 7 9 0.2685
389 358 10 14 0.2674
93 177 7 10 0.2673
594 162 7 9 0.2651
611 402 10 15 0.2650
323 98 6 7 0.2649
360 298 9 12 0.2641
443 100 7 10 0.2638
575 353 10 13 0.2632
123 255 8 11 0.2632
474 149 7 9 0.2631
270 92 6 7 0.2628
471 149 7 10 0.2627
504 61 6 7 0.2626
147 203 9 13 0.2626
917 85 6 8 0.2615
54 247 8 11 0.2610
377 130 6 8 0.2606
835 180 7 10 0.2603
715 88 6 8 0.2590
518 373 12 16 0.2586
702 167 7 10 0.2578
484 89 6 8 0.2577
225 307 8 12 0.2575
483 391 12 15 0.2575
930 234 8 11 0.2568
243 77 6 8 0.2567
724 459 12 16 0.2565
184 289 10 14 0.2563
712 88 6 8 0.2561
981 75 6 8 0.2558
214 77 5 7 0.2557
744 111 6 9 0.2554
655 112 6 7 0.2552
223 161 7 9 0.2549
379 271 9 12 0.2548
741 112 6 8 0.2548
524 261 9 11 0.2547
647 231 8 11 0.2541
303 297 9 12 0.2539
31 225 7 10 0.2528
750 244 7 10 0.2526
480 207 9 11 0.2526
174 104 6 8 0.2522
604 47 5 7 0.2520
177 269 9 12 0.2507
109 149 7 9 0.2506
728 202 7 10 0.2506
526 261 9 12 0.2500
529 228 9 11 0.2498
114 194 8 11 0.2490
638 145 7 9 0.2489
404 182 8 11 0.2487
499 140 6 9 0.2483
277 369 10 13 0.2477
157 357 11 15 0.2476
129 155 6 7 0.2475
56 246 8 12 0.2475
239 110 6 8 0.2474
648 203 7 10 0.2471
670 306 10 13 0.2470
210 410 12 16 0.2461
55 247 9 12 0.2454
124 78 5 7 0.2449
834 87 6 7 0.2448
857 236 8 11 0.2447
1011 261 9 13 0.2443
422 62 6 8 0.2441
117 168 7 9 0.2441
393 199 8 10 0.2438
967 143 7 10 0.2438
77 325 10 14 0.2432
436 140 7 8 0.2425
287 96 5 8 0.2425
412 79 7 10 0.2423
100 58 6 8 0.2422
871 73 6 7 0.2421
313 355 11 14 0.2420
686 77 5 7 0.2419
854 98 6 7 0.2419
662 130 7 9 0.2417
968 246 8 11 0.2416
407 320 9 11 0.2414
596 457 13 17 0.2413
192 136 7 9 0.2411
767 159 7 10 0.2410
180 164 7 9 0.2407
605 421 9 14 0.2407
349 96 6 8 0.2404
939 144 7 9 0.2404
888 131 6 8 0.2403
950 88 7 8 0.2401
1007 196 7 11 0.2397
222 307 9 12 0.2396
93 331 9 12 0.2393
14 239 7 10 0.2388
214 315 9 13 0.2385
143 474 12 17 0.2376
592 292 9 12 0.2375
861 112 7 9 0.2372
903 413 10 16 0.2368
44 127 6 8 0.2368
261 144 6 8 0.2366
441 156 7 9 0.2364
37 178 7 10 0.2360
537 303 9 11 0.2360
500 157 7 10 0.2359
554 39 6 7 0.2359
698 418 10 16 0.2359
341 76 6 8 0.2358
651 294 9 12 0.2358
390 102 7 9 0.2357
211 77 6 7 0.2355
619 232 9 12 0.2354
279 206 8 11 0.2343
463 67 6 7 0.2340
1 189 6 10 0.2338
950 72 6 8 0.2337
788 94 6 8 0.2336
772 111 6 8 0.2334
915 85 6 8 0.2331
596 162 7 10 0.2328
372 77 6 7 0.2326
58 117 6 7 0.2325
924 395 11 15 0.2324
633 253 8 11 0.2321
370 77 5 8 0.2319
845 314 10 12 0.2318
438 140 7 8 0.2313
380 130 6 8 0.2313
540 57 6 8 0.2312
175 402 11 16 0.2312
316 194 7 10 0.2311
641 189 7 9 0.2311
300 297 10 12 0.2311
774 111 7 8 0.2307
277 206 8 10 0.2306
344 76 5 8 0.2304
120 61 6 7 0.2302
691 338 11 13 0.2302
456 360 10 13 0.2296
901 139 6 8 0.2294
247 82 6 8 0.2294
615 147 7 9 0.2293
620 115 6 8 0.2290
573 131 7 9 0.2284
898 153 8 9 0.2283
802 275 8 11 0.2281
590 52 5 7 0.2278
406 364 11 15 0.2274
321 177 7 9 0.2271
688 257 8 11 0.2271
216 316 10 13 0.2260
557 152 7 9 0.2256
972 110 6 8 0.2248
800 304 10 13 0.2245
484 29 6 6 0.2242
891 131 6 8 0.2241
211 134 6 9 0.2240
544 188 7 9 0.2239
699 344 10 13 0.2234
409 248 9 11 0.2233
116 169 7 9 0.2227
151 115 5 8 0.2226
407 282 9 12 0.2223
929 426 10 16 0.2223
99 117 6 8 0.2220
362 159 6 8 0.2218
121 78 5 8 0.2214
497 71 6 7 0.2212
319 271 10 13 0.2207
141 187 8 10 0.2204
610 312 10 13 0.2198
857 263 9 13 0.2197
791 80 5 8 0.2197
360 159 6 8 0.2194
506 258 8 10 0.2194
184 80 5 7 0.2193
353 520 12 16 0.2191
461 37 6 7 0.2190
373 284 9 12 0.2190
585 83 7 8 0.2190
550 138 6 9 0.2190
364 298 8 12 0.2189
833 248 8 11 0.2189
187 80 5 7 0.2186
334 310 10 13 0.2184
976 177 7 10 0.2184
91 271 8 11 0.2184
979 75 6 8 0.2178
118 117 6 7 0.2176
919 114 6 8 0.2175
236 110 6 8 0.2173
202 81 6 6 0.2173
466 232 9 11 0.2169
127 237 9 13 0.2166
60 56 6 8 0.2166
530 356 11 16 0.2159
554 271 10 12 0.2156
277 82 6 8 0.2152
171 104 6 8 0.2148
459 37 5 7 0.2147
148 116 6 7 0.2146
174 269 9 12 0.2146
799 326 10 13 0.2146
732 130 7 9 0.2146
959 147 7 9 0.2145
635 144 7 10 0.2142
410 247 9 11 0.2141
835 529 9 15 0.2137
557 38 6 8 0.2137
497 39 5 7 0.2135
748 192 7 10 0.2131
314 287 9 12 0.2130
793 81 6 7 0.2130
390 74 7 8 0.2126
1013 120 6 8 0.2125
888 108 6 7 0.2124
521 145 8 10 0.2123
319 177 6 9 0.2121
490 40 6 7 0.2118
452 277 9 12 0.2117
652 112 7 8 0.2116
237 520 12 18 0.2116
225 161 7 9 0.2115
950 245 7 11 0.2111
121 117 6 7 0.2108
497 224 8 11 0.2106
156 69 5 7 0.2105
384 234 9 12 0.2105
304 95 7 8 0.2104
268 92 5 8 0.2099
527 59 6 8 0.2097
763 210 8 12 0.2090
946 323 9 15 0.2088
632 67 5 7 0.2088
420 538 14 19 0.2087
886 108 6 7 0.2086
120 255 9 12 0.2085
825 447 12 18 0.2085
558 237 8 11 0.2083
678 182 8 10 0.2079
1012 119 6 9 0.2072
247 57 6 8 0.2067
60 176 8 10 0.2066
333 399 10 13 0.2064
381 407 10 15 0.2061
769 573 15 21 0.2060
927 56 6 7 0.2045
388 392 11 15 0.2044
765 245 8 11 0.2042
655 79 5 7 0.2039
461 66 6 8 0.2035
826 372 11 14 0.2031
700 166 7 10 0.2028
941 269 9 11 0.2028
651 248 9 12 0.2027
610 60 7 8 0.2025
708 77 5 6 0.2023
376 220 8 11 0.2021
455 77 6 8 0.2021
516 130 6 8 0.2016
148 159 7 9 0.2014
223 186 8 10 0.2013
273 148 6 8 0.2011
819 434 12 14 0.2009
542 188 7 9 0.2005
57 56 6 8 0.2004
652 316 10 14 0.2003
567 68 6 8 0.1995
189 367 10 12 0.1991
680 220 7 10 0.1990
711 326 9 13 0.1989
786 94 6 8 0.1989
136 93 6 8 0.1988
61 56 6 8 0.1987
756 270 9 11 0.1987
1002 275 9 12 0.1986
344 170 7 9 0.1984
344 380 9 13 0.1980
793 175 7 10 0.1974
96 331 8 12 0.1974
922 114 6 8 0.1972
565 68 6 7 0.1965
571 83 6 9 0.1964
419 62 6 8 0.1962
563 262 9 11 0.1960
518 466 14 18 0.1960
99 359 11 15 0.1958
973 177 8 10 0.1958
660 130 6 9 0.1957
634 399 11 16 0.1957
956 463 13 15 0.1956
964 49 6 8 0.1954
245 57 6 7 0.1952
837 169 8 11 0.1950
689 336 11 13 0.1948
219 186 8 11 0.1947
439 424 12 16 0.1939
529 129 7 9 0.1939
789 293 8 12 0.1935
722 217 8 11 0.1932
22 418 12 17 0.1931
453 169 8 11 0.1930
469 29 6 7 0.1928
122 61 6 7 0.1928
890 158 7 9 0.1926
96 117 6 8 0.1925
428 395 11 16 0.1925
778 366 10 12 0.1923
32 491 14 18 0.1923
33 268 8 10 0.1922
651 63 6 8 0.1922
1007 262 9 12 0.1921
693 101 5 8 0.1920
442 195 8 10 0.1919
964 321 9 14 0.1916
1010 461 13 19 0.1914
950 58 6 7 0.1909
376 234 9 11 0.1909
311 335 11 14 0.1908
809 156 7 9 0.1907
879 118 5 9 0.1907
152 81 6 7 0.1898
779 263 9 11 0.1894
347 96 6 7 0.1890
263 144 6 8 0.1889
811 112 7 9 0.1887
304 297 9 13 0.1883
584 82 6 8 0.1882
607 60 6 8 0.1882
527 158 7 9 0.1881
11 260 9 12 0.1880
475 85 6 7 0.1878
415 78 8 9 0.1864
832 86 5 8 0.1863
532 130 7 9 0.1863
444 155 7 10 0.1849
251 285 9 12 0.1844
852 98 5 7 0.1838
971 246 8 12 0.1837
154 69 6 7 0.1827
766 410 10 14 0.1823
102 75 6 8 0.1821
39 112 6 7 0.1821
653 78 5 7 0.1817
90 177 8 10 0.1817
235 331 9 13 0.1815
682 410 11 17 0.1815
161 184 7 10 0.1814
789 353 9 12 0.1812
7 258 10 13 0.1805
494 77 6 9 0.1804
936 270 9 12 0.1803
667 169 7 9 0.1799
671 359 11 15 0.1798
912 320 11 15 0.1798
392 421 11 17 0.1798
293 310 10 13 0.1791
928 234 8 11 0.1788
296 76 5 8 0.1788
835 170 8 10 0.1787
508 13 5 7 0.1785
951 46 6 7 0.1785
953 270 9 12 0.1784
708 232 8 10 0.1780
58 57 6 7 0.1779
353 182 7 9 0.1778
832 249 9 10 0.1775
650 348 11 14 0.1775
467 29 5 8 0.1773
422 42 5 7 0.1770
574 306 9 15 0.1769
662 88 6 7 0.1766
868 73 6 7 0.1764
696 219 7 10 0.1762
570 131 7 9 0.1761
289 96 6 7 0.1757
302 426 10 13 0.1753
362 356 10 14 0.1752
634 68 6 7 0.1751
544 57 5 8 0.1750
89 215 8 10 0.1750
578 44 5 6 0.1744
51 185 7 10 0.1741
307 79 6 7 0.1739
520 373 12 15 0.1739
671 386 12 16 0.1738
156 296 9 11 0.1736
156 260 8 11 0.1735
936 44 6 7 0.1729
784 94 6 8 0.1729
384 393 10 14 0.1727
324 149 7 10 0.1726
114 168 7 9 0.1723
423 42 6 8 0.1721
420 42 5 7 0.1721
559 309 10 14 0.1719
783 399 11 14 0.1717
874 206 8 11 0.1715
490 351 11 15 0.1715
688 338 10 13 0.1708
772 270 8 11 0.1707
447 28 5 7 0.1706
212 303 9 12 0.1704
814 112 7 9 0.1702
597 405 11 14 0.1698
921 180 7 10 0.1695
814 79 5 8 0.1690
464 67 6 8 0.1685
511 13 5 7 0.1683
378 161 8 11 0.1673
158 184 8 9 0.1673
717 102 5 7 0.1668
688 257 9 11 0.1665
924 56 6 7 0.1665
839 149 7 9 0.1662
754 252 8 11 0.1660
791 293 9 12 0.1659
765 313 10 14 0.1651
1004 273 9 12 0.1649
619 298 9 12 0.1649
99 43 5 6 0.1648
292 76 6 7 0.1647
302 314 10 14 0.1642
1009 119 7 9 0.1642
133 93 6 8 0.1641
648 63 6 8 0.1639
695 219 7 10 0.1636
336 347 11 14 0.1634
817 80 5 7 0.1633
602 47 5 7 0.1632
870 207 8 10 0.1631
722 285 10 12 0.1630
523 263 9 12 0.1630
635 378 11 15 0.1629
668 271 9 12 0.1627
680 183 8 10 0.1626
948 88 6 8 0.1625
275 147 6 9 0.1625
121 118 5 7 0.1621
623 90 6 7 0.1618
967 79 6 8 0.1614
337 171 7 9 0.1611
676 183 8 10 0.1608
923 180 8 10 0.1604
101 43 6 7 0.1603
887 157 7 10 0.1601
160 183 8 10 0.1599
437 74 7 8 0.1597
185 81 6 7 0.1596
676 370 11 14 0.1590
130 231 8 11 0.1588
389 421 10 17 0.1588
686 407 11 17 0.1585
241 157 7 9 0.1580
245 299 10 12 0.1580
375 221 9 11 0.1578
730 129 7 9 0.1574
885 71 6 7 0.1574
321 272 10 13 0.1573
640 284 9 11 0.1566
351 182 7 10 0.1561
508 69 6 8 0.1559
917 71 5 7 0.1559
873 207 8 11 0.1556
414 80 7 9 0.1556
229 330 9 13 0.1556
468 232 8 11 0.1554
969 79 6 8 0.1543
116 339 9 14 0.1541
836 248 9 11 0.1540
840 112 6 8 0.1536
157 183 8 10 0.1535
653 162 7 8 0.1533
896 79 5 8 0.1532
621 90 6 8 0.1531
947 58 6 8 0.1531
11 240 8 10 0.1529
880 435 10 16 0.1522
964 323 10 14 0.1521
495 223 8 10 0.1521
472 84 6 8 0.1520
67 289 9 13 0.1519
504 404 12 18 0.1518
508 83 6 8 0.1516
232 89 5 7 0.1515
726 102 6 7 0.1514
689 123 6 8 0.1514
734 131 6 8 0.1509
337 310 10 14 0.1508
465 393 11 16 0.1507
978 176 7 9 0.1505
316 272 9 12 0.1505
444 27 5 7 0.1504
1009 120 6 8 0.1503
501 156 7 10 0.1500
774 387 11 15 0.1499
641 130 7 9 0.1493
949 46 5 7 0.1491
138 140 6 9 0.1489
8 260 9 12 0.1489
1009 195 8 12 0.1487
630 253 8 11 0.1486
452 170 7 11 0.1482
102 43 6 7 0.1476
337 170 6 9 0.1475
422 162 7 10 0.1474
199 470 14 17 0.1470
440 422 12 15 0.1468
670 270 9 13 0.1466
865 112 6 9 0.1460
270 80 5 7 0.1459
862 443 9 13 0.1456
935 44 5 6 0.1456
254 367 9 11 0.1456
267 79 6 7 0.1456
150 158 7 10 0.1453
87 230 9 10 0.1453
502 61 5 7 0.1450
99 75 6 8 0.1448
524 29 5 7 0.1446
540 77 5 8 0.1444
536 512 13 18 0.1442
150 452 12 16 0.1442
233 395 10 15 0.1442
140 140 6 9 0.1441
152 70 6 6 0.1440
931 234 8 11 0.1438
646 128 7 8 0.1435
977 42 5 7 0.1434
915 71 5 7 0.1433
845 313 9 11 0.1430
58 495 11 17 0.1428
747 193 7 10 0.1425
591 53 5 7 0.1412
57 83 5 7 0.1410
656 79 5 7 0.1406
548 226 8 11 0.1406
893 265 9 11 0.1405
253 281 9 12 0.1404
843 208 8 11 0.1402
890 131 7 9 0.1396
319 68 6 7 0.1395
943 144 7 10 0.1395
427 26 6 7 0.1394
665 173 7 9 0.1391
469 30 6 7 0.1391
940 145 7 9 0.1388
535 262 8 11 0.1386
349 262 9 11 0.1385
776 69 6 7 0.1382
75 397 11 15 0.1382
874 308 10 14 0.1379
704 168 7 9 0.1378
761 156 7 10 0.1375
825 267 8 10 0.1371
671 146 7 9 0.1371
828 448 12 17 0.1370
837 150 6 8 0.1369
559 81 6 8 0.1368
890 107 5 7 0.1367
818 400 11 15 0.1364
576 45 5 7 0.1348
111 183 8 10 0.1345
519 27 7 8 0.1343
31 267 8 11 0.1343
609 128 7 9 0.1336
696 390 11 15 0.1332
210 134 6 8 0.1331
533 261 8 11 0.1330
305 410 10 12 0.1329
491 458 13 17 0.1325
212 133 7 9 0.1324
653 111 6 8 0.1319
759 208 8 11 0.1318
574 132 7 9 0.1316
689 155 7 9 0.1316
317 68 6 7 0.1313
335 401 10 12 0.1311
354 182 7 10 0.1306
188 270 8 11 0.1306
300 424 10 14 0.1305
479 126 6 8 0.1302
303 171 7 9 0.1293
484 69 5 7 0.1292
317 127 5 7 0.1289
402 183 8 11 0.1289
603 435 9 15 0.1288
36 112 6 8 0.1285
321 150 6 9 0.1283
952 607 17 23 0.1283
114 268 9 12 0.1282
890 108 6 7 0.1281
441 195 7 10 0.1276
382 77 6 7 0.1270
914 70 5 7 0.1269
773 69 6 7 0.1267
838 171 7 10 0.1266
482 125 6 8 0.1265
569 404 10 14 0.1261
884 70 5 7 0.1253
534 316 9 13 0.1253
768 245 8 11 0.1251
646 296 9 11 0.1250
520 29 6 7 0.1247
804 274 9 12 0.1244
440 139 7 9 0.1244
923 138 7 9 0.1239
870 72 6 7 0.1237
59 83 5 7 0.1237
734 130 7 9 0.1234
350 181 7 10 0.1231
481 68 6 8 0.1224
236 76 6 7 0.1224
837 529 10 15 0.1219
589 129 6 9 0.1215
604 438 9 15 0.1215
274 146 6 8 0.1213
971 144 7 9 0.1210
669 171 7 10 0.1209
609 132 7 9 0.1206
332 311 11 14 0.1201
825 449 13 17 0.1201
55 82 5 7 0.1196
883 436 11 17 0.1195
135 94 6 7 0.1195
630 136 7 9 0.1194
893 78 6 7 0.1194
298 379 10 14 0.1188
497 201 7 10 0.1185
414 249 8 11 0.1182
956 464 12 15 0.1181
579 226 9 11 0.1176
857 349 10 15 0.1174
838 112 5 8 0.1171
812 412 11 15 0.1166
771 110 6 8 0.1164
381 161 8 11 0.1164
138 93 5 8 0.1163
478 209 8 10 0.1161
389 104 6 8 0.1157
513 130 6 8 0.1157
926 403 12 16 0.1157
637 398 11 17 0.1152
312 80 6 9 0.1151
359 416 10 14 0.1144
405 321 8 11 0.1143
0 176 5 10 0.1143
119 61 5 7 0.1140
226 309 8 12 0.1139
932 336 10 14 0.1136
978 43 6 7 0.1135
1017 16 5 8 0.1134
966 321 10 14 0.1133
248 56 6 8 0.1132
173 105 5 7 0.1132
416 80 7 9 0.1126
933 43 5 7 0.1124
1019 17 5 6 0.1123
121 306 9 12 0.1121
973 109 6 8 0.1120
444 197 8 10 0.1118
587 52 6 7 0.1118
544 314 10 13 0.1117
307 415 11 16 0.1113
814 81 6 8 0.1113
723 315 9 12 0.1111
775 70 5 7 0.1109
521 428 10 15 0.1106
915 390 10 13 0.1102
651 296 8 11 0.1101
804 135 7 9 0.1099
628 284 9 13 0.1095
861 263 10 13 0.1095
862 84 6 7 0.1094
420 43 6 7 0.1090
251 82 6 8 0.1089
112 195 8 10 0.1089
148 158 7 9 0.1087
824 373 11 15 0.1087
188 81 5 7 0.1084
807 135 7 9 0.1078
260 174 7 10 0.1078
571 133 7 9 0.1075
653 80 5 7 0.1075
1006 195 8 11 0.1073
61 117 6 8 0.1072
280 323 9 14 0.1069
245 58 6 8 0.1067
504 259 8 11 0.1067
91 391 9 14 0.1066
391 39 5 7 0.1066
432 393 12 14 0.1066
389 197 8 10 0.1062
817 82 6 7 0.1059
556 153 7 9 0.1059
952 271 8 11 0.1052
850 97 6 7 0.1046
405 183 8 11 0.1044
522 28 6 8 0.1042
764 298 10 12 0.1042
551 137 6 9 0.1040
2 206 7 9 0.1040
407 60 6 7 0.1036
980 41 6 8 0.1032
359 159 6 8 0.1029
574 419 11 15 0.1018
879 85 6 7 0.1018
1013 83 6 7 0.1018
743 108 6 8 0.1014
531 157 6 10 0.1013
20 142 7 9 0.1012
663 93 6 8 0.1012
100 118 6 7 0.1012
388 234 8 11 0.1012
485 13 6 7 0.1010
531 23 6 7 0.1008
756 155 8 10 0.1007
567 480 10 16 0.1005
377 563 14 20 0.1005
388 236 9 12 0.1004
123 79 5 8 0.1000
521 146 7 9 0.0998
152 68 5 7 0.0998
158 297 8 11 0.0998
1010 84 5 6 0.0997
487 29 5 7 0.0996
572 293 9 12 0.0991
145 317 8 11 0.0990
683 183 7 9 0.0989
97 118 6 7 0.0986
300 298 10 13 0.0982
320 69 6 7 0.0981
575 145 7 10 0.0977
529 14 5 6 0.0974
677 221 7 11 0.0974
249 57 6 8 0.0973
899 166 8 10 0.0972
818 221 8 11 0.0972
94 504 15 19 0.0967
410 309 9 11 0.0967
328 149 7 10 0.0965
558 90 7 9 0.0961
193 136 7 8 0.0960
582 82 6 9 0.0955
457 361 10 14 0.0955
505 99 7 8 0.0954
894 263 8 11 0.0954
99 44 6 7 0.0952
657 491 12 15 0.0951
548 300 9 12 0.0947
442 158 8 9 0.0946
1012 411 10 14 0.0945
508 97 6 8 0.0943
264 145 7 8 0.0943
536 188 7 10 0.0940
476 299 11 13 0.0940
529 413 11 14 0.0938
173 271 9 11 0.0938
123 118 5 7 0.0931
855 235 8 11 0.0930
249 543 15 22 0.0929
812 474 13 18 0.0929
578 419 10 15 0.0927
730 131 7 9 0.0925
871 245 9 11 0.0924
611 122 7 8 0.0924
649 296 10 12 0.0916
85 230 8 11 0.0907
727 220 7 9 0.0904
78 397 12 16 0.0902
687 123 6 8 0.0901
478 292 10 12 0.0901
159 260 8 11 0.0899
867 71 6 7 0.0898
277 208 8 11 0.0894
976 179 7 9 0.0893
928 115 6 9 0.0893
147 474 12 16 0.0893
482 487 13 18 0.0892
220 186 7 9 0.0890
927 396 11 14 0.0888
701 168 7 9 0.0883
196 163 6 8 0.0880
466 14 6 7 0.0880
370 79 5 7 0.0878
440 400 12 15 0.0868
835 146 6 8 0.0865
236 394 10 15 0.0863
651 248 8 11 0.0858
588 53 5 7 0.0858
185 269 9 12 0.0857
341 78 6 8 0.0856
233 128 7 9 0.0854
457 259 8 11 0.0854
410 80 7 9 0.0853
822 401 10 15 0.0853
153 358 10 14 0.0852
1010 261 8 11 0.0850
388 40 6 6 0.0848
654 149 7 9 0.0847
560 337 9 12 0.0845
418 271 9 13 0.0842
540 86 6 9 0.0841
677 219 8 11 0.0838
372 234 8 11 0.0837
591 102 6 8 0.0836
280 207 8 11 0.0834
762 498 13 17 0.0832
347 261 8 11 0.0832
178 272 9 12 0.0831
319 412 11 16 0.0831
122 60 5 7 0.0829
518 373 11 15 0.0827
676 147 7 8 0.0826
939 350 10 15 0.0826
349 200 7 9 0.0825
657 20 6 7 0.0824
956 145 8 10 0.0822
610 60 5 7 0.0818
22 301 8 10 0.0817
901 334 11 14 0.0815
1011 83 5 7 0.0811
459 361 10 14 0.0809
850 217 8 11 0.0809
267 91 6 8 0.0808
834 527 9 14 0.0808
270 322 11 16 0.0806
610 109 6 8 0.0805
144 55 6 7 0.0802
945 76 6 8 0.0801
235 109 6 8 0.0800
903 335 10 12 0.0799
222 161 7 8 0.0797
477 347 9 12 0.0794
901 164 8 10 0.0793
617 297 9 12 0.0793
462 125 7 8 0.0791
710 524 14 20 0.0791
524 72 6 8 0.0788
607 422 10 14 0.0788
313 195 8 10 0.0787
240 76 6 7 0.0784
924 161 7 9 0.0783
404 283 9 12 0.0783
773 269 9 11 0.0783
795 175 8 10 0.0781
180 288 10 14 0.0780
181 163 7 9 0.0779
559 335 10 12 0.0779
38 112 6 6 0.0778
648 237 8 11 0.0777
909 45 5 6 0.0774
454 171 8 10 0.0774
693 387 11 14 0.0773
206 163 7 8 0.0768
925 181 7 9 0.0767
94 214 7 11 0.0766
873 140 6 9 0.0764
870 308 9 13 0.0764
311 23 5 6 0.0763
821 220 8 11 0.0762
17 142 8 9 0.0761
596 269 10 11 0.0759
559 483 10 16 0.0759
545 346 10 14 0.0759
947 200 7 9 0.0758
174 384 9 13 0.0756
831 144 6 9 0.0756
955 271 8 11 0.0756
762 298 9 12 0.0755
624 116 6 8 0.0754
597 268 9 12 0.0753
489 512 13 17 0.0751
256 380 10 14 0.0750
605 382 11 15 0.0750
600 47 6 7 0.0749
495 224 8 11 0.0749
187 505 13 19 0.0748
544 93 7 8 0.0748
435 320 9 13 0.0746
46 324 9 13 0.0743
408 125 6 8 0.0743
142 186 8 9 0.0743
618 233 8 11 0.0742
827 267 8 11 0.0741
379 131 6 8 0.0740
53 248 8 11 0.0738
721 102 6 8 0.0732
786 400 11 13 0.0732
952 270 9 11 0.0731
698 100 5 7 0.0730
540 193 7 9 0.0730
444 389 11 14 0.0728
413 247 9 11 0.0727
302 169 6 9 0.0727
314 128 6 7 0.0724
722 218 7 10 0.0724
27 258 8 11 0.0723
660 251 8 11 0.0720
368 432 12 18 0.0717
640 188 6 9 0.0717
634 51 5 8 0.0715
803 273 8 11 0.0712
391 73 6 8 0.0710
914 388 9 12 0.0709
34 222 8 11 0.0707
540 433 11 15 0.0707
292 77 6 7 0.0701
445 29 6 7 0.0700
463 66 7 8 0.0700
818 236 7 10 0.0700
753 253 9 10 0.0700
608 65 6 8 0.0698
777 433 12 17 0.0698
262 399 11 16 0.0696
778 70 5 7 0.0696
502 314 11 14 0.0695
394 424 11 15 0.0695
634 397 10 17 0.0694
119 268 9 12 0.0693
592 149 7 10 0.0692
109 309 10 14 0.0691
152 321 10 13 0.0691
687 124 7 9 0.0689
473 317 9 13 0.0688
356 409 9 13 0.0687
113 169 7 10 0.0683
815 237 7 10 0.0681
981 42 5 7 0.0680
133 229 7 11 0.0680
344 171 7 8 0.0680
149 117 6 7 0.0680
744 31 5 7 0.0679
725 251 8 10 0.0678
808 28 6 6 0.0676
500 141 7 8 0.0675
289 95 5 8 0.0674
270 86 5 7 0.0674
235 130 6 8 0.0673
267 79 5 6 0.0672
236 88 5 7 0.0670
494 40 6 7 0.0669
771 136 7 8 0.0669
667 386 11 15 0.0668
943 419 11 15 0.0664
349 400 9 13 0.0663
175 105 5 7 0.0663
784 264 8 12 0.0661
660 19 6 7 0.0661
827 215 8 9 0.0661
620 529 13 15 0.0660
481 209 8 10 0.0657
557 335 10 13 0.0656
494 244 8 10 0.0656
837 181 7 9 0.0656
907 44 5 6 0.0653
843 315 9 11 0.0652
534 432 12 16 0.0652
933 348 10 16 0.0651
622 116 7 8 0.0650
499 66 6 9 0.0650
556 39 5 7 0.0649
925 116 6 8 0.0649
257 174 7 9 0.0648
669 170 7 9 0.0648
576 44 6 6 0.0647
312 276 9 12 0.0646
651 111 6 8 0.0644
639 25 5 7 0.0642
257 398 12 16 0.0642
319 174 7 9 0.0642
32 270 7 9 0.0639
806 28 6 6 0.0638
30 225 8 10 0.0638
541 186 7 10 0.0637
638 311 8 12 0.0636
531 15 5 7 0.0636
624 278 9 12 0.0635
614 112 6 9 0.0634
701 275 9 11 0.0633
440 74 6 8 0.0632
96 179 7 9 0.0632
696 30 5 6 0.0632
727 325 10 14 0.0631
477 0 6 8 0.0631
741 31 5 7 0.0631
446 310 10 14 0.0630
619 146 8 10 0.0630
555 22 6 7 0.0629
867 244 9 11 0.0628
567 68 6 7 0.0628
533 413 10 15 0.0628
389 74 6 8 0.0625
651 125 7 9 0.0624
433 43 6 7 0.0624
503 376 10 14 0.0623
872 243 9 12 0.0622
500 282 9 12 0.0621
631 13 6 7 0.0621
578 311 9 13 0.0620
151 116 6 8 0.0619
932 269 9 12 0.0617
681 370 9 13 0.0615
285 323 10 13 0.0615
471 148 8 10 0.0615
502 276 10 12 0.0614
967 323 10 14 0.0614
871 220 9 11 0.0614
981 74 6 8 0.0613
950 72 6 8 0.0612
213 76 5 7 0.0611
896 3 6 7 0.0610
516 133 7 9 0.0608
944 325 10 13 0.0606
425 9 5 6 0.0605
362 297 9 12 0.0599
342 74 6 8 0.0599
57 247 8 11 0.0597
238 109 6 7 0.0597
389 422 12 16 0.0596
548 93 7 8 0.0596
669 252 9 11 0.0596
319 96 6 9 0.0594
420 482 12 16 0.0594
293 75 6 7 0.0593
847 131 6 9 0.0593
477 102 6 9 0.0592
160 481 14 20 0.0591
530 410 10 14 0.0590
858 348 10 16 0.0590
429 378 9 13 0.0590
346 96 6 8 0.0588
322 148 6 9 0.0587
526 86 6 7 0.0586
694 244 8 10 0.0586
390 424 10 15 0.0585
859 113 7 8 0.0584
113 269 9 12 0.0582
486 274 8 11 0.0581
337 209 8 9 0.0580
318 177 7 9 0.0580
525 227 8 12 0.0579
317 195 7 10 0.0579
1004 274 10 12 0.0578
331 400 10 13 0.0578
734 669 18 15 0.0575
1019 240 5 12 0.0575
486 40 6 8 0.0574
472 262 8 11 0.0573
102 359 11 16 0.0573
949 244 9 11 0.0573
474 1 6 8 0.0572
898 3 6 7 0.0571
660 491 12 15 0.0570
373 22 6 7 0.0569
336 208 7 9 0.0568
699 346 11 13 0.0567
721 102 6 6 0.0567
345 79 6 8 0.0566
534 286 9 12 0.0566
437 138 6 9 0.0565
1009 82 5 7 0.0565
623 24 6 7 0.0564
917 388 9 13 0.0563
20 301 8 11 0.0562
810 28 5 6 0.0562
738 413 13 17 0.0562
467 289 9 11 0.0561
790 33 5 6 0.0560
710 231 7 10 0.0560
629 67 6 8 0.0559
282 266 10 12 0.0559
321 543 13 15 0.0558
441 103 7 8 0.0556
906 45 5 6 0.0556
197 21 5 6 0.0555
351 200 7 10 0.0552
525 157 7 10 0.0551
210 165 6 9 0.0549
318 69 6 7 0.0549
506 59 5 7 0.0547
431 320 9 14 0.0547
243 297 10 12 0.0547
62 176 7 9 0.0546
237 186 8 9 0.0546
153 259 9 12 0.0543
339 74 6 8 0.0543
621 252 8 11 0.0542
234 397 11 15 0.0539
687 75 6 7 0.0538
637 250 8 11 0.0537
202 188 7 10 0.0536
401 159 6 10 0.0536
762 209 8 11 0.0535
896 167 7 10 0.0534
1007 261 8 11 0.0533
532 512 13 17 0.0531
259 275 8 12 0.0530
543 186 7 9 0.0529
594 164 8 9 0.0529
962 49 6 7 0.0528
370 22 5 7 0.0528
61 176 7 9 0.0528
728 30 5 7 0.0526
629 68 6 7 0.0525
980 75 6 7 0.0525
805 134 6 9 0.0525
587 24 6 7 0.0525
822 355 10 14 0.0523
832 147 7 8 0.0523
392 277 9 12 0.0523
110 148 7 9 0.0522
598 403 11 14 0.0521
420 64 6 8 0.0521
223 185 7 10 0.0520
622 385 11 14 0.0520
885 158 8 9 0.0519
921 182 7 9 0.0519
450 313 10 14 0.0519
525 268 9 12 0.0516
850 133 6 8 0.0516
445 14 5 7 0.0516
622 91 6 8 0.0516
685 75 6 7 0.0514
705 77 6 7 0.0514
341 76 6 7 0.0513
326 148 7 8 0.0513
830 87 6 8 0.0512
750 267 10 12 0.0512
935 250 9 11 0.0512
605 434 9 16 0.0512
510 184 7 11 0.0511
213 302 9 11 0.0510
847 326 11 14 0.0510
373 66 6 7 0.0509
853 97 6 8 0.0509
547 226 9 11 0.0509
371 76 5 7 0.0508
343 278 10 12 0.0506
171 383 10 13 0.0505
184 23 5 7 0.0505
291 74 5 7 0.0504
351 97 5 8 0.0503
336 399 11 15 0.0503
669 295 10 12 0.0502
553 39 6 7 0.0501
870 139 7 9 0.0501
419 299 9 12 0.0500
159 295 9 13 0.0500
481 70 6 8 0.0499
53 83 6 7 0.0498
545 148 7 9 0.0497
112 310 9 13 0.0495
734 22 6 7 0.0495
975 175 7 10 0.0493
980 42 5 7 0.0492
459 248 9 11 0.0492
129 156 6 9 0.0490
952 89 6 8 0.0489
390 41 6 6 0.0489
422 9 5 6 0.0489
620 23 6 8 0.0487
902 141 6 8 0.0487
813 107 7 9 0.0486
313 335 9 13 0.0486
321 98 6 8 0.0486
601 47 6 7 0.0485
308 22 5 7 0.0484
468 28 6 7 0.0481
930 117 6 7 0.0481
778 29 5 7 0.0480
797 455 13 18 0.0480
810 155 7 9 0.0479
474 99 6 8 0.0478
562 263 8 10 0.0476
517 130 6 8 0.0476
109 270 8 11 0.0476
879 374 12 16 0.0474
698 401 12 16 0.0473
214 463 12 16 0.0471
210 301 9 11 0.0470
848 315 9 12 0.0470
371 219 8 12 0.0470
529 2 5 6 0.0469
315 272 11 13 0.0469
646 201 7 10 0.0469
210 76 6 7 0.0469
262 144 6 8 0.0468
576 225 7 11 0.0468
670 360 11 15 0.0467
951 88 6 8 0.0464
36 180 8 10 0.0463
96 177 7 10 0.0463
158 335 10 13 0.0462
872 17 5 7 0.0461
316 126 5 6 0.0461
227 496 12 17 0.0460
693 151 7 8 0.0460
468 147 7 9 0.0459
158 444 11 17 0.0457
694 219 8 10 0.0457
573 85 6 7 0.0455
910 321 12 17 0.0455
215 319 10 13 0.0455
585 24 5 7 0.0454
624 91 5 8 0.0454
287 167 7 8 0.0453
743 113 7 8 0.0453
784 95 6 8 0.0452
721 524 11 17 0.0452
907 321 11 14 0.0452
914 71 6 7 0.0451
41 200 8 9 0.0450
962 47 5 7 0.0448
58 81 6 8 0.0448
701 470 13 15 0.0447
473 103 7 9 0.0447
417 540 13 17 0.0446
599 13 5 6 0.0446
978 75 6 7 0.0444
749 324 10 13 0.0443
521 24 6 8 0.0442
314 126 5 7 0.0441
681 87 6 8 0.0439
488 89 7 8 0.0438
448 276 9 12 0.0438
774 113 6 8 0.0437
1005 410 10 16 0.0435
117 117 6 7 0.0434
881 273 10 13 0.0434
195 20 4 6 0.0433
490 511 12 16 0.0433
416 535 14 18 0.0432
464 37 5 7 0.0430
1004 48 7 8 0.0429
787 33 5 6 0.0429
976 226 7 10 0.0427
602 13 5 7 0.0427
445 27 6 7 0.0426
541 60 5 7 0.0425
694 29 5 7 0.0424
22 298 7 10 0.0424
478 428 11 15 0.0423
895 5 5 6 0.0420
464 397 12 17 0.0419
774 134 7 9 0.0419
706 75 5 8 0.0419
934 45 6 6 0.0418
114 194 8 10 0.0418
884 126 6 9 0.0418
536 194 7 10 0.0417
606 438 10 14 0.0416
795 13 6 7 0.0416
269 323 10 15 0.0416
954 311 9 12 0.0415
741 30 5 7 0.0414
552 21 6 7 0.0414
535 463 12 15 0.0414
903 137 6 9 0.0412
339 208 8 10 0.0411
885 1 5 6 0.0411
900 31 5 6 0.0410
91 175 8 9 0.0410
338 23 4 6 0.0409
614 343 9 12 0.0406
692 122 7 8 0.0404
36 110 5 8 0.0404
34 269 7 10 0.0403
568 402 11 14 0.0401
199 21 5 6 0.0401
698 31 6 7 0.0401
213 76 5 7 0.0400
641 266 9 11 0.0400
692 19 5 6 0.0399
386 291 10 13 0.0399
724 251 9 11 0.0398
443 98 7 9 0.0397
186 79 6 7 0.0396
891 68 6 7 0.0393
391 198 8 10 0.0393
622 2 7 7 0.0392
349 117 5 7 0.0392
89 233 8 11 0.0391
315 126 6 7 0.0390
665 9 5 6 0.0390
698 347 9 12 0.0390
957 231 7 10 0.0389
420 42 6 7 0.0387
280 374 10 14 0.0386
963 30 5 7 0.0386
574 130 6 9 0.0386
571 399 12 15 0.0386
139 142 7 8 0.0386
117 407 9 15 0.0385
855 237 9 11 0.0385
946 26 5 7 0.0382
156 69 6 7 0.0382
520 426 12 15 0.0382
649 62 6 7 0.0380
619 1 6 8 0.0380
297 79 6 8 0.0380
565 477 10 14 0.0377
511 16 5 6 0.0377
862 350 10 15 0.0376
801 274 8 11 0.0375
58 118 6 7 0.0375
544 92 7 7 0.0375
637 188 7 9 0.0373
189 370 11 13 0.0373
574 365 9 13 0.0373
60 175 6 10 0.0371
1010 119 8 9 0.0371
583 505 14 18 0.0370
879 2 6 7 0.0368
658 112 6 7 0.0368
746 104 6 7 0.0368
1006 47 6 8 0.0368
305 394 9 13 0.0367
44 18 4 6 0.0365
998 242 8 11 0.0365
108 149 6 8 0.0365
981 77 5 8 0.0365
193 138 7 9 0.0365
305 137 7 9 0.0364
91 214 7 9 0.0363
273 175 7 9 0.0363
111 149 7 9 0.0363
127 233 9 12 0.0362
590 129 7 8 0.0362
978 174 7 9 0.0361
766 30 5 7 0.0360
831 216 8 11 0.0360
186 251 9 13 0.0359
925 115 6 8 0.0358
964 73 7 9 0.0358
554 20 6 7 0.0356
444 102 6 9 0.0356
781 176 8 10 0.0355
788 312 9 12 0.0355
90 177 7 9 0.0355
337 349 11 14 0.0355
839 111 5 7 0.0355
480 0 6 8 0.0354
973 180 7 9 0.0354
793 13 5 7 0.0353
627 494 11 14 0.0353
859 442 9 11 0.0352
777 70 6 7 0.0352
514 320 10 11 0.0350
899 165 8 11 0.0350
773 139 7 9 0.0349
19 299 8 10 0.0349
356 462 14 19 0.0348
1007 48 6 9 0.0347
715 103 6 7 0.0346
171 10 4 6 0.0345
713 87 5 7 0.0344
12 243 8 10 0.0344
426 25 6 7 0.0343
567 479 11 15 0.0343
835 112 6 8 0.0342
724 201 7 9 0.0342
908 45 5 6 0.0341
292 325 10 14 0.0341
179 23 5 6 0.0340
580 173 8 9 0.0340
652 77 6 8 0.0338
675 372 11 15 0.0338
547 346 10 14 0.0337
892 263 8 11 0.0337
136 93 7 8 0.0337
685 86 6 7 0.0336
443 311 10 12 0.0336
159 297 9 12 0.0336
850 235 9 11 0.0335
818 433 10 15 0.0334
438 140 8 9 0.0333
615 527 13 15 0.0333
441 425 12 15 0.0333
976 176 8 9 0.0332
189 251 9 12 0.0332
670 128 6 8 0.0332
906 184 8 10 0.0332
184 10 5 6 0.0332
13 238 6 9 0.0328
919 262 9 11 0.0327
19 144 7 9 0.0326
557 18 6 7 0.0325
971 109 6 8 0.0325
391 100 6 8 0.0322
345 398 10 14 0.0320
587 487 11 15 0.0320
139 182 7 10 0.0320
611 400 10 14 0.0320
870 180 7 9 0.0319
913 85 6 8 0.0319
833 171 8 10 0.0319
472 147 7 10 0.0318
116 62 6 7 0.0317
697 29 6 7 0.0317
155 131 7 8 0.0317
644 12 5 7 0.0316
791 174 7 9 0.0316
56 9 5 6 0.0316
736 131 6 8 0.0314
38 178 8 9 0.0313
713 259 8 11 0.0313
214 302 8 11 0.0313
292 378 11 13 0.0313
94 598 18 24 0.0313
884 157 7 9 0.0313
574 353 11 14 0.0312
547 315 9 12 0.0312
431 0 5 2 0.0311
36 170 7 10 0.0310
924 0 5 3 0.0309
619 289 9 13 0.0309
584 270 8 11 0.0308
874 72 5 8 0.0308
996 243 8 11 0.0308
38 169 7 9 0.0308
727 201 7 11 0.0307
210 11 5 6 0.0306
41 17 5 6 0.0305
765 28 5 7 0.0305
606 62 5 7 0.0304
45 128 6 8 0.0304
534 186 7 10 0.0304
477 3 5 7 0.0304
595 389 11 14 0.0304
21 143 7 9 0.0303
377 158 8 9 0.0302
481 428 11 15 0.0302
589 102 6 9 0.0302
826 269 9 11 0.0301
620 233 8 11 0.0301
3 175 6 10 0.0301
239 335 9 13 0.0300
943 26 6 7 0.0300
770 30 5 6 0.0299
657 485 12 17 0.0299
429 16 7 7 0.0299
771 243 9 11 0.0299
137 22 5 6 0.0299
51 82 6 7 0.0298
436 426 10 14 0.0297
662 9 5 6 0.0297
422 164 7 9 0.0297
915 4 5 7 0.0296
95 333 9 12 0.0296
403 159 7 9 0.0296
973 244 8 11 0.0296
161 234 8 11 0.0296
455 219 8 10 0.0295
372 221 8 11 0.0295
253 367 9 11 0.0294
488 27 7 7 0.0294
701 168 7 9 0.0294
860 115 7 9 0.0293
123 259 8 11 0.0292
438 253 8 10 0.0291
903 34 5 6 0.0291
898 265 9 11 0.0291
655 20 6 7 0.0290
135 22 5 6 0.0290
183 164 7 9 0.0289
657 218 8 10 0.0288
408 271 9 12 0.0287
831 247 9 12 0.0287
1003 46 6 7 0.0287
184 165 6 9 0.0286
641 27 5 6 0.0286
646 206 8 11 0.0286
646 201 8 9 0.0286
502 298 9 11 0.0286
314 194 8 10 0.0286
