2_Demonstration_Demonstrators_2_499
53
758 343 26 27 0.8345
813 348 21 29 0.8279
978 322 38 50 0.8132
260 356 23 28 0.8044
454 363 21 24 0.8020
634 363 20 25 0.8007
831 325 21 31 0.7529
552 359 16 23 0.7022
602 365 21 23 0.6702
362 365 20 23 0.6416
907 353 22 37 0.5824
962 345 18 25 0.5724
484 383 15 18 0.5095
698 380 17 21 0.4983
428 360 17 23 0.4708
515 388 16 20 0.4300
425 360 18 24 0.4058
696 380 16 21 0.3852
518 388 15 20 0.3545
360 365 20 24 0.3520
713 379 13 16 0.3348
653 367 14 21 0.2764
965 345 18 25 0.2430
487 384 14 18 0.2082
604 364 21 24 0.2044
525 370 14 16 0.1766
654 370 14 20 0.1650
657 368 14 20 0.0685
965 344 15 24 0.0617
910 354 23 36 0.0507
471 393 11 13 0.0423
555 359 17 23 0.0417
530 370 11 15 0.0360
521 373 14 16 0.0336
489 383 13 17 0.0289
658 372 14 19 0.0283
467 393 12 13 0.0235
480 383 14 17 0.0228
981 353 21 24 0.0226
713 378 11 13 0.0215
380 377 14 17 0.0212
588 368 13 18 0.0203
580 369 11 17 0.0201
231 367 12 17 0.0185
525 375 14 20 0.0170
1007 320 17 40 0.0154
906 363 19 31 0.0153
904 369 13 25 0.0147
529 374 11 17 0.0133
515 381 13 19 0.0129
539 389 12 15 0.0126
516 375 12 15 0.0124
716 378 12 14 0.0108
