2_Demonstration_Political_Rally_2_985
70
796 553 150 187 0.8732
551 475 60 72 0.8621
119 450 29 33 0.8008
19 444 27 41 0.7775
310 408 51 116 0.7774
94 421 20 28 0.7220
984 374 35 40 0.7197
112 554 17 22 0.6109
76 539 17 21 0.5488
392 395 18 25 0.5463
96 549 15 19 0.5341
360 401 25 35 0.4855
363 402 24 33 0.4528
191 439 20 22 0.3065
396 395 16 24 0.2840
655 297 13 16 0.2519
623 287 13 16 0.2450
73 539 17 21 0.2124
659 297 12 17 0.1755
8 413 12 15 0.1659
116 554 15 21 0.1163
627 287 13 16 0.1092
130 425 12 14 0.1035
84 467 30 37 0.1033
880 383 20 26 0.0926
5 413 11 14 0.0911
69 427 16 20 0.0883
128 424 12 13 0.0861
78 466 34 39 0.0835
411 417 12 15 0.0757
194 438 22 26 0.0734
415 417 12 15 0.0683
9 413 14 16 0.0624
383 462 36 50 0.0574
14 398 14 16 0.0441
93 548 15 18 0.0424
622 287 12 14 0.0408
788 294 16 20 0.0379
887 383 17 25 0.0371
387 462 35 50 0.0369
627 287 11 14 0.0357
152 421 12 15 0.0349
34 405 13 16 0.0344
880 389 21 28 0.0331
34 409 15 18 0.0281
155 424 11 15 0.0276
30 407 13 16 0.0247
4 413 13 15 0.0229
655 298 15 18 0.0229
133 425 12 15 0.0224
188 436 18 23 0.0206
7 409 13 15 0.0168
141 405 11 14 0.0145
873 381 21 30 0.0144
883 377 22 30 0.0134
26 480 23 35 0.0125
868 388 28 37 0.0124
184 438 19 23 0.0122
785 295 14 19 0.0121
884 486 40 57 0.0121
72 420 15 20 0.0119
101 425 16 21 0.0119
961 382 16 22 0.0119
876 395 25 37 0.0115
26 570 37 40 0.0115
136 405 12 15 0.0114
63 432 16 21 0.0105
149 417 13 15 0.0102
63 429 14 17 0.0101
641 296 13 14 0.0101
