2_Demonstration_Protesters_2_826
124
893 239 65 77 0.8924
546 165 42 57 0.8802
629 72 30 45 0.8512
606 137 36 45 0.8494
702 199 53 67 0.8453
582 71 25 38 0.8301
500 152 27 39 0.8104
57 88 27 33 0.7826
565 55 16 24 0.7112
515 121 24 28 0.6661
546 103 16 26 0.6364
229 100 16 23 0.5098
552 64 11 17 0.5081
536 73 12 17 0.4580
616 65 13 18 0.4464
90 80 14 19 0.4226
425 86 15 22 0.3777
521 68 14 19 0.3533
213 82 16 19 0.2732
519 67 14 18 0.2588
88 80 13 19 0.2560
257 66 10 14 0.2547
402 87 13 16 0.2539
857 91 20 33 0.2438
362 88 23 25 0.2374
429 86 14 23 0.2367
407 86 11 17 0.2289
517 68 14 18 0.2248
549 65 11 16 0.2234
620 65 11 19 0.2219
254 66 10 13 0.1540
359 88 20 24 0.1469
514 120 23 29 0.1408
181 118 10 14 0.1079
232 102 15 22 0.0927
516 67 13 17 0.0914
209 82 17 18 0.0857
360 89 22 26 0.0749
494 81 8 10 0.0730
382 86 16 19 0.0707
363 89 25 27 0.0653
235 100 13 22 0.0631
491 80 8 11 0.0606
685 71 18 28 0.0590
511 64 9 13 0.0585
183 118 11 14 0.0578
237 74 9 11 0.0541
543 104 15 25 0.0539
259 66 10 13 0.0537
211 81 16 17 0.0529
159 79 9 12 0.0511
156 79 9 13 0.0492
182 120 12 17 0.0490
726 75 21 35 0.0483
996 156 8 11 0.0479
320 40 7 9 0.0470
688 74 17 30 0.0458
233 74 10 12 0.0458
453 54 6 9 0.0428
400 54 8 10 0.0422
993 156 8 11 0.0410
404 54 7 10 0.0400
681 71 18 29 0.0394
286 42 7 10 0.0393
94 80 12 18 0.0385
456 54 6 9 0.0383
289 42 7 10 0.0370
678 71 23 35 0.0364
323 40 7 9 0.0359
0 126 6 23 0.0358
83 81 16 25 0.0355
688 68 12 15 0.0353
233 101 14 21 0.0333
312 93 12 23 0.0302
618 65 14 22 0.0298
431 62 8 10 0.0294
434 62 8 9 0.0283
203 105 12 16 0.0273
568 55 16 24 0.0264
685 68 11 16 0.0250
95 81 13 18 0.0248
257 69 11 14 0.0234
1012 84 12 26 0.0233
720 77 18 31 0.0229
182 88 9 11 0.0226
486 68 7 10 0.0221
492 79 10 13 0.0220
211 82 15 18 0.0217
80 125 12 15 0.0202
603 62 14 20 0.0201
87 80 11 17 0.0188
309 89 11 23 0.0182
483 67 7 10 0.0181
200 104 11 16 0.0173
513 61 10 13 0.0172
492 83 8 11 0.0170
207 72 9 12 0.0161
184 87 9 12 0.0160
315 95 15 22 0.0158
204 108 14 18 0.0158
421 86 12 19 0.0155
259 64 10 11 0.0155
495 82 8 10 0.0150
205 75 9 12 0.0148
158 80 11 13 0.0145
548 64 11 15 0.0144
184 87 9 12 0.0141
287 44 7 9 0.0137
179 118 9 14 0.0136
363 85 20 24 0.0133
0 130 8 30 0.0124
1020 150 4 15 0.0119
732 74 26 38 0.0119
291 44 6 9 0.0119
432 61 7 9 0.0119
725 72 18 33 0.0118
450 72 10 13 0.0118
256 42 8 9 0.0113
206 104 14 18 0.0110
385 84 15 20 0.0109
401 56 9 11 0.0107
233 73 9 11 0.0106
18 99 11 15 0.0103
526 58 11 13 0.0102
