2_Demonstration_Protesters_2_131
718
125 616 20 25 0.8063
88 584 19 21 0.7753
211 618 19 25 0.7666
956 557 16 19 0.7552
266 583 16 19 0.7461
866 567 19 24 0.7319
34 597 21 26 0.7307
460 615 20 26 0.7168
316 593 16 22 0.6902
45 571 20 19 0.6760
26 642 18 25 0.6377
266 661 26 21 0.6293
190 561 13 16 0.6256
979 572 17 23 0.5966
130 583 15 19 0.5900
896 557 13 17 0.5768
308 555 11 17 0.5731
882 519 9 11 0.5134
481 560 14 19 0.4924
884 609 15 24 0.4883
413 583 14 20 0.4836
297 628 17 21 0.4712
694 546 11 15 0.4443
410 541 11 14 0.4291
667 579 13 20 0.4288
184 510 6 8 0.4232
714 543 10 14 0.4212
183 588 16 21 0.4106
38 538 12 15 0.4106
1011 562 11 17 0.4053
628 601 13 21 0.4040
185 588 17 21 0.4028
937 525 9 12 0.3847
744 508 9 10 0.3844
406 521 9 11 0.3824
360 560 10 13 0.3819
467 535 9 11 0.3651
478 560 14 19 0.3552
626 522 7 10 0.3539
404 521 8 11 0.3517
152 536 9 12 0.3516
219 553 11 15 0.3499
554 551 10 14 0.3480
299 628 18 21 0.3472
182 523 8 10 0.3392
557 551 10 14 0.3381
185 522 8 11 0.3347
726 508 8 9 0.3343
903 518 8 11 0.3323
464 535 10 12 0.3215
408 542 11 13 0.3192
792 534 8 13 0.3178
907 518 7 10 0.3172
149 536 9 12 0.3142
999 534 10 13 0.3089
789 534 8 13 0.3086
321 524 7 9 0.3084
174 541 9 13 0.3081
710 543 10 15 0.3068
827 517 9 11 0.3030
171 541 10 14 0.3010
780 515 7 10 0.2998
137 525 8 11 0.2965
416 583 14 20 0.2956
622 522 8 10 0.2953
824 517 9 11 0.2925
503 523 7 10 0.2922
199 509 7 8 0.2853
219 515 8 10 0.2827
142 558 10 13 0.2790
769 504 7 9 0.2784
134 525 8 11 0.2782
118 523 7 9 0.2762
257 525 8 11 0.2732
363 560 9 14 0.2728
975 497 6 8 0.2710
212 529 8 10 0.2710
870 517 8 10 0.2701
215 529 7 10 0.2682
723 508 7 9 0.2676
754 524 8 11 0.2645
67 517 7 9 0.2612
744 546 9 14 0.2608
451 498 6 8 0.2599
392 519 6 9 0.2583
785 504 7 8 0.2553
202 509 7 8 0.2501
514 515 7 9 0.2479
919 612 14 22 0.2469
869 497 7 9 0.2454
171 513 7 8 0.2436
627 599 12 23 0.2400
415 562 10 15 0.2369
779 497 6 8 0.2360
887 610 14 24 0.2338
997 534 9 13 0.2333
305 521 6 8 0.2321
751 524 8 11 0.2320
667 516 7 10 0.2312
364 525 6 9 0.2311
976 572 17 23 0.2299
866 497 7 9 0.2294
255 526 8 9 0.2272
788 504 6 8 0.2268
56 507 7 8 0.2219
367 525 6 9 0.2190
176 498 7 8 0.2189
963 502 7 9 0.2170
1008 562 10 17 0.2164
867 516 9 11 0.2153
267 662 27 21 0.2140
766 503 7 10 0.2139
41 512 7 9 0.2091
222 515 8 10 0.2061
60 530 8 11 0.2055
188 561 12 16 0.2050
102 518 7 9 0.2042
777 515 7 10 0.2038
424 515 7 9 0.2004
235 548 9 12 0.1985
63 531 8 10 0.1982
173 498 7 8 0.1969
922 613 15 22 0.1946
320 541 9 12 0.1916
418 563 10 14 0.1900
664 516 8 10 0.1894
79 503 7 10 0.1883
30 642 16 24 0.1868
939 496 6 9 0.1867
741 546 9 13 0.1865
472 509 6 8 0.1863
785 487 6 7 0.1862
941 497 7 8 0.1853
218 553 10 14 0.1820
961 527 8 13 0.1812
380 532 7 11 0.1808
99 518 7 10 0.1806
891 508 7 9 0.1797
888 508 7 9 0.1778
140 559 9 11 0.1754
427 515 7 9 0.1745
286 524 7 11 0.1740
238 548 9 12 0.1676
517 514 7 10 0.1661
715 572 9 19 0.1658
709 507 7 9 0.1615
221 515 8 10 0.1614
767 504 7 9 0.1598
133 583 14 19 0.1594
77 503 7 9 0.1584
428 515 7 9 0.1576
951 516 7 10 0.1569
469 509 6 8 0.1565
118 542 8 10 0.1557
689 502 7 9 0.1551
288 524 8 10 0.1541
30 501 7 8 0.1538
656 519 7 10 0.1536
958 527 7 12 0.1528
805 503 7 9 0.1525
788 487 5 6 0.1515
154 524 7 9 0.1514
101 505 6 7 0.1508
377 533 7 11 0.1503
302 521 6 7 0.1494
25 515 8 10 0.1493
2 511 7 8 0.1491
6 509 6 9 0.1473
306 555 11 16 0.1471
168 558 11 15 0.1469
501 524 7 9 0.1449
40 539 12 16 0.1436
2 533 9 13 0.1434
509 644 12 27 0.1414
973 516 8 10 0.1383
54 507 6 8 0.1357
1 525 8 13 0.1355
869 515 8 11 0.1354
516 515 7 9 0.1353
957 529 9 12 0.1346
329 504 6 8 0.1336
310 556 11 14 0.1333
44 513 7 9 0.1331
218 569 9 13 0.1329
653 520 8 9 0.1301
371 511 6 8 0.1299
346 510 6 8 0.1294
368 510 6 8 0.1289
691 503 6 9 0.1286
791 515 8 11 0.1283
444 493 6 8 0.1283
184 650 12 28 0.1276
222 553 10 14 0.1267
741 507 8 10 0.1248
691 546 10 14 0.1240
217 554 10 15 0.1235
997 497 6 8 0.1230
327 505 5 7 0.1222
88 506 7 8 0.1210
129 508 8 9 0.1210
367 497 6 7 0.1205
168 513 6 8 0.1168
364 497 6 7 0.1160
390 518 6 8 0.1153
384 504 6 7 0.1146
687 502 7 8 0.1137
687 504 7 8 0.1137
552 532 7 10 0.1118
406 499 6 7 0.1118
607 554 11 14 0.1115
258 526 8 10 0.1097
352 539 6 9 0.1089
907 500 7 8 0.1085
33 502 7 8 0.1081
765 503 7 10 0.1071
935 525 9 11 0.1064
35 499 7 9 0.1056
403 499 6 7 0.1056
547 551 9 13 0.1054
549 532 7 11 0.1051
447 549 9 13 0.1045
215 569 9 13 0.1044
1002 518 8 10 0.1032
524 529 8 10 0.1022
254 527 8 10 0.1009
5 533 9 12 0.1005
853 491 6 7 0.1003
610 551 10 15 0.1002
847 543 10 15 0.0995
444 549 9 13 0.0994
429 515 7 10 0.0990
748 547 11 16 0.0983
996 506 7 9 0.0980
292 513 7 8 0.0957
1000 497 6 7 0.0952
201 508 6 8 0.0944
565 514 6 8 0.0930
60 508 6 8 0.0918
611 553 10 14 0.0917
819 507 7 9 0.0916
614 510 5 8 0.0915
111 510 6 8 0.0914
319 536 9 14 0.0913
226 499 6 8 0.0913
197 607 12 16 0.0912
712 571 9 19 0.0910
707 506 6 9 0.0903
355 538 6 9 0.0894
329 503 6 8 0.0892
802 503 7 8 0.0886
315 542 9 11 0.0879
505 524 8 10 0.0872
959 498 6 8 0.0871
229 499 6 7 0.0871
440 492 6 7 0.0866
635 511 7 8 0.0865
708 532 8 10 0.0862
75 503 7 9 0.0858
326 504 5 7 0.0853
93 491 7 8 0.0844
212 529 8 10 0.0843
380 610 13 24 0.0838
905 517 8 10 0.0833
847 492 6 7 0.0828
33 541 12 14 0.0824
464 616 18 25 0.0820
849 491 6 7 0.0803
379 610 16 25 0.0802
345 513 6 8 0.0800
720 620 17 20 0.0792
115 542 8 11 0.0787
348 561 8 11 0.0785
904 499 7 9 0.0784
361 581 9 17 0.0783
756 525 8 10 0.0781
723 619 19 21 0.0771
867 515 8 11 0.0767
675 502 6 7 0.0761
506 645 11 25 0.0755
893 557 12 17 0.0755
121 525 7 10 0.0752
297 596 11 14 0.0750
169 540 10 13 0.0747
970 488 5 8 0.0738
837 592 11 18 0.0735
95 492 7 8 0.0729
999 507 7 9 0.0729
606 552 11 15 0.0727
839 592 12 19 0.0725
68 480 6 7 0.0717
69 516 7 9 0.0716
565 524 6 9 0.0715
611 510 5 8 0.0713
242 524 7 10 0.0711
972 487 6 7 0.0710
249 510 7 8 0.0710
185 510 7 9 0.0709
444 492 6 8 0.0708
517 539 8 11 0.0692
844 544 9 13 0.0688
291 525 7 9 0.0683
460 496 6 8 0.0676
17 496 6 7 0.0675
198 508 6 8 0.0667
1018 518 6 9 0.0667
787 503 6 8 0.0664
662 516 7 10 0.0663
561 515 6 7 0.0662
216 514 7 9 0.0649
997 496 6 7 0.0645
961 501 8 9 0.0641
612 528 8 11 0.0637
355 540 7 10 0.0634
470 508 6 7 0.0632
887 508 7 8 0.0629
844 493 6 7 0.0625
186 651 14 28 0.0621
280 508 6 7 0.0613
956 528 9 11 0.0603
97 491 7 8 0.0602
117 524 7 9 0.0601
344 561 8 11 0.0601
288 525 8 10 0.0601
940 525 8 12 0.0598
173 515 8 9 0.0595
988 485 5 7 0.0589
352 540 7 9 0.0587
942 524 9 13 0.0578
776 496 6 7 0.0575
909 547 10 13 0.0574
98 492 6 9 0.0573
57 507 7 9 0.0572
60 530 9 11 0.0568
746 553 11 18 0.0565
49 551 11 12 0.0559
713 514 8 10 0.0557
671 638 10 25 0.0554
519 540 9 12 0.0554
165 559 10 13 0.0554
223 515 8 10 0.0552
512 514 7 9 0.0543
254 512 7 8 0.0542
35 539 11 14 0.0539
975 497 7 9 0.0538
969 513 7 10 0.0537
746 508 7 9 0.0537
431 495 6 7 0.0535
936 496 7 8 0.0532
66 480 6 7 0.0531
706 531 7 10 0.0529
518 515 7 9 0.0525
449 514 7 8 0.0519
260 498 5 7 0.0518
752 526 8 10 0.0518
6 509 7 9 0.0513
390 521 8 9 0.0513
171 513 6 8 0.0508
751 526 9 11 0.0504
5 526 9 13 0.0504
277 509 6 7 0.0502
697 515 7 10 0.0500
287 525 8 10 0.0498
308 500 5 6 0.0497
344 509 6 8 0.0496
554 564 8 11 0.0491
673 537 9 12 0.0491
905 501 8 9 0.0488
318 524 7 9 0.0488
135 527 9 10 0.0488
257 498 5 7 0.0485
461 494 6 7 0.0484
555 516 6 8 0.0483
606 522 7 10 0.0483
37 478 6 6 0.0474
470 509 5 7 0.0473
377 611 13 24 0.0472
453 499 7 8 0.0471
736 532 8 12 0.0468
548 553 9 13 0.0467
140 557 9 12 0.0466
32 502 7 9 0.0465
899 557 12 16 0.0464
533 499 5 8 0.0462
344 509 6 7 0.0461
216 553 9 13 0.0461
706 508 7 8 0.0456
345 558 9 12 0.0453
335 582 9 17 0.0452
185 647 13 29 0.0451
182 648 11 28 0.0449
517 542 8 11 0.0449
131 508 7 8 0.0449
1001 534 9 12 0.0446
749 553 11 17 0.0445
665 579 10 19 0.0443
156 534 8 10 0.0442
80 503 7 10 0.0441
849 544 11 15 0.0440
324 543 9 10 0.0440
697 547 10 15 0.0437
628 494 6 7 0.0437
594 495 5 7 0.0435
132 487 5 6 0.0421
420 565 9 13 0.0418
937 496 6 7 0.0415
535 499 6 8 0.0412
2 509 6 8 0.0409
802 503 8 8 0.0405
34 477 6 6 0.0399
290 511 7 8 0.0397
804 542 11 16 0.0396
259 525 7 9 0.0395
823 516 9 11 0.0393
887 610 15 24 0.0392
977 474 5 6 0.0390
450 500 7 7 0.0388
704 531 9 10 0.0387
366 526 6 9 0.0387
40 477 5 7 0.0384
501 524 8 9 0.0383
638 498 6 6 0.0383
325 525 7 9 0.0382
62 528 8 10 0.0380
129 488 6 7 0.0378
844 492 5 7 0.0375
770 503 7 9 0.0373
86 558 11 17 0.0372
670 538 9 12 0.0369
105 506 6 9 0.0363
416 565 10 13 0.0360
237 549 9 12 0.0358
626 475 5 7 0.0357
389 504 6 7 0.0354
785 487 6 6 0.0345
7 522 8 10 0.0343
798 556 11 18 0.0342
48 553 13 13 0.0342
867 496 6 8 0.0341
512 544 8 11 0.0340
667 553 7 11 0.0338
363 496 5 7 0.0336
827 515 8 12 0.0335
981 533 9 13 0.0333
725 508 7 9 0.0332
549 531 8 10 0.0329
998 519 8 10 0.0329
392 490 6 7 0.0327
915 512 7 10 0.0326
331 495 5 6 0.0323
902 492 6 7 0.0323
628 476 6 6 0.0322
411 485 5 6 0.0320
253 561 9 13 0.0317
83 559 11 16 0.0317
662 495 6 6 0.0317
650 571 13 18 0.0316
72 533 9 11 0.0316
610 496 5 6 0.0315
607 497 5 6 0.0314
676 567 12 15 0.0312
592 494 5 7 0.0308
580 566 9 15 0.0308
654 521 7 9 0.0306
889 612 16 24 0.0305
278 507 5 7 0.0303
259 500 6 7 0.0303
250 561 9 13 0.0302
763 489 6 7 0.0300
656 484 5 7 0.0300
568 523 7 9 0.0300
134 486 5 6 0.0299
173 540 9 12 0.0298
938 496 7 9 0.0297
653 485 5 6 0.0293
131 491 6 7 0.0291
609 528 8 10 0.0291
172 480 6 6 0.0290
580 564 8 14 0.0288
366 499 5 6 0.0286
428 493 5 7 0.0285
218 515 7 8 0.0282
395 491 5 7 0.0281
364 581 9 16 0.0280
974 475 5 6 0.0280
681 516 8 9 0.0279
1002 534 9 11 0.0279
375 479 6 6 0.0278
378 610 11 23 0.0278
674 501 7 8 0.0277
1017 516 6 10 0.0275
1000 497 7 9 0.0274
814 484 6 7 0.0274
845 542 9 13 0.0270
565 525 7 9 0.0269
241 528 8 10 0.0269
670 581 14 19 0.0267
809 517 8 10 0.0267
413 542 10 13 0.0266
115 539 7 11 0.0265
424 513 6 8 0.0264
447 533 8 12 0.0263
235 506 6 8 0.0263
905 490 6 8 0.0261
268 549 7 11 0.0261
325 504 6 8 0.0261
630 476 5 7 0.0260
552 551 9 14 0.0259
592 513 7 9 0.0257
566 524 8 10 0.0252
589 522 7 9 0.0249
408 541 10 13 0.0248
946 496 7 8 0.0247
185 525 8 10 0.0247
175 480 6 6 0.0247
395 519 7 9 0.0246
325 540 8 11 0.0245
880 520 9 10 0.0245
1012 563 11 18 0.0244
676 565 10 13 0.0244
583 566 8 14 0.0243
36 478 5 7 0.0242
66 481 6 7 0.0241
669 635 10 25 0.0241
1017 583 7 16 0.0240
824 509 8 10 0.0238
271 549 8 12 0.0238
208 618 19 25 0.0237
949 473 6 6 0.0237
1014 544 9 14 0.0237
745 547 11 14 0.0237
148 537 9 12 0.0236
8 483 5 6 0.0234
665 550 9 12 0.0233
818 484 5 6 0.0233
801 557 11 17 0.0231
176 495 6 8 0.0229
43 552 12 14 0.0228
442 490 6 6 0.0226
11 483 5 6 0.0226
700 581 11 18 0.0225
136 526 8 10 0.0223
986 482 6 7 0.0222
661 549 10 13 0.0222
52 551 12 13 0.0222
565 514 6 8 0.0221
445 550 10 13 0.0221
722 507 7 9 0.0221
785 484 5 7 0.0220
665 575 12 20 0.0220
267 551 10 12 0.0220
557 563 9 12 0.0219
501 525 7 9 0.0218
583 564 9 13 0.0217
259 523 8 10 0.0215
93 521 8 10 0.0215
996 639 15 27 0.0214
216 554 11 14 0.0214
517 514 7 8 0.0213
511 647 13 27 0.0213
629 464 5 5 0.0212
133 486 6 7 0.0209
446 531 8 11 0.0208
955 483 6 7 0.0207
34 597 21 26 0.0207
154 537 8 11 0.0207
326 486 5 6 0.0207
66 481 6 7 0.0206
575 500 6 8 0.0206
626 477 5 7 0.0204
725 506 7 10 0.0201
349 537 7 9 0.0201
367 497 5 6 0.0200
626 603 10 19 0.0200
793 533 9 12 0.0199
127 505 7 8 0.0198
9 481 6 6 0.0198
36 479 5 7 0.0196
555 552 11 15 0.0196
601 476 5 6 0.0196
4 537 7 10 0.0194
134 503 7 8 0.0193
852 490 6 6 0.0191
676 488 6 7 0.0191
185 588 16 20 0.0190
800 485 6 7 0.0189
654 513 7 8 0.0188
798 545 12 16 0.0184
264 671 32 12 0.0183
690 488 6 6 0.0183
219 488 6 7 0.0181
654 483 5 7 0.0181
173 485 6 7 0.0179
294 596 10 14 0.0178
755 479 7 7 0.0178
42 571 18 19 0.0176
975 481 6 7 0.0174
624 523 7 9 0.0174
550 530 6 9 0.0173
905 520 9 10 0.0173
292 556 8 12 0.0173
1006 564 12 18 0.0173
270 489 5 7 0.0172
303 500 5 7 0.0172
588 512 6 9 0.0172
604 555 10 14 0.0170
337 581 9 17 0.0170
9 482 6 7 0.0170
616 510 6 8 0.0167
617 462 4 6 0.0166
37 574 16 17 0.0165
626 477 6 6 0.0164
86 548 10 14 0.0164
652 484 6 7 0.0163
835 621 11 23 0.0162
953 556 16 20 0.0161
171 563 10 12 0.0161
669 578 13 19 0.0161
837 627 12 22 0.0161
667 552 10 12 0.0160
413 485 5 7 0.0160
215 491 5 7 0.0159
171 482 6 6 0.0158
580 499 5 8 0.0158
467 493 5 7 0.0157
39 535 9 11 0.0156
183 523 9 10 0.0155
791 481 6 7 0.0154
924 612 15 21 0.0154
134 517 8 9 0.0154
66 543 10 13 0.0154
393 485 5 6 0.0153
672 636 11 23 0.0152
756 588 15 22 0.0151
754 583 15 23 0.0150
350 495 5 7 0.0149
85 554 11 14 0.0148
716 576 9 18 0.0147
903 490 6 6 0.0147
461 535 9 11 0.0145
123 541 8 11 0.0145
363 580 10 15 0.0144
522 529 9 10 0.0144
267 490 5 6 0.0143
603 524 8 10 0.0143
870 498 7 9 0.0143
980 532 10 12 0.0142
674 639 10 23 0.0142
587 474 5 5 0.0142
270 491 6 6 0.0141
65 479 5 7 0.0141
709 497 6 7 0.0140
448 550 9 13 0.0138
6 481 5 7 0.0138
499 560 10 14 0.0138
666 489 6 7 0.0137
72 478 5 7 0.0136
975 472 5 6 0.0135
934 474 5 5 0.0135
607 495 5 6 0.0133
108 473 6 7 0.0132
735 471 5 5 0.0132
744 488 7 8 0.0132
116 546 8 12 0.0130
194 495 6 7 0.0129
182 588 16 20 0.0129
666 520 7 9 0.0128
673 486 5 6 0.0127
593 498 6 7 0.0127
554 514 6 8 0.0127
322 486 5 5 0.0126
425 472 5 6 0.0126
35 572 12 16 0.0124
95 525 8 10 0.0124
506 649 12 24 0.0123
848 547 11 15 0.0123
615 552 8 13 0.0123
405 518 8 9 0.0121
380 538 7 10 0.0121
936 526 9 11 0.0121
27 581 16 19 0.0121
215 571 11 13 0.0120
647 571 11 17 0.0120
931 485 6 7 0.0120
759 477 5 6 0.0119
338 580 10 15 0.0119
463 468 5 6 0.0119
924 479 5 6 0.0119
217 487 5 6 0.0119
292 556 10 12 0.0118
697 582 12 16 0.0118
186 549 11 12 0.0117
165 548 10 14 0.0116
651 482 5 7 0.0116
613 462 4 6 0.0115
131 485 5 6 0.0113
314 488 5 6 0.0112
199 606 12 15 0.0111
599 477 5 6 0.0111
363 559 9 12 0.0111
764 469 4 6 0.0111
272 553 9 12 0.0111
937 508 8 10 0.0110
162 591 12 16 0.0110
185 650 15 27 0.0110
994 640 13 24 0.0110
783 532 9 11 0.0109
590 493 5 7 0.0109
357 478 5 6 0.0109
704 533 9 12 0.0107
410 484 5 6 0.0105
323 484 5 6 0.0104
830 566 12 20 0.0103
565 482 5 6 0.0102
584 474 5 6 0.0101
313 593 16 21 0.0101
468 534 9 10 0.0100
354 478 5 7 0.0100
595 456 5 6 0.0100
