2_Demonstration_Protesters_2_65
26
732 214 76 103 0.8785
560 249 61 87 0.8704
320 293 35 47 0.8474
932 314 44 66 0.8455
164 268 41 59 0.8342
270 273 32 42 0.8021
126 297 31 41 0.7954
278 321 35 40 0.6989
429 313 28 50 0.2271
98 326 24 32 0.1489
435 315 27 49 0.1214
438 320 26 44 0.0904
0 281 17 57 0.0809
0 269 22 68 0.0688
98 326 21 28 0.0685
0 289 16 53 0.0599
51 303 20 34 0.0565
55 304 20 33 0.0453
1 281 28 55 0.0430
431 319 28 45 0.0421
0 299 16 53 0.0321
0 274 16 60 0.0315
419 313 28 48 0.0306
279 320 34 41 0.0153
43 277 24 35 0.0136
104 327 24 33 0.0114
