2_Demonstration_Protesters_2_476
91
275 380 43 56 0.8623
409 374 46 59 0.8569
108 380 51 58 0.8124
686 382 22 31 0.8095
187 412 29 36 0.8090
198 356 30 38 0.7992
920 374 23 28 0.7947
25 336 20 48 0.7916
770 358 23 28 0.7703
101 315 36 38 0.7366
334 377 25 29 0.3815
880 375 18 22 0.3136
331 377 25 29 0.2895
68 319 7 9 0.2200
787 470 21 27 0.2094
446 377 29 41 0.2087
879 374 16 19 0.1802
65 319 7 9 0.1703
438 379 31 44 0.1458
170 333 6 8 0.1389
179 342 8 11 0.0907
79 332 8 11 0.0893
156 337 6 7 0.0877
167 333 6 8 0.0843
66 319 6 8 0.0754
196 333 7 9 0.0744
193 353 14 18 0.0610
221 342 13 15 0.0599
176 342 8 11 0.0598
592 372 14 19 0.0532
758 376 14 18 0.0520
261 371 26 35 0.0483
153 337 6 7 0.0474
596 372 13 19 0.0425
263 356 22 27 0.0421
69 319 7 10 0.0418
83 332 8 11 0.0405
441 376 29 42 0.0403
207 336 7 9 0.0393
193 341 9 11 0.0384
616 393 18 24 0.0383
194 333 6 8 0.0371
262 361 25 31 0.0366
756 374 13 16 0.0364
166 334 6 7 0.0351
448 377 26 38 0.0342
167 334 7 8 0.0328
253 353 22 27 0.0326
621 393 17 24 0.0326
158 338 6 8 0.0319
108 380 51 57 0.0293
74 331 9 12 0.0279
193 334 6 8 0.0252
858 393 16 20 0.0248
225 343 12 14 0.0242
69 317 6 9 0.0235
883 385 18 23 0.0234
179 341 7 9 0.0233
190 354 11 14 0.0233
79 330 10 13 0.0225
90 313 11 13 0.0211
65 320 9 10 0.0209
254 358 28 31 0.0202
888 381 17 23 0.0177
190 354 11 15 0.0174
221 340 9 10 0.0173
632 396 17 22 0.0169
634 398 17 24 0.0167
175 368 17 22 0.0164
876 374 19 24 0.0164
622 397 20 27 0.0163
869 441 18 28 0.0163
438 385 31 43 0.0154
206 337 7 8 0.0153
63 319 7 8 0.0152
892 386 18 22 0.0151
649 379 19 25 0.0148
192 333 7 7 0.0147
678 368 22 27 0.0142
753 374 14 19 0.0136
153 337 8 9 0.0132
947 364 18 26 0.0131
674 349 14 16 0.0126
257 372 24 30 0.0119
615 398 20 28 0.0117
242 341 8 10 0.0115
169 367 17 21 0.0114
259 352 20 23 0.0111
153 352 12 18 0.0110
391 419 21 26 0.0103
132 329 10 11 0.0101
