2_Demonstration_Protesters_2_362
97
813 411 74 71 0.8560
235 371 61 84 0.8537
870 536 16 30 0.5468
449 507 13 16 0.5007
884 524 20 30 0.4479
419 495 13 15 0.4419
886 524 20 30 0.3400
416 495 13 15 0.3227
145 465 22 32 0.3015
384 519 13 15 0.2875
459 508 12 15 0.2619
147 466 22 32 0.2461
714 561 12 17 0.1470
142 466 19 29 0.1271
464 549 10 14 0.0949
711 559 12 18 0.0867
467 549 10 14 0.0848
359 494 8 10 0.0810
356 494 8 11 0.0766
388 519 11 14 0.0743
445 507 13 16 0.0702
144 467 19 30 0.0643
368 493 9 11 0.0596
993 504 8 9 0.0592
989 504 8 9 0.0591
979 499 8 11 0.0549
868 534 16 29 0.0522
702 533 9 10 0.0514
706 533 8 10 0.0486
984 476 6 8 0.0484
927 512 10 12 0.0462
931 511 9 13 0.0454
996 495 8 9 0.0441
872 534 18 33 0.0435
716 564 12 16 0.0402
366 492 8 10 0.0368
694 507 9 11 0.0365
994 495 7 8 0.0356
462 507 9 14 0.0348
463 508 10 15 0.0342
986 476 7 8 0.0340
446 506 12 15 0.0309
712 565 11 15 0.0292
381 518 13 16 0.0292
982 503 7 9 0.0271
905 497 9 10 0.0261
689 550 11 16 0.0256
1007 498 7 8 0.0245
683 509 8 9 0.0244
402 496 10 13 0.0244
693 504 9 10 0.0242
361 493 8 10 0.0240
100 454 20 24 0.0233
982 500 8 11 0.0231
705 531 7 10 0.0227
957 481 7 8 0.0223
381 515 13 17 0.0223
697 503 8 10 0.0209
902 497 8 10 0.0207
954 480 7 10 0.0205
697 506 8 11 0.0200
991 498 8 11 0.0192
387 521 13 15 0.0188
466 550 11 13 0.0187
876 537 14 28 0.0186
702 532 9 11 0.0186
882 522 18 27 0.0186
956 479 7 9 0.0183
460 511 11 14 0.0179
872 540 15 29 0.0174
878 526 17 28 0.0162
983 478 7 9 0.0160
952 478 8 10 0.0159
987 477 7 8 0.0155
692 554 13 17 0.0151
361 496 10 11 0.0151
871 508 8 9 0.0150
683 556 11 15 0.0146
701 556 13 15 0.0146
1004 497 8 9 0.0142
702 530 8 11 0.0137
83 453 33 37 0.0133
98 457 23 28 0.0132
685 550 10 14 0.0131
986 564 11 15 0.0131
696 506 8 10 0.0127
714 556 11 13 0.0126
719 560 10 15 0.0119
108 456 15 19 0.0114
154 468 25 37 0.0112
954 479 8 10 0.0110
717 559 10 14 0.0109
988 567 11 13 0.0109
983 478 8 8 0.0108
355 493 7 10 0.0104
725 510 9 10 0.0104
729 510 10 11 0.0101
