2_Demonstration_Demonstration_Or_Protest_2_771
98
471 132 96 129 0.8980
672 473 26 31 0.8269
800 496 23 23 0.7905
134 457 22 22 0.7088
294 284 15 18 0.5938
51 485 15 17 0.5816
688 163 20 27 0.5300
342 320 16 18 0.5283
756 169 20 31 0.4706
318 358 14 16 0.4541
1 481 17 20 0.4317
381 356 17 21 0.4165
982 164 21 27 0.4143
730 177 20 32 0.4061
373 312 15 17 0.4026
296 318 13 15 0.3546
353 346 15 17 0.3118
350 346 14 17 0.2965
308 297 14 17 0.2825
268 336 14 16 0.2763
256 275 13 15 0.2760
1 479 16 21 0.2495
737 315 14 18 0.2411
270 300 15 18 0.2410
669 180 17 27 0.2240
759 169 19 31 0.2225
734 314 14 19 0.1959
182 94 29 40 0.1939
5 482 16 19 0.1936
733 177 20 32 0.1914
376 312 15 17 0.1774
667 177 18 26 0.1722
280 319 12 15 0.1642
672 179 18 29 0.1517
792 181 19 21 0.1485
667 174 14 16 0.1341
687 162 17 21 0.1133
274 301 14 16 0.1088
277 320 12 14 0.0939
726 162 15 19 0.0753
276 358 16 19 0.0725
299 317 13 16 0.0682
312 297 13 16 0.0648
339 320 14 18 0.0605
272 301 15 18 0.0519
195 278 14 19 0.0516
316 358 13 15 0.0512
243 292 14 19 0.0504
272 359 16 18 0.0500
4 479 17 20 0.0487
259 275 12 15 0.0474
690 168 20 27 0.0444
132 457 20 23 0.0419
387 291 15 17 0.0401
294 316 13 15 0.0401
199 278 13 18 0.0394
800 14 21 29 0.0344
793 183 20 22 0.0338
798 180 17 21 0.0331
391 291 14 17 0.0317
255 275 11 14 0.0291
1009 489 14 22 0.0281
242 323 15 22 0.0264
272 336 12 15 0.0261
55 484 13 18 0.0260
1014 156 10 18 0.0252
391 310 12 16 0.0252
371 281 13 18 0.0246
298 284 13 17 0.0243
244 327 15 20 0.0232
727 169 18 23 0.0226
287 357 14 18 0.0210
292 317 14 16 0.0192
1016 254 8 21 0.0185
390 288 14 17 0.0176
861 70 26 30 0.0162
723 162 18 23 0.0160
914 125 14 19 0.0152
297 332 14 17 0.0146
1016 492 8 21 0.0145
699 486 11 14 0.0143
897 142 10 13 0.0142
979 6 18 24 0.0142
291 286 14 18 0.0141
700 262 22 23 0.0137
961 472 14 16 0.0136
1017 6 7 23 0.0130
144 85 26 38 0.0118
670 179 18 28 0.0117
332 375 12 15 0.0114
679 258 12 15 0.0114
1014 4 10 22 0.0111
311 295 13 17 0.0107
916 124 15 21 0.0107
976 6 17 24 0.0106
386 288 15 18 0.0104
764 195 19 25 0.0102
300 332 13 16 0.0102
