2_Demonstration_Protesters_2_618
37
822 237 51 57 0.8939
706 39 42 59 0.8903
242 44 42 57 0.8874
964 45 43 53 0.8871
147 68 45 56 0.8865
517 165 52 68 0.8863
459 251 62 81 0.8851
365 159 52 73 0.8841
600 10 45 56 0.8804
0 17 37 49 0.8769
850 252 51 83 0.8767
323 81 46 66 0.8753
605 141 58 80 0.8738
253 240 52 59 0.8708
484 13 41 55 0.8703
809 0 44 45 0.8605
445 185 52 63 0.8582
0 159 31 69 0.8455
838 2 32 49 0.7392
937 159 47 57 0.6953
377 0 30 21 0.5619
456 0 29 20 0.3962
877 0 32 15 0.2952
937 158 47 58 0.2169
484 14 41 54 0.1489
835 4 35 47 0.1484
455 0 30 19 0.1386
875 0 34 14 0.1341
834 3 35 47 0.1183
219 205 30 50 0.0819
211 291 26 55 0.0615
376 0 32 19 0.0479
0 159 31 68 0.0265
316 460 47 73 0.0145
869 0 35 18 0.0134
831 0 34 43 0.0123
317 460 45 74 0.0114
