2_Demonstration_Political_Rally_2_107
52
231 561 48 56 0.8031
732 557 40 48 0.7941
228 490 30 36 0.7910
170 590 59 74 0.6774
862 504 23 31 0.6555
514 536 62 95 0.6255
170 590 59 74 0.5537
922 538 19 25 0.4786
777 621 41 59 0.4497
778 617 41 63 0.3067
615 515 113 111 0.2597
926 539 17 24 0.1934
766 533 18 25 0.1688
283 492 16 31 0.1423
287 492 16 31 0.1265
964 586 24 43 0.0913
860 505 22 30 0.0744
283 494 19 32 0.0723
972 539 19 23 0.0651
888 504 19 28 0.0638
891 510 18 24 0.0517
767 533 20 28 0.0451
766 505 11 13 0.0433
131 508 28 44 0.0411
763 505 10 13 0.0387
288 494 18 32 0.0356
819 518 13 15 0.0340
139 585 34 47 0.0334
269 499 18 27 0.0277
959 588 24 40 0.0272
898 538 26 29 0.0256
772 533 16 24 0.0230
130 582 40 52 0.0228
205 488 18 22 0.0193
793 499 11 12 0.0182
176 500 22 24 0.0171
893 537 28 32 0.0165
882 508 21 27 0.0163
124 508 31 48 0.0155
263 492 20 30 0.0153
790 499 10 12 0.0152
981 566 19 31 0.0150
959 590 25 41 0.0124
141 587 35 49 0.0121
964 579 32 54 0.0121
977 540 18 23 0.0120
738 497 10 12 0.0119
971 537 16 18 0.0114
731 494 9 12 0.0113
882 503 20 29 0.0110
228 490 30 36 0.0108
776 625 42 55 0.0106
