2_Demonstration_Protesters_2_460
51
640 57 41 49 0.8744
272 230 41 52 0.8741
805 176 38 48 0.8679
885 202 28 39 0.8598
484 238 34 39 0.8543
484 97 36 43 0.8490
840 67 27 35 0.8472
34 65 28 31 0.8388
789 69 28 37 0.8366
72 85 28 39 0.8255
162 81 19 23 0.8029
957 91 20 35 0.7972
708 65 20 28 0.7647
995 90 15 18 0.6750
131 74 17 20 0.5084
439 76 19 21 0.4836
280 73 16 18 0.4562
149 193 21 27 0.4512
134 73 17 21 0.3960
753 92 11 13 0.3830
437 76 20 21 0.3670
750 92 10 13 0.3267
283 74 15 17 0.2462
0 67 9 21 0.2170
152 194 21 27 0.0854
974 72 10 13 0.0810
0 86 5 34 0.0563
978 72 8 11 0.0503
958 81 16 27 0.0411
285 73 14 17 0.0402
1 65 12 22 0.0334
920 76 9 8 0.0315
142 192 24 28 0.0298
0 69 11 29 0.0292
991 90 15 18 0.0278
156 193 17 26 0.0266
3 68 15 20 0.0239
0 88 8 40 0.0237
921 76 10 13 0.0205
278 76 12 15 0.0172
0 64 5 22 0.0162
278 73 12 17 0.0158
236 107 4 6 0.0143
973 76 13 20 0.0129
978 72 8 10 0.0127
916 77 11 13 0.0123
249 113 4 5 0.0122
909 71 8 9 0.0110
141 194 29 30 0.0110
253 113 4 5 0.0105
156 197 21 26 0.0105
