2_Demonstration_Political_Rally_2_64
55
633 456 30 35 0.8398
853 383 27 34 0.7977
790 260 22 29 0.7753
585 392 30 33 0.7340
638 395 17 26 0.6222
520 351 21 28 0.4997
703 333 20 22 0.4595
637 293 9 13 0.3928
633 293 10 13 0.3545
640 395 16 27 0.2554
707 333 19 22 0.1565
585 393 29 32 0.1440
905 243 13 18 0.1168
926 183 10 13 0.1141
923 183 11 13 0.1126
200 257 8 10 0.1073
552 286 10 12 0.0946
640 355 20 23 0.0937
196 257 8 10 0.0907
645 355 20 22 0.0883
901 243 13 18 0.0636
515 352 20 26 0.0607
523 282 14 17 0.0469
555 286 11 13 0.0410
180 253 8 9 0.0372
629 419 13 16 0.0369
705 334 20 23 0.0355
532 360 21 24 0.0269
270 429 15 16 0.0265
555 287 11 13 0.0256
711 335 19 22 0.0254
176 253 8 9 0.0238
639 359 22 25 0.0234
700 334 16 21 0.0231
643 356 19 23 0.0214
199 201 7 8 0.0204
200 202 7 8 0.0202
204 202 7 8 0.0197
677 341 16 19 0.0195
178 252 8 9 0.0176
205 212 8 8 0.0176
524 353 25 29 0.0172
202 202 7 8 0.0170
550 286 11 13 0.0150
925 184 11 14 0.0137
582 362 23 24 0.0137
549 285 11 13 0.0133
197 260 8 10 0.0124
186 210 6 8 0.0117
559 288 12 15 0.0114
296 222 8 9 0.0114
519 350 18 22 0.0111
303 399 22 26 0.0106
583 357 20 23 0.0106
175 251 8 9 0.0103
