2_Demonstration_Demonstration_Or_Protest_2_176
54
543 290 30 38 0.8463
65 298 33 40 0.8406
754 277 30 42 0.8370
358 298 29 36 0.8090
479 318 22 27 0.7296
573 295 23 30 0.6856
632 314 25 27 0.5268
935 324 21 23 0.4323
136 330 13 17 0.3859
132 330 14 17 0.3739
938 324 20 23 0.3669
814 320 19 21 0.3375
815 322 20 22 0.2879
192 335 12 14 0.1699
262 325 9 12 0.1568
319 332 15 16 0.1535
258 326 9 12 0.1422
578 297 20 28 0.1286
260 327 9 12 0.1141
1009 329 15 24 0.1080
319 338 16 17 0.0751
871 328 19 20 0.0739
196 336 11 13 0.0697
143 316 11 16 0.0677
11 318 11 17 0.0648
875 328 18 20 0.0620
263 326 10 12 0.0595
634 311 20 20 0.0581
461 333 13 16 0.0551
7 318 11 17 0.0533
189 335 11 13 0.0485
194 338 12 14 0.0479
630 314 22 26 0.0458
256 328 10 12 0.0414
146 317 11 14 0.0413
631 310 15 18 0.0385
256 326 9 12 0.0257
476 320 22 25 0.0251
188 336 13 15 0.0243
324 334 12 13 0.0223
317 332 12 14 0.0214
315 334 16 17 0.0205
1004 330 19 26 0.0180
818 317 18 19 0.0180
459 335 16 19 0.0166
396 315 15 24 0.0154
199 338 10 12 0.0150
139 316 13 15 0.0137
189 338 11 13 0.0120
569 296 22 30 0.0119
141 314 12 15 0.0107
6 314 15 20 0.0104
1001 329 19 25 0.0102
1016 304 8 20 0.0101
