2_Demonstration_Demonstration_Or_Protest_2_162
51
247 101 138 210 0.9015
689 140 142 162 0.8567
606 152 33 42 0.8348
526 181 30 40 0.8335
442 140 48 58 0.8227
1 220 29 33 0.7873
95 221 25 32 0.7682
555 183 20 29 0.5469
482 197 23 29 0.3377
962 193 17 21 0.2802
153 213 21 20 0.2681
157 215 20 19 0.2458
442 139 48 60 0.1882
966 193 16 20 0.1469
488 197 20 27 0.0776
72 243 17 21 0.0739
931 196 16 22 0.0715
551 182 20 31 0.0633
68 243 16 21 0.0578
154 268 18 22 0.0567
191 205 12 14 0.0497
187 268 23 26 0.0475
865 190 16 22 0.0454
853 195 21 28 0.0442
71 242 15 20 0.0407
863 192 20 27 0.0388
919 197 15 22 0.0386
154 218 21 20 0.0366
153 228 21 21 0.0365
843 196 23 29 0.0329
959 191 17 21 0.0293
213 271 26 30 0.0253
151 266 17 24 0.0235
558 183 20 31 0.0231
1017 198 7 21 0.0207
483 196 24 32 0.0203
188 205 11 14 0.0191
588 176 14 19 0.0190
160 217 20 19 0.0189
193 207 12 14 0.0184
964 191 17 20 0.0162
195 206 11 13 0.0148
235 272 20 27 0.0141
850 199 25 31 0.0136
66 241 16 21 0.0124
155 214 21 22 0.0113
927 194 17 23 0.0111
591 180 13 17 0.0110
861 190 16 23 0.0105
845 191 26 35 0.0104
230 217 12 16 0.0101
