2_Demonstration_Demonstration_Or_Protest_2_665
32
477 443 217 298 0.9079
795 567 62 96 0.8529
385 554 118 154 0.8291
845 478 58 120 0.8030
331 575 39 51 0.7956
720 600 50 63 0.7835
165 381 32 65 0.7284
172 459 36 47 0.6503
770 468 15 21 0.5282
336 623 41 55 0.4643
297 607 27 44 0.4585
845 604 37 53 0.4553
843 603 36 55 0.3581
768 468 13 21 0.2945
843 604 36 55 0.1856
332 625 38 49 0.0637
304 606 27 45 0.0437
799 497 19 24 0.0434
168 455 36 52 0.0356
706 556 10 12 0.0320
680 591 31 51 0.0262
346 621 41 60 0.0254
703 557 9 11 0.0217
706 557 12 14 0.0212
672 588 39 66 0.0198
720 564 14 17 0.0148
774 469 15 20 0.0138
300 610 26 41 0.0136
351 617 32 54 0.0130
701 557 13 17 0.0125
796 497 18 23 0.0119
732 567 15 20 0.0102
