2_Demonstration_Political_Rally_2_5
741
749 412 30 33 0.8256
864 451 31 35 0.8101
436 118 34 49 0.8084
825 383 28 36 0.7987
690 394 33 43 0.7961
182 229 35 39 0.7918
320 232 27 42 0.7897
27 481 33 34 0.7844
131 461 30 45 0.7598
724 383 19 26 0.7002
678 290 19 22 0.6973
672 334 21 21 0.6908
650 311 20 22 0.6829
102 296 18 21 0.6298
874 362 22 25 0.6227
596 393 26 33 0.6073
556 355 21 24 0.5661
34 259 17 19 0.5605
149 493 26 22 0.5366
55 297 22 22 0.5351
748 383 23 26 0.5212
0 299 9 21 0.4983
884 328 20 22 0.4962
930 356 19 26 0.4684
589 412 27 30 0.4391
903 409 24 29 0.4148
367 299 18 22 0.4048
867 281 15 18 0.3895
718 266 15 17 0.3776
787 382 26 30 0.3750
948 171 11 14 0.3726
926 232 11 14 0.3715
542 398 21 24 0.3691
789 306 15 17 0.3614
850 225 10 12 0.3551
811 241 12 15 0.3434
927 247 12 14 0.3332
631 350 21 22 0.3286
365 348 20 22 0.3243
970 346 17 21 0.3148
365 299 18 22 0.3136
853 225 10 12 0.3105
718 331 17 21 0.2939
993 433 29 41 0.2867
930 247 12 15 0.2831
929 232 11 13 0.2780
836 241 11 15 0.2771
932 430 23 30 0.2766
773 464 34 41 0.2709
900 234 10 12 0.2680
866 422 23 27 0.2677
445 366 23 30 0.2677
0 299 11 22 0.2597
349 301 16 19 0.2597
710 422 20 25 0.2548
864 184 9 10 0.2479
346 298 17 20 0.2446
677 267 17 19 0.2390
37 276 18 19 0.2370
861 184 9 10 0.2361
474 370 20 27 0.2302
947 378 24 26 0.2283
477 276 16 19 0.2246
815 241 11 15 0.2200
900 248 10 12 0.2174
642 217 11 13 0.2172
477 371 20 26 0.2163
888 328 18 20 0.2157
733 225 10 12 0.2150
883 179 9 11 0.2135
815 263 12 15 0.2117
1007 177 10 11 0.2023
12 227 13 16 0.2000
745 247 13 14 0.1961
715 353 19 23 0.1928
951 171 11 13 0.1922
513 419 25 23 0.1873
931 174 9 11 0.1864
949 232 11 13 0.1849
980 172 10 12 0.1808
812 263 12 15 0.1774
737 225 10 12 0.1770
839 242 11 13 0.1693
36 273 17 20 0.1689
0 226 5 13 0.1688
669 246 12 15 0.1686
903 249 10 11 0.1677
701 242 11 13 0.1662
948 378 26 26 0.1659
652 233 15 17 0.1634
903 234 10 12 0.1618
723 266 13 16 0.1562
152 493 24 21 0.1555
884 234 9 10 0.1553
626 293 14 16 0.1552
813 342 18 24 0.1535
995 166 11 12 0.1534
63 223 9 11 0.1526
778 168 10 13 0.1521
928 173 9 11 0.1516
514 356 24 28 0.1512
785 240 13 15 0.1504
837 298 12 14 0.1488
755 162 10 12 0.1487
786 306 14 17 0.1482
909 295 13 17 0.1463
698 242 11 13 0.1452
744 157 9 12 0.1452
751 224 9 10 0.1448
617 330 17 20 0.1425
672 246 13 14 0.1418
907 174 10 12 0.1411
606 243 12 14 0.1407
480 276 16 18 0.1398
89 271 16 21 0.1369
502 263 12 15 0.1362
774 168 10 13 0.1358
909 141 8 11 0.1351
60 223 9 11 0.1348
864 281 14 17 0.1325
368 352 19 20 0.1303
748 247 13 14 0.1249
906 141 8 11 0.1244
511 419 25 23 0.1244
525 256 13 15 0.1241
869 246 11 13 0.1234
535 281 15 19 0.1229
609 242 13 14 0.1228
512 358 22 26 0.1164
0 226 8 15 0.1159
514 366 19 20 0.1154
736 167 9 11 0.1128
784 238 13 15 0.1122
860 246 13 15 0.1119
1 187 8 10 0.1105
34 298 20 21 0.1094
452 367 20 28 0.1074
644 218 11 12 0.1074
63 207 8 11 0.1073
795 160 10 12 0.1067
352 420 25 28 0.1066
840 298 12 14 0.1055
799 459 35 43 0.1054
614 207 10 10 0.1052
629 350 20 21 0.1051
903 174 10 12 0.1037
1001 116 9 12 0.1033
620 330 18 20 0.1032
720 330 19 23 0.1031
553 355 20 24 0.1013
758 163 10 12 0.1007
993 180 9 10 0.0990
476 274 15 19 0.0990
756 235 11 13 0.0984
788 238 13 15 0.0979
38 312 19 21 0.0978
948 373 25 28 0.0974
741 157 9 12 0.0972
553 216 12 15 0.0962
881 177 9 12 0.0956
866 426 27 30 0.0939
953 232 10 12 0.0927
480 274 15 19 0.0923
733 168 9 11 0.0923
789 240 12 14 0.0920
640 217 10 13 0.0916
59 207 9 11 0.0916
945 220 10 10 0.0914
506 262 12 16 0.0908
801 461 35 42 0.0908
630 317 16 18 0.0905
861 162 7 9 0.0893
351 298 15 19 0.0888
710 424 22 26 0.0886
879 234 10 11 0.0872
809 341 17 24 0.0861
998 178 9 11 0.0857
31 259 16 18 0.0850
716 262 15 18 0.0841
721 164 8 10 0.0835
595 388 26 29 0.0832
864 161 8 10 0.0828
942 220 10 11 0.0826
37 309 20 19 0.0820
747 266 13 15 0.0816
567 401 24 31 0.0812
564 240 13 15 0.0802
564 238 12 14 0.0800
3 188 8 9 0.0799
651 311 20 23 0.0789
92 190 9 10 0.0785
635 317 14 16 0.0785
629 352 22 25 0.0785
568 399 20 26 0.0769
835 239 12 14 0.0762
67 195 9 9 0.0760
753 301 26 29 0.0752
1002 117 10 11 0.0741
942 279 15 17 0.0737
835 253 12 15 0.0733
73 186 8 9 0.0732
909 175 9 12 0.0728
600 204 9 11 0.0726
587 412 26 30 0.0722
624 378 22 29 0.0717
851 346 17 21 0.0714
503 264 13 16 0.0711
908 162 9 9 0.0710
897 282 12 15 0.0693
911 409 20 25 0.0690
791 263 11 12 0.0688
905 176 9 11 0.0687
70 187 8 9 0.0686
934 428 29 35 0.0683
994 166 9 11 0.0682
536 231 12 13 0.0681
939 279 14 17 0.0680
89 189 9 10 0.0680
767 230 11 13 0.0674
516 365 21 22 0.0664
847 346 18 22 0.0657
798 160 9 11 0.0648
999 117 9 11 0.0642
799 175 9 10 0.0633
88 191 9 10 0.0630
829 313 12 16 0.0619
801 455 32 41 0.0617
691 268 14 17 0.0612
664 162 9 10 0.0607
750 266 13 15 0.0598
788 262 11 13 0.0597
0 273 9 19 0.0595
802 176 9 10 0.0595
602 396 23 29 0.0592
1017 106 7 10 0.0588
596 356 22 23 0.0583
497 227 12 14 0.0580
565 307 16 22 0.0578
1018 167 6 12 0.0575
759 162 10 12 0.0572
833 163 8 10 0.0569
493 227 12 15 0.0569
11 226 12 16 0.0562
130 185 9 11 0.0562
495 226 12 14 0.0561
348 221 15 18 0.0560
700 131 10 12 0.0559
908 322 11 13 0.0558
834 174 8 10 0.0557
980 174 10 12 0.0556
704 131 9 12 0.0550
575 219 12 14 0.0546
840 252 10 13 0.0541
859 254 13 15 0.0540
89 236 12 14 0.0540
253 324 13 15 0.0539
943 252 12 13 0.0538
597 204 9 12 0.0532
936 119 9 10 0.0525
863 162 8 10 0.0525
874 362 23 26 0.0514
525 240 12 13 0.0503
553 212 11 14 0.0493
716 160 8 10 0.0492
513 241 13 15 0.0491
802 455 34 42 0.0491
814 336 14 20 0.0489
812 143 9 10 0.0483
813 266 12 14 0.0482
961 120 9 10 0.0478
475 372 21 28 0.0474
991 166 9 11 0.0469
944 254 12 14 0.0467
0 277 12 20 0.0465
843 351 21 24 0.0458
362 301 17 20 0.0454
589 348 18 22 0.0454
714 351 18 21 0.0453
938 260 12 15 0.0453
815 173 9 11 0.0449
794 160 9 11 0.0448
809 143 8 11 0.0447
905 161 9 11 0.0446
593 349 20 22 0.0444
1017 165 7 10 0.0439
945 375 24 26 0.0436
865 263 13 14 0.0432
53 297 20 22 0.0431
795 383 21 27 0.0429
516 213 8 10 0.0427
668 226 11 13 0.0427
852 338 16 19 0.0426
618 165 9 12 0.0425
556 217 11 14 0.0421
958 120 9 10 0.0418
795 138 8 10 0.0415
805 451 30 33 0.0414
990 168 11 12 0.0412
89 244 14 16 0.0411
621 165 9 11 0.0408
997 432 27 44 0.0407
797 138 9 10 0.0403
134 185 8 11 0.0403
569 238 11 13 0.0398
362 347 19 21 0.0396
848 338 16 19 0.0396
933 118 9 11 0.0389
589 352 22 24 0.0388
557 212 10 14 0.0387
625 375 20 27 0.0384
672 229 11 13 0.0379
745 209 8 9 0.0378
632 352 21 25 0.0377
878 178 9 11 0.0376
817 265 11 14 0.0376
810 336 15 20 0.0376
928 176 9 10 0.0372
80 270 16 20 0.0370
652 334 18 21 0.0368
572 273 16 19 0.0367
653 168 9 11 0.0366
881 235 10 12 0.0364
699 235 13 16 0.0363
93 224 10 11 0.0361
18 229 10 13 0.0361
91 275 15 20 0.0360
696 234 12 15 0.0358
669 229 11 14 0.0357
949 147 9 11 0.0357
835 164 8 10 0.0356
926 141 8 9 0.0355
919 253 12 14 0.0355
651 368 20 25 0.0350
932 175 9 10 0.0350
629 314 15 17 0.0349
232 194 9 11 0.0349
662 162 8 11 0.0348
873 405 24 25 0.0348
971 350 17 22 0.0348
612 207 9 10 0.0348
748 244 11 13 0.0346
712 158 8 10 0.0342
884 274 12 15 0.0340
806 279 12 15 0.0338
811 173 10 12 0.0337
674 265 16 18 0.0333
780 392 25 27 0.0331
802 469 35 37 0.0330
352 222 14 16 0.0328
7 187 9 10 0.0327
562 315 18 22 0.0325
371 264 18 22 0.0325
642 157 10 12 0.0324
618 293 16 18 0.0322
106 296 17 21 0.0321
635 315 13 15 0.0319
106 187 9 11 0.0318
757 303 25 26 0.0316
750 388 24 27 0.0314
902 236 11 13 0.0312
742 209 7 10 0.0310
564 402 22 28 0.0309
86 234 11 13 0.0309
696 266 12 16 0.0307
791 288 11 13 0.0307
648 236 15 16 0.0305
872 363 22 26 0.0305
926 356 18 26 0.0302
803 451 29 34 0.0299
696 270 12 15 0.0298
650 169 9 10 0.0297
698 229 11 12 0.0297
699 241 12 15 0.0296
714 307 15 20 0.0296
568 299 13 17 0.0292
781 382 25 30 0.0292
793 265 10 12 0.0292
934 320 16 20 0.0290
584 282 18 21 0.0290
506 265 13 14 0.0289
746 384 19 24 0.0288
596 374 25 28 0.0287
602 230 11 14 0.0286
371 278 19 22 0.0285
771 251 12 14 0.0282
519 212 9 11 0.0282
677 264 15 18 0.0281
99 235 10 11 0.0279
545 256 13 18 0.0278
522 239 12 14 0.0278
648 244 14 18 0.0277
735 226 10 12 0.0277
877 165 9 10 0.0276
950 235 11 12 0.0276
565 198 11 13 0.0275
478 372 23 29 0.0275
567 238 13 15 0.0274
836 348 16 20 0.0274
107 189 9 11 0.0273
666 163 9 10 0.0273
27 297 21 21 0.0273
910 223 10 12 0.0272
648 235 13 15 0.0270
624 231 11 14 0.0269
542 258 12 16 0.0269
670 243 13 15 0.0269
64 195 9 11 0.0269
789 266 10 12 0.0268
775 166 10 13 0.0266
878 250 11 12 0.0266
720 352 19 25 0.0265
974 344 16 20 0.0265
931 263 12 15 0.0263
797 161 9 12 0.0262
687 263 15 17 0.0262
893 282 11 15 0.0262
691 146 9 10 0.0260
492 225 12 15 0.0260
915 295 14 16 0.0259
870 405 24 26 0.0258
886 120 9 12 0.0258
805 361 15 18 0.0256
737 226 10 12 0.0256
904 113 9 11 0.0254
63 225 9 12 0.0254
891 327 15 18 0.0252
930 266 13 16 0.0252
167 183 8 10 0.0252
686 222 11 12 0.0252
74 245 11 13 0.0251
769 255 14 16 0.0251
538 398 23 24 0.0251
905 295 12 17 0.0250
836 144 8 11 0.0250
53 242 12 16 0.0249
766 229 10 12 0.0248
71 245 10 12 0.0248
754 162 9 12 0.0245
116 236 10 11 0.0244
616 326 16 18 0.0242
830 315 13 17 0.0241
565 399 18 24 0.0241
94 271 15 21 0.0241
532 281 14 20 0.0241
879 179 10 11 0.0240
798 161 9 11 0.0238
364 343 20 23 0.0238
586 407 25 31 0.0238
959 147 9 10 0.0238
614 223 12 14 0.0237
995 430 29 44 0.0236
571 239 11 12 0.0236
750 263 13 15 0.0235
884 257 11 14 0.0234
579 218 10 13 0.0234
946 146 9 12 0.0233
839 144 8 10 0.0233
744 253 13 15 0.0232
644 244 14 17 0.0229
533 231 11 14 0.0229
478 264 12 16 0.0228
183 180 9 11 0.0227
870 424 27 29 0.0227
569 308 15 20 0.0225
249 324 13 15 0.0225
849 342 17 20 0.0224
872 428 27 30 0.0223
1013 407 11 32 0.0220
622 292 15 18 0.0220
603 227 11 13 0.0220
573 217 11 13 0.0220
828 314 14 17 0.0219
836 162 8 10 0.0219
881 233 9 10 0.0218
748 265 13 15 0.0217
952 387 25 25 0.0216
710 243 13 15 0.0215
701 402 26 36 0.0215
12 188 8 9 0.0214
598 231 10 13 0.0213
150 225 12 17 0.0212
599 173 11 13 0.0212
545 323 16 19 0.0212
689 209 12 13 0.0211
963 347 19 23 0.0210
901 113 9 12 0.0210
644 217 11 13 0.0210
231 172 8 10 0.0208
515 417 22 18 0.0207
521 258 13 17 0.0207
125 211 10 11 0.0206
935 293 14 17 0.0205
624 290 14 17 0.0204
486 263 14 16 0.0204
985 168 10 12 0.0203
580 206 11 14 0.0202
215 191 9 12 0.0202
861 183 8 10 0.0201
121 211 10 11 0.0200
826 312 13 17 0.0200
115 245 13 15 0.0199
856 243 11 13 0.0198
618 335 20 21 0.0198
569 411 24 30 0.0197
796 346 17 22 0.0197
906 292 13 17 0.0195
621 388 22 26 0.0195
535 225 12 14 0.0194
833 241 10 13 0.0194
125 266 13 17 0.0194
723 163 9 10 0.0193
672 224 12 14 0.0193
716 210 10 13 0.0192
110 189 9 11 0.0189
687 166 8 10 0.0189
970 342 15 20 0.0187
835 286 14 17 0.0187
832 163 9 11 0.0187
828 378 23 27 0.0187
561 241 11 14 0.0185
572 299 12 15 0.0185
97 224 9 11 0.0185
828 268 12 15 0.0184
691 166 8 10 0.0184
927 270 12 15 0.0184
847 309 13 17 0.0183
721 348 18 23 0.0183
987 124 8 11 0.0183
958 155 9 12 0.0183
543 262 13 16 0.0180
944 219 9 10 0.0180
347 224 17 21 0.0179
512 238 12 15 0.0178
568 358 14 21 0.0178
631 294 12 15 0.0178
372 261 14 19 0.0177
923 141 8 10 0.0177
235 194 9 12 0.0176
718 333 19 24 0.0175
58 227 11 13 0.0175
673 268 15 17 0.0175
594 358 21 24 0.0175
364 353 18 20 0.0175
17 226 10 13 0.0174
582 244 12 14 0.0174
709 239 11 13 0.0174
605 398 21 27 0.0173
653 280 16 20 0.0173
976 345 14 19 0.0172
877 231 9 11 0.0172
42 275 15 18 0.0172
147 226 12 16 0.0171
52 289 16 16 0.0171
685 146 9 11 0.0169
640 216 10 12 0.0169
845 286 13 15 0.0169
644 216 10 12 0.0168
749 223 9 11 0.0167
786 287 12 15 0.0167
87 142 7 9 0.0166
583 289 16 20 0.0166
992 431 30 42 0.0165
88 213 10 10 0.0165
668 251 15 17 0.0165
59 221 10 12 0.0163
88 190 9 10 0.0162
904 168 10 12 0.0161
536 243 12 14 0.0160
862 185 9 10 0.0158
1007 179 10 12 0.0158
868 351 17 19 0.0157
969 255 13 14 0.0157
707 306 18 21 0.0157
983 125 9 11 0.0157
904 320 13 16 0.0156
86 237 13 15 0.0155
211 191 10 12 0.0155
941 295 15 19 0.0155
782 240 11 14 0.0155
912 449 26 32 0.0154
965 255 13 15 0.0154
860 161 8 10 0.0152
704 421 26 31 0.0152
541 323 16 19 0.0152
814 239 12 14 0.0152
684 212 11 13 0.0151
778 465 34 39 0.0151
858 320 13 15 0.0151
721 264 14 18 0.0151
980 122 9 10 0.0150
676 215 11 14 0.0149
872 283 15 18 0.0149
517 213 10 12 0.0149
497 331 18 21 0.0148
615 207 10 12 0.0148
926 430 25 34 0.0148
202 175 7 10 0.0148
4 186 9 10 0.0147
952 230 9 12 0.0147
122 182 9 12 0.0146
932 290 13 16 0.0145
198 175 8 10 0.0145
815 323 15 18 0.0144
801 470 32 35 0.0144
133 185 9 11 0.0144
465 296 11 14 0.0144
938 422 28 34 0.0144
618 308 15 19 0.0143
820 262 11 14 0.0142
775 142 9 11 0.0141
541 280 11 16 0.0141
625 315 15 19 0.0141
966 251 11 14 0.0141
907 451 27 32 0.0140
549 216 11 14 0.0140
870 263 13 15 0.0139
535 276 14 16 0.0139
228 172 7 10 0.0139
510 417 23 18 0.0138
498 264 12 16 0.0137
568 277 16 19 0.0137
148 481 24 31 0.0137
716 326 15 21 0.0137
907 140 9 10 0.0137
779 172 9 10 0.0136
112 245 11 15 0.0136
41 173 8 9 0.0135
617 235 12 15 0.0135
961 351 22 25 0.0135
508 351 22 25 0.0135
364 341 20 21 0.0135
468 296 11 13 0.0134
837 165 8 11 0.0134
33 310 21 22 0.0133
992 95 7 9 0.0133
822 115 8 9 0.0133
669 380 21 27 0.0132
928 243 11 15 0.0132
773 260 13 15 0.0132
121 265 14 19 0.0131
774 172 10 11 0.0130
90 142 8 9 0.0130
559 251 12 15 0.0129
628 377 25 32 0.0129
778 142 9 10 0.0129
337 292 13 17 0.0129
946 134 9 11 0.0128
809 323 16 19 0.0128
598 207 10 10 0.0128
718 164 7 10 0.0127
66 193 8 9 0.0127
149 223 11 15 0.0127
109 188 9 10 0.0127
901 251 10 12 0.0126
874 402 21 22 0.0126
851 350 19 25 0.0126
795 232 11 12 0.0125
866 184 9 10 0.0125
1013 165 10 12 0.0124
232 173 7 9 0.0123
810 239 12 15 0.0123
593 344 18 20 0.0122
795 262 11 14 0.0121
606 385 24 29 0.0121
135 224 12 14 0.0121
85 267 16 19 0.0121
600 202 9 12 0.0121
947 379 26 28 0.0120
106 210 10 11 0.0120
538 233 11 14 0.0119
565 310 19 22 0.0119
2 268 12 19 0.0119
905 250 9 12 0.0119
579 202 11 12 0.0119
95 278 14 18 0.0119
568 273 16 18 0.0118
1003 248 11 12 0.0118
33 197 11 13 0.0118
648 255 15 19 0.0117
926 141 8 10 0.0117
982 244 12 13 0.0117
0 308 7 26 0.0116
595 203 9 11 0.0116
554 131 9 11 0.0115
942 135 9 10 0.0115
951 169 11 13 0.0115
969 251 12 14 0.0115
861 267 14 17 0.0114
955 262 12 15 0.0114
962 105 9 10 0.0114
702 388 24 32 0.0113
163 183 8 10 0.0113
56 239 12 15 0.0113
963 373 20 24 0.0113
608 175 11 13 0.0112
1017 292 7 18 0.0111
941 219 9 11 0.0111
539 282 15 19 0.0111
517 214 9 11 0.0111
712 210 10 12 0.0111
834 352 22 24 0.0111
713 259 12 16 0.0110
566 403 25 31 0.0110
736 145 9 10 0.0110
607 360 15 19 0.0109
650 167 9 11 0.0109
881 294 13 15 0.0109
779 399 23 26 0.0109
509 241 12 15 0.0109
850 314 13 17 0.0108
823 176 9 11 0.0108
831 163 9 10 0.0108
999 115 8 11 0.0108
37 230 12 14 0.0108
956 264 14 16 0.0107
918 99 8 9 0.0107
513 319 18 21 0.0107
253 262 18 23 0.0107
607 151 8 10 0.0106
688 193 10 12 0.0106
971 455 21 33 0.0106
499 393 18 19 0.0105
603 133 9 11 0.0105
907 141 9 11 0.0104
112 241 12 15 0.0104
721 325 16 22 0.0104
118 257 14 18 0.0103
1007 31 7 10 0.0102
1004 31 7 10 0.0102
889 121 8 10 0.0102
587 251 13 15 0.0102
603 243 10 13 0.0102
825 115 7 10 0.0102
511 358 26 28 0.0102
144 489 24 25 0.0101
676 214 10 13 0.0101
946 418 29 32 0.0101
879 170 9 11 0.0101
854 313 13 15 0.0100
358 336 19 21 0.0100
61 143 9 10 0.0100
