2_Demonstration_Demonstrators_2_546
51
944 169 26 35 0.8263
801 199 30 37 0.7918
328 204 25 34 0.6788
433 178 19 31 0.6485
985 154 20 31 0.5605
477 169 16 26 0.3822
527 156 16 22 0.3306
480 168 16 28 0.2997
604 154 14 30 0.2815
151 176 18 23 0.2801
494 170 14 25 0.2397
227 158 17 21 0.1997
305 223 14 16 0.1925
151 177 20 26 0.1680
195 197 15 18 0.1589
199 197 15 18 0.1029
607 155 15 30 0.1026
530 156 17 22 0.0951
302 224 12 15 0.0891
989 154 20 31 0.0594
841 176 16 20 0.0560
490 170 16 26 0.0394
1016 155 8 28 0.0377
184 188 11 14 0.0358
157 177 16 21 0.0344
155 177 17 22 0.0337
383 185 17 21 0.0282
356 130 16 19 0.0279
280 168 16 22 0.0259
606 158 14 29 0.0222
145 180 18 24 0.0186
144 174 15 20 0.0185
176 215 12 15 0.0179
698 164 21 29 0.0168
159 180 16 22 0.0168
839 178 19 24 0.0163
226 162 20 26 0.0156
736 155 19 26 0.0150
232 156 16 21 0.0150
598 154 16 29 0.0147
1012 167 10 28 0.0144
302 218 16 21 0.0135
332 203 25 35 0.0131
592 159 15 24 0.0131
173 214 12 16 0.0125
1016 152 8 25 0.0125
285 250 13 15 0.0125
222 159 18 21 0.0118
417 141 15 19 0.0103
722 157 21 27 0.0101
607 151 13 29 0.0101
