2_Demonstration_Protesters_2_221
260
515 205 59 78 0.8695
990 156 34 60 0.8558
227 518 87 56 0.8495
576 149 45 59 0.8473
712 375 46 76 0.8447
746 184 41 64 0.8377
3 203 47 76 0.8351
718 2 30 34 0.8345
911 109 38 49 0.8253
676 56 32 42 0.8245
387 55 39 47 0.8220
859 172 42 51 0.8202
462 87 37 48 0.8199
924 183 34 58 0.8181
692 97 35 49 0.8179
15 18 28 38 0.8175
314 13 29 41 0.8154
121 14 28 39 0.8152
833 129 31 45 0.8126
227 127 46 62 0.8104
400 207 52 75 0.8018
545 75 32 40 0.7970
0 111 22 56 0.7950
293 128 39 54 0.7871
286 333 46 70 0.7869
238 80 34 48 0.7817
114 97 42 56 0.7746
742 147 38 49 0.7618
416 266 47 58 0.7416
524 429 58 83 0.7336
138 57 40 45 0.7276
723 55 35 39 0.7202
84 337 28 60 0.7166
343 109 34 45 0.7157
994 0 27 27 0.6851
82 173 37 66 0.6590
403 132 39 54 0.6298
903 32 28 43 0.6049
414 304 39 69 0.5981
961 71 29 35 0.5642
141 237 43 64 0.5563
652 91 27 38 0.5457
159 137 30 42 0.5262
892 295 57 72 0.5225
717 203 32 50 0.5033
180 12 22 30 0.4916
196 121 40 59 0.4729
404 133 38 52 0.4628
654 92 28 38 0.4548
203 121 43 61 0.4188
505 33 36 42 0.4080
863 73 25 31 0.3948
481 22 27 35 0.3919
629 0 23 14 0.3818
231 6 26 35 0.3634
0 86 22 49 0.3279
740 111 26 34 0.3187
124 441 35 67 0.3125
449 1 32 29 0.3054
429 27 24 35 0.3041
596 0 23 21 0.2845
954 138 36 45 0.2812
715 203 33 49 0.2777
815 90 26 32 0.2774
250 18 29 36 0.2747
626 0 24 14 0.2681
896 51 21 30 0.2427
235 4 35 39 0.2375
193 135 28 45 0.2221
414 304 40 69 0.2152
740 55 29 39 0.2141
156 137 35 47 0.2127
638 135 26 40 0.2114
141 238 42 64 0.2080
244 6 34 43 0.2028
673 3 22 26 0.2005
55 0 23 26 0.1978
0 17 11 41 0.1904
740 148 35 48 0.1868
126 442 34 65 0.1857
0 15 7 38 0.1786
246 2 29 35 0.1532
743 111 26 35 0.1514
592 0 19 20 0.1450
641 135 26 40 0.1408
428 39 27 40 0.1407
504 51 33 41 0.1373
181 12 27 33 0.1218
957 137 38 49 0.1105
911 311 59 71 0.1073
897 52 23 31 0.1054
45 5 23 25 0.1021
584 42 29 40 0.1001
197 120 40 57 0.0989
318 258 43 59 0.0974
0 86 32 48 0.0870
119 440 36 69 0.0859
195 131 35 50 0.0848
255 22 27 32 0.0834
958 135 38 48 0.0793
507 34 35 43 0.0767
450 69 33 41 0.0752
449 64 29 39 0.0748
46 5 26 30 0.0731
444 68 30 40 0.0724
424 27 23 35 0.0695
101 441 46 65 0.0669
421 43 25 35 0.0637
355 176 41 58 0.0595
41 7 19 23 0.0580
919 0 23 24 0.0547
741 54 27 36 0.0522
250 24 31 39 0.0510
528 427 55 78 0.0506
674 4 25 30 0.0506
3 2 27 33 0.0500
505 41 34 40 0.0496
0 2 15 34 0.0491
632 0 23 14 0.0478
441 18 27 30 0.0450
532 0 25 31 0.0436
875 218 45 52 0.0404
902 316 66 79 0.0400
1 21 13 39 0.0400
845 9 22 28 0.0391
134 56 39 45 0.0381
627 0 24 14 0.0377
91 436 45 67 0.0375
1011 66 13 39 0.0372
536 4 25 31 0.0356
899 48 28 37 0.0351
863 73 22 25 0.0347
1009 39 15 46 0.0342
384 10 21 28 0.0336
452 0 27 14 0.0334
482 492 103 83 0.0328
522 0 27 28 0.0314
602 2 29 25 0.0313
517 18 22 26 0.0312
749 147 36 49 0.0302
226 70 29 40 0.0298
444 61 29 43 0.0297
388 9 23 28 0.0292
319 254 41 58 0.0289
366 20 30 37 0.0286
436 20 33 40 0.0283
501 54 28 36 0.0281
182 13 33 37 0.0273
558 143 36 49 0.0271
901 294 52 68 0.0270
910 110 38 48 0.0269
423 31 25 40 0.0269
848 8 24 30 0.0267
416 52 30 40 0.0264
902 1 24 26 0.0263
427 46 30 44 0.0261
779 146 32 40 0.0261
964 406 35 56 0.0258
603 20 31 38 0.0245
787 49 22 30 0.0243
45 34 26 32 0.0243
197 144 34 44 0.0241
842 43 28 36 0.0239
698 29 19 24 0.0239
429 29 28 42 0.0236
43 16 29 38 0.0233
459 2 27 25 0.0232
560 35 27 32 0.0232
446 1 31 27 0.0231
967 404 43 61 0.0229
366 32 27 36 0.0226
987 48 21 27 0.0224
918 8 23 26 0.0222
448 0 24 14 0.0218
315 72 29 40 0.0216
296 33 25 32 0.0214
1004 45 20 49 0.0214
602 20 26 32 0.0213
145 59 35 42 0.0213
53 2 28 34 0.0213
599 12 28 30 0.0212
446 72 30 41 0.0206
602 11 31 33 0.0206
480 0 18 17 0.0199
896 293 51 70 0.0196
50 2 26 32 0.0187
224 179 34 49 0.0186
364 11 30 36 0.0183
373 30 30 38 0.0181
322 75 25 33 0.0178
512 22 31 43 0.0177
477 23 21 32 0.0177
48 130 45 50 0.0174
584 40 26 35 0.0171
848 2 24 29 0.0169
715 202 30 47 0.0168
57 0 19 18 0.0167
313 274 39 47 0.0166
541 2 22 30 0.0165
129 57 29 42 0.0164
160 136 26 33 0.0163
994 43 21 36 0.0162
103 437 44 71 0.0162
845 71 24 29 0.0161
362 0 26 30 0.0161
5 0 23 16 0.0159
109 445 37 65 0.0159
1011 53 13 43 0.0158
744 62 27 37 0.0158
856 72 28 33 0.0158
914 304 57 69 0.0157
895 36 27 39 0.0156
541 3 27 33 0.0154
449 3 35 35 0.0152
721 208 32 48 0.0151
843 3 23 29 0.0150
316 254 26 41 0.0149
0 267 18 53 0.0147
360 0 21 26 0.0147
504 61 32 43 0.0146
904 101 29 41 0.0145
394 196 31 50 0.0144
183 7 22 27 0.0143
0 337 7 75 0.0143
0 91 23 56 0.0141
556 53 27 34 0.0138
296 40 33 41 0.0136
479 0 16 13 0.0130
506 24 34 43 0.0130
486 24 30 36 0.0128
254 12 29 37 0.0127
587 41 33 43 0.0126
436 44 30 43 0.0125
3 9 23 40 0.0123
433 61 31 42 0.0122
382 7 26 31 0.0122
256 3 24 31 0.0121
957 68 26 34 0.0121
191 120 32 53 0.0121
767 146 37 45 0.0120
894 0 27 28 0.0118
605 27 33 41 0.0118
1008 32 16 46 0.0117
389 7 19 23 0.0114
713 52 25 35 0.0114
186 110 32 47 0.0114
371 20 34 41 0.0113
904 0 22 13 0.0113
840 37 28 37 0.0108
214 120 39 60 0.0108
403 8 28 34 0.0107
918 1 27 31 0.0106
538 73 26 38 0.0106
820 0 17 19 0.0106
986 37 22 29 0.0104
940 2 23 28 0.0103
1 260 13 51 0.0102
535 3 27 31 0.0101
189 17 34 37 0.0100
229 6 20 28 0.0100
