2_Demonstration_Demonstration_Or_Protest_2_600
339
43 242 69 86 0.8653
150 307 34 39 0.8501
891 281 45 71 0.8490
952 405 28 44 0.8357
221 387 36 46 0.8334
823 306 34 44 0.8217
480 299 28 34 0.8126
675 350 36 42 0.7873
866 221 25 31 0.7854
959 262 24 29 0.7695
190 144 19 20 0.7526
343 311 24 28 0.7191
639 151 17 21 0.7119
380 147 16 18 0.6656
493 386 28 38 0.6646
564 126 13 16 0.6434
0 158 10 21 0.6411
506 145 17 20 0.6295
944 145 14 18 0.6262
26 104 13 14 0.4952
58 152 16 18 0.4707
702 129 12 15 0.4575
2 30 11 14 0.4328
796 148 16 17 0.4297
834 116 11 13 0.4252
170 103 11 14 0.4233
240 162 14 17 0.4202
498 110 10 11 0.4160
37 160 13 15 0.4114
229 103 12 13 0.4094
125 112 12 13 0.4061
732 110 11 13 0.4027
562 107 10 12 0.3799
256 109 11 14 0.3791
437 107 9 12 0.3791
960 122 11 13 0.3749
55 152 16 18 0.3720
540 112 9 12 0.3713
193 283 32 29 0.3706
795 115 11 12 0.3672
688 103 11 13 0.3643
581 111 8 11 0.3639
595 109 10 12 0.3560
999 85 11 14 0.3560
81 44 11 12 0.3559
899 123 11 13 0.3520
685 103 11 13 0.3519
56 59 10 11 0.3498
479 109 9 11 0.3495
27 42 10 13 0.3467
317 105 11 12 0.3444
79 103 10 12 0.3442
732 147 14 18 0.3420
402 106 11 13 0.3418
113 35 11 13 0.3406
902 123 11 13 0.3379
599 110 9 11 0.3362
314 105 11 12 0.3352
243 163 13 16 0.3330
193 284 36 28 0.3325
227 103 11 13 0.3293
542 112 10 12 0.3287
272 57 10 11 0.3240
111 35 10 13 0.3220
243 56 10 11 0.3215
432 167 13 15 0.3179
736 147 13 18 0.3166
173 103 10 14 0.3164
632 110 8 10 0.3159
800 148 14 17 0.3127
919 156 13 15 0.3116
285 148 14 15 0.3101
85 43 10 12 0.3084
657 116 11 12 0.3068
699 129 11 15 0.3038
151 54 8 11 0.3032
240 56 9 11 0.3026
155 164 18 26 0.3021
6 31 10 13 0.2999
734 109 12 13 0.2992
619 97 9 12 0.2988
60 59 9 11 0.2953
254 109 11 14 0.2912
275 57 10 11 0.2908
159 164 17 26 0.2890
921 112 9 11 0.2863
154 54 8 11 0.2845
184 65 9 10 0.2844
759 117 10 12 0.2818
822 111 8 10 0.2801
483 109 9 11 0.2759
123 112 11 13 0.2729
188 65 8 10 0.2698
426 167 11 13 0.2686
67 48 10 11 0.2662
853 138 13 20 0.2653
82 103 10 12 0.2593
635 110 9 10 0.2580
622 97 9 12 0.2549
29 42 10 13 0.2525
405 106 11 13 0.2506
660 116 11 12 0.2436
421 117 8 9 0.2351
958 122 11 12 0.2292
886 109 8 10 0.2264
918 112 9 11 0.2254
819 111 8 10 0.2251
836 116 10 13 0.2195
435 107 9 11 0.2143
25 42 10 13 0.2081
610 161 12 13 0.2075
607 161 12 13 0.2072
453 112 8 10 0.2055
503 109 10 11 0.2038
456 114 8 9 0.2019
34 159 13 16 0.2019
483 166 14 16 0.1948
0 158 12 23 0.1935
883 109 9 11 0.1915
222 51 10 11 0.1907
850 139 13 19 0.1864
798 116 10 11 0.1860
773 121 9 11 0.1854
289 148 13 15 0.1843
219 49 10 11 0.1839
300 95 8 9 0.1767
303 95 8 9 0.1746
763 118 10 11 0.1706
1002 85 11 14 0.1704
30 104 11 13 0.1701
895 142 13 17 0.1689
793 114 10 12 0.1674
335 93 8 9 0.1627
923 113 8 10 0.1537
453 114 8 9 0.1534
887 108 9 11 0.1470
457 114 7 9 0.1407
963 122 10 13 0.1396
223 48 9 11 0.1322
707 108 10 12 0.1314
289 155 15 19 0.1267
851 136 13 19 0.1262
258 110 10 13 0.1198
707 157 12 14 0.1190
24 104 12 14 0.1146
286 154 15 18 0.1103
780 109 9 10 0.1037
70 48 9 11 0.1016
371 113 9 11 0.1009
561 108 8 10 0.1005
430 164 13 15 0.1000
183 63 9 11 0.0980
562 125 13 16 0.0971
823 112 9 10 0.0959
103 164 16 19 0.0925
844 134 11 16 0.0902
372 115 9 10 0.0899
187 64 8 10 0.0886
77 104 9 11 0.0869
369 115 9 11 0.0838
471 113 9 10 0.0827
102 161 14 17 0.0817
916 155 13 15 0.0816
997 85 10 13 0.0809
503 145 17 20 0.0783
369 113 8 10 0.0776
428 61 9 11 0.0734
333 93 8 9 0.0709
838 133 11 14 0.0694
917 150 14 16 0.0693
735 148 13 18 0.0668
404 115 10 11 0.0663
774 121 9 12 0.0657
424 167 11 12 0.0645
423 168 10 12 0.0616
986 121 10 14 0.0591
500 111 10 10 0.0586
78 102 10 12 0.0577
701 173 9 13 0.0555
127 113 11 13 0.0552
432 61 9 11 0.0551
480 166 14 15 0.0547
659 115 10 11 0.0539
582 112 9 10 0.0525
413 104 9 12 0.0524
890 142 13 17 0.0522
758 117 9 11 0.0521
909 144 12 15 0.0497
698 173 10 13 0.0494
1001 86 11 15 0.0487
940 144 15 18 0.0480
886 112 10 11 0.0472
771 122 9 11 0.0466
861 117 9 12 0.0464
710 156 11 14 0.0460
408 117 10 11 0.0458
377 109 9 11 0.0454
302 94 8 9 0.0446
496 109 9 11 0.0441
778 109 9 11 0.0433
655 115 10 12 0.0433
415 104 9 10 0.0428
917 134 12 12 0.0426
723 142 12 15 0.0418
440 110 8 10 0.0416
482 163 13 16 0.0416
884 107 8 9 0.0409
440 106 9 11 0.0407
596 112 9 11 0.0396
1014 119 9 15 0.0387
882 113 9 10 0.0380
411 102 9 11 0.0378
383 148 15 17 0.0377
759 123 11 12 0.0376
884 108 8 10 0.0364
123 114 12 13 0.0360
85 47 9 11 0.0350
781 107 8 9 0.0342
762 117 9 11 0.0342
152 53 8 11 0.0337
287 150 14 16 0.0325
653 132 12 15 0.0323
836 115 9 12 0.0320
190 283 28 27 0.0317
902 123 11 13 0.0317
831 115 11 13 0.0316
82 101 10 13 0.0312
217 49 10 10 0.0307
621 98 9 12 0.0301
315 103 10 12 0.0297
900 145 13 16 0.0295
496 111 9 11 0.0293
219 51 10 12 0.0292
858 114 9 10 0.0291
299 93 8 10 0.0289
239 56 9 11 0.0288
600 111 9 11 0.0287
613 99 9 12 0.0283
1008 118 11 15 0.0280
908 111 8 10 0.0280
798 149 15 18 0.0279
200 287 32 25 0.0276
548 167 12 15 0.0267
563 108 9 11 0.0266
643 133 13 15 0.0261
567 126 12 16 0.0248
831 154 12 15 0.0247
512 135 10 12 0.0244
924 153 12 15 0.0244
544 113 9 12 0.0239
537 112 10 11 0.0238
429 63 9 10 0.0238
823 111 8 10 0.0236
542 113 9 12 0.0235
62 60 8 10 0.0231
410 123 9 10 0.0225
989 123 10 14 0.0224
439 165 10 14 0.0221
242 75 8 9 0.0220
435 105 9 12 0.0216
947 148 14 18 0.0215
218 51 10 11 0.0215
957 124 11 13 0.0203
345 310 24 29 0.0203
524 171 13 16 0.0202
438 163 11 13 0.0199
851 142 14 19 0.0194
334 95 8 9 0.0194
477 110 8 10 0.0193
198 283 32 29 0.0192
983 123 10 12 0.0190
545 167 11 14 0.0190
82 45 10 12 0.0190
440 106 8 11 0.0189
831 119 11 12 0.0189
708 130 12 15 0.0186
332 94 7 9 0.0186
115 36 10 12 0.0186
241 55 8 10 0.0185
633 112 9 11 0.0182
950 146 13 16 0.0180
621 100 9 11 0.0179
251 74 8 10 0.0179
797 118 10 11 0.0178
337 93 8 10 0.0178
797 112 9 11 0.0177
888 107 7 9 0.0175
401 103 10 13 0.0174
28 143 15 16 0.0173
419 118 9 11 0.0172
33 143 12 16 0.0171
111 37 10 12 0.0169
433 63 8 10 0.0168
1019 138 5 14 0.0167
840 136 10 13 0.0166
730 110 10 12 0.0165
154 54 8 10 0.0165
271 58 9 10 0.0162
637 149 16 21 0.0158
479 164 12 14 0.0157
779 107 8 9 0.0157
559 108 8 10 0.0155
733 111 12 15 0.0155
1010 123 12 14 0.0155
756 119 10 13 0.0155
399 106 10 12 0.0154
245 162 11 15 0.0153
149 53 7 10 0.0152
829 153 10 15 0.0152
997 89 11 13 0.0150
274 59 9 11 0.0149
436 169 12 15 0.0149
188 287 31 25 0.0147
638 111 8 10 0.0145
973 148 11 13 0.0141
597 108 9 11 0.0140
853 112 8 9 0.0136
739 149 12 17 0.0134
278 59 8 10 0.0132
467 121 9 11 0.0131
776 122 9 11 0.0130
828 151 12 16 0.0127
699 127 11 15 0.0125
810 133 11 13 0.0125
58 61 9 10 0.0124
227 101 11 13 0.0123
239 75 8 10 0.0121
922 112 8 10 0.0119
147 164 19 24 0.0118
962 124 10 12 0.0116
478 108 9 10 0.0115
107 161 12 16 0.0114
903 150 12 14 0.0113
423 169 10 11 0.0111
499 149 13 15 0.0107
491 146 11 13 0.0107
371 110 8 10 0.0106
1017 132 7 16 0.0106
691 103 10 13 0.0100
