2_Demonstration_Protesters_2_493
740
1 406 82 168 0.8735
924 160 35 45 0.8683
720 133 34 43 0.8655
771 129 34 42 0.8530
385 149 38 44 0.8514
650 177 42 50 0.8479
455 132 37 45 0.8461
554 133 35 42 0.8461
312 85 24 28 0.8397
305 155 37 49 0.8385
373 98 26 31 0.8379
91 113 26 30 0.8306
877 210 44 54 0.8296
18 100 24 27 0.8291
278 115 28 33 0.8271
846 143 33 41 0.8166
939 129 33 44 0.8141
160 81 22 25 0.8141
734 92 24 25 0.8139
134 104 24 27 0.8113
201 80 22 26 0.8089
542 76 21 23 0.8057
343 117 30 36 0.8046
290 67 22 27 0.8023
918 74 24 30 0.8011
265 74 24 27 0.8002
648 91 24 29 0.7997
520 87 22 25 0.7983
521 117 24 29 0.7941
660 63 21 23 0.7916
636 52 18 21 0.7903
826 181 36 45 0.7901
710 111 27 30 0.7889
256 98 23 27 0.7877
338 91 23 26 0.7869
31 69 22 27 0.7814
80 89 23 25 0.7781
824 74 28 30 0.7735
867 92 24 31 0.7716
988 152 36 51 0.7681
210 117 22 24 0.7664
635 105 25 29 0.7615
602 85 24 27 0.7530
0 88 14 27 0.7513
217 65 18 21 0.7429
751 196 34 35 0.7422
481 60 20 23 0.7251
384 72 20 24 0.7207
184 117 27 30 0.7118
253 45 14 16 0.7065
519 65 20 22 0.7064
662 47 18 20 0.6916
702 51 16 18 0.6734
320 57 16 20 0.6707
614 66 19 22 0.6702
432 70 20 24 0.6668
409 115 26 28 0.6337
186 57 16 19 0.6296
580 129 24 32 0.6120
761 45 16 18 0.6077
780 84 23 31 0.5949
613 52 18 20 0.5939
567 51 15 18 0.5905
563 30 13 15 0.5884
332 41 13 16 0.5842
663 165 35 44 0.5842
717 80 19 23 0.5812
67 63 22 25 0.5668
822 8 12 14 0.5666
228 85 20 27 0.5581
582 58 19 22 0.5502
744 47 16 20 0.5423
245 83 18 24 0.5421
948 54 18 20 0.5415
548 113 30 34 0.5387
386 50 16 17 0.5381
458 55 15 18 0.5345
452 92 25 29 0.5332
803 20 13 16 0.5215
2 133 27 35 0.5214
303 47 15 19 0.5202
420 35 13 16 0.5194
14 59 16 18 0.5186
485 89 23 27 0.5046
497 100 21 26 0.4912
157 45 14 15 0.4884
0 50 12 16 0.4758
845 47 17 21 0.4680
845 17 11 14 0.4654
707 28 11 14 0.4635
806 47 18 19 0.4588
436 34 12 15 0.4574
963 69 21 25 0.4522
234 44 14 17 0.4468
468 117 29 37 0.4464
128 64 14 17 0.4419
960 69 21 25 0.4330
481 42 13 15 0.4273
377 31 12 15 0.4263
653 17 12 15 0.4224
98 56 14 16 0.4097
76 42 13 13 0.4097
246 62 16 18 0.4059
65 62 22 27 0.4018
508 76 19 23 0.4016
753 27 14 17 0.3907
832 75 24 28 0.3891
466 35 12 14 0.3866
544 54 15 17 0.3848
95 56 14 16 0.3814
785 59 15 18 0.3809
938 68 22 26 0.3775
582 95 19 24 0.3768
553 16 10 12 0.3754
424 50 17 18 0.3723
783 85 22 30 0.3664
922 49 21 23 0.3578
689 34 12 14 0.3575
546 113 31 33 0.3563
469 119 28 35 0.3548
34 51 15 16 0.3534
885 50 19 21 0.3532
282 30 10 10 0.3489
686 25 12 13 0.3426
183 58 16 19 0.3394
844 47 16 20 0.3365
274 39 12 14 0.3360
138 49 14 17 0.3350
380 31 12 15 0.3345
1009 83 15 35 0.3253
781 6 11 13 0.3205
277 40 12 13 0.3164
520 20 9 11 0.3144
808 48 18 19 0.3142
499 11 10 12 0.3130
712 372 81 98 0.3121
131 85 19 22 0.3096
703 11 11 12 0.2988
298 114 19 27 0.2908
801 20 12 15 0.2893
542 54 15 17 0.2835
548 40 14 15 0.2811
140 36 10 11 0.2782
606 40 13 15 0.2770
905 62 21 25 0.2737
129 85 21 25 0.2730
261 60 17 19 0.2702
933 66 21 28 0.2702
1010 117 14 29 0.2684
816 66 21 26 0.2648
835 5 11 14 0.2636
469 35 12 14 0.2578
0 48 10 17 0.2541
173 38 11 13 0.2537
517 39 13 16 0.2536
111 48 12 14 0.2534
584 58 20 23 0.2490
315 33 10 11 0.2479
787 59 16 18 0.2458
129 85 19 22 0.2450
399 23 9 10 0.2443
618 20 11 12 0.2430
583 97 20 25 0.2422
952 54 17 20 0.2317
745 47 17 21 0.2269
569 51 15 19 0.2243
925 48 18 20 0.2230
889 51 17 20 0.2214
751 68 19 23 0.2207
618 66 17 22 0.2206
161 44 13 16 0.2185
475 18 9 11 0.2167
556 16 9 12 0.2163
498 56 15 18 0.2131
630 1 10 12 0.2125
94 30 9 12 0.2114
582 81 19 23 0.2080
502 102 19 24 0.2066
522 20 9 11 0.2066
636 105 24 29 0.2045
519 39 14 17 0.2029
816 34 14 14 0.2016
108 48 11 14 0.2016
428 50 17 18 0.1999
368 47 13 15 0.1992
844 32 13 14 0.1984
548 33 12 15 0.1978
363 34 11 14 0.1976
751 7 10 12 0.1971
188 37 9 12 0.1967
942 69 23 28 0.1948
244 61 15 17 0.1945
872 15 11 14 0.1879
248 83 18 23 0.1866
425 139 23 31 0.1856
703 92 22 27 0.1843
254 31 11 10 0.1819
674 23 10 12 0.1809
904 123 29 38 0.1784
107 63 13 16 0.1781
470 118 27 34 0.1742
712 47 14 15 0.1740
33 51 12 14 0.1739
172 38 10 12 0.1733
243 32 11 12 0.1714
754 7 10 12 0.1702
454 83 22 23 0.1693
318 33 10 11 0.1687
903 62 19 20 0.1682
629 0 10 12 0.1662
848 18 10 12 0.1654
622 20 10 12 0.1650
237 45 13 16 0.1638
586 43 14 16 0.1637
135 49 13 16 0.1626
369 57 14 17 0.1623
923 47 18 21 0.1621
478 18 9 11 0.1615
718 54 14 16 0.1611
406 88 21 23 0.1594
609 40 14 15 0.1579
242 84 22 28 0.1556
232 35 11 12 0.1542
701 11 10 12 0.1538
18 59 16 19 0.1537
582 130 23 32 0.1530
110 63 14 15 0.1528
142 37 11 11 0.1510
882 68 19 24 0.1505
565 83 13 17 0.1501
654 0 11 12 0.1494
209 31 9 11 0.1491
730 0 11 7 0.1474
440 34 12 14 0.1473
418 35 12 15 0.1463
729 56 11 14 0.1434
652 0 11 11 0.1428
80 41 11 13 0.1418
656 20 12 13 0.1418
721 80 17 22 0.1404
462 0 9 8 0.1381
404 86 19 20 0.1378
305 48 16 19 0.1378
365 85 17 20 0.1366
698 76 21 25 0.1357
440 21 9 11 0.1351
385 11 8 9 0.1330
839 5 10 12 0.1318
420 23 10 10 0.1317
972 95 17 21 0.1270
503 12 9 11 0.1265
227 85 16 24 0.1261
43 35 11 13 0.1253
228 202 41 51 0.1238
489 90 22 27 0.1236
133 86 20 22 0.1234
217 56 17 18 0.1230
97 30 10 12 0.1205
425 140 26 35 0.1198
1013 118 11 33 0.1194
352 22 11 12 0.1193
120 36 10 12 0.1181
499 28 11 13 0.1176
421 139 23 31 0.1175
281 29 9 10 0.1168
173 59 13 18 0.1163
369 18 9 11 0.1150
927 48 18 21 0.1146
784 6 10 13 0.1142
402 22 9 11 0.1142
24 45 11 12 0.1109
747 47 16 19 0.1101
843 17 11 13 0.1080
20 45 11 12 0.1062
65 32 9 10 0.1057
708 11 10 11 0.1054
150 63 16 17 0.1053
501 12 10 11 0.1052
863 32 11 15 0.1051
321 23 9 10 0.1040
14 60 19 20 0.1035
517 37 11 14 0.1029
356 21 10 12 0.1019
710 28 11 14 0.1018
508 72 18 21 0.0998
633 0 9 11 0.0977
582 0 8 6 0.0972
123 36 10 12 0.0971
768 0 10 6 0.0967
505 42 13 16 0.0960
466 0 8 8 0.0955
697 73 18 22 0.0955
520 37 11 14 0.0950
491 29 11 13 0.0944
691 75 23 25 0.0943
811 46 17 19 0.0941
320 45 13 15 0.0939
998 84 22 31 0.0937
336 41 12 15 0.0936
73 42 13 14 0.0927
195 118 19 25 0.0922
443 21 9 11 0.0920
487 8 8 11 0.0918
562 7 10 11 0.0917
896 19 14 17 0.0916
618 52 16 20 0.0913
567 31 12 14 0.0903
779 6 10 13 0.0900
634 1 9 11 0.0893
915 15 12 12 0.0887
388 72 19 24 0.0885
690 36 12 13 0.0884
250 20 8 10 0.0880
702 50 14 17 0.0874
47 35 10 13 0.0872
465 0 8 8 0.0864
181 81 16 19 0.0862
364 35 12 14 0.0856
326 23 10 11 0.0848
804 68 17 21 0.0847
180 28 9 10 0.0837
276 32 11 13 0.0826
364 41 13 15 0.0824
212 31 10 11 0.0822
261 60 16 19 0.0821
352 27 10 12 0.0820
434 70 21 25 0.0811
608 2 9 10 0.0795
919 15 11 12 0.0788
139 37 10 11 0.0781
866 32 12 15 0.0780
189 37 10 12 0.0775
197 22 8 10 0.0774
604 1 10 11 0.0765
412 13 9 10 0.0752
602 1 10 10 0.0745
674 26 11 14 0.0740
146 35 11 12 0.0739
186 37 11 12 0.0734
185 35 10 13 0.0734
903 127 31 42 0.0733
253 20 8 9 0.0733
288 21 8 10 0.0732
498 3 9 10 0.0731
821 120 29 34 0.0721
473 18 9 11 0.0700
700 0 9 9 0.0697
108 61 14 17 0.0695
404 104 21 28 0.0687
837 74 19 24 0.0684
1006 81 17 35 0.0684
387 11 8 9 0.0682
546 38 13 15 0.0682
693 35 12 15 0.0681
123 39 11 13 0.0679
151 26 10 10 0.0676
677 24 12 14 0.0673
825 9 11 14 0.0667
237 42 12 15 0.0658
408 115 25 28 0.0649
217 190 44 51 0.0641
839 31 12 14 0.0635
534 34 12 14 0.0631
176 106 26 28 0.0629
266 21 9 10 0.0629
498 12 10 11 0.0628
474 17 10 11 0.0626
667 6 11 12 0.0620
362 84 17 19 0.0620
662 49 20 23 0.0611
152 54 16 16 0.0610
904 123 24 31 0.0604
917 12 12 14 0.0601
817 121 27 32 0.0600
221 66 17 20 0.0596
701 11 11 13 0.0590
573 18 11 13 0.0586
520 18 9 12 0.0585
875 15 12 15 0.0583
131 63 13 16 0.0577
392 12 8 9 0.0574
383 10 8 10 0.0569
520 62 17 19 0.0566
821 34 14 17 0.0560
651 15 11 13 0.0559
385 49 14 17 0.0559
585 0 8 6 0.0558
517 38 13 15 0.0554
254 59 15 19 0.0552
315 33 12 14 0.0550
821 119 26 32 0.0550
474 16 9 10 0.0550
201 21 8 9 0.0541
399 25 11 13 0.0541
977 92 18 24 0.0540
112 51 13 15 0.0539
1004 83 19 33 0.0538
732 0 11 10 0.0532
249 60 16 19 0.0530
605 22 11 12 0.0527
801 76 20 25 0.0523
752 72 20 23 0.0523
413 210 38 50 0.0515
389 50 16 17 0.0514
873 14 12 14 0.0508
220 50 13 14 0.0500
605 53 15 19 0.0500
594 36 12 13 0.0499
953 46 16 19 0.0499
645 45 14 16 0.0497
734 0 10 8 0.0493
752 8 11 13 0.0491
496 3 8 9 0.0491
606 1 10 10 0.0489
448 94 24 30 0.0485
62 115 23 23 0.0485
817 74 27 30 0.0482
223 53 14 17 0.0480
324 57 15 19 0.0477
221 14 9 10 0.0476
174 60 17 20 0.0476
822 48 14 16 0.0471
324 7 7 8 0.0471
81 40 11 13 0.0471
486 41 11 14 0.0468
288 18 8 10 0.0466
130 23 9 10 0.0465
113 24 10 11 0.0465
415 17 10 11 0.0464
706 12 10 11 0.0454
650 15 12 14 0.0451
260 43 11 15 0.0446
442 18 9 11 0.0445
493 62 17 20 0.0444
545 40 14 16 0.0442
566 9 9 11 0.0441
335 39 12 15 0.0434
504 54 14 16 0.0434
847 16 11 14 0.0425
206 42 12 12 0.0419
687 0 9 9 0.0414
134 24 8 10 0.0413
620 17 11 13 0.0412
210 33 11 12 0.0412
823 49 16 19 0.0403
362 85 19 23 0.0401
646 41 13 16 0.0401
1014 88 10 39 0.0401
298 110 16 26 0.0399
903 62 17 21 0.0397
131 64 15 17 0.0395
871 8 9 11 0.0394
307 13 8 8 0.0393
907 124 30 39 0.0393
563 3 9 10 0.0389
514 0 10 9 0.0389
722 58 15 17 0.0388
155 61 14 16 0.0388
264 17 9 11 0.0388
224 195 41 52 0.0385
816 119 25 31 0.0384
949 57 19 23 0.0384
815 0 10 9 0.0383
386 10 9 10 0.0382
886 73 19 22 0.0378
366 59 16 19 0.0377
188 79 16 21 0.0375
270 74 21 26 0.0373
232 3 8 10 0.0372
438 35 12 15 0.0371
16 22 8 10 0.0367
811 0 10 9 0.0367
389 49 14 16 0.0365
673 21 10 12 0.0364
203 8 8 9 0.0362
658 0 11 9 0.0362
751 28 13 15 0.0361
101 77 17 20 0.0359
765 0 9 7 0.0359
456 55 14 17 0.0357
262 155 27 38 0.0356
344 9 9 10 0.0351
66 114 22 25 0.0347
420 224 60 78 0.0346
620 50 14 16 0.0342
914 12 12 14 0.0339
363 2 9 10 0.0337
901 15 12 15 0.0333
567 33 12 15 0.0332
218 14 9 10 0.0331
650 31 14 15 0.0331
710 12 9 10 0.0330
689 111 21 25 0.0330
835 3 10 12 0.0330
31 69 23 27 0.0329
568 83 14 18 0.0328
552 16 10 11 0.0324
294 28 11 11 0.0318
659 168 39 51 0.0315
839 3 9 11 0.0312
421 36 14 17 0.0312
606 37 12 14 0.0312
259 6 8 9 0.0311
466 37 13 14 0.0310
452 94 27 30 0.0309
3 43 11 14 0.0308
361 18 9 11 0.0307
63 33 11 12 0.0307
779 7 11 13 0.0305
236 204 41 50 0.0304
133 18 9 10 0.0304
868 9 9 11 0.0303
26 37 10 11 0.0303
696 81 21 24 0.0302
301 47 14 17 0.0298
0 120 14 28 0.0297
36 22 9 11 0.0296
1006 107 18 33 0.0294
362 0 9 10 0.0294
343 11 8 9 0.0292
805 87 18 24 0.0291
224 13 9 10 0.0288
462 56 16 18 0.0288
1010 39 14 22 0.0285
364 57 15 17 0.0284
2 40 8 13 0.0283
110 46 10 11 0.0281
436 35 14 17 0.0277
715 73 18 21 0.0275
162 26 10 10 0.0271
881 69 22 29 0.0270
20 23 8 9 0.0267
869 4 9 10 0.0267
76 41 10 11 0.0266
234 8 9 10 0.0266
561 88 19 22 0.0264
972 97 19 23 0.0263
758 29 13 15 0.0263
692 73 18 21 0.0257
2 8 9 12 0.0257
458 87 22 26 0.0257
566 83 17 21 0.0256
319 21 9 10 0.0256
414 213 41 55 0.0256
409 84 19 23 0.0256
448 0 8 7 0.0253
770 0 9 5 0.0253
613 39 12 15 0.0253
887 69 18 22 0.0252
699 102 24 29 0.0251
214 184 43 48 0.0249
699 0 8 5 0.0248
949 47 17 19 0.0247
897 24 16 20 0.0246
76 19 8 9 0.0246
184 81 17 21 0.0244
422 144 23 32 0.0244
264 12 8 9 0.0243
718 43 12 14 0.0242
259 151 29 41 0.0241
690 109 19 21 0.0240
646 33 13 15 0.0238
601 39 13 14 0.0237
996 81 22 31 0.0235
579 94 17 22 0.0235
669 48 14 17 0.0232
465 0 8 5 0.0231
665 162 31 34 0.0230
194 20 8 10 0.0230
519 0 9 9 0.0228
665 60 18 21 0.0227
159 43 12 13 0.0227
416 15 9 11 0.0226
157 20 9 11 0.0226
650 0 9 7 0.0224
283 33 11 13 0.0223
63 32 8 9 0.0221
368 62 17 19 0.0221
426 231 56 71 0.0221
552 15 10 12 0.0221
696 0 10 9 0.0220
220 198 44 53 0.0218
543 56 17 20 0.0214
728 0 10 6 0.0214
286 3 8 9 0.0213
27 42 10 13 0.0213
609 38 11 14 0.0213
671 9 10 11 0.0212
484 87 19 23 0.0210
417 210 41 50 0.0206
448 92 23 27 0.0205
425 136 22 27 0.0205
486 96 23 27 0.0204
437 230 55 73 0.0204
653 91 22 28 0.0202
556 2 9 10 0.0200
760 24 12 14 0.0200
867 2 9 11 0.0199
449 1 9 9 0.0199
366 0 8 9 0.0196
224 6 9 11 0.0190
673 50 16 19 0.0190
669 65 15 21 0.0189
446 0 8 5 0.0188
921 13 11 13 0.0188
672 167 27 37 0.0187
380 1 8 9 0.0187
247 1 7 8 0.0185
468 122 30 38 0.0184
230 3 8 9 0.0183
47 37 10 13 0.0182
131 9 9 10 0.0181
175 3 8 10 0.0179
487 60 17 20 0.0179
888 49 17 19 0.0179
231 85 18 23 0.0179
660 165 37 43 0.0179
866 91 25 32 0.0178
17 24 9 9 0.0178
116 9 7 9 0.0177
52 76 18 21 0.0177
103 21 9 11 0.0176
849 46 15 20 0.0176
719 10 10 12 0.0176
900 13 12 14 0.0174
590 57 18 22 0.0173
317 26 9 11 0.0173
499 171 31 27 0.0171
329 40 12 13 0.0171
417 233 51 65 0.0171
516 0 8 5 0.0171
248 4 7 9 0.0171
93 29 9 11 0.0166
494 84 19 23 0.0166
282 53 15 17 0.0166
419 35 13 17 0.0165
221 194 47 57 0.0164
195 59 13 15 0.0164
600 1 9 10 0.0161
364 91 20 28 0.0160
909 120 25 34 0.0160
824 10 11 14 0.0160
61 109 23 25 0.0160
338 61 13 16 0.0159
0 132 20 33 0.0158
6 9 10 12 0.0158
364 62 15 18 0.0158
60 123 27 27 0.0156
111 20 9 10 0.0156
416 224 40 55 0.0155
577 0 9 5 0.0154
947 73 21 27 0.0153
617 61 17 23 0.0152
107 78 15 18 0.0152
870 73 20 22 0.0152
466 37 12 15 0.0151
812 49 17 19 0.0151
446 0 8 7 0.0149
610 136 24 30 0.0148
294 6 8 9 0.0148
189 6 8 9 0.0148
339 64 17 19 0.0147
495 0 8 6 0.0147
517 63 18 21 0.0147
35 19 8 11 0.0146
252 153 34 46 0.0145
335 9 9 10 0.0144
728 0 10 7 0.0143
564 70 15 19 0.0143
521 18 9 10 0.0143
488 102 24 30 0.0143
5 10 10 11 0.0142
299 48 17 19 0.0141
621 24 12 14 0.0140
179 3 7 9 0.0140
747 58 17 19 0.0140
669 43 13 16 0.0139
498 171 36 36 0.0139
724 51 11 13 0.0139
600 0 9 6 0.0136
901 24 15 18 0.0134
9 59 16 21 0.0134
285 1 8 9 0.0133
1015 179 9 42 0.0133
162 67 20 22 0.0133
416 214 57 68 0.0131
342 0 9 8 0.0129
540 76 20 23 0.0128
41 11 8 9 0.0127
222 185 43 49 0.0127
442 113 25 29 0.0127
667 0 9 5 0.0126
792 42 16 16 0.0126
437 65 17 20 0.0126
551 111 27 27 0.0125
80 17 8 10 0.0125
288 160 25 35 0.0124
997 40 17 23 0.0124
214 65 17 19 0.0124
748 0 9 6 0.0123
879 59 17 20 0.0123
848 41 14 18 0.0122
626 0 9 7 0.0121
135 8 8 9 0.0119
273 159 24 33 0.0119
851 49 14 19 0.0118
153 8 8 9 0.0117
1014 14 10 21 0.0117
0 136 29 51 0.0116
49 10 7 8 0.0116
0 138 20 42 0.0116
106 82 16 21 0.0115
734 33 13 15 0.0115
986 83 18 24 0.0115
784 61 17 21 0.0115
875 13 11 13 0.0115
68 9 7 8 0.0114
251 3 7 8 0.0114
621 140 17 24 0.0114
289 1 8 9 0.0114
1006 36 16 22 0.0113
263 78 20 24 0.0113
601 85 23 26 0.0113
749 11 11 12 0.0112
235 0 8 6 0.0111
953 42 15 18 0.0109
421 1 8 8 0.0108
883 48 17 20 0.0108
549 16 11 12 0.0108
365 0 8 5 0.0108
443 36 12 14 0.0108
599 23 10 12 0.0107
925 54 19 25 0.0107
470 130 28 42 0.0106
85 65 17 20 0.0105
384 31 12 15 0.0105
821 64 19 22 0.0104
644 89 22 26 0.0102
412 212 45 56 0.0101
1011 35 12 18 0.0100
