2_Demonstration_Political_Rally_2_867
175
797 427 32 39 0.8560
67 519 46 47 0.8556
926 515 44 49 0.8511
649 497 30 38 0.8478
913 371 30 34 0.8340
171 505 37 50 0.7567
129 487 17 20 0.6892
822 401 23 28 0.6873
949 371 23 24 0.6539
882 577 80 91 0.6456
615 504 21 26 0.4872
617 503 21 27 0.4811
0 523 19 21 0.4758
72 454 16 18 0.4346
838 629 105 49 0.3972
855 381 13 15 0.3726
177 552 49 58 0.3533
795 370 10 12 0.3252
334 548 30 46 0.2879
191 384 10 12 0.2806
168 385 10 12 0.2789
853 381 12 15 0.2722
799 370 10 12 0.2536
0 522 16 18 0.2402
69 454 15 18 0.2140
821 360 11 14 0.2135
818 359 11 14 0.2100
882 361 13 16 0.1829
43 425 11 13 0.1790
864 360 12 14 0.1774
46 425 11 13 0.1766
833 368 11 12 0.1585
868 360 11 14 0.1582
876 577 87 91 0.1565
947 371 23 24 0.1535
119 404 8 10 0.1523
122 404 9 10 0.1456
170 385 10 13 0.1366
770 375 9 10 0.1337
784 369 9 11 0.1260
189 384 9 12 0.1238
769 358 9 11 0.1231
881 359 11 12 0.1022
333 548 27 45 0.1019
841 366 10 12 0.0975
53 419 11 14 0.0965
193 385 10 12 0.0962
165 439 15 22 0.0962
980 355 9 11 0.0924
0 418 8 12 0.0902
727 375 11 15 0.0894
742 375 10 11 0.0888
1014 388 10 24 0.0878
867 358 11 14 0.0825
723 375 12 15 0.0796
999 365 14 17 0.0784
984 355 8 11 0.0773
57 419 10 13 0.0746
97 393 9 10 0.0728
172 385 10 13 0.0722
43 423 11 13 0.0688
94 393 8 11 0.0669
864 358 10 14 0.0660
9 398 9 11 0.0658
772 358 8 11 0.0636
31 395 8 10 0.0610
766 375 9 10 0.0599
6 399 10 12 0.0553
11 399 10 11 0.0538
34 395 9 10 0.0535
80 399 9 12 0.0508
78 397 9 12 0.0499
156 401 9 11 0.0446
767 358 9 11 0.0438
740 372 10 13 0.0434
781 372 9 11 0.0408
771 359 9 11 0.0395
76 400 9 11 0.0381
201 389 9 12 0.0378
1017 392 7 28 0.0375
830 369 11 12 0.0373
770 373 10 12 0.0366
152 401 10 11 0.0362
797 371 10 12 0.0361
56 420 11 13 0.0341
172 440 13 20 0.0327
866 379 11 14 0.0318
114 390 8 8 0.0313
7 398 11 12 0.0308
834 370 11 11 0.0303
166 386 9 11 0.0296
132 487 17 20 0.0292
75 397 8 10 0.0286
823 360 10 12 0.0282
743 374 10 11 0.0282
177 553 49 57 0.0282
739 365 9 10 0.0269
725 374 12 15 0.0268
732 404 13 19 0.0262
5 396 8 12 0.0260
761 373 10 11 0.0259
80 398 9 11 0.0258
156 399 10 12 0.0251
154 398 9 12 0.0246
879 365 12 15 0.0239
26 505 13 15 0.0238
121 401 9 11 0.0231
730 427 13 18 0.0229
981 354 9 10 0.0223
3 521 17 18 0.0221
799 370 11 13 0.0220
1002 367 14 15 0.0219
852 636 96 42 0.0214
30 398 9 10 0.0211
1002 365 16 20 0.0210
839 364 9 11 0.0208
331 546 25 45 0.0204
375 496 25 29 0.0204
495 458 61 80 0.0202
85 401 10 12 0.0200
32 396 9 11 0.0199
887 362 13 15 0.0198
121 520 15 21 0.0194
117 403 9 10 0.0193
159 438 15 22 0.0190
847 629 90 48 0.0189
2 418 9 13 0.0187
144 381 10 12 0.0183
118 402 8 10 0.0183
165 442 19 25 0.0183
0 597 11 65 0.0179
886 359 10 12 0.0178
816 361 10 12 0.0174
178 419 11 13 0.0172
736 403 14 20 0.0169
161 439 16 25 0.0168
196 385 9 13 0.0168
53 396 8 9 0.0164
729 386 11 14 0.0164
116 403 9 10 0.0160
3 524 21 23 0.0159
819 401 24 29 0.0158
56 398 9 10 0.0155
125 523 18 20 0.0153
994 363 12 16 0.0152
726 372 11 13 0.0150
111 513 20 27 0.0148
56 399 8 10 0.0148
97 391 8 10 0.0146
1007 389 17 28 0.0145
0 591 7 65 0.0145
93 392 8 9 0.0140
1014 344 8 10 0.0139
954 350 10 11 0.0139
1 521 21 23 0.0133
956 351 9 10 0.0128
330 541 21 40 0.0128
772 358 8 9 0.0122
729 354 9 10 0.0122
75 458 15 17 0.0121
1009 345 10 11 0.0120
26 420 11 13 0.0118
177 553 50 57 0.0116
36 395 8 10 0.0116
152 399 9 10 0.0114
176 428 14 19 0.0114
58 422 10 12 0.0113
723 372 11 14 0.0113
853 377 12 14 0.0113
175 418 10 13 0.0112
188 383 9 11 0.0111
372 498 23 27 0.0109
113 507 16 23 0.0107
818 391 17 23 0.0101
881 358 10 11 0.0100
