2_Demonstration_Demonstration_Or_Protest_2_512
305
146 293 47 51 0.8726
402 239 25 30 0.8491
953 311 40 46 0.8366
101 347 58 68 0.7549
968 376 56 79 0.6823
227 289 30 38 0.6344
632 259 20 24 0.5022
939 280 23 28 0.4444
4 230 22 27 0.4010
918 196 12 14 0.3900
538 239 14 19 0.3888
915 196 12 14 0.3733
536 239 13 19 0.3577
549 226 11 14 0.3575
596 236 14 17 0.3360
991 206 11 14 0.3323
630 260 17 22 0.3219
639 244 14 15 0.3047
92 295 36 41 0.2892
994 207 11 12 0.2803
48 205 17 20 0.2738
637 302 18 45 0.2716
593 236 13 17 0.2643
718 303 24 53 0.2329
177 219 16 18 0.2329
856 260 16 20 0.2257
878 345 32 47 0.2247
471 230 11 12 0.1932
516 268 23 38 0.1926
593 285 16 30 0.1904
638 303 21 45 0.1804
990 271 14 18 0.1802
712 222 10 11 0.1713
968 376 56 78 0.1692
547 226 11 14 0.1683
715 222 10 11 0.1665
993 271 14 18 0.1617
935 280 23 29 0.1571
973 271 13 17 0.1489
948 214 12 14 0.1474
656 242 11 12 0.1379
84 240 24 30 0.1365
269 244 19 24 0.1358
919 259 16 20 0.1281
515 271 20 36 0.1275
516 270 26 38 0.1272
1 231 21 26 0.1242
674 283 23 46 0.1224
473 230 10 13 0.1219
469 229 10 13 0.1215
630 236 11 12 0.1171
931 262 15 18 0.1089
655 244 15 17 0.1088
469 231 11 13 0.1081
594 284 17 30 0.1055
595 286 18 29 0.1027
636 244 12 15 0.1025
997 304 24 35 0.0995
513 268 19 39 0.0981
659 241 11 13 0.0953
718 305 28 51 0.0944
953 282 16 24 0.0937
674 281 22 43 0.0904
770 250 13 15 0.0884
949 201 13 14 0.0861
738 256 15 21 0.0850
828 243 12 15 0.0831
144 248 25 27 0.0803
824 243 12 16 0.0768
1014 276 10 15 0.0747
658 250 17 19 0.0746
881 346 32 44 0.0743
354 244 18 22 0.0724
948 312 28 38 0.0710
972 221 11 14 0.0697
243 237 15 18 0.0694
840 272 18 23 0.0677
719 245 14 17 0.0672
867 302 16 25 0.0667
778 235 11 13 0.0656
690 238 11 13 0.0621
661 253 17 19 0.0614
856 221 13 15 0.0611
274 245 17 23 0.0579
293 249 13 18 0.0579
912 259 16 19 0.0577
688 237 10 13 0.0561
638 243 12 14 0.0554
734 225 9 10 0.0550
826 225 8 9 0.0531
501 241 15 24 0.0524
801 226 9 10 0.0523
738 225 8 10 0.0511
212 236 15 18 0.0487
356 239 13 17 0.0478
866 300 16 25 0.0476
828 242 10 13 0.0474
1007 208 9 11 0.0469
804 226 9 10 0.0468
990 206 10 12 0.0460
1002 307 21 32 0.0445
829 225 8 9 0.0442
775 235 11 12 0.0441
1005 310 19 34 0.0430
734 256 15 20 0.0425
954 199 12 14 0.0422
215 227 14 15 0.0415
499 238 10 16 0.0410
720 199 7 9 0.0409
974 204 10 11 0.0401
970 222 10 13 0.0396
624 221 10 11 0.0394
993 205 11 13 0.0391
746 235 10 14 0.0386
505 243 17 25 0.0381
996 307 27 39 0.0380
591 283 16 32 0.0378
824 242 10 13 0.0372
621 221 10 12 0.0372
206 234 17 21 0.0368
750 240 10 14 0.0364
953 203 11 13 0.0358
349 218 12 15 0.0352
350 215 10 13 0.0342
955 279 13 17 0.0338
243 240 15 20 0.0333
977 205 10 12 0.0332
143 249 29 33 0.0330
546 227 12 15 0.0326
786 250 10 15 0.0325
751 243 11 14 0.0324
492 220 8 10 0.0323
514 223 11 12 0.0322
206 241 17 24 0.0320
811 213 8 9 0.0319
947 312 20 29 0.0317
571 222 9 10 0.0314
815 212 7 9 0.0312
951 213 11 14 0.0308
297 208 11 13 0.0301
945 277 21 27 0.0298
1013 182 10 14 0.0298
843 220 9 11 0.0295
241 210 19 22 0.0287
659 254 14 18 0.0286
497 238 9 14 0.0284
483 214 8 8 0.0278
950 217 11 12 0.0274
855 265 18 22 0.0272
677 287 22 44 0.0268
179 208 15 16 0.0266
754 214 9 9 0.0264
251 235 13 18 0.0263
723 244 12 15 0.0262
354 215 10 12 0.0260
718 199 7 9 0.0258
480 213 8 9 0.0257
706 236 11 13 0.0256
863 304 15 24 0.0255
49 203 14 16 0.0253
86 235 21 29 0.0250
495 220 8 10 0.0246
304 230 14 17 0.0241
92 241 19 28 0.0237
627 236 10 12 0.0234
446 220 11 14 0.0234
211 242 15 21 0.0233
970 268 12 16 0.0233
739 204 8 8 0.0232
139 249 30 34 0.0232
946 213 11 13 0.0229
683 212 8 10 0.0229
925 264 16 19 0.0229
628 236 9 12 0.0228
1007 259 13 17 0.0227
52 203 17 20 0.0226
243 216 17 18 0.0226
737 231 10 12 0.0224
43 205 18 20 0.0224
1010 274 13 19 0.0222
317 206 12 13 0.0221
964 267 12 14 0.0219
722 199 7 9 0.0215
959 193 10 11 0.0211
115 223 14 18 0.0209
621 247 12 16 0.0207
371 200 9 10 0.0203
777 251 13 15 0.0203
854 261 12 18 0.0202
900 270 15 19 0.0201
295 250 15 21 0.0200
904 269 15 18 0.0200
931 304 22 31 0.0195
8 208 15 18 0.0194
769 264 13 16 0.0193
318 204 9 11 0.0191
692 227 10 11 0.0189
835 202 10 11 0.0189
686 212 7 9 0.0188
23 195 12 16 0.0188
301 209 10 12 0.0184
992 267 14 17 0.0182
842 216 10 12 0.0181
12 202 10 11 0.0181
173 220 14 15 0.0181
999 301 24 39 0.0180
793 237 11 12 0.0179
748 232 10 12 0.0179
352 218 12 14 0.0179
468 229 12 14 0.0178
1009 184 11 13 0.0177
349 244 18 20 0.0176
776 235 11 12 0.0176
315 241 20 25 0.0175
974 273 17 20 0.0174
198 227 11 14 0.0172
853 257 15 20 0.0171
667 223 11 13 0.0170
196 230 15 21 0.0169
1005 258 13 17 0.0169
350 237 13 17 0.0169
803 219 8 10 0.0168
802 227 10 11 0.0167
1017 278 7 18 0.0167
54 206 14 18 0.0164
387 219 12 17 0.0164
496 241 12 21 0.0163
354 245 23 30 0.0162
280 227 15 18 0.0162
836 215 10 12 0.0161
977 186 11 13 0.0161
451 196 10 13 0.0160
843 203 11 12 0.0159
446 217 9 12 0.0157
827 227 9 10 0.0156
23 191 10 12 0.0155
772 250 13 16 0.0155
713 221 9 10 0.0155
298 249 15 19 0.0152
97 293 34 38 0.0151
289 247 14 21 0.0149
655 213 8 9 0.0149
316 234 19 24 0.0148
140 247 25 27 0.0147
368 201 8 10 0.0146
303 226 14 17 0.0145
720 243 12 14 0.0145
980 185 12 13 0.0144
931 308 24 33 0.0142
624 219 8 10 0.0142
209 231 16 19 0.0142
225 288 31 40 0.0141
358 245 19 24 0.0140
987 277 18 22 0.0140
693 236 10 12 0.0139
297 205 9 11 0.0139
934 276 17 20 0.0139
925 258 16 20 0.0138
768 204 8 8 0.0134
6 202 11 12 0.0133
752 228 9 11 0.0132
854 224 12 14 0.0130
773 233 9 11 0.0130
3 207 15 19 0.0128
810 250 13 17 0.0126
869 300 20 28 0.0126
292 209 9 12 0.0126
496 235 9 13 0.0124
956 194 9 11 0.0124
551 226 12 16 0.0124
95 235 16 23 0.0123
636 234 10 11 0.0123
720 201 8 8 0.0123
362 244 15 21 0.0121
1013 205 8 12 0.0120
81 242 27 37 0.0119
399 206 10 12 0.0119
711 221 8 9 0.0119
998 301 19 26 0.0117
672 286 23 45 0.0116
627 257 14 19 0.0115
272 230 13 16 0.0113
776 234 10 11 0.0113
269 247 21 26 0.0113
690 242 13 16 0.0112
533 239 13 17 0.0111
458 214 10 12 0.0111
201 250 18 26 0.0110
753 213 8 9 0.0109
316 204 8 11 0.0107
494 219 7 9 0.0107
515 226 11 13 0.0106
1013 179 9 12 0.0106
733 219 9 10 0.0105
718 198 7 8 0.0105
672 224 11 13 0.0105
268 236 18 24 0.0105
6 203 16 19 0.0104
720 249 15 18 0.0103
619 208 7 7 0.0103
969 248 10 12 0.0102
366 208 10 12 0.0102
837 273 17 21 0.0101
598 214 10 11 0.0100
427 211 9 11 0.0100
