2_Demonstration_Protesters_2_561
290
138 312 18 22 0.8160
789 455 19 24 0.8129
738 514 20 23 0.8001
498 322 19 22 0.7917
443 461 20 22 0.7905
766 388 17 20 0.7895
781 410 16 23 0.7890
753 441 17 23 0.7857
495 483 20 21 0.7813
678 426 20 25 0.7772
622 440 17 22 0.7737
717 466 18 23 0.7640
25 378 18 21 0.7623
177 392 19 23 0.7616
545 303 19 22 0.7580
941 504 19 22 0.7537
199 82 18 21 0.7503
801 491 17 21 0.7461
767 525 18 21 0.7441
289 439 17 21 0.7411
576 413 19 24 0.7337
379 402 16 23 0.7213
858 312 17 23 0.7193
462 378 16 23 0.7171
38 410 18 22 0.7151
23 301 16 19 0.7118
433 437 16 19 0.7028
641 377 18 23 0.6981
256 388 15 21 0.6828
103 428 17 22 0.6732
215 259 14 19 0.6722
73 263 16 23 0.6698
19 324 17 21 0.6697
847 411 16 21 0.6669
180 307 15 21 0.6668
14 257 17 22 0.6578
865 604 16 25 0.6491
647 422 15 22 0.6448
863 494 19 25 0.6412
930 234 17 24 0.6365
104 384 17 22 0.6361
723 409 17 21 0.6342
895 659 14 22 0.6306
813 262 17 21 0.6296
114 198 14 19 0.6292
641 219 18 24 0.6292
745 233 17 22 0.6258
870 640 18 21 0.6254
645 470 17 23 0.6163
406 302 16 18 0.6136
582 459 20 22 0.6090
543 493 19 21 0.6081
710 238 17 22 0.6043
732 367 15 20 0.6011
307 406 15 21 0.5979
836 449 13 22 0.5901
338 444 17 23 0.5895
161 422 17 23 0.5871
425 368 16 21 0.5865
578 383 17 23 0.5809
900 519 20 23 0.5729
289 90 16 22 0.5630
391 254 15 21 0.5536
130 213 17 21 0.5460
489 135 17 23 0.5410
534 131 17 22 0.5381
117 359 18 18 0.5348
187 358 18 21 0.5299
596 497 20 21 0.5208
823 425 16 22 0.5189
297 336 17 22 0.5183
235 290 18 22 0.5164
698 418 15 19 0.5139
98 290 15 21 0.5128
771 226 17 20 0.5125
852 352 16 23 0.5122
445 138 17 23 0.5048
260 235 16 19 0.5008
952 651 18 26 0.5001
400 130 17 20 0.4902
443 137 16 23 0.4881
234 290 17 22 0.4873
438 285 17 22 0.4838
598 497 19 21 0.4784
287 317 17 21 0.4777
552 139 18 23 0.4747
478 303 16 20 0.4724
230 463 17 16 0.4665
664 498 17 21 0.4656
285 317 16 21 0.4643
91 314 20 26 0.4628
773 226 17 20 0.4622
950 651 18 25 0.4606
204 226 14 18 0.4565
661 498 18 21 0.4546
886 189 17 24 0.4518
480 303 16 20 0.4394
215 326 13 19 0.4336
864 494 19 26 0.4277
262 235 17 19 0.4240
849 531 19 23 0.4236
97 222 14 19 0.4097
291 254 15 20 0.4076
953 533 16 24 0.4022
299 336 18 22 0.4004
994 461 15 20 0.3794
212 444 15 21 0.3784
708 238 18 22 0.3780
92 314 20 25 0.3773
402 131 17 19 0.3765
584 459 19 22 0.3731
318 85 16 24 0.3706
847 532 18 22 0.3694
440 285 17 23 0.3644
333 108 16 19 0.3638
94 222 14 20 0.3600
541 493 18 21 0.3563
889 189 17 24 0.3512
911 471 13 19 0.3404
825 425 16 22 0.3347
491 136 18 22 0.3204
696 418 14 21 0.3202
159 422 16 23 0.3179
294 256 16 20 0.3177
226 345 13 18 0.3176
935 478 15 20 0.3164
551 138 18 22 0.3128
898 518 19 23 0.3098
236 370 15 20 0.3089
209 444 15 20 0.3069
0 330 5 22 0.3063
833 395 16 20 0.3039
0 331 8 23 0.3030
132 213 18 21 0.3005
394 254 15 21 0.2977
228 346 13 18 0.2868
320 87 17 23 0.2819
747 233 17 22 0.2803
286 89 16 23 0.2803
427 367 16 22 0.2803
811 262 16 21 0.2736
227 459 17 19 0.2666
107 384 17 22 0.2665
185 358 17 20 0.2656
991 461 14 20 0.2638
838 449 14 22 0.2606
950 533 17 23 0.2524
834 398 17 19 0.2455
735 368 15 19 0.2408
17 324 17 21 0.2401
238 372 15 19 0.2390
532 128 17 20 0.2287
581 383 17 23 0.2274
553 138 19 23 0.2274
644 219 17 24 0.2238
236 372 13 19 0.2008
849 412 17 21 0.1968
815 404 16 20 0.1906
106 428 16 22 0.1902
854 357 18 25 0.1862
337 444 16 22 0.1831
912 473 14 20 0.1794
324 388 13 18 0.1720
465 378 16 23 0.1677
644 378 17 22 0.1664
721 409 16 21 0.1617
869 638 16 23 0.1526
992 460 15 21 0.1507
863 604 15 25 0.1409
17 257 17 22 0.1313
75 213 13 18 0.1305
213 326 12 18 0.1302
940 479 14 20 0.1259
315 308 17 21 0.1243
579 413 18 24 0.1212
862 312 16 23 0.1100
791 612 15 17 0.1047
116 357 17 19 0.1046
646 368 17 21 0.0997
914 470 14 20 0.0992
836 395 17 20 0.0990
40 363 15 17 0.0980
646 423 14 21 0.0959
120 359 18 19 0.0938
139 272 15 23 0.0928
119 356 17 20 0.0884
326 388 15 18 0.0878
112 198 12 19 0.0876
954 490 16 17 0.0870
76 265 16 22 0.0801
927 234 15 23 0.0784
310 406 14 21 0.0708
225 346 13 18 0.0675
888 189 16 24 0.0659
337 108 16 19 0.0657
178 307 14 20 0.0648
311 406 14 20 0.0624
29 378 17 21 0.0612
234 370 13 19 0.0593
681 427 19 24 0.0592
259 388 16 21 0.0572
431 436 15 18 0.0543
812 404 15 20 0.0529
311 309 16 20 0.0500
774 335 13 18 0.0484
341 302 16 21 0.0482
42 410 16 22 0.0474
325 90 17 21 0.0464
135 261 15 21 0.0464
314 305 17 22 0.0429
777 335 13 18 0.0407
332 301 14 21 0.0403
851 352 14 22 0.0400
644 470 16 23 0.0394
1013 66 11 18 0.0393
970 78 19 20 0.0373
953 488 14 17 0.0347
967 73 20 22 0.0334
97 290 13 19 0.0322
90 314 20 26 0.0316
899 659 14 22 0.0309
614 426 15 20 0.0301
93 315 20 25 0.0296
1009 60 15 22 0.0294
1014 505 10 25 0.0291
184 358 18 21 0.0284
816 399 14 16 0.0276
580 381 16 24 0.0274
851 521 19 22 0.0261
213 435 16 19 0.0257
874 640 18 22 0.0254
976 113 27 29 0.0243
793 614 16 18 0.0239
393 327 16 21 0.0228
797 336 14 19 0.0228
78 215 14 18 0.0225
816 410 16 23 0.0221
184 307 14 21 0.0220
287 439 17 21 0.0218
214 259 12 19 0.0216
641 370 15 22 0.0214
323 85 17 24 0.0210
460 548 14 20 0.0206
812 409 15 22 0.0204
695 419 15 21 0.0201
1017 509 7 27 0.0199
802 336 16 21 0.0194
130 258 13 19 0.0181
166 220 15 18 0.0176
522 486 12 14 0.0176
955 534 16 23 0.0173
987 491 15 19 0.0172
644 470 17 24 0.0172
930 476 14 20 0.0171
208 226 13 18 0.0168
316 87 15 23 0.0166
830 645 13 17 0.0165
378 402 14 22 0.0165
577 381 16 23 0.0159
915 473 14 20 0.0157
38 358 15 18 0.0156
538 135 17 21 0.0154
848 535 17 20 0.0150
118 198 15 20 0.0147
44 362 14 19 0.0143
988 531 14 21 0.0142
998 449 14 16 0.0142
555 139 18 23 0.0142
212 323 14 19 0.0136
321 381 15 21 0.0132
827 397 16 20 0.0129
967 63 15 18 0.0128
800 328 16 21 0.0126
354 131 17 23 0.0126
100 294 17 22 0.0125
536 139 16 19 0.0122
964 62 14 17 0.0121
334 109 18 21 0.0118
784 410 17 23 0.0116
775 332 13 19 0.0115
933 474 13 19 0.0115
165 218 13 16 0.0112
796 328 15 21 0.0111
163 219 14 18 0.0106
282 399 15 20 0.0106
800 490 15 22 0.0104
524 487 13 15 0.0104
1016 524 8 25 0.0103
970 87 21 24 0.0102
396 334 17 21 0.0101
