2_Demonstration_Political_Rally_2_406
36
621 628 138 140 0.8922
559 613 39 49 0.8699
266 594 93 116 0.8666
506 695 60 73 0.8631
805 632 178 136 0.8506
491 580 23 30 0.8363
125 588 24 30 0.8323
251 546 21 26 0.8218
253 609 32 50 0.8157
387 624 37 51 0.7975
139 559 23 27 0.7865
70 554 21 24 0.7767
779 593 33 44 0.7057
210 627 24 25 0.6722
327 545 17 27 0.6516
745 336 14 17 0.4063
687 548 20 23 0.3317
0 584 20 28 0.3078
748 336 14 17 0.2772
9 669 60 97 0.2409
747 336 14 17 0.1619
325 545 16 27 0.1208
808 360 9 11 0.1084
687 549 22 26 0.0851
806 360 9 11 0.0792
2 583 21 28 0.0791
811 361 9 11 0.0718
0 585 21 31 0.0442
31 673 37 59 0.0296
810 363 9 10 0.0242
207 628 24 24 0.0209
27 670 41 67 0.0178
29 672 41 78 0.0174
806 362 9 11 0.0140
218 623 22 28 0.0136
23 668 47 90 0.0130
