2_Demonstration_Political_Rally_2_741
27
575 480 41 57 0.8517
123 498 31 55 0.6709
124 497 31 56 0.3351
207 478 23 34 0.2928
739 476 15 23 0.2406
204 477 24 36 0.1784
669 433 13 16 0.1184
673 433 12 16 0.0813
736 477 13 21 0.0730
644 442 9 11 0.0603
657 441 10 13 0.0432
738 475 14 23 0.0383
642 441 8 11 0.0365
535 440 12 14 0.0243
531 441 12 13 0.0237
657 439 10 12 0.0224
660 441 11 13 0.0223
534 438 12 15 0.0202
625 444 8 11 0.0200
768 473 12 16 0.0187
645 441 9 12 0.0166
530 440 11 12 0.0133
621 444 9 12 0.0123
251 418 14 18 0.0117
354 448 14 19 0.0111
246 418 15 17 0.0105
670 435 13 16 0.0100
