2_Demonstration_Demonstration_Or_Protest_2_578
258
570 308 25 30 0.8216
668 297 28 30 0.8194
148 323 20 26 0.8172
941 323 27 33 0.8161
255 332 22 29 0.8130
853 337 29 32 0.8068
70 308 21 27 0.8038
502 304 25 29 0.7979
781 348 25 29 0.7842
324 320 23 30 0.7841
0 310 21 26 0.7659
982 231 16 20 0.7388
882 248 16 20 0.7372
213 356 20 23 0.7231
960 224 16 19 0.5868
578 278 18 22 0.5770
425 307 22 27 0.5649
231 274 12 16 0.5527
496 257 14 19 0.5099
751 253 15 18 0.4565
423 307 22 27 0.4376
385 251 14 20 0.4332
810 231 15 19 0.4290
813 231 15 19 0.4249
585 251 14 17 0.4175
907 225 12 14 0.4114
296 222 9 11 0.4091
748 253 14 18 0.3963
699 248 15 18 0.3931
93 269 11 14 0.3837
615 222 10 13 0.3694
814 210 10 13 0.3564
612 222 10 13 0.3517
382 251 14 20 0.3408
581 278 17 21 0.3373
302 249 11 13 0.3362
705 212 10 13 0.3249
703 211 10 13 0.3164
550 221 9 11 0.3138
547 221 9 11 0.3100
905 225 11 14 0.3032
306 249 11 13 0.3031
576 217 10 12 0.3013
284 223 8 10 0.2980
96 269 11 14 0.2892
805 203 8 10 0.2839
696 247 15 18 0.2831
802 203 8 10 0.2797
573 217 10 12 0.2790
811 210 10 12 0.2713
665 189 7 9 0.2649
280 223 9 10 0.2586
587 252 14 17 0.2544
963 224 15 20 0.2504
707 212 10 12 0.2498
667 189 8 9 0.2421
316 221 8 11 0.2367
550 197 7 9 0.2070
542 206 7 9 0.1943
319 221 9 11 0.1900
547 197 7 9 0.1754
886 208 8 11 0.1727
574 216 11 12 0.1664
882 208 9 11 0.1656
293 222 9 11 0.1604
233 274 12 16 0.1584
561 189 6 8 0.1574
580 172 6 8 0.1564
180 248 10 13 0.1490
656 210 9 11 0.1473
733 184 8 9 0.1456
558 189 6 8 0.1455
583 172 6 8 0.1454
668 189 8 10 0.1305
493 257 15 20 0.1153
562 189 7 8 0.1137
49 302 14 22 0.1121
526 199 7 9 0.1105
617 221 10 13 0.1036
736 184 7 9 0.1015
169 238 8 10 0.1011
701 252 14 16 0.1007
673 203 8 10 0.0977
672 202 8 10 0.0965
670 203 8 11 0.0953
629 206 8 10 0.0922
653 210 8 11 0.0888
166 238 8 10 0.0888
185 249 8 12 0.0782
802 204 9 10 0.0762
771 193 8 9 0.0747
731 184 7 9 0.0736
523 189 7 9 0.0714
47 302 13 20 0.0670
488 188 8 10 0.0666
318 220 8 9 0.0639
665 190 8 10 0.0597
520 189 7 9 0.0588
573 216 9 12 0.0579
495 279 14 17 0.0569
769 193 7 8 0.0559
887 208 9 11 0.0525
748 186 7 9 0.0520
528 200 7 9 0.0488
768 194 8 9 0.0483
467 290 19 26 0.0476
43 303 15 21 0.0474
1018 195 6 13 0.0463
318 227 8 9 0.0461
669 188 8 10 0.0454
547 197 7 8 0.0441
819 193 8 9 0.0440
547 195 6 8 0.0434
8 206 10 11 0.0434
595 171 6 8 0.0415
629 190 8 9 0.0407
491 188 7 10 0.0407
294 223 8 10 0.0403
501 258 11 16 0.0402
486 188 8 10 0.0393
708 176 6 7 0.0392
631 185 8 10 0.0392
314 227 9 10 0.0389
629 182 9 11 0.0384
316 221 8 9 0.0383
731 183 7 9 0.0381
995 196 8 9 0.0381
388 251 11 17 0.0379
999 196 7 9 0.0379
668 188 7 9 0.0372
490 189 7 9 0.0366
554 168 7 8 0.0363
462 289 19 26 0.0362
579 171 6 8 0.0359
520 198 8 10 0.0351
629 180 7 8 0.0342
77 256 12 15 0.0342
547 220 9 11 0.0339
697 252 14 17 0.0338
773 194 8 10 0.0337
315 219 8 11 0.0335
5 205 9 13 0.0325
883 207 8 10 0.0320
746 189 7 10 0.0318
518 201 7 8 0.0311
229 275 12 15 0.0304
627 182 8 11 0.0300
578 173 7 8 0.0299
1018 202 6 15 0.0297
817 193 8 9 0.0293
712 176 7 7 0.0286
772 192 7 9 0.0282
732 185 7 9 0.0280
743 214 8 11 0.0280
748 187 7 9 0.0274
183 246 9 11 0.0269
552 167 7 8 0.0265
166 239 9 10 0.0263
583 171 6 7 0.0262
490 279 15 18 0.0253
655 257 11 16 0.0251
740 214 9 11 0.0251
652 212 9 10 0.0247
563 188 7 8 0.0242
522 193 8 10 0.0239
959 206 12 13 0.0238
471 330 16 20 0.0236
594 172 7 8 0.0229
768 136 7 8 0.0229
771 136 7 8 0.0226
495 273 14 18 0.0221
710 177 7 8 0.0219
628 188 9 10 0.0216
329 252 8 11 0.0212
279 221 8 10 0.0211
584 251 12 16 0.0211
773 192 7 9 0.0208
736 184 7 8 0.0204
585 253 13 17 0.0203
457 244 12 19 0.0203
758 234 10 14 0.0203
882 210 10 12 0.0197
489 276 15 17 0.0196
467 324 19 25 0.0195
765 248 11 15 0.0192
552 168 6 8 0.0192
577 172 6 8 0.0189
548 220 9 10 0.0188
491 188 7 10 0.0185
360 267 12 16 0.0182
744 216 9 11 0.0180
361 253 11 13 0.0176
165 240 9 10 0.0174
997 195 8 9 0.0173
745 215 9 11 0.0172
767 146 6 8 0.0171
282 222 8 10 0.0170
400 249 10 15 0.0169
75 254 12 13 0.0168
814 193 8 10 0.0165
170 239 9 12 0.0165
770 147 7 8 0.0165
741 216 9 12 0.0163
528 166 6 7 0.0161
487 190 8 9 0.0157
171 238 9 12 0.0156
736 187 8 10 0.0155
456 214 8 9 0.0153
331 254 8 11 0.0152
458 325 13 17 0.0151
468 287 18 25 0.0151
827 233 11 14 0.0151
398 233 10 15 0.0151
632 181 6 8 0.0149
618 221 9 12 0.0148
452 214 8 10 0.0145
533 167 6 8 0.0144
971 179 8 9 0.0143
183 252 9 11 0.0139
762 235 10 13 0.0137
572 217 10 12 0.0135
493 191 7 9 0.0134
626 179 7 8 0.0133
43 301 13 19 0.0131
614 163 6 7 0.0129
308 248 10 12 0.0129
1017 192 7 11 0.0128
837 182 8 8 0.0127
436 226 9 12 0.0127
627 202 8 10 0.0124
184 245 9 11 0.0124
580 150 7 8 0.0123
532 166 6 7 0.0122
698 244 13 16 0.0121
747 228 12 14 0.0121
964 191 8 9 0.0117
464 288 19 25 0.0117
37 282 13 18 0.0117
530 167 6 7 0.0116
821 194 7 10 0.0116
454 325 12 16 0.0115
454 245 11 17 0.0115
479 290 14 21 0.0113
887 206 8 11 0.0113
459 287 17 25 0.0112
610 163 7 8 0.0111
557 167 6 8 0.0110
389 253 12 17 0.0108
972 181 8 9 0.0108
327 254 8 11 0.0107
510 218 9 12 0.0106
452 216 8 10 0.0106
749 173 7 8 0.0106
583 151 7 7 0.0104
363 264 13 16 0.0104
671 209 9 10 0.0101
308 252 10 10 0.0101
749 227 11 14 0.0100
