2_Demonstration_Political_Rally_2_960
22
207 203 143 184 0.8761
0 247 65 129 0.8651
706 242 66 78 0.8282
111 266 51 67 0.8006
579 775 48 65 0.7886
540 287 55 60 0.7266
590 310 24 31 0.6354
396 275 56 65 0.4159
628 318 29 33 0.4066
396 276 56 64 0.3350
911 311 67 74 0.2915
586 309 26 34 0.0686
706 242 66 78 0.0635
920 312 57 61 0.0491
541 285 55 61 0.0454
470 323 13 15 0.0246
470 325 16 19 0.0193
99 310 22 28 0.0177
463 324 19 22 0.0176
604 317 16 22 0.0129
585 305 22 31 0.0106
384 299 32 45 0.0104
