2_Demonstration_Protesters_2_174
23
658 55 117 151 0.8705
445 274 33 42 0.8297
44 363 43 55 0.8294
508 182 59 70 0.8166
994 198 28 29 0.7779
591 251 46 74 0.5749
239 246 60 65 0.4083
591 252 45 74 0.3808
19 440 21 27 0.3704
1 470 17 22 0.1832
2 469 19 24 0.1662
4 470 18 23 0.1371
16 441 18 25 0.1143
5 470 19 24 0.0900
22 443 20 26 0.0606
26 438 24 28 0.0480
14 446 19 24 0.0350
591 251 46 74 0.0221
22 440 23 28 0.0196
2 467 21 27 0.0160
1 453 13 18 0.0153
29 443 23 26 0.0114
292 236 30 47 0.0108
