2_Demonstration_Demonstration_Or_Protest_2_816
69
679 202 43 53 0.8923
862 169 41 55 0.8870
721 1 40 52 0.8768
94 66 39 45 0.8743
13 170 42 49 0.8676
140 284 50 61 0.8632
496 158 39 48 0.8616
815 79 40 49 0.8614
302 149 41 47 0.8573
181 199 46 53 0.8571
349 269 47 63 0.8459
574 122 42 50 0.8421
793 227 39 47 0.8413
779 278 50 62 0.8396
681 68 35 44 0.8386
317 209 41 49 0.8379
306 0 41 40 0.8356
218 258 46 63 0.8299
434 196 33 52 0.8267
451 63 34 50 0.8173
0 34 20 55 0.8156
881 0 32 36 0.8094
632 172 34 48 0.8062
640 13 37 43 0.7974
972 145 39 47 0.7932
1004 79 20 56 0.7897
108 0 34 23 0.7889
357 395 47 61 0.7863
459 217 48 60 0.7561
159 0 41 28 0.7108
186 161 37 43 0.6871
485 1 34 31 0.6512
355 1 32 33 0.5803
607 227 46 62 0.5194
639 145 39 39 0.4351
978 86 32 47 0.2217
0 0 23 18 0.2182
50 0 41 24 0.1847
0 126 6 48 0.1723
0 128 10 48 0.1416
357 394 47 62 0.0919
1 0 29 16 0.0803
643 145 40 44 0.0793
638 146 41 43 0.0737
1 0 22 23 0.0686
389 0 26 14 0.0599
1014 0 10 31 0.0491
847 26 29 30 0.0490
989 439 35 53 0.0349
169 178 40 46 0.0254
843 26 28 31 0.0234
0 0 28 17 0.0229
879 87 34 39 0.0211
351 1 33 29 0.0208
876 88 36 39 0.0203
349 268 47 64 0.0185
389 0 27 24 0.0181
218 258 46 62 0.0171
1013 0 11 19 0.0171
0 123 13 56 0.0169
970 86 33 46 0.0139
1 0 33 25 0.0138
0 0 22 12 0.0138
159 0 38 27 0.0129
778 278 50 62 0.0125
606 226 47 62 0.0121
1009 0 15 4 0.0118
0 117 4 49 0.0112
977 88 35 47 0.0109
