2_Demonstration_Demonstrators_2_196
996
37 733 11 15 0.4537
254 716 10 13 0.4101
153 718 11 13 0.4051
442 612 9 10 0.3902
476 643 9 12 0.3570
280 580 10 12 0.3462
761 734 10 13 0.3456
748 636 9 11 0.3405
251 716 10 13 0.3401
882 536 8 10 0.3353
348 724 10 14 0.3342
212 694 10 12 0.3339
209 694 10 12 0.3315
89 716 10 13 0.3307
446 611 8 11 0.3300
637 669 10 14 0.3300
584 553 8 11 0.3300
351 725 9 13 0.3289
416 612 8 11 0.3287
0 703 7 13 0.3262
413 612 8 11 0.3246
587 553 8 11 0.3235
931 630 9 11 0.3159
345 509 8 10 0.3135
835 510 7 9 0.3126
373 712 10 13 0.3107
179 481 7 9 0.3075
282 469 8 9 0.3067
479 643 9 12 0.3026
470 471 7 9 0.3012
277 580 9 12 0.3006
220 471 7 10 0.2983
193 465 7 8 0.2979
764 734 10 13 0.2965
879 536 8 10 0.2958
928 630 9 11 0.2955
929 569 8 9 0.2942
217 472 7 9 0.2901
751 636 9 11 0.2887
641 630 9 11 0.2881
271 687 10 11 0.2827
832 510 7 10 0.2822
157 744 11 13 0.2801
297 460 7 8 0.2798
639 629 9 11 0.2793
342 509 7 10 0.2774
467 471 7 9 0.2751
86 716 10 13 0.2750
521 604 9 11 0.2721
634 548 8 10 0.2718
376 712 9 13 0.2714
151 718 10 13 0.2710
948 648 8 11 0.2675
488 571 7 10 0.2654
360 646 10 12 0.2641
165 489 7 9 0.2628
168 462 6 7 0.2624
183 723 10 13 0.2599
98 727 9 13 0.2590
634 669 10 14 0.2581
678 445 8 10 0.2562
643 489 7 8 0.2523
531 449 8 9 0.2521
92 445 8 9 0.2514
638 548 7 10 0.2510
630 567 8 10 0.2492
631 611 8 11 0.2460
646 489 7 8 0.2459
524 604 9 11 0.2450
618 653 9 11 0.2448
628 413 6 7 0.2445
675 445 8 10 0.2442
387 488 7 10 0.2433
945 648 8 11 0.2421
597 632 8 11 0.2416
390 488 7 10 0.2405
303 476 7 9 0.2395
162 489 6 9 0.2383
926 569 7 9 0.2381
438 532 8 10 0.2377
185 723 10 13 0.2367
95 728 10 12 0.2339
600 632 8 11 0.2328
411 556 8 10 0.2311
633 567 9 10 0.2310
104 713 10 13 0.2309
436 532 8 10 0.2298
175 467 6 8 0.2297
633 611 8 11 0.2282
484 572 8 9 0.2249
630 425 7 8 0.2244
160 744 10 13 0.2233
462 373 6 7 0.2229
528 449 7 9 0.2224
38 395 6 7 0.2210
707 533 6 9 0.2193
754 525 7 9 0.2191
480 602 8 11 0.2190
585 589 9 12 0.2161
899 549 8 11 0.2159
244 495 7 10 0.2141
750 525 8 9 0.2133
464 373 6 7 0.2125
306 476 7 9 0.2121
439 481 7 10 0.2117
437 481 7 10 0.2107
587 390 6 9 0.2107
621 653 9 11 0.2092
625 413 6 7 0.2080
724 504 7 9 0.2061
584 390 6 9 0.2058
229 426 6 8 0.2050
506 577 8 10 0.2042
682 714 10 12 0.2037
720 504 8 9 0.2033
178 467 6 8 0.2025
497 459 7 9 0.2009
494 459 7 9 0.2006
622 402 5 7 0.1991
483 602 8 11 0.1971
233 426 6 8 0.1952
35 395 6 7 0.1943
76 396 6 7 0.1942
262 472 7 9 0.1907
90 445 7 8 0.1903
181 723 10 12 0.1897
221 444 6 8 0.1894
588 589 9 12 0.1889
901 549 8 10 0.1887
364 646 9 12 0.1878
413 557 8 9 0.1872
74 442 6 8 0.1869
71 441 6 8 0.1857
240 496 7 9 0.1850
362 647 9 12 0.1827
643 630 9 11 0.1824
269 687 9 11 0.1820
632 425 7 8 0.1813
130 733 10 12 0.1795
738 622 8 11 0.1794
159 442 6 8 0.1777
486 571 8 10 0.1771
237 443 6 9 0.1767
509 577 8 10 0.1764
625 402 5 7 0.1744
195 465 7 9 0.1735
740 621 8 11 0.1731
150 471 6 7 0.1728
34 733 11 15 0.1728
79 395 7 8 0.1720
163 442 6 8 0.1711
619 440 6 8 0.1686
260 474 6 9 0.1657
635 516 7 8 0.1644
435 416 6 7 0.1637
436 533 7 10 0.1632
287 387 6 7 0.1629
737 620 9 12 0.1610
527 348 6 7 0.1594
592 418 6 7 0.1585
290 387 6 7 0.1580
741 622 8 10 0.1577
319 709 9 12 0.1575
703 534 7 9 0.1571
373 443 7 8 0.1567
409 556 8 10 0.1565
432 415 6 7 0.1564
387 538 7 9 0.1563
295 459 7 9 0.1560
240 443 7 9 0.1548
705 533 7 9 0.1544
113 330 5 6 0.1538
524 348 6 7 0.1532
517 372 6 6 0.1530
170 376 5 7 0.1520
144 447 7 8 0.1511
29 660 7 12 0.1504
371 713 9 13 0.1495
330 386 5 7 0.1481
403 363 5 6 0.1475
632 516 7 8 0.1473
561 361 5 8 0.1473
128 328 6 6 0.1468
602 439 6 8 0.1461
406 363 5 6 0.1455
484 570 7 10 0.1438
218 445 6 8 0.1424
629 424 5 8 0.1423
372 442 7 8 0.1415
67 483 7 9 0.1415
333 386 6 7 0.1411
622 440 6 8 0.1404
833 680 9 12 0.1385
440 481 7 9 0.1380
446 595 8 10 0.1377
75 442 7 8 0.1373
126 328 6 7 0.1367
503 413 6 7 0.1356
61 666 7 10 0.1355
141 447 7 8 0.1355
308 410 6 8 0.1349
143 364 5 7 0.1342
290 441 6 8 0.1340
80 547 9 11 0.1340
587 391 7 8 0.1335
238 442 7 9 0.1319
550 369 6 7 0.1315
830 680 9 12 0.1306
558 361 5 8 0.1299
286 440 7 8 0.1292
145 364 6 7 0.1287
175 467 6 7 0.1283
275 454 7 9 0.1257
0 466 6 10 0.1248
385 538 7 9 0.1242
63 484 7 8 0.1242
599 440 7 7 0.1238
84 547 8 11 0.1230
506 413 6 7 0.1228
147 471 6 7 0.1226
132 732 10 12 0.1214
686 715 9 12 0.1211
351 383 6 7 0.1205
247 424 6 8 0.1196
419 760 12 8 0.1192
437 482 7 9 0.1190
767 614 7 11 0.1182
316 709 9 12 0.1177
95 331 5 6 0.1175
896 549 8 11 0.1167
138 689 9 12 0.1156
110 330 5 6 0.1146
369 442 8 8 0.1143
320 710 9 12 0.1138
71 443 7 8 0.1135
354 383 6 7 0.1134
360 538 8 10 0.1134
590 417 6 7 0.1131
548 369 5 7 0.1123
269 686 10 11 0.1114
946 648 8 10 0.1113
124 328 5 6 0.1112
164 443 6 7 0.1106
702 533 7 9 0.1104
589 418 5 7 0.1104
219 444 6 7 0.1095
316 711 10 11 0.1095
27 659 7 12 0.1088
474 334 5 6 0.1082
173 376 5 6 0.1082
58 665 7 10 0.1080
298 413 6 7 0.1080
357 538 8 10 0.1080
770 615 7 10 0.1076
278 456 7 8 0.1072
584 392 6 8 0.1071
221 350 6 7 0.1069
364 647 10 12 0.1064
833 510 7 9 0.1060
719 663 10 14 0.1055
634 388 5 7 0.1054
64 482 8 9 0.1052
94 363 5 6 0.1051
439 532 8 10 0.1028
242 495 7 9 0.1028
441 482 7 9 0.1024
299 461 7 9 0.1015
171 377 5 6 0.1013
471 334 4 6 0.1009
160 443 6 8 0.1000
521 372 5 6 0.0992
370 443 7 9 0.0991
185 722 10 13 0.0987
134 689 10 12 0.0985
224 350 6 7 0.0985
295 413 6 7 0.0983
25 661 8 12 0.0978
157 326 5 6 0.0974
927 570 8 9 0.0971
410 557 8 10 0.0954
812 634 9 10 0.0943
37 394 6 7 0.0937
385 488 8 10 0.0933
93 378 6 8 0.0932
273 687 10 12 0.0930
436 416 6 7 0.0930
452 605 8 11 0.0928
250 424 6 8 0.0904
145 639 9 11 0.0899
620 441 6 8 0.0890
146 470 6 7 0.0881
107 713 9 13 0.0880
477 584 8 10 0.0876
20 750 7 11 0.0865
151 338 5 6 0.0863
91 362 5 7 0.0855
408 309 6 7 0.0849
465 470 7 9 0.0843
258 474 7 9 0.0839
442 594 9 10 0.0834
94 445 7 9 0.0833
469 470 7 9 0.0825
349 603 9 12 0.0806
813 636 8 10 0.0800
815 634 9 10 0.0796
387 375 6 7 0.0794
255 337 4 6 0.0792
412 309 5 7 0.0791
389 538 7 9 0.0788
677 444 8 9 0.0783
906 633 8 9 0.0782
93 330 5 7 0.0782
160 326 5 6 0.0779
40 733 11 16 0.0779
306 410 6 7 0.0778
182 346 5 6 0.0776
372 712 9 12 0.0776
142 446 7 8 0.0773
816 635 8 11 0.0770
490 591 8 11 0.0765
463 372 5 7 0.0764
500 413 6 7 0.0764
350 382 5 7 0.0763
516 371 5 7 0.0761
163 353 5 6 0.0758
0 517 8 11 0.0757
251 337 5 6 0.0755
154 338 5 5 0.0753
91 378 6 8 0.0753
635 671 9 13 0.0750
637 388 5 7 0.0749
629 610 9 11 0.0748
162 352 5 6 0.0747
530 738 9 12 0.0745
131 376 6 7 0.0740
149 639 9 11 0.0736
1 468 7 9 0.0734
722 663 10 14 0.0734
133 377 6 7 0.0732
614 387 6 6 0.0732
146 365 6 7 0.0731
603 440 6 8 0.0728
731 758 13 10 0.0724
160 351 5 7 0.0724
128 732 9 12 0.0716
633 518 7 8 0.0712
234 552 7 9 0.0712
904 575 7 9 0.0710
885 613 9 11 0.0710
193 697 9 11 0.0707
273 462 7 9 0.0703
466 373 5 8 0.0701
304 640 8 10 0.0684
674 444 8 9 0.0683
218 471 7 9 0.0677
195 698 9 11 0.0676
259 473 6 8 0.0676
18 751 7 10 0.0674
611 386 6 8 0.0674
882 613 8 11 0.0662
92 331 5 6 0.0653
217 444 6 7 0.0646
365 722 9 11 0.0645
722 505 7 9 0.0644
435 532 8 10 0.0640
67 363 6 8 0.0638
65 376 6 7 0.0637
413 556 8 10 0.0633
453 607 8 11 0.0630
685 710 9 12 0.0630
301 640 8 10 0.0629
226 463 7 9 0.0629
496 457 7 9 0.0626
156 326 4 6 0.0623
76 395 7 7 0.0621
990 730 8 13 0.0616
198 345 6 6 0.0613
914 560 7 9 0.0613
65 375 5 8 0.0613
105 679 9 11 0.0611
493 458 7 8 0.0609
61 375 6 8 0.0609
201 345 6 7 0.0608
180 345 5 6 0.0605
108 329 5 7 0.0605
623 441 7 8 0.0600
681 709 10 13 0.0596
396 382 6 8 0.0595
533 738 9 12 0.0594
135 376 6 7 0.0589
433 417 5 7 0.0587
247 650 8 11 0.0581
706 616 9 11 0.0579
901 575 7 9 0.0579
713 635 10 12 0.0579
353 382 6 7 0.0573
547 368 5 6 0.0572
218 498 6 8 0.0570
231 552 7 9 0.0569
595 412 6 8 0.0568
263 473 7 8 0.0563
578 577 9 10 0.0562
370 739 9 11 0.0561
903 632 8 10 0.0552
491 593 8 10 0.0547
908 633 8 10 0.0546
643 630 9 11 0.0546
308 477 6 9 0.0542
61 482 7 9 0.0540
752 524 7 8 0.0540
632 568 8 10 0.0538
142 364 5 7 0.0537
636 547 8 9 0.0537
115 669 10 12 0.0536
367 739 9 11 0.0536
638 670 10 13 0.0533
569 454 6 8 0.0530
628 612 8 11 0.0528
633 610 8 10 0.0527
444 596 8 10 0.0524
168 377 5 7 0.0518
393 382 6 8 0.0515
525 520 9 11 0.0515
223 351 6 7 0.0513
303 478 7 8 0.0508
571 454 7 9 0.0507
181 363 6 8 0.0506
492 584 8 10 0.0506
490 353 6 7 0.0505
569 455 7 8 0.0504
102 680 9 11 0.0503
339 336 5 6 0.0499
342 335 6 7 0.0498
761 735 10 13 0.0495
168 376 5 7 0.0493
637 517 6 9 0.0492
360 609 9 11 0.0491
94 444 7 9 0.0488
434 594 8 10 0.0488
203 501 8 9 0.0486
587 447 7 10 0.0479
186 322 5 7 0.0474
219 445 6 8 0.0470
586 415 7 8 0.0469
520 370 5 7 0.0468
200 501 7 9 0.0464
64 363 6 8 0.0463
343 508 8 10 0.0462
202 488 6 9 0.0462
69 480 7 9 0.0461
89 445 7 9 0.0460
431 311 5 6 0.0460
385 536 7 10 0.0459
167 463 6 8 0.0454
930 569 8 9 0.0452
488 353 5 6 0.0452
102 710 10 15 0.0450
17 750 7 10 0.0448
748 705 10 13 0.0447
522 521 8 11 0.0446
525 346 6 8 0.0444
642 489 6 9 0.0444
528 736 9 12 0.0443
302 409 6 8 0.0443
993 731 8 12 0.0441
710 635 10 13 0.0437
373 367 5 7 0.0435
217 472 6 8 0.0435
357 608 9 11 0.0434
621 440 6 7 0.0434
524 519 8 10 0.0433
514 372 6 6 0.0433
240 494 7 9 0.0433
492 593 8 10 0.0431
305 351 6 8 0.0431
562 363 5 7 0.0429
517 590 7 10 0.0425
34 394 6 7 0.0424
526 449 7 9 0.0421
132 734 10 12 0.0418
174 377 5 6 0.0417
434 312 5 5 0.0417
346 603 9 11 0.0417
191 465 6 9 0.0417
236 443 8 8 0.0415
881 535 8 10 0.0414
374 380 6 7 0.0414
508 430 6 9 0.0413
191 699 9 11 0.0413
633 547 7 9 0.0412
645 490 7 8 0.0411
306 353 6 7 0.0411
709 617 9 11 0.0410
139 445 7 9 0.0410
368 410 6 8 0.0409
772 616 8 10 0.0408
406 364 6 7 0.0407
637 389 6 7 0.0405
904 634 8 11 0.0404
249 649 9 11 0.0401
189 323 5 6 0.0401
302 353 6 8 0.0400
371 410 6 7 0.0400
531 448 6 8 0.0399
296 413 6 8 0.0397
299 413 6 8 0.0395
2 518 8 10 0.0391
522 606 8 10 0.0388
584 447 7 9 0.0385
597 634 9 10 0.0384
403 364 5 7 0.0382
245 647 9 11 0.0382
416 758 11 10 0.0380
627 425 7 8 0.0380
749 634 9 11 0.0377
289 441 7 8 0.0377
520 589 7 10 0.0375
89 378 6 7 0.0374
480 605 8 11 0.0370
359 535 7 9 0.0369
144 637 8 10 0.0368
198 489 7 9 0.0368
528 448 6 8 0.0367
150 341 5 6 0.0367
388 490 7 9 0.0365
239 318 5 7 0.0364
375 368 5 6 0.0364
605 589 8 10 0.0362
273 685 9 12 0.0361
522 519 8 10 0.0361
29 371 7 9 0.0359
148 637 8 10 0.0358
236 551 7 10 0.0356
332 385 6 6 0.0356
1 504 6 10 0.0353
24 660 8 11 0.0352
110 669 10 12 0.0349
290 388 6 8 0.0349
600 440 6 8 0.0348
295 462 7 9 0.0348
302 351 6 8 0.0347
235 472 7 9 0.0347
592 416 6 8 0.0345
236 319 5 6 0.0343
190 697 9 11 0.0343
238 474 6 8 0.0343
447 583 7 10 0.0340
121 653 9 11 0.0339
32 368 7 8 0.0338
797 755 11 12 0.0337
532 736 8 12 0.0334
704 582 7 10 0.0333
749 523 7 9 0.0331
334 482 7 8 0.0330
504 431 7 9 0.0330
601 633 8 11 0.0329
808 654 10 14 0.0328
233 425 7 9 0.0327
435 481 8 9 0.0326
525 534 8 9 0.0325
59 664 8 10 0.0325
151 468 6 8 0.0324
519 371 5 6 0.0323
735 759 12 9 0.0322
751 706 10 12 0.0322
507 428 6 9 0.0322
472 333 5 7 0.0322
500 613 9 11 0.0321
628 566 8 10 0.0320
387 539 8 9 0.0319
361 539 8 9 0.0319
121 669 10 11 0.0319
192 698 9 12 0.0316
244 424 7 8 0.0316
142 446 7 8 0.0315
249 647 8 10 0.0314
336 484 8 9 0.0314
70 481 8 9 0.0310
32 365 6 8 0.0310
215 496 7 8 0.0309
624 401 5 7 0.0309
901 548 7 10 0.0309
282 450 6 8 0.0306
726 648 9 10 0.0305
357 609 8 11 0.0303
726 505 6 9 0.0303
590 591 8 11 0.0301
576 578 8 10 0.0300
79 546 9 10 0.0300
526 605 8 11 0.0299
567 589 9 11 0.0298
141 364 6 7 0.0298
897 548 8 10 0.0298
548 368 6 7 0.0298
307 476 7 8 0.0297
244 651 8 10 0.0295
703 582 7 10 0.0294
308 411 6 7 0.0292
298 310 5 8 0.0290
29 365 6 8 0.0290
240 495 8 9 0.0289
77 722 8 11 0.0289
62 377 5 7 0.0289
83 545 9 11 0.0286
340 490 8 10 0.0286
113 373 6 7 0.0285
351 499 7 9 0.0283
900 549 7 9 0.0283
522 533 7 10 0.0282
640 631 8 11 0.0282
202 326 5 6 0.0280
294 311 6 7 0.0279
501 753 12 14 0.0279
422 666 9 10 0.0278
370 443 7 8 0.0277
155 719 10 12 0.0274
163 490 7 8 0.0273
66 529 9 10 0.0272
574 731 12 15 0.0271
675 445 8 10 0.0270
528 449 7 9 0.0270
449 608 8 11 0.0269
125 652 9 11 0.0269
287 386 5 7 0.0268
522 346 6 7 0.0268
608 589 8 10 0.0267
108 373 6 7 0.0264
503 413 6 7 0.0263
166 490 7 8 0.0263
200 325 6 6 0.0263
502 412 6 7 0.0261
706 582 7 10 0.0261
326 701 10 12 0.0261
347 723 10 13 0.0259
161 443 6 8 0.0259
112 670 10 11 0.0258
486 351 5 7 0.0255
525 349 5 6 0.0254
671 542 6 9 0.0251
928 632 9 10 0.0250
250 574 7 10 0.0249
680 593 8 10 0.0248
114 352 5 7 0.0248
658 634 8 9 0.0248
466 372 5 7 0.0247
92 363 5 7 0.0247
577 576 8 9 0.0242
180 724 9 11 0.0242
162 491 7 8 0.0242
674 542 7 9 0.0241
668 648 9 11 0.0239
289 387 6 8 0.0239
949 759 11 9 0.0239
329 384 5 7 0.0238
57 663 7 11 0.0237
67 532 8 11 0.0237
320 305 5 6 0.0237
115 297 6 6 0.0237
419 666 8 10 0.0236
289 385 7 7 0.0235
295 345 6 8 0.0234
116 671 9 10 0.0234
671 545 7 9 0.0234
247 574 7 10 0.0234
182 345 6 7 0.0233
299 598 8 10 0.0233
375 711 10 13 0.0232
323 305 5 6 0.0232
222 320 5 6 0.0231
36 395 6 7 0.0231
638 444 8 9 0.0231
713 634 8 11 0.0231
751 524 7 9 0.0231
643 487 6 8 0.0231
297 345 6 6 0.0230
469 742 8 11 0.0230
687 577 8 11 0.0229
346 724 10 13 0.0228
393 363 5 7 0.0227
312 468 7 9 0.0226
333 483 7 9 0.0226
621 651 9 12 0.0225
391 490 7 9 0.0222
73 719 9 12 0.0222
233 429 7 9 0.0222
371 367 6 7 0.0222
63 485 8 9 0.0222
655 390 7 8 0.0222
484 605 8 10 0.0221
113 359 6 8 0.0220
443 583 8 10 0.0220
801 756 10 12 0.0219
529 451 8 9 0.0217
260 477 7 9 0.0217
90 329 6 7 0.0217
588 555 8 10 0.0217
245 649 8 11 0.0216
340 508 8 10 0.0216
64 365 7 8 0.0216
158 327 5 5 0.0215
389 489 8 9 0.0214
410 307 6 7 0.0214
853 711 10 13 0.0214
465 743 9 10 0.0214
634 427 6 8 0.0213
232 550 7 9 0.0213
30 659 7 11 0.0212
770 617 8 10 0.0211
680 691 10 12 0.0211
170 375 5 6 0.0211
346 603 9 10 0.0211
469 333 5 6 0.0210
383 493 7 10 0.0209
657 391 7 8 0.0208
477 601 8 11 0.0208
252 338 5 6 0.0208
3 516 9 11 0.0207
292 654 8 10 0.0207
829 615 8 9 0.0206
32 368 6 7 0.0206
548 401 6 7 0.0206
494 461 7 9 0.0206
426 434 7 9 0.0205
585 592 9 12 0.0205
904 573 8 9 0.0204
474 643 9 11 0.0201
110 358 6 7 0.0201
356 533 7 10 0.0200
90 305 5 7 0.0200
136 692 10 12 0.0199
504 414 6 8 0.0198
324 338 5 5 0.0197
911 655 9 10 0.0196
412 612 8 10 0.0196
277 582 10 12 0.0196
146 470 7 8 0.0195
259 307 6 7 0.0195
440 533 8 10 0.0193
302 598 8 11 0.0193
492 353 5 7 0.0193
764 735 10 13 0.0192
112 297 6 6 0.0192
2 516 9 11 0.0192
630 567 8 10 0.0192
548 578 7 10 0.0191
710 634 8 11 0.0191
225 351 6 7 0.0191
460 372 5 7 0.0190
406 757 10 11 0.0190
504 689 10 12 0.0189
855 708 10 13 0.0189
545 579 7 9 0.0188
74 722 8 11 0.0188
20 367 7 8 0.0187
852 708 10 13 0.0187
767 613 8 10 0.0186
435 312 5 6 0.0186
338 483 8 8 0.0185
298 459 7 9 0.0184
723 502 7 9 0.0184
488 315 6 7 0.0183
110 371 6 7 0.0183
857 711 10 13 0.0182
507 689 10 12 0.0182
645 489 7 9 0.0182
757 593 9 11 0.0182
584 555 9 11 0.0182
111 353 6 7 0.0182
93 305 5 6 0.0181
484 313 6 7 0.0181
436 415 6 7 0.0181
522 520 9 11 0.0180
182 363 6 7 0.0179
281 581 9 12 0.0179
631 516 8 9 0.0179
833 615 7 9 0.0178
66 357 6 8 0.0177
488 572 9 10 0.0175
468 471 7 8 0.0175
371 368 6 7 0.0174
449 307 5 6 0.0174
564 644 8 11 0.0173
662 635 8 10 0.0173
878 535 8 10 0.0173
418 758 10 10 0.0172
928 569 7 9 0.0172
295 654 8 10 0.0171
947 648 9 10 0.0171
59 667 7 9 0.0170
590 655 10 13 0.0170
653 390 7 7 0.0170
830 509 8 9 0.0170
545 401 6 8 0.0170
589 589 9 11 0.0170
682 594 8 9 0.0169
348 663 10 14 0.0169
472 335 5 6 0.0168
188 323 6 6 0.0167
107 717 8 11 0.0167
201 561 8 10 0.0166
508 576 7 9 0.0165
705 618 9 11 0.0164
255 337 5 7 0.0163
185 361 6 8 0.0163
1 467 8 10 0.0161
640 547 7 10 0.0161
190 462 6 8 0.0160
635 567 8 10 0.0159
301 596 8 10 0.0158
217 319 5 6 0.0158
415 611 8 10 0.0157
386 486 8 9 0.0157
461 761 12 7 0.0157
22 368 7 9 0.0157
506 411 6 7 0.0156
342 494 8 9 0.0156
659 390 7 8 0.0156
63 357 6 8 0.0155
370 409 5 7 0.0154
220 350 6 7 0.0154
560 644 8 10 0.0153
382 536 7 9 0.0153
761 594 8 10 0.0153
196 563 8 10 0.0152
158 338 6 7 0.0152
369 411 6 8 0.0152
79 394 6 8 0.0151
106 710 10 13 0.0150
423 433 6 8 0.0149
572 589 9 11 0.0149
282 440 7 9 0.0149
537 348 6 8 0.0149
22 473 8 9 0.0149
299 312 5 7 0.0149
245 568 8 10 0.0148
751 529 7 9 0.0148
830 678 9 12 0.0147
235 551 7 9 0.0147
488 313 5 7 0.0147
757 691 11 13 0.0147
294 415 7 9 0.0147
811 655 10 12 0.0147
341 337 5 6 0.0146
24 382 7 8 0.0146
674 649 9 11 0.0146
565 646 9 12 0.0146
93 332 6 6 0.0145
189 564 7 9 0.0145
100 315 5 7 0.0145
704 536 7 8 0.0145
369 347 5 6 0.0145
367 409 5 7 0.0144
941 660 9 11 0.0144
408 307 5 7 0.0144
188 376 6 7 0.0144
949 712 10 11 0.0143
87 718 10 11 0.0143
475 586 8 10 0.0143
235 622 8 10 0.0143
255 473 7 8 0.0142
648 490 6 8 0.0142
105 682 8 11 0.0142
465 375 6 7 0.0141
505 576 8 9 0.0141
400 364 7 7 0.0141
419 427 7 9 0.0141
217 494 7 9 0.0139
36 735 10 14 0.0139
412 309 5 6 0.0139
499 414 6 7 0.0137
87 524 8 10 0.0137
673 544 7 9 0.0137
799 753 12 13 0.0136
674 544 7 9 0.0136
155 642 9 11 0.0136
701 581 8 10 0.0135
882 615 8 11 0.0135
366 347 5 6 0.0134
447 306 5 6 0.0134
235 316 6 7 0.0134
83 547 9 10 0.0133
755 532 8 10 0.0133
312 410 6 7 0.0133
414 557 8 10 0.0132
359 647 9 12 0.0131
335 385 6 8 0.0130
298 596 7 10 0.0129
455 341 4 6 0.0129
457 343 5 6 0.0129
233 621 9 9 0.0129
238 318 6 7 0.0129
585 445 7 8 0.0129
89 302 5 7 0.0129
305 294 5 7 0.0129
197 339 5 7 0.0128
589 391 7 8 0.0127
835 679 9 12 0.0127
947 710 10 11 0.0127
678 699 10 13 0.0126
301 297 6 7 0.0126
545 405 6 8 0.0126
340 333 5 6 0.0126
130 359 6 7 0.0126
346 539 8 9 0.0125
180 485 6 8 0.0125
769 620 9 10 0.0125
707 668 10 14 0.0125
323 698 11 13 0.0125
156 645 8 9 0.0124
345 330 5 7 0.0124
454 343 5 6 0.0124
368 742 10 13 0.0124
275 642 8 11 0.0124
908 673 9 9 0.0123
64 532 7 11 0.0123
548 405 6 8 0.0123
218 320 5 7 0.0122
92 302 5 7 0.0122
343 511 8 9 0.0122
250 423 6 8 0.0122
703 614 7 11 0.0121
327 698 10 12 0.0121
295 314 5 7 0.0121
27 487 8 10 0.0121
320 337 5 6 0.0121
272 641 8 11 0.0121
234 305 5 6 0.0121
629 569 7 9 0.0120
329 403 6 8 0.0120
16 488 8 9 0.0119
561 646 9 11 0.0119
187 320 5 6 0.0118
490 351 6 7 0.0118
132 730 9 11 0.0118
906 672 10 10 0.0118
440 610 9 11 0.0118
159 746 10 14 0.0118
883 611 8 11 0.0118
321 361 6 7 0.0117
511 578 8 9 0.0117
70 527 9 10 0.0116
521 602 8 11 0.0116
829 616 8 10 0.0116
448 763 13 5 0.0116
664 647 8 12 0.0115
156 720 10 12 0.0114
215 470 7 9 0.0113
822 746 10 13 0.0113
906 731 10 13 0.0113
104 749 10 14 0.0113
252 426 7 9 0.0112
903 672 9 10 0.0112
557 360 5 7 0.0112
441 478 6 9 0.0112
192 463 6 8 0.0111
885 635 8 10 0.0111
158 643 8 11 0.0111
413 318 6 8 0.0111
142 640 9 11 0.0110
255 510 7 9 0.0110
718 503 7 9 0.0110
404 377 6 8 0.0109
203 557 7 9 0.0108
630 614 8 10 0.0108
924 662 9 10 0.0107
102 463 7 9 0.0107
582 391 6 8 0.0107
563 361 6 8 0.0107
190 650 9 11 0.0107
159 745 12 14 0.0106
394 384 6 7 0.0106
455 311 5 6 0.0106
297 345 6 7 0.0106
719 655 9 12 0.0106
499 751 11 13 0.0106
326 341 5 7 0.0106
679 593 8 11 0.0106
566 645 9 12 0.0105
26 474 7 8 0.0105
249 312 6 7 0.0104
945 713 10 11 0.0104
331 401 7 8 0.0103
677 692 10 12 0.0103
595 405 7 9 0.0103
312 273 5 6 0.0102
413 554 7 9 0.0102
113 297 5 6 0.0102
111 331 5 6 0.0102
395 561 8 10 0.0101
632 548 8 10 0.0101
613 385 6 7 0.0101
235 509 8 11 0.0101
249 571 7 10 0.0101
806 653 9 12 0.0101
262 309 6 7 0.0100
92 497 9 11 0.0100
