2_Demonstration_Protesters_2_738
31
4 1223 108 204 0.8841
926 1039 96 179 0.8822
221 25 77 100 0.8712
725 1015 120 155 0.8710
466 103 103 124 0.8643
237 876 128 153 0.8592
312 56 54 70 0.8499
772 178 66 90 0.8168
813 77 41 50 0.8155
671 682 38 43 0.6837
303 704 36 55 0.3674
301 704 33 54 0.3258
17 728 42 47 0.1129
576 692 29 30 0.1104
223 689 25 30 0.0612
8 728 42 50 0.0567
17 726 38 45 0.0262
594 898 23 23 0.0244
571 692 27 30 0.0223
7 726 33 44 0.0214
983 15 38 46 0.0158
33 726 30 39 0.0156
34 731 33 41 0.0140
0 728 18 35 0.0134
774 851 20 26 0.0120
0 732 22 39 0.0116
596 899 22 23 0.0112
217 689 24 30 0.0108
183 694 29 33 0.0104
15 723 39 45 0.0102
13 729 44 52 0.0102
