2_Demonstration_Demonstrators_2_414
102
134 40 24 28 0.8054
200 39 22 24 0.7802
400 32 22 26 0.7786
597 38 24 29 0.7691
763 44 20 23 0.7368
938 40 24 29 0.7343
687 55 23 26 0.7290
484 28 23 27 0.7136
251 50 19 22 0.5924
308 39 27 30 0.5720
820 48 24 27 0.4854
818 48 24 27 0.4761
18 35 24 30 0.4553
1014 55 10 30 0.2965
91 62 19 22 0.2420
911 51 16 21 0.2198
1018 56 6 29 0.1985
89 60 20 22 0.1886
737 46 17 21 0.1845
94 60 18 22 0.1676
276 40 21 26 0.1667
915 50 18 23 0.1507
47 52 15 21 0.1497
247 50 18 21 0.1314
0 42 11 36 0.1250
0 42 6 36 0.1232
535 42 16 19 0.1105
12 36 24 31 0.1007
114 66 16 20 0.0905
262 51 17 21 0.0847
675 55 17 24 0.0785
227 39 14 19 0.0704
807 54 15 19 0.0687
305 40 28 29 0.0679
96 62 18 22 0.0669
541 67 14 18 0.0666
732 45 18 21 0.0593
895 52 18 22 0.0580
906 49 17 22 0.0569
544 67 15 19 0.0567
672 56 13 23 0.0513
579 47 14 19 0.0506
578 52 16 21 0.0498
674 48 16 24 0.0485
529 41 15 20 0.0435
717 44 16 20 0.0425
276 44 22 28 0.0407
675 60 17 23 0.0405
866 63 17 21 0.0371
367 36 11 14 0.0348
673 62 12 20 0.0345
742 49 14 19 0.0332
864 57 18 23 0.0327
42 52 16 20 0.0325
673 58 16 21 0.0313
363 35 11 15 0.0283
915 49 14 20 0.0261
225 40 11 15 0.0260
277 37 17 20 0.0257
18 33 23 29 0.0255
693 55 20 25 0.0248
31 33 19 24 0.0242
1 43 15 36 0.0240
280 39 21 26 0.0215
366 38 14 19 0.0212
929 42 21 25 0.0210
0 51 12 36 0.0204
896 48 17 23 0.0203
22 33 24 31 0.0201
119 67 19 22 0.0199
363 39 13 17 0.0198
544 45 18 20 0.0196
1 40 15 33 0.0189
322 40 19 26 0.0181
1005 55 14 25 0.0173
545 64 14 14 0.0165
807 52 14 16 0.0164
904 54 17 21 0.0160
862 63 15 20 0.0157
1010 54 14 33 0.0149
231 40 13 17 0.0147
671 49 14 20 0.0144
249 50 19 21 0.0143
459 36 10 13 0.0141
22 45 20 23 0.0141
860 59 15 20 0.0140
1008 0 15 17 0.0135
355 56 12 16 0.0134
32 36 20 25 0.0131
455 36 10 14 0.0128
44 49 14 19 0.0127
716 50 19 24 0.0126
364 37 15 18 0.0125
538 41 16 19 0.0123
734 50 16 19 0.0122
888 54 16 20 0.0113
262 49 15 20 0.0108
542 64 16 19 0.0104
106 62 17 21 0.0103
871 59 16 20 0.0103
367 67 13 15 0.0103
451 40 16 21 0.0101
