2_Demonstration_Demonstration_Or_Protest_2_120
468
902 508 40 44 0.8802
4 492 82 73 0.8737
996 480 28 35 0.8655
716 427 23 28 0.8564
821 511 29 38 0.8541
935 425 26 24 0.8475
980 416 28 26 0.8462
889 392 23 24 0.8405
661 442 29 30 0.8401
861 417 25 25 0.8318
484 293 23 25 0.8248
966 580 54 51 0.8226
470 255 19 24 0.8202
723 559 36 37 0.8147
931 471 32 34 0.8091
957 396 18 19 0.8045
909 373 19 18 0.7868
914 391 19 20 0.7842
960 348 16 17 0.7717
882 355 14 15 0.7545
867 389 17 19 0.7534
855 348 14 15 0.7410
0 300 12 14 0.7221
359 282 15 18 0.7192
917 341 15 15 0.6856
621 526 24 36 0.6805
398 259 14 20 0.6711
290 298 16 16 0.6652
504 266 20 24 0.6346
767 405 18 21 0.6189
979 368 20 20 0.6169
816 393 17 19 0.5925
724 395 16 19 0.5775
334 360 17 21 0.5629
779 337 12 14 0.5538
758 325 11 13 0.5456
784 312 8 11 0.5428
692 360 11 16 0.5336
987 340 15 16 0.5326
898 341 11 12 0.5183
523 273 12 17 0.5167
773 362 13 14 0.5158
796 377 17 18 0.5151
716 354 11 13 0.4985
746 377 16 17 0.4956
836 385 15 17 0.4913
747 361 15 15 0.4847
807 323 10 12 0.4719
764 356 11 13 0.4578
722 335 12 13 0.4519
855 329 8 9 0.4513
29 286 15 15 0.4437
273 288 15 14 0.4310
755 311 8 9 0.4223
1016 351 8 14 0.4216
749 377 15 17 0.4173
793 305 8 9 0.4162
750 361 14 15 0.4161
31 285 16 16 0.4102
1000 369 15 18 0.4079
16 289 9 11 0.4079
220 269 17 17 0.4028
122 295 14 15 0.3992
119 295 14 16 0.3954
721 395 17 19 0.3921
838 385 16 17 0.3887
725 335 12 13 0.3882
817 393 18 19 0.3840
870 351 11 13 0.3832
762 355 11 13 0.3830
560 328 10 12 0.3803
276 288 15 15 0.3774
775 361 14 16 0.3723
799 377 16 18 0.3645
828 318 8 9 0.3545
246 277 8 9 0.3519
789 341 10 11 0.3501
738 327 9 10 0.3472
843 322 8 10 0.3468
563 328 10 12 0.3461
564 310 8 9 0.3457
206 414 19 33 0.3418
571 319 7 9 0.3363
812 363 12 14 0.3340
897 326 10 11 0.3269
838 302 8 10 0.3195
816 311 7 8 0.3191
709 302 6 8 0.3183
760 325 11 13 0.3164
715 304 6 8 0.3118
978 368 19 19 0.3107
873 310 6 9 0.3071
1000 369 14 17 0.3064
777 338 11 13 0.3017
840 302 8 10 0.2989
806 322 9 12 0.2972
870 311 6 8 0.2930
857 301 7 7 0.2907
210 416 18 31 0.2894
835 467 25 32 0.2886
809 323 10 11 0.2864
941 337 10 12 0.2863
927 329 11 12 0.2819
584 307 6 9 0.2783
322 287 10 11 0.2761
589 353 11 13 0.2753
846 339 9 11 0.2705
743 307 7 8 0.2705
710 323 8 10 0.2668
223 270 16 15 0.2656
562 310 8 9 0.2646
713 323 8 10 0.2642
347 291 10 14 0.2610
735 328 9 10 0.2562
859 337 10 11 0.2513
944 337 10 12 0.2499
740 306 8 10 0.2496
338 360 15 21 0.2479
502 265 20 25 0.2443
841 320 8 10 0.2430
581 308 7 8 0.2406
901 340 11 13 0.2368
598 354 11 14 0.2348
990 340 14 16 0.2321
815 363 12 13 0.2307
782 312 8 9 0.2254
830 319 7 10 0.2209
13 289 9 11 0.2205
742 297 6 7 0.2192
324 287 10 12 0.2058
165 272 6 8 0.2045
980 336 11 14 0.2038
811 348 12 14 0.2034
592 311 7 9 0.1997
884 300 6 7 0.1996
528 282 10 13 0.1943
127 275 6 8 0.1860
895 326 9 11 0.1850
587 353 10 13 0.1835
740 297 6 7 0.1817
65 287 10 12 0.1814
259 277 7 8 0.1803
555 290 6 7 0.1790
931 329 9 11 0.1777
769 405 18 21 0.1765
106 294 12 15 0.1746
760 294 6 8 0.1737
565 297 7 8 0.1719
827 356 9 11 0.1693
116 281 7 8 0.1636
695 299 5 7 0.1605
593 297 6 8 0.1593
941 293 6 7 0.1567
871 310 6 8 0.1564
1018 331 6 11 0.1549
154 274 5 7 0.1540
855 301 6 7 0.1517
695 360 11 15 0.1497
824 354 10 12 0.1474
763 295 7 7 0.1470
780 304 7 9 0.1465
816 294 6 7 0.1447
592 297 6 7 0.1444
582 325 9 10 0.1442
151 275 5 6 0.1397
1003 369 13 16 0.1383
175 299 14 16 0.1363
320 287 9 11 0.1362
595 311 7 9 0.1332
568 288 6 8 0.1305
813 294 6 7 0.1302
135 292 8 11 0.1302
80 286 8 9 0.1302
570 289 7 7 0.1297
952 293 6 7 0.1273
791 317 9 11 0.1263
911 372 19 18 0.1255
585 335 11 12 0.1254
105 292 11 14 0.1252
114 281 7 9 0.1251
863 337 9 10 0.1237
262 277 8 10 0.1225
49 274 8 10 0.1208
201 277 9 11 0.1205
814 346 11 12 0.1202
883 300 5 7 0.1184
198 278 8 10 0.1172
163 272 6 8 0.1150
692 299 6 7 0.1111
61 287 10 11 0.1107
714 354 11 13 0.1103
836 331 9 11 0.1102
137 270 6 7 0.1056
764 295 6 8 0.1044
582 334 10 12 0.1044
334 278 8 11 0.1041
44 276 10 14 0.1039
83 286 7 9 0.1031
982 334 10 13 0.1027
707 318 9 11 0.1026
724 295 6 7 0.1025
810 314 8 10 0.1021
529 282 9 11 0.1012
761 295 6 8 0.1001
728 293 5 7 0.0995
954 293 7 7 0.0977
942 336 9 11 0.0958
324 277 8 8 0.0949
826 356 10 12 0.0945
854 329 9 10 0.0944
979 335 10 11 0.0939
738 299 6 7 0.0909
791 297 6 7 0.0903
753 310 8 9 0.0901
943 293 6 7 0.0887
812 346 10 12 0.0869
854 349 12 13 0.0867
596 298 6 7 0.0865
161 273 6 7 0.0858
717 304 6 8 0.0856
172 298 12 15 0.0852
788 297 7 8 0.0852
595 296 6 8 0.0837
264 408 21 34 0.0823
256 264 7 9 0.0821
295 278 9 10 0.0810
133 269 6 7 0.0799
11 280 7 8 0.0799
796 305 7 9 0.0788
701 290 5 6 0.0772
695 308 7 8 0.0751
553 350 10 13 0.0746
881 301 5 7 0.0732
817 295 6 8 0.0719
460 247 12 16 0.0714
855 301 7 8 0.0713
538 292 7 8 0.0703
151 294 7 10 0.0694
136 294 10 11 0.0690
81 270 6 6 0.0675
600 359 13 19 0.0651
813 296 7 8 0.0647
783 312 8 10 0.0641
291 278 8 9 0.0632
12 289 9 11 0.0630
707 302 7 7 0.0615
85 269 5 7 0.0614
833 330 10 11 0.0612
854 300 6 8 0.0609
862 335 8 10 0.0607
829 468 30 34 0.0591
690 360 11 16 0.0589
579 371 15 17 0.0587
1 275 6 8 0.0583
827 357 10 12 0.0582
552 289 7 8 0.0575
593 312 8 9 0.0565
980 336 13 14 0.0557
113 281 8 9 0.0538
82 270 6 7 0.0536
203 284 13 17 0.0534
561 308 7 8 0.0525
930 331 9 11 0.0522
549 289 6 7 0.0517
827 316 8 9 0.0517
739 328 9 10 0.0517
253 265 7 9 0.0514
287 299 16 15 0.0512
261 278 8 9 0.0510
569 289 7 7 0.0506
363 282 14 17 0.0506
244 276 8 10 0.0491
449 283 11 16 0.0489
63 287 8 11 0.0486
82 285 8 9 0.0482
717 303 7 8 0.0480
23 269 7 8 0.0479
697 291 5 7 0.0479
153 296 9 11 0.0479
320 287 9 10 0.0477
202 349 12 21 0.0465
590 353 12 15 0.0462
396 259 11 19 0.0457
213 277 11 13 0.0449
566 287 6 8 0.0444
199 280 9 10 0.0442
305 302 10 12 0.0437
956 294 6 7 0.0437
952 293 6 7 0.0432
266 411 19 33 0.0427
210 266 7 7 0.0423
171 294 10 11 0.0423
726 292 5 7 0.0421
47 273 7 8 0.0421
780 321 9 10 0.0421
556 350 10 12 0.0419
335 281 9 12 0.0418
349 292 12 15 0.0418
522 271 11 13 0.0405
85 270 6 8 0.0387
695 332 8 10 0.0382
1019 337 5 14 0.0379
583 370 14 18 0.0377
807 294 6 7 0.0371
900 326 11 11 0.0366
174 294 11 12 0.0360
564 309 8 10 0.0359
19 269 7 7 0.0356
699 289 6 7 0.0352
113 267 5 7 0.0350
174 267 6 6 0.0349
290 280 10 11 0.0346
599 320 8 9 0.0345
776 336 11 13 0.0337
249 278 8 9 0.0334
323 274 7 8 0.0325
162 275 7 8 0.0324
771 405 17 20 0.0324
64 287 8 9 0.0320
90 307 13 15 0.0312
90 303 13 15 0.0312
696 333 9 12 0.0308
700 332 10 11 0.0304
110 267 5 8 0.0302
872 311 7 8 0.0296
699 334 9 11 0.0294
759 295 5 7 0.0292
134 268 5 7 0.0291
130 277 8 9 0.0289
63 263 5 7 0.0284
952 293 6 7 0.0282
197 349 14 21 0.0279
717 355 12 14 0.0276
210 282 12 13 0.0270
83 269 6 6 0.0268
111 267 5 6 0.0268
904 353 12 14 0.0265
571 288 5 7 0.0260
536 291 7 11 0.0259
705 282 5 7 0.0256
220 269 13 14 0.0253
440 251 8 11 0.0250
196 279 8 10 0.0249
682 283 6 7 0.0248
870 356 11 12 0.0247
838 300 7 9 0.0245
683 284 7 8 0.0243
318 295 11 13 0.0241
838 363 13 14 0.0240
533 285 7 10 0.0240
4 301 11 12 0.0239
590 354 11 15 0.0236
580 366 13 16 0.0235
1012 301 7 9 0.0234
594 294 6 7 0.0225
936 342 11 12 0.0223
789 342 10 12 0.0221
299 273 6 7 0.0220
925 368 11 15 0.0210
946 336 10 13 0.0205
171 256 5 6 0.0204
1017 386 7 19 0.0204
694 276 5 6 0.0204
713 372 14 15 0.0204
446 285 9 15 0.0204
213 268 7 8 0.0202
257 266 6 7 0.0202
61 264 6 6 0.0200
171 306 13 13 0.0198
337 308 10 14 0.0197
807 358 12 13 0.0196
1015 302 6 9 0.0195
895 341 11 13 0.0190
936 325 9 10 0.0188
727 285 5 6 0.0185
1 274 5 8 0.0183
588 335 9 11 0.0181
252 354 20 23 0.0181
896 322 9 11 0.0179
205 292 10 11 0.0178
187 267 5 7 0.0178
272 409 16 32 0.0175
62 262 5 6 0.0174
805 324 10 11 0.0172
261 279 8 10 0.0171
777 294 6 7 0.0170
448 280 10 15 0.0169
175 305 13 14 0.0167
521 277 14 17 0.0165
939 293 6 8 0.0163
540 267 7 9 0.0158
59 263 5 6 0.0154
893 324 7 9 0.0152
339 278 8 11 0.0152
821 370 14 17 0.0151
1013 295 5 7 0.0151
234 268 8 9 0.0151
920 368 14 16 0.0149
602 366 11 15 0.0147
286 264 7 7 0.0147
578 269 5 7 0.0146
204 268 6 8 0.0146
554 308 8 10 0.0145
655 423 15 18 0.0145
632 404 12 17 0.0145
446 283 10 13 0.0144
58 266 6 7 0.0144
904 348 14 15 0.0143
635 404 12 17 0.0143
165 303 10 12 0.0143
819 295 7 7 0.0142
164 269 6 7 0.0141
1015 331 9 13 0.0141
712 283 5 7 0.0140
718 354 11 14 0.0140
608 294 5 7 0.0140
249 352 20 22 0.0140
309 303 9 11 0.0140
243 354 23 24 0.0139
443 250 7 11 0.0137
738 243 5 6 0.0137
681 284 7 8 0.0136
306 304 9 10 0.0136
181 300 11 14 0.0136
321 281 7 8 0.0136
321 272 6 8 0.0135
422 272 11 14 0.0135
830 465 25 31 0.0135
1017 293 5 8 0.0134
552 273 6 7 0.0134
243 351 18 20 0.0130
327 273 7 9 0.0130
575 270 6 7 0.0130
202 293 10 11 0.0129
1011 353 12 15 0.0128
658 404 11 17 0.0127
445 295 8 10 0.0127
465 237 12 17 0.0126
735 244 5 5 0.0126
693 308 6 9 0.0126
188 259 6 7 0.0125
273 411 18 33 0.0125
902 340 10 11 0.0124
181 275 8 8 0.0123
420 267 11 14 0.0122
723 334 11 13 0.0121
564 328 9 11 0.0119
692 275 5 6 0.0118
764 175 7 8 0.0118
286 264 6 7 0.0117
251 262 6 8 0.0116
207 264 5 7 0.0115
225 268 14 15 0.0114
87 305 12 15 0.0114
254 264 6 8 0.0113
940 325 9 10 0.0111
761 175 7 8 0.0109
441 252 9 13 0.0108
263 274 6 7 0.0108
599 284 6 7 0.0107
592 282 6 7 0.0106
140 263 6 7 0.0106
133 264 5 7 0.0105
773 407 16 18 0.0104
116 283 9 11 0.0103
904 467 21 28 0.0102
206 351 12 20 0.0100
1004 370 13 17 0.0100
