2_Demonstration_Demonstrators_2_413
121
130 240 26 33 0.8324
382 184 19 25 0.8199
279 223 20 26 0.7943
0 257 13 31 0.7677
44 252 31 41 0.7099
141 222 20 22 0.4901
361 191 12 17 0.4657
494 177 15 20 0.4629
19 234 18 26 0.3958
104 234 17 27 0.3630
463 153 17 21 0.3386
523 166 13 15 0.3369
427 194 22 32 0.2888
109 237 15 24 0.2606
989 109 35 59 0.2095
497 177 14 20 0.2071
468 154 14 20 0.2027
145 222 18 21 0.1849
962 95 9 13 0.1490
16 235 18 25 0.1436
887 117 25 35 0.1393
18 226 19 27 0.1318
525 167 13 16 0.1297
344 196 12 14 0.1196
510 168 7 10 0.1182
992 108 32 65 0.1117
342 194 12 14 0.1088
512 167 8 11 0.0986
639 95 40 58 0.0941
340 197 12 14 0.0920
99 227 19 28 0.0856
959 95 10 13 0.0802
423 196 18 27 0.0793
246 213 8 11 0.0726
1000 109 24 52 0.0720
571 163 15 22 0.0704
200 219 24 30 0.0674
884 118 22 32 0.0663
363 192 13 17 0.0657
165 252 16 22 0.0638
364 191 12 17 0.0634
1002 111 22 56 0.0633
528 167 12 14 0.0600
340 195 12 15 0.0529
535 184 13 17 0.0521
522 210 16 18 0.0518
211 220 18 26 0.0518
190 232 22 24 0.0514
339 195 11 13 0.0505
292 203 10 13 0.0503
990 108 33 54 0.0483
961 121 12 15 0.0477
562 167 14 24 0.0454
984 107 19 27 0.0442
288 202 11 13 0.0435
253 239 12 18 0.0428
727 337 99 151 0.0419
165 255 19 23 0.0418
323 199 12 15 0.0398
520 167 14 17 0.0370
637 157 14 20 0.0358
512 168 8 11 0.0346
570 206 20 24 0.0335
410 198 12 17 0.0334
595 181 25 30 0.0331
244 212 8 10 0.0330
633 158 13 18 0.0322
964 95 9 13 0.0315
196 229 24 28 0.0299
532 184 12 15 0.0269
566 164 12 21 0.0252
248 213 9 12 0.0245
57 240 19 25 0.0237
250 240 12 17 0.0233
232 223 12 17 0.0224
333 210 15 18 0.0221
569 164 15 22 0.0213
22 238 17 24 0.0212
639 96 41 60 0.0210
204 217 24 28 0.0209
960 95 9 12 0.0209
230 210 10 11 0.0209
174 257 18 23 0.0208
966 121 10 14 0.0208
572 165 17 23 0.0205
230 211 10 13 0.0204
492 177 14 20 0.0201
985 109 27 43 0.0199
991 105 26 42 0.0178
112 237 15 27 0.0175
188 223 25 28 0.0163
165 224 14 17 0.0162
53 247 24 33 0.0157
1 255 17 35 0.0155
169 250 17 23 0.0153
558 170 12 20 0.0149
547 220 14 18 0.0146
319 207 14 19 0.0145
640 98 42 59 0.0138
290 202 9 11 0.0138
217 211 17 24 0.0136
981 115 33 50 0.0133
323 196 11 13 0.0132
178 236 20 24 0.0129
248 212 7 10 0.0128
958 96 11 13 0.0128
23 235 19 26 0.0123
521 208 13 15 0.0122
994 107 30 59 0.0118
70 243 16 23 0.0116
363 191 13 17 0.0114
243 214 10 14 0.0113
255 221 11 15 0.0109
959 119 12 18 0.0106
637 155 11 16 0.0106
321 199 10 13 0.0105
419 196 14 21 0.0105
964 94 8 12 0.0103
420 199 20 27 0.0102
48 246 26 32 0.0101
93 231 21 28 0.0100
