2_Demonstration_Demonstration_Or_Protest_2_360
498
855 597 65 75 0.8847
475 575 30 38 0.8610
619 590 29 40 0.8521
513 597 44 58 0.8361
777 583 29 36 0.8255
146 599 30 39 0.8222
681 560 27 33 0.8210
582 555 25 28 0.8180
558 644 58 38 0.8163
651 616 50 57 0.7985
955 577 54 66 0.7900
195 631 49 49 0.7849
57 630 57 51 0.7821
664 543 18 21 0.7788
319 563 22 25 0.7738
786 620 37 42 0.7720
328 642 36 42 0.7664
555 567 25 30 0.7578
537 539 22 25 0.7577
343 584 27 33 0.7545
781 550 25 29 0.7037
645 570 19 22 0.6368
31 562 28 29 0.6041
499 552 23 29 0.5976
390 621 54 60 0.5869
368 578 18 23 0.5827
390 624 52 57 0.5766
372 557 16 19 0.5721
325 623 27 40 0.5444
615 548 22 26 0.5425
40 626 33 38 0.5341
918 566 26 47 0.5112
633 541 15 19 0.5081
144 570 24 28 0.4874
617 549 22 26 0.4636
577 538 18 19 0.4428
102 549 17 20 0.4285
596 534 15 18 0.4152
797 529 16 19 0.4134
799 529 17 19 0.3945
521 530 10 12 0.3931
99 592 27 28 0.3713
923 566 25 47 0.3684
56 632 58 49 0.3555
501 552 22 29 0.3543
336 553 15 19 0.3525
518 530 10 12 0.3520
780 550 25 29 0.3488
755 569 19 25 0.3471
339 553 15 19 0.3355
782 527 9 10 0.3293
612 535 11 14 0.3258
76 569 24 30 0.3158
959 530 17 23 0.3110
819 536 18 22 0.3078
434 578 17 19 0.2968
432 598 25 31 0.2945
671 529 11 12 0.2732
748 533 11 14 0.2670
434 556 11 15 0.2650
683 528 11 14 0.2647
40 540 12 13 0.2607
980 562 30 42 0.2516
686 528 11 15 0.2482
307 557 11 16 0.2467
902 518 11 13 0.2447
628 530 13 14 0.2379
594 534 15 18 0.2379
421 544 9 11 0.2347
650 617 51 57 0.2293
905 518 12 13 0.2285
751 533 11 14 0.2255
431 556 11 14 0.2215
765 558 15 19 0.2167
772 529 11 12 0.2148
388 577 28 38 0.2145
814 523 9 11 0.2126
816 523 11 11 0.2036
418 544 9 11 0.2029
818 577 29 35 0.1967
331 543 10 12 0.1752
328 543 10 12 0.1712
205 666 52 17 0.1685
421 533 8 8 0.1655
386 545 9 9 0.1636
822 534 13 14 0.1522
866 522 13 17 0.1507
691 534 17 18 0.1486
397 552 15 16 0.1459
612 526 9 9 0.1420
142 570 23 27 0.1417
202 664 48 19 0.1402
881 530 12 14 0.1380
895 513 9 9 0.1373
610 526 9 9 0.1373
540 518 9 10 0.1319
959 529 20 28 0.1313
570 529 9 11 0.1289
137 548 18 22 0.1283
780 518 7 9 0.1270
592 536 18 18 0.1257
567 529 9 12 0.1247
39 629 30 34 0.1244
251 558 21 28 0.1231
826 533 13 14 0.1208
756 570 20 26 0.1145
102 592 26 28 0.1120
777 518 7 9 0.1117
803 498 7 7 0.1081
392 562 18 20 0.1072
864 523 13 17 0.1054
280 565 10 13 0.1048
806 497 7 8 0.1046
501 537 9 9 0.1046
399 549 12 12 0.1045
1015 536 9 31 0.1044
863 521 13 17 0.1021
252 558 16 20 0.1015
389 576 25 34 0.1013
382 545 9 10 0.0994
868 524 12 16 0.0982
304 558 11 15 0.0957
621 573 23 31 0.0949
513 597 44 59 0.0930
10 537 14 18 0.0891
486 542 9 11 0.0890
78 569 27 32 0.0889
1013 516 10 15 0.0886
442 665 44 18 0.0879
0 623 27 39 0.0878
671 528 8 10 0.0870
0 555 14 22 0.0860
650 531 9 11 0.0848
985 660 39 25 0.0828
818 578 30 39 0.0821
400 537 9 11 0.0815
584 524 9 11 0.0793
418 533 8 9 0.0793
598 534 15 19 0.0771
369 535 8 8 0.0769
799 504 7 9 0.0768
441 665 39 17 0.0750
581 524 9 10 0.0745
568 527 7 9 0.0744
43 541 12 13 0.0742
982 560 35 43 0.0740
137 546 16 20 0.0740
276 565 11 13 0.0739
883 511 8 9 0.0730
984 561 31 41 0.0723
779 517 7 8 0.0690
121 604 23 29 0.0689
855 537 13 19 0.0687
503 519 8 9 0.0674
821 533 16 18 0.0661
647 531 9 11 0.0660
441 534 9 11 0.0649
733 551 23 30 0.0639
140 570 20 24 0.0625
646 570 20 24 0.0597
402 550 11 13 0.0597
131 548 18 23 0.0596
813 508 9 10 0.0595
169 534 9 11 0.0592
192 527 11 13 0.0579
433 598 21 23 0.0578
985 506 11 12 0.0578
144 570 21 25 0.0577
491 538 9 10 0.0576
335 493 5 7 0.0575
631 517 8 9 0.0566
391 559 16 18 0.0555
560 534 11 12 0.0555
881 512 7 9 0.0550
155 536 9 11 0.0549
331 493 6 8 0.0545
443 653 45 29 0.0543
615 536 13 15 0.0533
543 518 9 10 0.0528
483 542 9 11 0.0524
366 535 7 9 0.0522
641 540 13 16 0.0521
387 542 9 11 0.0520
172 533 9 11 0.0518
500 537 11 12 0.0512
816 580 30 37 0.0505
418 544 9 11 0.0494
421 527 7 8 0.0482
336 557 16 19 0.0481
375 558 14 16 0.0481
18 597 23 29 0.0481
374 559 16 19 0.0479
63 604 29 29 0.0476
311 547 11 12 0.0472
912 506 8 10 0.0468
729 550 23 30 0.0463
775 515 7 8 0.0461
445 533 10 13 0.0461
39 626 38 42 0.0450
884 515 10 12 0.0436
60 537 8 10 0.0430
501 507 7 8 0.0423
542 518 8 9 0.0419
367 536 9 9 0.0418
494 537 11 13 0.0414
649 526 8 9 0.0413
526 510 8 9 0.0410
759 569 18 24 0.0407
317 534 8 10 0.0402
485 515 6 9 0.0401
0 623 31 39 0.0399
1008 517 13 15 0.0395
382 536 8 9 0.0393
246 559 20 28 0.0393
759 556 17 21 0.0390
979 563 33 46 0.0388
714 530 13 17 0.0386
43 525 9 10 0.0384
38 539 11 14 0.0376
445 545 11 16 0.0373
8 531 14 17 0.0369
56 603 32 30 0.0368
399 496 7 9 0.0365
833 527 11 13 0.0363
644 571 17 20 0.0361
330 542 8 10 0.0360
362 524 6 8 0.0360
481 516 7 9 0.0355
364 540 10 11 0.0350
361 578 21 30 0.0349
929 524 17 22 0.0349
325 621 26 33 0.0345
409 517 8 10 0.0342
90 548 13 14 0.0342
7 538 12 16 0.0340
7 536 15 19 0.0336
909 526 13 14 0.0335
912 520 10 12 0.0335
906 546 19 18 0.0335
703 605 31 40 0.0334
167 551 12 14 0.0333
436 511 7 9 0.0331
777 517 8 9 0.0328
628 518 8 8 0.0327
278 545 10 14 0.0324
406 518 7 10 0.0320
314 534 8 10 0.0319
442 543 10 13 0.0316
704 599 30 35 0.0315
482 512 6 8 0.0312
748 534 12 14 0.0312
571 537 15 17 0.0310
156 538 10 12 0.0310
58 537 9 10 0.0308
94 519 7 8 0.0304
853 521 11 13 0.0303
524 516 7 8 0.0302
347 502 6 7 0.0302
807 498 6 8 0.0302
463 515 10 12 0.0299
39 538 10 12 0.0299
386 577 25 34 0.0299
915 551 18 22 0.0296
693 534 15 18 0.0295
348 537 9 10 0.0293
985 653 39 30 0.0292
963 529 17 24 0.0291
1007 535 17 26 0.0289
925 525 15 19 0.0288
880 512 9 11 0.0288
350 503 6 7 0.0287
437 519 8 9 0.0287
278 564 10 12 0.0286
444 549 11 15 0.0286
409 510 9 10 0.0284
997 548 22 29 0.0284
823 534 16 20 0.0282
97 518 7 9 0.0281
42 592 28 28 0.0280
27 527 9 9 0.0280
420 558 12 14 0.0279
761 524 9 10 0.0277
954 531 18 24 0.0276
258 559 17 23 0.0275
852 537 13 18 0.0275
123 604 25 32 0.0275
38 539 12 14 0.0274
1 623 20 25 0.0274
822 573 25 25 0.0271
554 534 11 16 0.0270
544 516 7 8 0.0267
903 516 11 13 0.0261
332 542 9 11 0.0260
383 575 22 28 0.0260
59 525 7 9 0.0259
5 530 11 15 0.0257
0 625 25 44 0.0257
853 535 14 18 0.0256
569 626 45 42 0.0256
768 537 14 16 0.0254
332 493 6 7 0.0254
132 546 15 19 0.0252
760 572 20 27 0.0252
419 620 37 40 0.0251
640 520 8 10 0.0249
993 558 29 41 0.0246
209 628 44 41 0.0246
2 553 18 26 0.0245
696 602 37 43 0.0243
60 608 35 39 0.0242
718 538 13 16 0.0242
56 525 7 9 0.0240
683 527 8 11 0.0240
390 514 7 9 0.0239
387 514 7 8 0.0238
13 598 25 29 0.0237
442 536 10 12 0.0237
361 566 16 19 0.0236
152 536 9 11 0.0233
461 510 9 11 0.0233
819 522 9 10 0.0233
396 496 8 9 0.0232
57 527 8 10 0.0232
457 549 15 18 0.0231
540 499 6 8 0.0230
1014 541 10 33 0.0230
442 661 48 22 0.0229
275 545 11 13 0.0228
1009 516 10 13 0.0227
878 531 13 16 0.0226
79 568 22 29 0.0226
177 552 11 14 0.0226
817 572 23 23 0.0226
572 522 8 9 0.0225
100 549 15 17 0.0225
685 507 7 8 0.0220
570 618 40 36 0.0220
359 524 7 8 0.0218
364 523 7 8 0.0217
972 507 10 11 0.0216
647 521 7 9 0.0212
985 657 39 30 0.0212
694 504 6 6 0.0209
315 535 10 12 0.0209
446 513 7 9 0.0207
417 511 8 9 0.0207
915 504 8 10 0.0205
510 509 7 8 0.0204
280 562 12 15 0.0203
95 571 18 22 0.0202
707 527 14 17 0.0202
53 607 37 39 0.0202
961 527 12 13 0.0202
107 549 15 21 0.0201
818 496 7 7 0.0200
997 652 27 32 0.0197
214 668 50 15 0.0195
425 495 7 9 0.0195
44 596 34 31 0.0195
391 514 7 8 0.0193
347 503 6 7 0.0192
305 560 14 20 0.0190
418 514 7 9 0.0190
389 484 7 9 0.0190
301 560 14 19 0.0189
568 620 36 33 0.0188
593 534 16 20 0.0188
991 658 33 29 0.0187
456 531 12 14 0.0187
178 622 16 19 0.0186
92 550 16 17 0.0185
412 493 7 8 0.0184
779 529 12 14 0.0183
117 521 11 12 0.0181
439 577 15 18 0.0181
846 500 6 7 0.0180
348 589 28 37 0.0178
693 515 9 11 0.0176
492 509 6 7 0.0176
927 530 17 21 0.0175
916 547 16 17 0.0175
400 497 7 8 0.0174
249 558 14 20 0.0172
857 519 10 12 0.0171
969 507 9 10 0.0171
329 641 37 43 0.0168
93 518 6 7 0.0167
362 523 7 8 0.0167
60 527 7 9 0.0166
906 549 25 25 0.0165
633 514 6 8 0.0164
811 544 21 23 0.0163
435 556 11 15 0.0162
499 516 8 8 0.0162
18 587 28 35 0.0162
1000 553 23 44 0.0162
464 512 9 10 0.0161
729 554 25 32 0.0160
483 539 9 10 0.0160
685 526 9 12 0.0159
2 558 14 24 0.0159
695 534 18 22 0.0158
434 598 27 32 0.0157
712 524 11 14 0.0156
484 554 17 21 0.0156
337 525 8 8 0.0155
565 514 7 9 0.0153
804 498 6 7 0.0153
369 559 15 18 0.0153
703 609 34 44 0.0152
446 510 7 9 0.0152
695 595 35 40 0.0152
538 499 6 8 0.0152
439 658 39 23 0.0150
498 506 7 8 0.0150
882 540 15 19 0.0148
801 511 9 10 0.0147
929 522 13 17 0.0147
168 534 9 11 0.0146
456 544 14 18 0.0146
721 536 12 15 0.0145
118 524 13 16 0.0145
613 570 22 28 0.0145
541 509 7 9 0.0144
322 624 25 40 0.0144
445 514 8 8 0.0143
999 494 7 8 0.0142
426 597 35 49 0.0142
171 536 8 10 0.0141
150 548 15 18 0.0141
475 555 15 18 0.0141
436 580 20 25 0.0141
983 507 12 14 0.0140
1001 562 23 40 0.0140
4 554 15 21 0.0139
0 621 31 44 0.0139
748 536 13 15 0.0138
392 485 8 9 0.0137
565 628 44 39 0.0136
437 598 22 23 0.0136
897 524 12 13 0.0136
43 622 31 31 0.0134
426 561 14 18 0.0133
320 524 8 10 0.0133
58 523 6 8 0.0131
397 496 7 8 0.0131
204 631 50 46 0.0131
190 514 7 8 0.0129
1013 531 11 30 0.0128
24 525 8 10 0.0128
448 648 47 35 0.0126
413 475 7 8 0.0126
693 506 7 8 0.0125
600 522 9 9 0.0125
330 491 5 8 0.0125
36 627 31 35 0.0125
849 500 6 7 0.0125
1000 536 23 35 0.0124
808 547 17 24 0.0124
187 514 7 8 0.0122
97 517 6 7 0.0122
195 529 9 12 0.0122
1013 515 7 10 0.0121
127 564 13 17 0.0121
397 581 25 31 0.0120
674 520 9 10 0.0120
92 518 8 9 0.0118
76 525 9 12 0.0118
842 532 11 14 0.0117
190 526 9 12 0.0117
0 570 8 29 0.0117
26 581 33 35 0.0116
307 553 9 11 0.0116
598 598 23 29 0.0116
638 506 7 8 0.0115
0 637 18 42 0.0115
427 602 32 41 0.0113
684 505 6 7 0.0113
932 533 18 20 0.0111
20 526 9 10 0.0110
790 503 7 7 0.0110
586 513 8 8 0.0110
912 503 7 9 0.0109
351 502 6 7 0.0106
121 521 11 13 0.0105
651 618 51 55 0.0105
88 544 10 11 0.0105
302 537 8 10 0.0105
620 512 7 8 0.0105
604 516 7 7 0.0105
122 526 13 16 0.0104
737 558 24 30 0.0103
792 524 10 12 0.0102
422 494 6 8 0.0101
354 583 20 25 0.0101
917 501 7 8 0.0101
34 634 36 41 0.0101
670 543 15 19 0.0101
