2_Demonstration_Demonstrators_2_518
41
86 260 63 71 0.8687
619 412 58 70 0.8642
391 140 49 60 0.8616
941 420 63 81 0.8528
697 141 36 46 0.8357
984 259 40 63 0.8177
340 156 33 58 0.7818
747 125 31 47 0.7673
192 290 30 54 0.7622
940 45 29 41 0.7619
190 0 31 31 0.7507
762 53 25 43 0.7444
833 84 32 41 0.7046
232 194 40 65 0.6058
602 136 34 46 0.5296
472 147 47 57 0.5149
472 148 47 56 0.4827
1009 80 15 34 0.4614
567 139 36 49 0.3979
497 0 18 27 0.2104
1013 81 11 34 0.1730
611 138 26 40 0.0884
0 56 13 24 0.0834
495 0 18 25 0.0737
563 140 30 46 0.0598
570 139 46 54 0.0534
232 193 39 66 0.0494
984 259 40 63 0.0434
985 260 39 62 0.0399
0 79 26 51 0.0331
1005 79 19 38 0.0209
1001 82 22 34 0.0207
1001 79 20 34 0.0204
493 1 15 25 0.0169
234 194 39 65 0.0164
592 135 41 52 0.0133
1 80 29 47 0.0133
599 146 36 49 0.0132
234 193 38 66 0.0113
0 80 20 42 0.0110
494 2 19 27 0.0110
