2_Demonstration_Political_Rally_2_365
111
727 111 256 343 0.9100
462 294 74 98 0.8751
0 366 78 233 0.8458
386 400 15 18 0.7316
217 346 69 89 0.6767
361 394 12 16 0.4807
371 428 15 19 0.4652
351 407 13 16 0.4198
322 416 13 16 0.3904
357 441 12 20 0.3889
405 394 14 17 0.3849
539 349 12 14 0.3757
372 378 10 12 0.3674
345 398 14 16 0.3590
354 408 12 15 0.3589
404 393 14 17 0.2620
375 378 10 12 0.2584
449 350 12 14 0.2577
332 350 9 12 0.2560
334 350 9 12 0.2445
316 437 16 21 0.2416
424 365 11 14 0.2277
359 393 12 16 0.2210
403 394 13 17 0.2198
326 415 13 17 0.1968
363 394 12 15 0.1423
428 367 10 13 0.1411
377 357 8 9 0.1265
360 441 12 20 0.1246
352 369 9 11 0.1239
340 361 9 12 0.1221
380 357 8 9 0.1179
354 440 13 20 0.1168
345 369 9 11 0.1118
310 384 11 12 0.1113
342 360 9 11 0.1059
377 359 9 10 0.0973
553 343 9 11 0.0853
309 438 14 18 0.0842
380 358 8 10 0.0790
332 379 9 11 0.0783
409 354 8 10 0.0774
303 370 10 13 0.0700
300 371 10 13 0.0664
339 359 9 10 0.0642
312 381 10 12 0.0606
395 361 9 11 0.0552
372 428 16 22 0.0548
427 368 10 14 0.0545
314 383 10 12 0.0543
553 345 10 12 0.0535
343 399 11 14 0.0496
394 355 8 10 0.0472
313 382 10 12 0.0449
420 366 8 12 0.0444
402 394 13 15 0.0426
556 343 9 11 0.0405
1017 178 7 28 0.0396
336 379 9 11 0.0371
345 395 11 14 0.0369
371 377 9 12 0.0364
325 437 14 21 0.0345
556 346 10 12 0.0337
305 363 8 9 0.0328
416 370 9 11 0.0314
371 379 10 12 0.0299
435 356 7 10 0.0297
303 439 12 17 0.0295
430 369 10 13 0.0290
366 430 14 18 0.0271
538 342 18 27 0.0268
453 347 12 20 0.0261
334 380 8 10 0.0261
448 351 9 12 0.0260
355 443 11 18 0.0258
393 356 8 10 0.0242
313 434 17 21 0.0232
304 362 7 9 0.0228
437 334 8 10 0.0208
301 366 9 13 0.0203
424 364 8 11 0.0202
374 427 14 19 0.0200
336 353 9 11 0.0199
435 335 8 9 0.0192
343 402 12 16 0.0184
431 385 11 14 0.0175
452 352 9 11 0.0166
319 413 12 17 0.0166
428 385 11 15 0.0160
408 333 6 8 0.0156
374 358 9 10 0.0151
445 350 13 18 0.0150
407 333 6 7 0.0145
368 428 12 17 0.0141
418 317 7 7 0.0141
462 294 74 98 0.0139
375 379 9 12 0.0136
404 333 6 7 0.0130
61 306 24 31 0.0130
357 406 12 16 0.0126
448 345 13 17 0.0117
530 347 16 19 0.0117
386 332 7 7 0.0116
538 328 7 8 0.0115
438 333 11 14 0.0115
416 317 6 7 0.0112
345 422 14 16 0.0110
306 362 9 11 0.0110
293 398 10 13 0.0106
546 352 10 11 0.0106
404 333 7 8 0.0104
