2_Demonstration_Protesters_2_86
772
39 597 80 82 0.8742
185 375 35 38 0.8697
461 376 35 40 0.8615
679 413 36 39 0.8593
285 334 29 35 0.8592
806 421 40 44 0.8583
538 443 44 47 0.8567
321 366 32 37 0.8543
728 341 31 37 0.8528
119 339 29 32 0.8517
675 305 29 33 0.8505
351 477 48 45 0.8501
807 320 28 33 0.8483
532 301 21 25 0.8478
491 316 26 33 0.8477
597 328 27 33 0.8459
965 352 34 39 0.8452
47 483 46 49 0.8370
765 299 21 26 0.8345
219 331 24 28 0.8336
901 371 31 38 0.8335
0 361 16 32 0.8333
23 295 24 28 0.8295
73 312 23 26 0.8281
392 333 24 28 0.8263
978 304 22 25 0.8252
930 324 27 27 0.8238
332 300 21 24 0.8221
186 314 23 28 0.8156
891 302 20 22 0.8116
401 301 22 24 0.8062
838 284 18 21 0.8029
152 272 15 19 0.7900
624 314 21 21 0.7888
512 261 15 18 0.7849
965 565 59 44 0.7798
122 297 20 22 0.7780
295 273 15 17 0.7439
330 265 14 18 0.7434
739 277 15 19 0.7357
782 276 15 20 0.7256
1008 259 15 19 0.7236
276 292 20 22 0.7102
130 272 15 18 0.7060
573 272 16 19 0.6994
26 262 15 17 0.6930
361 271 16 19 0.6777
916 291 18 22 0.6772
156 235 14 17 0.6640
56 277 19 22 0.6579
0 280 15 20 0.6429
96 278 18 21 0.6425
199 273 17 20 0.6296
726 292 18 22 0.6268
883 252 12 15 0.6238
462 248 13 14 0.6210
423 239 12 14 0.6203
772 248 13 16 0.6165
522 234 11 14 0.6083
307 231 11 14 0.6081
531 279 17 20 0.6063
826 301 17 21 0.5948
565 288 18 22 0.5891
74 266 15 19 0.5881
36 183 13 14 0.5774
67 184 13 17 0.5724
898 233 13 15 0.5675
680 268 17 19 0.5623
655 277 18 24 0.5537
282 247 11 14 0.5499
453 299 19 23 0.5485
604 269 17 21 0.5462
700 250 13 16 0.5444
861 263 15 19 0.5361
359 231 10 12 0.5325
815 264 14 16 0.5291
908 263 14 17 0.5267
988 252 12 14 0.5237
448 266 18 23 0.5216
221 227 10 13 0.5185
423 217 7 9 0.5183
483 256 14 16 0.5108
293 230 9 11 0.5102
322 255 12 14 0.5095
619 254 14 17 0.5027
548 231 10 12 0.4984
650 245 12 14 0.4942
570 241 11 14 0.4919
969 261 13 16 0.4838
511 240 12 15 0.4786
715 230 9 11 0.4771
447 267 17 21 0.4750
177 216 9 11 0.4714
679 268 16 19 0.4646
264 255 12 14 0.4608
373 219 7 9 0.4601
670 226 9 11 0.4558
361 250 10 13 0.4536
495 228 9 12 0.4502
277 225 10 12 0.4487
976 241 9 12 0.4475
515 228 9 10 0.4462
622 254 14 17 0.4460
398 244 11 15 0.4456
47 483 47 49 0.4378
429 255 14 17 0.4366
23 195 11 16 0.4326
703 236 11 13 0.4325
873 227 10 11 0.4310
608 252 10 13 0.4302
913 223 9 10 0.4293
250 255 14 19 0.4253
649 224 8 10 0.4243
922 231 10 12 0.4215
50 183 12 14 0.4170
333 217 9 12 0.4170
136 231 13 16 0.4124
490 216 8 10 0.4113
188 231 11 15 0.4106
200 231 10 13 0.4070
607 269 17 21 0.4069
247 214 8 9 0.4037
453 222 9 10 0.4034
764 280 15 18 0.4003
1015 296 9 21 0.3982
79 179 10 11 0.3958
1008 307 16 32 0.3919
509 240 11 14 0.3914
103 193 11 13 0.3902
427 255 14 17 0.3884
103 244 13 17 0.3879
533 228 9 12 0.3873
744 223 9 10 0.3873
591 231 10 14 0.3867
657 277 19 24 0.3842
101 244 13 17 0.3842
247 254 15 20 0.3840
404 228 9 11 0.3796
966 261 13 17 0.3787
838 243 12 13 0.3767
428 226 9 10 0.3751
542 211 8 10 0.3705
964 218 8 9 0.3691
402 228 9 11 0.3685
536 229 9 12 0.3664
729 253 12 17 0.3664
701 236 10 13 0.3664
724 292 19 22 0.3615
823 301 18 22 0.3612
789 254 12 12 0.3606
451 299 19 23 0.3583
484 236 10 12 0.3578
461 233 10 12 0.3564
567 287 19 23 0.3558
760 239 10 13 0.3556
223 212 9 10 0.3547
681 210 8 9 0.3545
181 206 8 9 0.3508
378 250 11 13 0.3489
630 229 9 10 0.3486
426 226 8 10 0.3471
481 237 10 11 0.3454
501 212 8 9 0.3434
933 262 12 14 0.3433
439 214 8 9 0.3419
374 229 8 10 0.3388
952 229 9 12 0.3383
900 213 9 10 0.3356
233 235 10 12 0.3351
841 243 12 13 0.3346
221 212 9 11 0.3264
545 211 8 10 0.3251
863 263 16 18 0.3249
375 250 11 13 0.3248
473 208 7 9 0.3243
159 212 10 11 0.3240
1007 243 11 12 0.3234
1003 243 11 12 0.3232
637 214 7 9 0.3225
278 291 19 23 0.3203
0 446 11 44 0.3188
414 208 7 8 0.3174
461 209 7 9 0.3172
274 225 10 13 0.3171
286 214 8 10 0.3169
320 220 9 11 0.3169
20 195 11 15 0.3163
572 241 12 14 0.3132
157 212 10 12 0.3131
882 238 10 12 0.3126
783 226 8 10 0.3065
275 211 8 9 0.3063
885 209 8 10 0.3062
813 264 13 16 0.3045
93 179 10 12 0.3043
755 216 8 9 0.3039
185 231 11 15 0.3031
260 231 9 13 0.3011
294 213 8 10 0.3009
662 216 7 9 0.3004
355 218 8 10 0.2990
578 214 9 10 0.2984
967 218 7 9 0.2972
399 244 12 15 0.2952
168 232 11 13 0.2927
237 201 7 9 0.2922
873 211 8 9 0.2915
652 224 8 10 0.2909
676 254 13 15 0.2904
746 208 7 9 0.2899
394 210 7 8 0.2845
979 241 9 11 0.2826
607 228 8 10 0.2820
22 182 9 11 0.2808
263 233 10 11 0.2804
626 209 7 9 0.2802
883 209 8 10 0.2769
607 212 7 9 0.2768
931 263 11 13 0.2744
257 216 7 9 0.2744
628 242 11 12 0.2735
1 280 16 20 0.2725
133 231 13 16 0.2722
182 175 8 10 0.2709
171 233 10 13 0.2708
412 208 7 8 0.2693
956 244 10 12 0.2691
1006 218 7 10 0.2690
517 205 6 8 0.2655
312 207 7 9 0.2641
704 222 9 11 0.2624
858 202 7 8 0.2602
235 201 7 9 0.2600
351 218 9 9 0.2599
673 226 9 11 0.2583
652 214 7 8 0.2579
774 249 14 15 0.2574
376 228 8 10 0.2565
1011 468 13 47 0.2544
1009 218 7 9 0.2525
129 182 9 10 0.2524
1017 231 7 12 0.2522
817 214 9 10 0.2505
955 229 9 12 0.2498
710 201 6 7 0.2496
699 250 12 16 0.2487
652 245 12 15 0.2475
481 206 7 8 0.2446
180 175 7 10 0.2444
191 262 14 18 0.2435
69 185 13 15 0.2434
860 209 7 9 0.2434
991 252 12 14 0.2427
592 233 10 14 0.2424
876 227 10 12 0.2411
458 233 10 12 0.2387
610 228 8 10 0.2384
820 213 9 11 0.2380
460 230 10 12 0.2376
459 209 6 8 0.2370
562 206 7 8 0.2370
581 214 8 10 0.2369
448 207 7 9 0.2365
48 182 11 14 0.2361
207 217 9 10 0.2339
610 213 7 8 0.2298
11 180 8 9 0.2297
473 208 7 9 0.2277
918 291 18 23 0.2270
763 239 10 13 0.2268
257 206 7 7 0.2242
967 567 57 43 0.2216
391 210 6 8 0.2206
591 206 7 8 0.2179
93 278 19 21 0.2178
901 233 12 15 0.2175
157 185 7 9 0.2165
947 246 9 11 0.2165
205 201 6 8 0.2154
520 205 7 8 0.2146
720 208 7 8 0.2136
446 208 7 8 0.2118
783 208 6 7 0.2111
104 180 10 11 0.2089
871 196 7 8 0.2073
309 208 7 8 0.2070
500 211 7 9 0.2039
702 222 8 10 0.2039
485 257 15 16 0.1998
874 197 6 8 0.1981
8 180 8 9 0.1980
666 201 7 7 0.1970
916 277 14 17 0.1962
335 218 9 10 0.1938
385 200 5 7 0.1926
132 183 9 10 0.1902
991 222 8 9 0.1895
664 201 6 7 0.1883
133 182 8 9 0.1859
572 230 9 11 0.1858
886 252 12 14 0.1852
358 251 10 12 0.1850
283 196 6 8 0.1841
784 208 7 8 0.1834
336 252 11 13 0.1831
1014 294 10 23 0.1829
677 200 6 7 0.1823
208 257 12 14 0.1817
415 233 9 11 0.1816
994 222 8 10 0.1813
903 213 9 11 0.1807
792 238 10 12 0.1802
394 209 6 8 0.1799
155 184 7 9 0.1789
786 226 8 10 0.1786
914 277 14 17 0.1778
195 273 18 20 0.1777
925 231 9 12 0.1767
781 207 6 8 0.1756
235 234 9 13 0.1751
539 247 11 12 0.1747
722 208 7 9 0.1745
309 232 11 13 0.1744
224 228 11 13 0.1733
201 201 7 8 0.1729
502 186 6 7 0.1723
760 203 6 8 0.1689
991 223 8 10 0.1684
465 248 12 14 0.1682
604 193 7 8 0.1675
184 176 7 9 0.1672
492 225 8 11 0.1671
724 208 7 8 0.1668
261 232 10 12 0.1667
727 231 9 11 0.1666
940 238 10 11 0.1634
1016 173 6 7 0.1625
915 222 8 10 0.1622
320 219 9 11 0.1612
910 204 7 8 0.1610
235 232 9 12 0.1570
571 313 15 19 0.1568
0 451 14 47 0.1566
848 229 9 11 0.1552
762 194 5 6 0.1534
301 205 7 8 0.1532
53 277 21 23 0.1532
570 229 9 11 0.1511
693 211 7 9 0.1507
551 194 6 8 0.1505
723 208 7 8 0.1505
548 195 6 7 0.1504
363 271 16 19 0.1500
137 232 12 16 0.1486
794 215 7 9 0.1475
576 214 9 10 0.1469
468 195 6 7 0.1433
360 207 7 7 0.1430
471 195 6 7 0.1428
921 195 7 7 0.1414
357 230 10 13 0.1411
450 207 7 9 0.1393
0 460 15 46 0.1389
375 231 9 11 0.1385
1002 173 6 8 0.1376
627 197 6 8 0.1364
847 206 6 9 0.1362
923 195 6 8 0.1355
105 192 11 13 0.1311
626 208 7 9 0.1301
741 202 7 8 0.1294
919 195 7 7 0.1285
674 200 6 7 0.1282
324 207 7 9 0.1280
134 231 13 16 0.1279
296 230 8 12 0.1272
1013 173 6 7 0.1270
281 196 6 7 0.1258
228 182 6 7 0.1238
1004 244 12 13 0.1235
517 206 7 8 0.1229
201 232 11 13 0.1229
225 181 6 8 0.1225
959 244 9 12 0.1222
340 211 7 8 0.1214
634 213 7 8 0.1205
213 189 6 8 0.1196
211 257 11 13 0.1190
765 282 17 20 0.1190
735 265 14 14 0.1189
594 233 10 13 0.1170
317 220 8 11 0.1169
34 183 11 14 0.1165
729 231 9 11 0.1155
752 287 13 17 0.1131
983 284 15 17 0.1127
623 209 7 8 0.1111
401 244 11 14 0.1107
542 201 7 8 0.1099
765 193 5 7 0.1094
320 254 10 14 0.1090
330 201 7 8 0.1090
271 272 15 18 0.1075
24 183 10 13 0.1068
1000 173 6 8 0.1060
153 186 8 9 0.1053
192 258 11 13 0.1051
427 241 11 13 0.1048
551 231 9 12 0.1046
738 202 7 8 0.1041
696 201 6 7 0.1029
708 200 6 7 0.1015
211 190 5 8 0.1010
529 279 17 19 0.1006
371 219 8 10 0.1002
370 193 6 6 0.1002
382 202 6 7 0.1001
683 267 15 20 0.0998
702 223 9 10 0.0983
139 205 10 11 0.0981
935 290 12 16 0.0970
793 208 7 9 0.0968
268 193 6 7 0.0947
105 194 10 12 0.0946
285 247 10 14 0.0905
239 178 6 8 0.0901
383 199 5 7 0.0900
943 242 10 12 0.0896
844 206 7 10 0.0892
896 195 6 7 0.0887
718 230 9 12 0.0884
498 188 7 7 0.0874
755 172 6 7 0.0866
847 207 7 8 0.0863
569 314 14 17 0.0861
726 254 12 15 0.0854
204 218 9 10 0.0854
463 221 9 10 0.0853
451 221 9 10 0.0846
958 243 10 13 0.0833
781 209 6 8 0.0817
564 190 6 7 0.0813
420 218 9 10 0.0811
185 232 12 15 0.0811
998 175 6 7 0.0805
963 168 6 8 0.0804
1006 218 9 10 0.0803
311 232 10 13 0.0792
613 193 6 7 0.0786
101 195 10 12 0.0786
878 240 11 13 0.0777
180 175 7 9 0.0776
605 194 7 8 0.0766
517 227 9 10 0.0755
577 213 8 9 0.0747
781 225 8 11 0.0736
773 222 8 10 0.0735
281 246 10 14 0.0732
291 188 5 6 0.0731
675 200 7 8 0.0730
985 222 8 10 0.0713
304 190 6 6 0.0710
133 272 15 17 0.0709
1013 311 11 30 0.0699
785 276 15 19 0.0696
325 185 5 6 0.0694
753 172 6 7 0.0692
649 223 8 10 0.0686
367 193 6 6 0.0686
278 203 7 8 0.0681
777 171 5 7 0.0680
1014 470 10 45 0.0676
647 202 6 8 0.0673
335 218 9 10 0.0673
778 173 5 6 0.0671
77 267 15 22 0.0669
782 172 5 6 0.0664
27 277 15 18 0.0663
469 196 6 7 0.0658
855 183 6 6 0.0650
1004 259 15 18 0.0648
857 201 6 8 0.0648
572 271 15 17 0.0647
966 168 7 8 0.0646
851 183 6 6 0.0643
740 237 10 12 0.0638
189 262 12 16 0.0632
873 196 7 8 0.0630
924 232 10 12 0.0629
161 258 12 15 0.0625
726 190 5 7 0.0620
752 173 5 6 0.0618
341 194 6 6 0.0616
0 451 17 50 0.0616
723 190 5 6 0.0615
399 225 8 11 0.0606
291 228 9 11 0.0604
694 224 10 12 0.0603
986 176 6 8 0.0602
724 202 7 8 0.0601
909 204 6 8 0.0592
940 198 7 8 0.0590
267 193 6 8 0.0588
747 223 9 11 0.0588
326 264 15 19 0.0587
658 242 11 14 0.0585
731 258 14 16 0.0585
407 193 6 7 0.0578
881 195 7 8 0.0577
708 201 6 8 0.0573
944 200 6 8 0.0571
202 199 6 8 0.0562
3 183 7 10 0.0560
263 192 6 7 0.0558
555 202 7 9 0.0555
780 172 5 6 0.0554
997 173 6 7 0.0548
751 172 5 7 0.0548
154 213 10 11 0.0538
662 200 6 7 0.0533
897 233 12 14 0.0529
237 201 7 8 0.0527
902 211 8 9 0.0521
745 223 8 10 0.0520
626 197 6 8 0.0517
361 232 9 12 0.0514
851 226 8 10 0.0511
419 214 7 9 0.0508
718 228 9 10 0.0507
494 227 9 11 0.0503
234 200 6 9 0.0500
99 190 11 14 0.0500
627 224 8 10 0.0499
414 207 7 7 0.0497
188 270 15 18 0.0497
460 248 12 15 0.0494
338 192 6 6 0.0491
672 226 9 10 0.0490
331 328 15 19 0.0487
80 180 8 9 0.0484
931 211 8 9 0.0482
911 222 9 12 0.0481
823 213 8 10 0.0477
796 217 7 10 0.0476
361 249 11 13 0.0476
107 180 7 9 0.0471
284 196 6 7 0.0471
857 184 5 7 0.0469
549 195 6 8 0.0466
386 200 7 8 0.0463
447 206 6 7 0.0463
404 190 5 7 0.0462
519 204 7 8 0.0459
188 232 11 15 0.0457
649 245 10 14 0.0450
649 246 12 14 0.0450
695 200 5 6 0.0446
575 214 9 10 0.0445
220 211 8 10 0.0442
965 169 6 8 0.0435
566 204 7 8 0.0432
967 218 8 10 0.0431
136 204 10 11 0.0430
562 188 6 7 0.0428
109 181 9 10 0.0428
248 255 15 19 0.0423
687 245 10 13 0.0423
105 244 12 15 0.0420
212 259 11 14 0.0419
339 251 10 12 0.0418
747 201 7 9 0.0416
727 249 12 14 0.0414
274 267 13 15 0.0410
520 206 7 8 0.0409
603 193 7 8 0.0407
449 195 6 7 0.0407
369 194 5 7 0.0396
209 188 6 8 0.0395
208 200 7 9 0.0394
379 242 10 13 0.0390
183 174 8 9 0.0387
853 184 5 6 0.0385
322 185 5 6 0.0384
667 190 6 6 0.0382
982 283 14 15 0.0381
582 197 6 7 0.0378
667 187 5 7 0.0375
546 232 10 13 0.0374
937 196 6 7 0.0373
310 207 7 8 0.0370
71 266 14 18 0.0367
923 194 7 8 0.0365
706 189 5 6 0.0364
736 246 11 14 0.0360
958 185 7 8 0.0358
180 196 8 9 0.0357
12 180 8 10 0.0356
675 249 12 14 0.0355
636 199 7 8 0.0354
596 225 9 12 0.0349
507 187 7 7 0.0345
338 197 7 8 0.0343
1007 466 17 48 0.0343
725 187 5 6 0.0342
1011 173 7 7 0.0341
0 444 15 43 0.0341
722 187 5 6 0.0341
781 207 7 8 0.0341
1005 212 7 9 0.0340
601 194 6 8 0.0339
238 179 6 7 0.0337
936 263 11 14 0.0335
159 215 10 12 0.0333
239 200 7 8 0.0328
244 214 9 10 0.0324
815 176 5 6 0.0323
833 180 6 7 0.0317
798 253 10 13 0.0315
876 226 10 11 0.0315
812 175 5 7 0.0314
821 215 8 10 0.0314
268 262 14 17 0.0312
0 443 7 42 0.0310
985 175 6 7 0.0308
273 225 8 11 0.0306
825 185 7 7 0.0303
954 227 8 11 0.0303
797 251 10 12 0.0300
925 230 9 11 0.0293
541 245 11 13 0.0289
497 179 6 7 0.0287
183 204 8 9 0.0284
923 187 7 8 0.0282
289 188 6 7 0.0281
218 226 10 12 0.0281
538 443 44 47 0.0280
905 266 14 16 0.0279
818 212 9 10 0.0277
183 175 8 9 0.0274
357 232 9 12 0.0274
1011 466 12 41 0.0269
762 243 10 13 0.0268
500 189 7 8 0.0265
879 252 13 15 0.0262
977 242 10 12 0.0261
156 212 9 11 0.0256
484 235 9 10 0.0252
456 185 6 7 0.0252
953 226 8 9 0.0251
133 181 7 9 0.0250
520 202 7 8 0.0250
423 186 6 7 0.0250
189 275 13 17 0.0249
843 307 17 20 0.0241
609 248 10 13 0.0240
655 277 19 24 0.0237
267 188 6 7 0.0236
834 188 7 7 0.0234
106 192 10 12 0.0233
674 187 5 7 0.0233
493 178 6 7 0.0232
798 174 6 6 0.0225
753 173 5 6 0.0224
814 174 5 7 0.0223
792 256 11 12 0.0223
541 186 6 7 0.0222
178 174 7 10 0.0220
963 169 6 7 0.0218
1009 471 15 51 0.0217
422 183 6 7 0.0217
294 186 5 6 0.0216
796 171 5 7 0.0215
560 189 6 7 0.0215
702 190 5 6 0.0212
506 185 6 8 0.0211
160 212 9 10 0.0211
930 264 12 15 0.0210
156 189 8 10 0.0209
853 183 5 6 0.0208
440 183 6 7 0.0207
107 194 10 12 0.0206
445 183 5 7 0.0206
779 173 4 6 0.0206
513 240 11 14 0.0204
947 167 5 7 0.0204
10 180 8 10 0.0203
944 168 5 7 0.0202
390 190 6 6 0.0198
834 228 10 11 0.0194
496 177 6 7 0.0193
204 261 16 20 0.0190
810 172 5 7 0.0190
592 249 11 14 0.0187
438 189 6 7 0.0184
663 189 6 6 0.0184
910 250 13 15 0.0182
726 257 11 14 0.0181
881 250 12 14 0.0181
1009 296 15 23 0.0181
796 207 6 8 0.0179
868 187 5 7 0.0179
420 183 5 7 0.0179
465 246 12 14 0.0176
223 182 6 7 0.0173
23 262 13 17 0.0172
830 180 6 6 0.0171
495 176 7 7 0.0171
543 246 11 13 0.0169
160 244 11 12 0.0169
979 284 15 17 0.0168
937 289 13 16 0.0167
815 213 8 10 0.0166
544 214 8 11 0.0166
846 243 11 13 0.0164
488 239 10 13 0.0162
881 189 6 7 0.0159
399 189 5 6 0.0159
848 244 10 11 0.0158
809 174 6 6 0.0154
482 182 6 7 0.0153
945 299 16 18 0.0153
896 189 6 7 0.0152
253 189 6 7 0.0152
905 263 12 16 0.0150
239 177 6 7 0.0150
1007 211 8 9 0.0149
865 227 9 11 0.0145
181 216 10 12 0.0143
920 190 6 6 0.0142
78 267 16 20 0.0142
961 181 6 7 0.0141
918 248 12 13 0.0141
361 190 6 6 0.0140
54 181 8 10 0.0139
237 177 6 7 0.0138
186 314 23 28 0.0137
369 190 5 7 0.0137
616 189 6 7 0.0136
232 265 11 13 0.0134
190 257 10 13 0.0130
929 242 10 13 0.0129
492 175 6 8 0.0128
284 246 11 13 0.0127
725 181 5 6 0.0127
594 178 6 7 0.0126
159 185 8 9 0.0124
824 205 7 9 0.0124
791 295 15 16 0.0124
591 261 11 17 0.0124
26 194 11 14 0.0122
650 261 13 14 0.0122
420 241 11 13 0.0122
0 468 15 48 0.0120
1005 310 18 28 0.0118
943 196 6 8 0.0116
77 177 8 9 0.0115
35 182 9 10 0.0115
224 177 7 7 0.0114
830 177 6 6 0.0112
0 335 8 25 0.0112
1006 257 15 19 0.0111
979 201 7 9 0.0111
506 174 6 7 0.0110
395 246 11 13 0.0110
406 281 15 17 0.0109
29 262 14 17 0.0106
843 245 12 12 0.0105
953 199 7 9 0.0104
822 243 10 12 0.0103
314 186 4 6 0.0102
137 207 10 11 0.0102
938 253 11 14 0.0101
