2_Demonstration_Political_Rally_2_746
146
847 2257 60 73 0.8663
584 365 66 75 0.8661
585 90 69 81 0.8647
167 2369 91 109 0.8641
354 2327 88 96 0.8640
779 1350 68 91 0.8525
512 355 64 76 0.8483
197 2251 45 59 0.7760
963 120 39 54 0.6946
56 2332 39 59 0.4878
756 2328 28 32 0.4403
130 2302 43 50 0.4383
60 2332 41 59 0.4074
597 2297 28 37 0.3883
591 2296 28 37 0.3544
645 2285 26 35 0.3167
721 1371 32 49 0.3131
751 2328 27 31 0.2566
126 2303 42 47 0.2311
476 2301 27 34 0.1851
481 1311 16 19 0.1748
332 194 17 20 0.1734
652 2284 26 38 0.1605
716 1376 28 41 0.1585
284 206 16 21 0.1569
286 1327 28 44 0.1529
277 206 15 20 0.1469
43 194 18 28 0.1371
717 1370 30 47 0.1331
280 1328 26 42 0.1264
339 194 16 19 0.1247
49 194 19 29 0.1239
332 2267 27 37 0.1205
486 1342 16 19 0.1129
280 206 16 20 0.1122
833 188 12 15 0.1116
250 192 12 15 0.0975
791 2305 21 27 0.0959
311 2282 39 41 0.0917
837 187 13 16 0.0878
445 1315 12 16 0.0776
259 196 14 18 0.0761
833 213 13 17 0.0761
301 2282 41 44 0.0734
403 1335 14 19 0.0700
829 187 12 15 0.0675
439 1316 12 16 0.0641
301 2276 34 35 0.0616
293 2295 54 64 0.0523
465 1354 13 17 0.0515
434 2298 24 32 0.0497
797 2313 27 32 0.0472
469 2301 31 38 0.0446
396 1333 15 22 0.0433
722 1350 15 20 0.0432
52 199 20 29 0.0414
341 2266 25 33 0.0411
282 205 15 18 0.0401
829 189 12 16 0.0399
254 190 13 18 0.0398
381 1330 19 31 0.0376
436 2311 26 34 0.0359
45 202 18 27 0.0355
305 2294 54 66 0.0352
245 191 13 16 0.0345
753 212 12 17 0.0337
335 196 15 18 0.0335
109 1287 18 21 0.0331
508 2271 26 33 0.0316
484 2306 24 30 0.0315
474 1347 14 19 0.0309
331 190 15 19 0.0308
466 1352 13 16 0.0305
102 1284 19 25 0.0298
746 211 12 17 0.0294
330 203 17 22 0.0290
473 1314 17 21 0.0281
86 1223 33 53 0.0281
443 2300 23 30 0.0276
837 211 14 18 0.0275
42 198 20 27 0.0275
455 1393 24 28 0.0272
748 209 12 17 0.0271
716 2365 61 91 0.0264
403 1329 16 23 0.0262
485 2268 28 33 0.0246
877 186 14 17 0.0233
166 2286 31 38 0.0232
827 212 13 18 0.0231
957 120 41 53 0.0220
804 2319 30 32 0.0212
833 191 12 16 0.0212
246 191 14 16 0.0209
740 203 13 18 0.0208
131 1296 15 18 0.0201
174 1287 13 16 0.0193
672 1397 23 32 0.0193
713 1373 26 39 0.0191
839 186 13 16 0.0190
339 2274 31 39 0.0188
714 1349 14 19 0.0186
347 2261 17 19 0.0185
393 1326 16 24 0.0184
142 1270 13 16 0.0181
340 189 14 18 0.0179
350 209 16 19 0.0172
112 1288 16 20 0.0170
138 1268 12 16 0.0169
754 2282 18 23 0.0169
103 1288 19 23 0.0168
641 2281 23 35 0.0167
336 2262 23 30 0.0167
861 142 12 15 0.0164
487 2300 26 34 0.0163
530 2276 22 27 0.0161
747 2280 18 23 0.0161
404 1348 16 21 0.0160
175 1330 21 25 0.0158
525 2305 23 28 0.0152
394 1344 18 25 0.0146
762 2324 23 27 0.0143
478 1307 13 18 0.0142
462 1391 22 27 0.0140
288 1283 17 22 0.0138
263 203 15 18 0.0134
180 1289 13 17 0.0133
823 188 12 15 0.0131
437 2281 18 23 0.0128
281 1286 17 21 0.0126
648 2294 24 31 0.0124
448 2273 20 25 0.0123
722 194 14 19 0.0121
651 2279 23 34 0.0121
622 2307 21 29 0.0121
254 2322 45 52 0.0120
187 1287 14 16 0.0118
242 2360 55 74 0.0116
472 2265 24 28 0.0114
324 190 15 18 0.0112
277 1335 31 48 0.0112
745 245 14 18 0.0111
279 1290 17 22 0.0107
459 1391 21 27 0.0106
924 1325 19 25 0.0103
289 1287 19 26 0.0102
285 1329 40 60 0.0102
