2_Demonstration_Protesters_2_684
843
952 475 23 26 0.7872
911 416 18 21 0.7414
831 452 17 20 0.6992
661 443 18 19 0.6928
846 573 56 58 0.6880
0 479 21 25 0.6836
307 389 13 17 0.6513
741 377 13 16 0.6422
738 435 17 21 0.6122
523 426 15 18 0.5778
683 546 22 26 0.5725
231 423 16 18 0.5608
871 432 20 23 0.5381
694 364 12 14 0.5292
78 401 14 17 0.5121
859 387 15 19 0.5083
107 496 18 23 0.4897
775 413 15 19 0.4876
572 342 10 12 0.4869
448 377 13 17 0.4864
691 328 10 14 0.4705
538 375 12 14 0.4698
357 435 15 17 0.4669
1007 310 13 15 0.4579
602 480 20 18 0.4422
397 327 11 12 0.4379
109 496 18 23 0.4353
872 431 21 25 0.4292
502 353 11 14 0.4252
1006 336 13 15 0.4208
373 354 11 13 0.4128
648 329 10 12 0.4056
593 315 8 10 0.4009
480 338 11 12 0.3886
547 350 10 13 0.3857
818 338 11 15 0.3819
602 370 11 12 0.3810
0 357 7 14 0.3794
200 345 11 12 0.3757
167 350 10 13 0.3751
574 321 11 14 0.3732
857 365 12 14 0.3723
337 352 11 14 0.3709
616 421 14 16 0.3672
204 372 13 16 0.3651
652 349 10 13 0.3517
537 324 9 11 0.3516
756 326 11 13 0.3505
553 315 11 11 0.3475
831 324 11 14 0.3462
179 327 9 10 0.3443
364 372 10 13 0.3427
397 359 10 12 0.3367
480 318 9 11 0.3343
465 337 10 13 0.3314
603 319 9 10 0.3311
308 344 9 11 0.3222
728 344 12 15 0.3197
619 348 12 15 0.3185
188 341 8 11 0.3179
509 346 11 13 0.3169
90 369 12 14 0.3157
302 495 18 21 0.3142
604 332 9 12 0.3121
476 445 15 16 0.3106
185 341 9 11 0.3042
578 361 10 13 0.2971
885 333 12 14 0.2924
772 413 15 19 0.2913
982 391 19 21 0.2886
477 318 9 11 0.2851
576 361 11 13 0.2808
206 372 14 16 0.2794
455 307 9 11 0.2775
463 369 13 16 0.2757
346 402 11 13 0.2739
688 329 10 13 0.2715
69 602 20 30 0.2710
305 344 9 11 0.2710
808 306 9 12 0.2688
696 364 12 14 0.2665
468 338 10 12 0.2641
381 337 10 12 0.2611
359 435 16 17 0.2600
418 339 10 12 0.2580
694 301 9 11 0.2567
15 331 9 11 0.2558
732 295 8 10 0.2543
386 315 9 11 0.2535
1003 336 13 15 0.2523
452 307 9 11 0.2497
507 323 9 11 0.2497
367 372 11 13 0.2493
44 328 10 12 0.2488
163 335 9 11 0.2487
1004 311 13 14 0.2484
164 350 10 13 0.2483
340 352 11 14 0.2447
815 338 11 15 0.2432
982 302 10 12 0.2377
687 293 9 11 0.2365
645 329 10 12 0.2352
335 331 10 12 0.2350
378 337 10 13 0.2320
47 327 10 13 0.2308
606 480 19 18 0.2293
383 315 9 11 0.2278
413 295 8 9 0.2247
889 334 11 13 0.2242
869 305 8 10 0.2235
563 465 19 24 0.2231
651 348 10 13 0.2214
866 305 8 10 0.2186
149 337 9 12 0.2178
353 318 8 10 0.2169
350 318 8 10 0.2153
569 342 11 12 0.2152
508 324 8 11 0.2144
805 354 13 15 0.2140
620 421 12 15 0.2135
730 295 8 10 0.2127
665 354 12 15 0.2123
621 347 11 14 0.2107
876 326 11 15 0.2069
295 318 9 10 0.2067
753 327 10 12 0.2054
444 323 10 12 0.2052
41 363 10 11 0.2018
859 318 9 11 0.2012
602 301 9 10 0.1978
440 322 10 12 0.1960
406 309 8 10 0.1952
544 350 10 13 0.1950
854 365 11 14 0.1924
412 377 11 14 0.1920
400 327 10 12 0.1903
338 330 9 12 0.1877
828 324 11 14 0.1869
308 305 10 12 0.1866
309 322 9 11 0.1827
194 320 9 10 0.1806
536 339 9 12 0.1804
810 306 10 12 0.1792
996 330 9 12 0.1789
735 434 16 22 0.1787
430 303 9 10 0.1782
706 295 9 11 0.1781
370 354 11 13 0.1781
806 306 9 12 0.1777
615 299 9 10 0.1767
837 307 10 12 0.1761
292 318 9 10 0.1761
617 347 12 14 0.1757
575 323 11 13 0.1756
684 292 9 12 0.1752
792 560 24 25 0.1747
906 298 9 10 0.1746
602 332 9 11 0.1743
1000 289 9 10 0.1738
115 355 10 11 0.1733
535 375 12 14 0.1723
311 323 9 11 0.1723
534 324 9 13 0.1712
648 349 11 14 0.1709
886 295 9 11 0.1687
978 302 11 13 0.1681
251 336 10 12 0.1680
219 316 9 10 0.1670
228 422 16 19 0.1640
504 323 9 11 0.1632
395 303 8 9 0.1628
841 307 9 12 0.1620
669 339 10 11 0.1610
39 362 10 12 0.1605
360 327 9 12 0.1599
427 303 8 10 0.1596
789 559 24 25 0.1596
719 406 14 16 0.1588
595 354 9 12 0.1576
499 340 10 12 0.1537
470 366 13 15 0.1532
424 363 9 12 0.1532
312 322 9 11 0.1523
373 299 8 10 0.1517
479 444 16 17 0.1512
160 335 9 11 0.1508
112 355 9 11 0.1492
27 324 9 11 0.1489
8 371 11 13 0.1461
443 322 10 12 0.1460
98 363 10 12 0.1459
971 345 13 16 0.1455
793 558 25 26 0.1447
254 336 10 12 0.1432
598 354 9 11 0.1428
708 414 12 14 0.1423
751 479 19 22 0.1422
430 459 15 17 0.1413
441 323 10 12 0.1401
910 285 8 9 0.1399
253 335 10 12 0.1392
146 337 9 12 0.1387
208 324 9 11 0.1384
712 494 16 22 0.1383
422 345 10 13 0.1378
574 362 10 13 0.1368
336 317 9 10 0.1366
5 333 11 12 0.1360
505 324 9 11 0.1350
738 377 12 15 0.1336
425 348 9 11 0.1333
800 291 8 10 0.1332
606 331 9 12 0.1325
378 334 10 12 0.1303
798 292 7 9 0.1291
164 336 9 12 0.1286
909 284 8 10 0.1284
992 330 10 12 0.1282
498 353 11 14 0.1275
889 298 9 10 0.1271
724 344 12 15 0.1268
418 338 10 12 0.1267
329 408 13 17 0.1262
209 372 11 15 0.1259
25 323 9 12 0.1258
124 343 9 12 0.1247
93 329 11 13 0.1244
976 288 8 9 0.1244
97 329 11 13 0.1237
233 305 8 11 0.1225
903 298 8 11 0.1217
202 296 6 9 0.1210
120 343 10 12 0.1206
1011 372 13 20 0.1192
621 348 12 14 0.1177
205 297 6 8 0.1169
571 321 11 13 0.1166
599 370 11 12 0.1166
919 295 9 10 0.1161
709 295 8 11 0.1154
188 299 7 9 0.1153
997 289 9 11 0.1145
961 274 8 9 0.1142
533 341 10 13 0.1126
466 296 9 10 0.1124
468 347 10 12 0.1106
733 294 9 11 0.1105
445 378 12 15 0.1099
426 346 9 12 0.1098
178 326 8 10 0.1097
477 430 14 17 0.1093
651 291 7 9 0.1091
81 401 13 17 0.1081
536 323 9 11 0.1077
734 295 8 10 0.1057
889 295 10 11 0.1047
256 359 12 15 0.1046
542 313 9 11 0.1043
43 362 10 11 0.1041
290 301 9 10 0.1037
424 380 11 14 0.1031
44 363 10 11 0.1027
197 323 9 10 0.1018
877 322 10 12 0.1011
874 322 10 12 0.1003
969 288 8 9 0.0998
716 499 17 20 0.0994
312 306 9 10 0.0990
937 282 9 10 0.0989
63 600 25 34 0.0989
270 316 10 11 0.0989
927 280 8 9 0.0987
38 363 10 11 0.0985
420 363 10 12 0.0983
906 284 8 10 0.0971
274 383 10 12 0.0970
552 432 13 16 0.0966
469 296 9 10 0.0958
940 282 8 10 0.0955
427 459 14 17 0.0955
501 303 9 12 0.0947
313 324 8 10 0.0943
950 298 10 12 0.0940
445 295 8 10 0.0928
170 308 8 9 0.0921
4 335 10 12 0.0919
591 314 8 11 0.0911
235 305 8 11 0.0908
278 383 9 12 0.0906
887 335 13 14 0.0900
723 406 13 15 0.0900
466 347 10 12 0.0897
632 318 10 11 0.0892
831 343 11 14 0.0881
206 297 7 8 0.0875
391 302 8 9 0.0872
954 298 9 10 0.0871
959 273 8 10 0.0865
323 372 11 14 0.0860
294 357 10 12 0.0858
480 430 15 17 0.0852
398 360 10 13 0.0826
533 324 9 11 0.0824
456 308 9 11 0.0820
551 314 9 12 0.0820
146 336 9 11 0.0810
526 405 12 15 0.0794
949 297 9 10 0.0790
250 335 10 12 0.0788
363 402 11 13 0.0783
231 305 8 10 0.0773
382 332 9 11 0.0773
211 323 9 10 0.0770
326 372 11 13 0.0768
842 340 11 14 0.0764
623 296 8 10 0.0764
911 268 8 9 0.0758
658 326 10 12 0.0753
1 482 20 24 0.0751
185 300 7 9 0.0748
679 546 24 28 0.0741
393 299 8 10 0.0737
393 358 11 12 0.0735
647 291 8 9 0.0735
855 360 13 15 0.0726
370 300 8 10 0.0726
430 292 7 8 0.0721
863 387 13 18 0.0720
938 288 10 12 0.0719
78 320 9 12 0.0712
605 320 10 11 0.0711
464 373 13 16 0.0709
990 273 9 12 0.0709
324 375 11 14 0.0707
415 295 7 10 0.0707
267 316 10 12 0.0704
118 309 9 10 0.0692
199 345 10 12 0.0692
654 267 8 10 0.0689
343 401 11 13 0.0688
671 292 9 10 0.0688
184 298 8 10 0.0685
362 325 9 11 0.0679
35 321 9 12 0.0678
364 374 11 13 0.0677
116 307 8 11 0.0676
469 298 8 10 0.0671
4 370 11 14 0.0670
829 323 11 13 0.0663
239 329 9 11 0.0663
291 357 10 13 0.0662
395 387 13 15 0.0659
427 292 7 9 0.0659
921 295 9 10 0.0656
78 363 10 12 0.0655
795 559 24 25 0.0649
498 304 9 11 0.0645
144 314 10 11 0.0642
626 296 8 10 0.0641
596 352 10 12 0.0634
1009 369 15 20 0.0632
395 361 10 12 0.0627
92 314 8 10 0.0626
544 349 11 14 0.0624
448 372 12 14 0.0623
75 363 9 12 0.0623
212 319 9 10 0.0622
637 321 9 11 0.0621
82 321 9 11 0.0621
23 324 9 11 0.0610
648 347 10 13 0.0609
990 271 8 10 0.0607
310 389 12 15 0.0605
958 273 7 10 0.0603
287 301 8 10 0.0599
392 302 8 9 0.0598
556 432 12 16 0.0596
993 271 9 10 0.0594
606 334 9 11 0.0594
736 434 16 21 0.0593
613 298 9 11 0.0586
571 323 11 13 0.0584
993 273 9 12 0.0584
933 364 14 16 0.0583
370 353 10 12 0.0582
651 267 8 10 0.0582
973 348 13 15 0.0578
499 351 11 14 0.0578
904 297 9 12 0.0576
273 328 10 13 0.0574
537 374 11 14 0.0573
414 296 8 9 0.0570
876 324 12 13 0.0569
41 307 8 9 0.0567
164 349 10 12 0.0559
96 363 10 11 0.0558
908 268 8 9 0.0558
154 309 8 10 0.0554
306 497 17 20 0.0553
801 354 13 15 0.0553
462 332 11 13 0.0553
861 335 10 13 0.0552
8 334 10 11 0.0544
393 385 13 15 0.0542
711 413 12 15 0.0538
219 346 9 11 0.0537
572 323 11 13 0.0535
825 291 8 10 0.0534
856 319 10 12 0.0531
754 324 11 13 0.0529
2 479 21 25 0.0523
204 345 9 12 0.0523
573 360 10 13 0.0518
77 361 10 12 0.0515
6 373 11 13 0.0515
379 290 8 10 0.0513
464 370 13 16 0.0511
775 325 9 12 0.0511
276 329 10 12 0.0510
600 300 8 11 0.0510
187 341 8 12 0.0509
602 371 12 13 0.0506
154 310 8 10 0.0498
945 298 10 11 0.0498
254 287 10 12 0.0497
590 419 11 14 0.0490
843 309 9 11 0.0488
502 297 8 9 0.0485
606 290 8 10 0.0480
394 327 10 12 0.0478
707 409 14 17 0.0475
627 320 10 12 0.0468
574 294 8 9 0.0467
556 315 9 11 0.0466
395 326 10 12 0.0466
535 348 9 13 0.0465
169 295 7 9 0.0463
594 277 7 7 0.0463
337 329 10 12 0.0463
823 452 16 20 0.0461
639 366 11 13 0.0460
87 370 12 14 0.0460
258 361 11 14 0.0456
467 298 9 10 0.0453
74 320 9 10 0.0450
658 324 10 12 0.0448
6 372 12 13 0.0448
930 357 14 18 0.0447
311 323 10 11 0.0446
28 323 9 12 0.0445
251 288 9 11 0.0442
340 347 11 14 0.0442
112 353 10 12 0.0441
371 299 8 11 0.0441
977 272 8 9 0.0439
509 299 8 10 0.0434
985 396 19 21 0.0433
413 375 12 15 0.0433
974 271 8 9 0.0430
634 323 10 12 0.0425
658 443 16 19 0.0425
417 325 9 12 0.0425
691 364 11 14 0.0425
342 402 11 14 0.0423
292 319 9 11 0.0422
9 373 12 13 0.0421
260 359 11 14 0.0420
290 300 8 9 0.0419
567 466 18 23 0.0417
851 293 8 10 0.0415
601 319 10 12 0.0412
296 359 9 12 0.0411
336 348 11 14 0.0411
311 304 9 10 0.0410
364 401 12 13 0.0409
218 290 7 9 0.0408
857 292 8 10 0.0406
12 330 10 11 0.0405
188 299 7 9 0.0400
804 351 12 15 0.0399
701 295 9 11 0.0397
124 346 9 10 0.0395
980 300 10 13 0.0395
523 326 10 12 0.0395
299 494 17 21 0.0395
498 301 9 10 0.0391
427 348 9 12 0.0391
60 339 10 11 0.0390
599 369 11 14 0.0389
221 348 9 10 0.0389
93 371 11 13 0.0385
376 289 8 10 0.0385
105 496 19 24 0.0385
670 363 11 13 0.0382
326 408 12 16 0.0380
856 304 9 11 0.0379
353 340 9 12 0.0376
427 462 16 18 0.0373
309 345 9 11 0.0373
721 277 8 9 0.0372
506 297 8 10 0.0372
335 316 8 10 0.0369
366 402 12 13 0.0366
422 347 11 13 0.0366
658 308 10 12 0.0364
616 297 9 12 0.0363
444 339 10 12 0.0363
885 297 9 11 0.0362
513 345 10 13 0.0362
687 296 10 11 0.0362
280 303 8 10 0.0360
852 389 13 16 0.0356
38 307 8 10 0.0356
548 320 9 11 0.0355
831 347 10 12 0.0354
729 296 9 11 0.0353
508 348 11 13 0.0352
860 322 10 12 0.0352
392 388 12 15 0.0347
828 324 11 14 0.0345
180 327 9 10 0.0344
309 343 10 12 0.0343
830 290 8 11 0.0342
445 376 13 16 0.0341
644 301 10 11 0.0341
120 307 8 12 0.0339
953 297 9 12 0.0338
1000 375 17 21 0.0337
633 365 11 14 0.0337
290 301 9 11 0.0335
339 350 11 13 0.0335
212 322 9 11 0.0334
968 345 12 15 0.0333
150 310 8 11 0.0331
365 372 11 13 0.0327
796 345 12 13 0.0326
175 326 9 11 0.0326
119 385 10 11 0.0325
94 335 10 12 0.0325
367 374 11 13 0.0325
601 300 8 9 0.0324
115 361 11 13 0.0324
715 441 14 17 0.0323
834 284 8 10 0.0322
57 339 9 12 0.0321
927 278 8 10 0.0321
653 474 18 19 0.0317
430 462 16 19 0.0316
503 275 7 8 0.0315
736 402 12 15 0.0313
648 292 9 11 0.0308
538 324 10 12 0.0307
370 395 13 15 0.0304
668 351 11 14 0.0303
976 252 8 9 0.0302
428 314 9 12 0.0301
347 290 8 9 0.0300
867 294 9 10 0.0298
889 270 8 10 0.0298
773 324 11 12 0.0295
752 326 11 14 0.0294
101 299 6 7 0.0294
520 426 14 18 0.0293
520 424 16 18 0.0293
1018 271 6 9 0.0292
650 470 19 23 0.0291
614 284 8 9 0.0291
772 326 9 12 0.0290
140 315 9 11 0.0289
76 402 12 15 0.0289
287 301 8 9 0.0289
327 375 11 13 0.0288
0 320 8 12 0.0288
499 297 8 11 0.0287
123 385 9 11 0.0286
650 289 7 9 0.0286
648 360 10 12 0.0285
305 389 13 16 0.0285
35 360 10 12 0.0284
630 270 7 8 0.0284
958 275 8 9 0.0283
223 346 9 12 0.0282
1006 372 17 21 0.0282
709 492 14 22 0.0282
572 296 10 11 0.0281
500 274 7 8 0.0281
300 379 11 14 0.0280
775 322 9 12 0.0276
341 400 11 14 0.0276
588 313 9 11 0.0274
98 336 10 11 0.0273
81 321 10 12 0.0273
170 350 9 12 0.0271
267 318 10 12 0.0269
810 307 9 12 0.0268
102 299 7 8 0.0268
973 252 8 9 0.0265
723 403 12 15 0.0264
235 304 8 10 0.0263
909 270 8 9 0.0263
331 410 13 16 0.0262
832 306 9 11 0.0262
648 328 10 12 0.0254
467 342 11 13 0.0254
672 300 10 12 0.0254
833 414 18 23 0.0254
450 306 9 11 0.0253
205 344 10 12 0.0253
207 296 7 9 0.0253
819 340 11 15 0.0253
1007 309 12 14 0.0250
158 289 7 9 0.0250
571 294 9 10 0.0250
592 275 7 8 0.0250
686 291 8 10 0.0249
0 355 10 12 0.0248
682 281 8 10 0.0247
683 546 21 25 0.0245
598 372 11 12 0.0244
0 475 14 23 0.0243
78 306 8 9 0.0243
806 309 9 11 0.0242
467 375 12 14 0.0241
95 313 8 10 0.0241
98 298 6 8 0.0240
976 345 13 15 0.0239
477 447 16 18 0.0239
375 287 9 10 0.0239
447 351 10 12 0.0236
795 291 8 10 0.0236
923 294 9 11 0.0233
344 293 9 11 0.0229
486 272 6 7 0.0227
292 360 9 12 0.0226
646 289 8 9 0.0226
985 350 12 14 0.0226
682 292 9 12 0.0226
619 424 13 15 0.0226
74 360 10 12 0.0225
343 290 9 9 0.0224
320 357 10 12 0.0224
311 288 8 9 0.0224
648 348 12 14 0.0223
602 335 9 11 0.0223
362 434 14 17 0.0222
729 295 9 10 0.0221
854 412 15 20 0.0220
234 307 8 10 0.0218
121 363 10 12 0.0218
426 291 7 8 0.0217
616 267 7 8 0.0217
422 356 10 13 0.0216
726 345 12 16 0.0215
1000 291 10 12 0.0213
814 335 10 13 0.0212
586 419 11 14 0.0212
665 264 8 10 0.0212
634 270 6 8 0.0211
443 322 11 13 0.0211
898 357 13 15 0.0211
882 336 11 13 0.0211
725 310 9 11 0.0209
239 326 9 12 0.0208
772 323 9 12 0.0207
135 337 10 12 0.0207
108 392 12 16 0.0207
404 385 11 13 0.0206
61 302 8 10 0.0203
800 289 7 10 0.0203
546 349 10 12 0.0202
725 347 11 15 0.0202
927 357 12 17 0.0202
968 349 12 15 0.0201
488 272 6 8 0.0201
595 276 7 8 0.0199
715 342 10 13 0.0199
735 281 7 10 0.0197
115 391 13 15 0.0195
168 306 7 9 0.0195
480 337 10 12 0.0194
718 496 19 22 0.0193
430 291 7 8 0.0193
380 286 8 10 0.0193
602 275 7 8 0.0193
203 374 12 14 0.0192
725 410 12 14 0.0192
1015 250 9 13 0.0192
943 328 12 16 0.0191
349 315 9 10 0.0189
227 408 17 20 0.0189
475 319 10 11 0.0189
529 406 11 14 0.0187
154 289 8 10 0.0186
651 269 8 10 0.0185
670 356 11 14 0.0184
73 323 9 11 0.0184
1016 260 7 11 0.0184
1001 255 9 11 0.0183
722 313 10 12 0.0183
443 344 10 13 0.0183
113 413 13 17 0.0182
738 281 7 9 0.0181
313 292 8 9 0.0181
865 290 7 9 0.0180
155 288 8 8 0.0180
1005 335 12 13 0.0179
51 327 9 12 0.0179
433 416 14 19 0.0179
759 438 13 17 0.0178
924 277 8 10 0.0177
592 257 6 7 0.0177
853 360 11 15 0.0176
562 457 17 22 0.0175
394 356 11 12 0.0175
249 286 8 10 0.0175
306 324 9 11 0.0175
113 305 9 11 0.0174
806 305 9 12 0.0174
940 328 12 16 0.0173
628 271 8 9 0.0173
796 289 8 10 0.0172
499 275 8 9 0.0172
953 252 8 8 0.0171
913 416 18 21 0.0170
929 362 12 17 0.0169
130 344 10 12 0.0169
988 273 9 10 0.0168
835 423 17 20 0.0167
307 495 18 22 0.0167
781 370 11 14 0.0167
483 272 6 7 0.0165
502 323 9 12 0.0165
730 346 11 15 0.0163
449 288 7 8 0.0163
978 391 17 20 0.0163
253 286 8 11 0.0162
217 290 7 8 0.0160
356 296 8 10 0.0159
859 291 7 9 0.0159
599 478 15 18 0.0159
1015 246 8 9 0.0159
40 307 7 9 0.0159
752 324 10 13 0.0158
852 348 12 14 0.0157
57 302 9 11 0.0156
654 326 10 12 0.0155
0 402 14 20 0.0155
721 501 17 19 0.0155
309 286 8 9 0.0154
797 276 7 8 0.0154
979 392 20 21 0.0151
57 345 11 13 0.0150
218 408 15 19 0.0150
321 375 11 13 0.0150
264 380 11 14 0.0149
776 302 9 11 0.0149
938 340 13 16 0.0148
363 399 11 14 0.0148
1003 289 10 11 0.0147
144 368 11 13 0.0147
44 326 9 11 0.0146
226 361 10 12 0.0145
828 347 10 14 0.0145
122 387 11 14 0.0144
541 375 11 13 0.0144
590 278 7 8 0.0144
504 274 7 8 0.0143
38 356 10 12 0.0142
505 276 7 8 0.0140
420 383 11 14 0.0139
671 289 9 10 0.0137
926 252 7 8 0.0137
857 385 14 18 0.0136
783 373 12 15 0.0136
344 289 8 9 0.0135
995 334 11 13 0.0134
50 415 12 14 0.0132
161 333 9 10 0.0132
1012 271 9 10 0.0131
189 288 7 8 0.0131
513 298 8 11 0.0130
838 284 8 10 0.0130
3 414 13 17 0.0129
278 300 8 9 0.0129
229 297 8 10 0.0128
186 289 7 8 0.0128
721 277 8 10 0.0127
113 304 8 9 0.0127
554 436 13 16 0.0127
681 387 13 17 0.0127
591 420 13 15 0.0127
821 285 9 10 0.0126
141 318 9 11 0.0125
844 336 11 13 0.0124
415 290 8 9 0.0124
261 362 10 13 0.0124
911 317 11 13 0.0123
774 302 9 12 0.0123
59 301 9 11 0.0123
523 403 12 14 0.0123
680 328 10 13 0.0122
390 386 12 14 0.0122
890 277 9 11 0.0121
620 347 12 15 0.0121
17 516 22 24 0.0118
573 396 12 14 0.0118
583 256 6 6 0.0118
484 273 6 7 0.0117
400 287 8 9 0.0117
901 312 10 12 0.0117
618 421 14 16 0.0117
20 409 13 16 0.0117
30 350 10 11 0.0116
16 408 13 17 0.0115
535 309 9 10 0.0115
784 557 20 26 0.0114
98 300 7 8 0.0114
13 387 12 15 0.0113
977 252 7 9 0.0112
209 372 13 15 0.0112
1013 249 9 11 0.0111
827 450 17 22 0.0110
88 371 11 13 0.0109
777 354 9 12 0.0109
822 262 8 8 0.0108
974 250 7 10 0.0107
214 291 7 8 0.0107
475 332 11 14 0.0107
747 479 17 22 0.0105
680 280 8 10 0.0105
613 211 8 10 0.0104
888 362 13 15 0.0104
976 311 11 13 0.0103
898 360 14 16 0.0103
806 358 13 16 0.0103
859 465 18 21 0.0103
327 411 12 15 0.0103
258 292 9 10 0.0103
1003 309 12 14 0.0103
758 434 13 16 0.0102
113 409 12 14 0.0101
46 415 12 14 0.0100
224 358 10 13 0.0100
