2_Demonstration_Demonstrators_2_307
1082
204 452 13 18 0.6207
470 81 9 14 0.5085
871 270 11 13 0.4870
76 430 14 16 0.4815
485 45 10 13 0.4769
74 83 9 13 0.4738
91 117 10 13 0.4703
102 500 12 18 0.4669
34 157 11 16 0.4660
874 46 10 13 0.4658
405 71 10 13 0.4656
431 102 9 13 0.4631
847 324 11 14 0.4618
691 58 9 12 0.4576
526 71 10 15 0.4574
126 47 9 12 0.4529
911 307 10 13 0.4503
589 90 10 13 0.4493
558 35 9 12 0.4492
741 58 10 14 0.4479
382 93 10 13 0.4470
796 38 10 13 0.4469
115 254 12 16 0.4465
751 168 10 14 0.4423
853 15 9 13 0.4422
103 57 8 12 0.4417
154 17 10 13 0.4384
648 117 10 14 0.4371
922 238 11 14 0.4333
818 218 10 14 0.4327
742 193 11 15 0.4310
1013 79 9 14 0.4300
702 77 11 14 0.4244
333 155 9 13 0.4210
252 168 11 14 0.4190
886 16 9 11 0.4161
284 343 12 16 0.4154
823 302 11 14 0.4146
258 96 10 14 0.4138
346 219 10 14 0.4131
926 196 11 14 0.4114
179 150 11 14 0.4102
358 122 10 14 0.4095
437 70 10 14 0.4088
414 106 9 12 0.4040
797 208 9 14 0.4032
177 231 11 16 0.4025
194 2 9 12 0.3994
675 121 10 12 0.3986
753 168 11 14 0.3975
651 117 10 14 0.3970
616 102 10 15 0.3963
206 498 12 18 0.3960
845 212 10 13 0.3941
248 66 10 13 0.3922
191 380 12 16 0.3921
744 223 11 14 0.3916
700 77 11 14 0.3884
66 479 11 17 0.3878
619 30 10 13 0.3864
641 188 10 13 0.3854
484 102 9 13 0.3829
116 26 8 11 0.3829
685 93 9 13 0.3818
246 32 8 12 0.3803
246 66 10 13 0.3790
616 170 11 13 0.3785
552 82 11 15 0.3769
360 219 9 14 0.3740
243 201 10 13 0.3702
451 142 10 14 0.3656
622 30 10 13 0.3639
610 58 10 13 0.3634
605 148 10 13 0.3626
54 197 10 14 0.3613
56 197 10 14 0.3608
796 8 8 13 0.3598
705 9 9 11 0.3593
200 88 11 14 0.3557
723 175 9 13 0.3545
878 230 9 13 0.3524
335 306 11 15 0.3521
608 58 10 13 0.3502
644 87 9 13 0.3499
608 148 10 13 0.3493
388 394 14 16 0.3449
856 15 9 13 0.3448
815 218 10 14 0.3447
743 115 11 13 0.3436
136 3 8 11 0.3436
1008 351 11 14 0.3419
677 121 10 12 0.3406
1010 79 9 13 0.3340
740 193 10 14 0.3328
357 10 9 13 0.3315
123 185 13 14 0.3311
53 126 9 13 0.3301
1005 350 11 15 0.3296
282 16 9 12 0.3253
724 21 9 13 0.3217
66 22 9 12 0.3194
120 184 13 14 0.3175
965 566 10 15 0.3148
907 215 10 14 0.3123
402 71 11 12 0.3117
683 37 8 12 0.3104
688 93 9 13 0.3104
320 138 9 13 0.3097
207 21 9 11 0.3096
428 103 10 12 0.3092
439 209 11 16 0.3089
442 209 10 15 0.3075
555 34 10 13 0.3057
847 270 10 13 0.3018
880 230 10 13 0.3011
653 0 9 8 0.3001
586 90 10 13 0.2998
775 0 8 11 0.2979
846 51 10 14 0.2973
155 262 10 15 0.2968
348 34 9 12 0.2954
35 96 9 12 0.2950
725 175 10 13 0.2939
88 117 10 13 0.2931
425 334 14 17 0.2908
686 20 8 11 0.2908
31 157 12 15 0.2897
740 58 9 13 0.2890
742 623 14 20 0.2888
481 101 9 13 0.2881
379 41 9 13 0.2870
915 259 10 14 0.2870
379 93 11 13 0.2829
330 155 9 13 0.2815
191 2 9 12 0.2813
439 71 9 13 0.2810
72 83 9 13 0.2784
546 129 9 12 0.2764
343 220 10 13 0.2752
249 168 11 14 0.2749
740 16 9 11 0.2738
619 169 10 14 0.2725
193 593 15 19 0.2721
929 196 10 14 0.2716
373 160 10 14 0.2714
194 380 11 16 0.2711
877 46 9 13 0.2688
123 46 9 13 0.2659
643 187 10 13 0.2653
843 212 10 13 0.2621
133 3 8 11 0.2614
798 38 10 14 0.2611
467 81 10 14 0.2604
909 215 10 14 0.2600
528 33 9 13 0.2576
152 17 10 13 0.2570
843 51 11 15 0.2570
670 8 8 10 0.2547
482 45 10 13 0.2547
101 36 8 12 0.2539
279 16 9 12 0.2525
848 3 9 12 0.2512
174 232 11 16 0.2496
889 16 9 11 0.2491
800 208 9 14 0.2482
973 389 11 13 0.2477
689 20 8 11 0.2475
685 37 9 12 0.2446
197 88 11 14 0.2444
948 263 10 14 0.2419
391 394 14 17 0.2396
826 302 11 15 0.2394
350 33 9 12 0.2386
452 142 10 13 0.2382
209 20 9 12 0.2367
673 7 9 11 0.2367
618 102 10 15 0.2355
875 77 9 12 0.2324
860 309 10 12 0.2312
646 86 10 13 0.2299
741 621 13 18 0.2290
850 323 10 15 0.2288
385 4 10 13 0.2264
798 8 9 13 0.2258
523 72 10 14 0.2252
906 216 10 14 0.2250
615 102 9 14 0.2250
155 89 10 14 0.2241
967 566 11 15 0.2226
559 58 10 14 0.2222
370 5 8 11 0.2216
986 333 12 14 0.2200
491 587 14 18 0.2193
543 129 9 13 0.2189
917 259 11 14 0.2187
726 22 9 12 0.2186
435 70 10 14 0.2180
741 115 10 13 0.2171
240 201 10 13 0.2168
671 51 8 11 0.2163
667 225 10 15 0.2158
476 125 9 13 0.2146
260 96 10 14 0.2140
914 307 10 13 0.2129
243 32 9 12 0.2109
256 96 10 14 0.2089
576 132 10 12 0.2070
485 322 10 16 0.2068
673 51 8 11 0.2038
298 188 10 14 0.2031
555 82 10 15 0.2009
375 160 10 14 0.1996
51 126 9 13 0.1992
839 145 11 14 0.1980
301 188 9 14 0.1979
113 254 11 16 0.1976
769 158 11 13 0.1970
376 41 10 13 0.1970
746 223 11 14 0.1951
354 9 9 14 0.1938
937 98 9 11 0.1936
573 132 10 12 0.1934
49 126 10 14 0.1934
941 144 9 13 0.1931
355 122 11 14 0.1915
808 150 9 13 0.1910
337 289 11 14 0.1887
244 5 8 11 0.1882
986 87 9 12 0.1877
114 25 9 12 0.1871
495 587 13 18 0.1866
795 297 9 11 0.1862
651 0 9 9 0.1853
704 9 8 11 0.1837
530 32 9 13 0.1832
32 95 9 13 0.1829
777 0 9 11 0.1799
842 144 11 15 0.1788
938 110 9 13 0.1780
921 237 10 15 0.1778
119 283 11 15 0.1772
69 479 11 17 0.1760
357 141 9 14 0.1759
710 57 9 11 0.1749
708 9 8 11 0.1746
89 28 8 10 0.1725
850 270 9 13 0.1709
100 36 8 12 0.1709
27 52 8 11 0.1672
825 188 9 14 0.1672
100 57 9 12 0.1641
924 237 11 15 0.1632
295 441 11 16 0.1627
482 322 11 16 0.1611
534 70 10 15 0.1605
429 334 14 18 0.1601
724 24 9 12 0.1595
100 500 11 18 0.1560
863 309 10 12 0.1559
988 88 9 12 0.1545
792 297 9 12 0.1544
556 58 10 14 0.1514
389 594 12 15 0.1488
69 22 8 12 0.1485
144 100 10 14 0.1473
261 407 14 17 0.1466
98 37 8 12 0.1460
241 5 9 11 0.1445
914 278 11 13 0.1445
940 98 9 11 0.1436
478 126 9 13 0.1434
669 49 9 12 0.1432
985 21 9 13 0.1432
282 342 12 16 0.1428
90 55 9 12 0.1421
774 0 9 10 0.1415
878 77 9 12 0.1401
322 210 11 14 0.1399
990 377 10 14 0.1399
670 225 10 14 0.1396
412 172 11 14 0.1390
122 283 10 15 0.1381
337 306 11 15 0.1368
153 261 10 15 0.1359
393 594 12 15 0.1352
941 110 9 12 0.1343
264 24 8 13 0.1340
219 4 8 11 0.1337
64 22 9 12 0.1337
646 43 8 11 0.1330
917 278 10 13 0.1320
962 230 11 16 0.1319
943 144 10 12 0.1317
776 0 9 10 0.1316
993 378 11 13 0.1312
357 11 9 12 0.1301
146 79 10 13 0.1300
874 269 11 14 0.1292
995 245 9 13 0.1290
448 142 10 13 0.1285
649 43 8 11 0.1285
261 25 9 12 0.1282
322 139 9 12 0.1269
714 507 12 16 0.1268
346 47 9 12 0.1268
113 253 12 16 0.1262
157 262 10 15 0.1254
713 57 9 12 0.1251
317 137 10 14 0.1246
997 244 10 14 0.1232
197 256 10 15 0.1228
854 59 9 12 0.1227
961 0 9 7 0.1224
526 412 11 15 0.1211
299 190 10 13 0.1191
811 150 9 13 0.1183
500 41 9 11 0.1176
340 290 10 13 0.1170
354 141 10 14 0.1169
875 75 8 12 0.1163
979 17 9 12 0.1160
654 0 9 9 0.1156
184 13 9 12 0.1151
915 282 11 12 0.1145
828 188 9 14 0.1134
981 74 9 12 0.1130
354 11 9 12 0.1128
153 381 10 16 0.1128
287 344 10 15 0.1122
346 33 9 12 0.1121
415 172 10 14 0.1118
200 256 9 16 0.1116
983 74 10 12 0.1115
411 106 9 11 0.1100
231 313 12 16 0.1093
844 49 10 14 0.1093
23 52 9 12 0.1091
343 45 10 14 0.1089
210 498 10 17 0.1084
988 23 9 11 0.1081
388 5 9 12 0.1080
318 139 9 13 0.1066
985 89 8 11 0.1064
261 23 8 12 0.1060
371 160 10 13 0.1056
300 143 10 13 0.1049
197 592 16 20 0.1036
264 407 13 17 0.1031
479 124 10 14 0.1031
284 43 10 14 0.1026
742 114 10 13 0.1016
625 11 9 11 0.1015
892 478 12 16 0.1008
797 10 8 12 0.1000
791 188 10 13 0.0965
870 268 11 13 0.0962
150 382 10 15 0.0962
182 149 11 14 0.0925
244 65 10 14 0.0921
638 36 9 11 0.0920
181 150 11 15 0.0914
201 86 11 14 0.0913
1008 19 8 12 0.0912
956 601 12 16 0.0911
906 215 10 13 0.0894
644 88 10 13 0.0892
952 601 12 16 0.0890
859 307 9 13 0.0871
893 163 10 13 0.0868
971 389 11 13 0.0865
789 188 9 13 0.0863
426 0 9 6 0.0857
904 63 9 13 0.0848
877 75 8 12 0.0848
671 9 8 10 0.0846
152 378 11 17 0.0845
501 76 9 13 0.0841
113 25 8 11 0.0839
681 37 9 12 0.0837
651 0 8 10 0.0833
849 78 8 12 0.0832
918 282 11 12 0.0828
887 478 13 16 0.0824
856 61 8 10 0.0823
53 102 9 10 0.0822
826 191 9 12 0.0819
86 28 8 11 0.0819
746 115 10 14 0.0816
588 111 8 11 0.0813
372 79 9 11 0.0809
26 50 8 12 0.0809
622 11 8 11 0.0799
960 218 10 13 0.0799
737 15 8 11 0.0797
451 412 9 15 0.0797
535 312 12 16 0.0790
480 127 9 13 0.0779
851 79 8 11 0.0773
223 69 9 12 0.0771
578 20 9 11 0.0770
387 393 13 17 0.0769
693 58 9 13 0.0766
935 167 9 13 0.0765
325 210 9 13 0.0763
845 4 9 12 0.0758
739 14 8 11 0.0757
80 430 12 15 0.0756
145 77 9 11 0.0748
68 23 8 11 0.0747
890 166 11 13 0.0738
1 147 11 15 0.0738
751 11 8 11 0.0738
147 100 9 14 0.0728
205 19 8 12 0.0727
1011 54 10 14 0.0726
890 163 10 13 0.0726
324 19 8 12 0.0725
123 77 9 12 0.0725
751 0 9 8 0.0721
747 0 9 8 0.0718
707 9 8 11 0.0713
138 337 13 17 0.0713
530 35 9 12 0.0712
91 4 8 11 0.0710
475 19 9 12 0.0708
509 3 7 10 0.0708
725 55 9 11 0.0702
429 0 9 6 0.0695
717 509 11 15 0.0692
264 450 14 19 0.0684
984 333 11 14 0.0682
1011 20 7 11 0.0679
148 76 10 13 0.0673
932 167 9 13 0.0665
833 91 11 13 0.0651
383 4 9 10 0.0646
727 23 9 12 0.0645
976 389 10 13 0.0642
359 61 8 11 0.0631
946 325 12 14 0.0625
895 166 9 12 0.0625
263 23 9 12 0.0624
435 134 9 12 0.0621
361 62 7 10 0.0620
773 157 10 13 0.0618
951 260 11 15 0.0614
391 393 13 17 0.0607
244 202 9 13 0.0607
121 77 9 12 0.0605
672 51 10 12 0.0603
742 223 11 14 0.0602
260 451 15 18 0.0599
669 227 11 15 0.0596
498 76 9 13 0.0592
87 26 8 11 0.0590
1009 53 8 14 0.0590
972 223 10 14 0.0590
52 101 8 11 0.0586
298 441 10 15 0.0582
395 193 11 14 0.0582
177 150 11 14 0.0580
727 56 8 11 0.0580
500 63 8 11 0.0574
984 331 12 14 0.0573
270 149 12 15 0.0570
366 4 10 12 0.0566
209 21 9 12 0.0564
302 129 10 14 0.0556
241 203 9 13 0.0554
937 128 9 11 0.0552
347 40 10 14 0.0549
626 531 13 18 0.0546
333 306 10 14 0.0544
253 2 8 11 0.0536
38 0 11 8 0.0536
241 4 8 11 0.0534
343 46 10 13 0.0534
963 0 8 8 0.0532
994 239 9 14 0.0528
950 265 10 12 0.0523
82 92 10 12 0.0518
793 296 8 11 0.0516
987 3 10 13 0.0514
847 212 10 13 0.0509
89 76 9 12 0.0505
496 31 8 11 0.0503
523 412 11 15 0.0501
846 2 10 11 0.0500
88 4 8 11 0.0497
670 66 10 13 0.0495
135 93 9 13 0.0494
958 217 10 12 0.0494
390 59 9 12 0.0492
757 10 8 11 0.0489
506 3 8 11 0.0486
834 237 10 13 0.0482
934 165 8 12 0.0481
327 20 8 12 0.0479
770 153 10 12 0.0479
991 24 8 11 0.0476
215 3 9 12 0.0474
980 524 11 14 0.0472
850 2 9 10 0.0472
546 127 8 13 0.0470
713 144 11 13 0.0466
343 48 9 12 0.0465
796 2 9 11 0.0464
586 110 8 12 0.0463
662 94 9 12 0.0461
90 55 9 11 0.0460
197 87 11 14 0.0459
983 524 12 14 0.0459
111 299 12 16 0.0458
996 239 11 15 0.0458
1019 5 5 14 0.0457
87 27 8 11 0.0456
862 306 9 13 0.0455
907 63 9 12 0.0451
259 404 14 17 0.0450
298 65 10 14 0.0448
260 201 10 13 0.0448
615 200 10 13 0.0448
73 45 8 11 0.0443
749 0 9 9 0.0439
984 84 9 14 0.0437
229 0 7 8 0.0435
788 192 10 15 0.0434
576 20 8 12 0.0431
98 81 9 12 0.0430
157 90 10 15 0.0430
713 510 11 14 0.0429
952 217 10 13 0.0429
984 22 9 11 0.0428
535 318 13 17 0.0427
321 262 12 15 0.0427
590 607 12 15 0.0426
725 22 10 12 0.0424
588 27 8 11 0.0424
457 50 8 11 0.0423
295 76 9 12 0.0422
830 190 9 13 0.0422
372 74 9 12 0.0421
105 501 11 17 0.0420
964 0 9 8 0.0418
143 98 10 14 0.0416
427 0 9 9 0.0416
387 9 9 12 0.0416
392 59 9 12 0.0414
265 203 9 14 0.0412
79 431 14 16 0.0412
773 155 11 13 0.0409
810 151 9 13 0.0409
41 581 14 15 0.0408
542 40 8 12 0.0403
832 86 11 14 0.0400
272 151 12 15 0.0400
191 381 10 15 0.0398
104 58 9 12 0.0398
525 33 10 13 0.0395
395 168 10 13 0.0395
526 51 9 13 0.0394
936 0 9 7 0.0392
891 4 10 9 0.0392
226 0 8 9 0.0392
264 200 10 13 0.0391
303 33 8 11 0.0390
761 10 8 11 0.0390
532 312 12 16 0.0388
946 263 9 13 0.0386
982 76 10 12 0.0385
302 190 9 13 0.0385
386 3 10 12 0.0382
23 50 8 12 0.0382
711 143 10 13 0.0380
951 215 9 13 0.0379
850 77 10 12 0.0379
454 411 9 15 0.0379
745 43 9 13 0.0378
261 204 10 13 0.0378
482 100 9 13 0.0378
134 337 13 17 0.0376
959 0 8 6 0.0374
935 98 9 11 0.0373
848 3 10 12 0.0373
885 14 9 11 0.0372
493 31 9 11 0.0372
358 219 9 12 0.0371
209 20 9 12 0.0370
263 217 9 14 0.0368
723 54 9 11 0.0367
800 207 9 13 0.0366
904 62 8 12 0.0366
247 33 8 12 0.0366
369 78 9 12 0.0363
416 104 9 12 0.0360
266 217 9 13 0.0360
457 48 8 12 0.0360
472 19 9 12 0.0360
906 134 9 13 0.0360
984 22 9 12 0.0358
805 55 9 13 0.0358
990 3 10 12 0.0357
38 33 10 13 0.0357
614 170 10 13 0.0355
903 135 9 12 0.0355
262 202 11 13 0.0355
876 76 10 12 0.0353
475 25 9 13 0.0352
542 136 8 11 0.0346
580 22 8 11 0.0344
773 152 10 12 0.0344
960 230 10 14 0.0343
235 312 11 15 0.0342
392 193 11 14 0.0341
954 116 9 12 0.0340
370 8 9 10 0.0339
1007 20 9 11 0.0339
188 19 8 12 0.0337
497 76 10 13 0.0336
432 133 10 13 0.0335
118 93 10 13 0.0334
263 403 13 18 0.0332
275 149 11 13 0.0331
966 18 8 11 0.0331
301 32 8 11 0.0330
628 535 13 17 0.0330
959 230 11 15 0.0328
217 5 8 11 0.0327
791 191 9 14 0.0325
648 45 9 11 0.0325
744 17 8 11 0.0323
451 230 10 15 0.0321
207 452 12 17 0.0321
201 452 13 18 0.0320
576 22 8 11 0.0319
89 72 8 13 0.0318
143 78 9 12 0.0312
939 112 8 11 0.0310
304 125 10 14 0.0308
536 502 11 14 0.0307
909 307 10 13 0.0306
200 253 9 14 0.0305
62 128 9 13 0.0305
322 21 8 11 0.0304
123 75 8 11 0.0303
270 130 8 10 0.0301
712 507 12 16 0.0301
28 50 9 12 0.0301
693 56 9 11 0.0299
75 430 12 15 0.0299
55 101 8 11 0.0295
143 99 10 14 0.0294
448 414 9 14 0.0293
40 0 11 10 0.0291
154 379 11 16 0.0291
939 0 8 9 0.0290
351 36 10 12 0.0289
906 63 8 11 0.0289
293 441 11 15 0.0288
251 0 9 10 0.0287
297 444 10 16 0.0287
113 26 8 11 0.0287
955 131 9 13 0.0286
2 151 11 15 0.0285
844 453 12 14 0.0285
987 0 10 11 0.0284
550 80 10 13 0.0281
41 42 11 15 0.0281
196 596 14 18 0.0281
243 31 9 11 0.0278
936 99 9 12 0.0277
671 4 9 12 0.0277
282 18 10 12 0.0276
319 210 11 14 0.0275
24 66 10 14 0.0275
941 193 10 12 0.0274
561 634 12 13 0.0273
877 229 8 13 0.0272
357 61 9 12 0.0271
286 45 10 13 0.0271
714 135 10 13 0.0270
850 5 9 11 0.0268
886 1 10 10 0.0268
325 48 8 11 0.0268
263 3 9 10 0.0267
989 135 8 11 0.0267
107 300 12 15 0.0266
318 3 9 11 0.0266
262 405 14 17 0.0266
64 23 9 12 0.0265
10 170 10 13 0.0265
178 152 10 14 0.0264
703 367 11 13 0.0263
151 86 10 15 0.0262
49 125 9 13 0.0261
543 127 9 13 0.0261
334 303 11 15 0.0261
529 411 11 15 0.0260
120 75 9 12 0.0260
848 50 10 12 0.0259
536 72 9 13 0.0259
281 14 8 12 0.0258
571 65 9 12 0.0257
796 4 10 12 0.0257
431 0 8 8 0.0257
692 20 9 11 0.0257
924 130 8 11 0.0257
771 61 9 13 0.0256
542 384 10 15 0.0256
301 126 10 13 0.0256
884 15 9 12 0.0255
205 21 8 12 0.0254
743 22 8 11 0.0254
858 309 10 12 0.0253
230 317 12 16 0.0252
123 33 9 12 0.0252
639 187 9 13 0.0252
669 225 11 15 0.0251
151 0 8 8 0.0251
149 379 11 16 0.0251
3 148 13 16 0.0251
1011 130 10 13 0.0249
197 254 9 14 0.0248
513 475 11 17 0.0247
151 440 13 18 0.0247
711 136 10 13 0.0247
64 23 9 12 0.0246
0 555 5 18 0.0246
958 0 9 7 0.0245
70 44 9 12 0.0245
494 584 13 18 0.0245
865 413 13 17 0.0244
833 110 12 14 0.0243
984 150 9 13 0.0243
140 100 10 14 0.0243
370 77 10 13 0.0242
320 19 9 11 0.0240
575 128 9 12 0.0239
944 325 10 13 0.0239
589 112 8 11 0.0239
242 35 9 12 0.0238
326 23 9 11 0.0237
361 218 10 14 0.0237
301 64 9 14 0.0236
414 173 11 14 0.0236
321 44 9 13 0.0234
573 130 10 12 0.0234
879 229 9 12 0.0233
45 72 8 12 0.0232
227 315 11 15 0.0232
990 88 9 12 0.0231
532 318 12 16 0.0231
157 17 9 12 0.0231
309 47 9 12 0.0229
889 12 9 12 0.0229
88 3 9 10 0.0228
947 266 9 12 0.0228
942 112 8 11 0.0227
526 30 9 11 0.0227
263 453 14 18 0.0226
346 31 9 11 0.0226
882 4 9 11 0.0225
325 261 10 15 0.0224
830 91 10 13 0.0223
281 42 10 15 0.0223
924 0 9 6 0.0222
931 166 9 11 0.0222
557 61 10 13 0.0221
5 171 11 13 0.0220
591 27 8 10 0.0219
315 3 9 11 0.0218
192 1 9 11 0.0217
459 527 13 16 0.0217
68 480 11 18 0.0216
650 0 10 10 0.0216
36 102 9 13 0.0216
769 563 13 17 0.0215
454 48 9 13 0.0214
873 267 11 13 0.0214
321 267 12 15 0.0212
673 71 10 12 0.0211
528 28 9 11 0.0210
62 0 9 7 0.0209
188 64 10 13 0.0209
617 201 10 12 0.0208
796 296 10 12 0.0208
35 0 10 8 0.0208
1008 52 10 13 0.0208
795 298 9 12 0.0207
8 153 10 13 0.0207
226 319 11 14 0.0207
389 598 14 16 0.0207
454 230 10 15 0.0206
98 105 10 14 0.0205
35 34 9 11 0.0205
910 306 10 13 0.0204
523 49 9 13 0.0203
41 69 10 13 0.0202
521 51 9 12 0.0202
66 0 8 8 0.0202
435 520 11 15 0.0202
544 128 10 13 0.0200
379 36 9 14 0.0200
45 46 9 12 0.0200
928 117 9 12 0.0199
337 305 12 15 0.0199
247 1 9 11 0.0199
494 28 9 12 0.0197
533 503 11 13 0.0197
613 82 11 14 0.0196
952 258 10 14 0.0196
812 151 9 13 0.0196
293 445 11 15 0.0195
658 0 9 10 0.0195
588 0 11 4 0.0194
1009 79 11 14 0.0193
955 596 13 17 0.0192
296 191 9 13 0.0191
472 347 14 19 0.0191
311 49 9 11 0.0191
314 47 9 13 0.0191
33 101 9 14 0.0190
105 56 8 11 0.0189
775 0 10 12 0.0189
936 128 9 12 0.0188
110 0 8 11 0.0185
195 379 10 16 0.0185
945 219 10 12 0.0185
620 185 11 14 0.0185
43 48 9 12 0.0184
794 39 9 13 0.0184
847 75 9 12 0.0183
866 0 9 4 0.0182
846 268 9 13 0.0181
297 61 11 14 0.0181
522 410 12 16 0.0180
824 304 11 14 0.0180
279 389 13 17 0.0180
455 50 8 12 0.0180
492 586 14 18 0.0179
310 104 11 14 0.0179
772 473 12 15 0.0177
487 323 10 15 0.0176
837 237 10 13 0.0176
729 414 14 19 0.0176
954 114 9 11 0.0175
156 231 12 16 0.0175
448 411 10 15 0.0175
36 0 10 11 0.0175
984 332 11 14 0.0174
984 1 9 10 0.0174
276 151 11 14 0.0174
648 26 9 11 0.0173
665 226 10 14 0.0173
1 192 10 15 0.0172
293 130 9 12 0.0172
938 170 9 13 0.0172
954 255 10 12 0.0172
203 499 12 17 0.0171
583 23 9 12 0.0171
974 225 10 14 0.0170
703 6 9 11 0.0170
932 171 10 12 0.0170
978 101 8 11 0.0170
747 624 11 17 0.0169
952 130 9 12 0.0169
713 102 9 12 0.0169
53 125 10 13 0.0169
100 59 9 12 0.0168
101 4 9 12 0.0168
964 229 11 15 0.0168
862 413 12 17 0.0167
830 94 11 13 0.0166
745 114 10 13 0.0165
617 200 10 12 0.0165
837 93 10 13 0.0165
647 41 8 11 0.0164
554 86 10 14 0.0164
957 18 8 12 0.0164
714 59 9 12 0.0164
1 183 11 14 0.0164
799 10 9 12 0.0163
472 21 11 14 0.0163
266 1 9 9 0.0163
268 391 12 15 0.0163
821 612 13 16 0.0163
772 470 11 14 0.0162
21 67 10 14 0.0162
150 25 10 13 0.0162
549 376 12 16 0.0162
367 5 10 9 0.0161
389 590 14 17 0.0160
273 561 14 17 0.0160
409 155 11 14 0.0160
267 129 8 12 0.0159
46 49 8 12 0.0158
793 205 8 13 0.0158
528 1 7 10 0.0157
865 84 8 11 0.0157
252 165 10 13 0.0156
289 78 9 13 0.0156
845 269 9 14 0.0155
774 60 10 13 0.0155
769 63 10 14 0.0155
776 470 11 13 0.0155
840 453 10 15 0.0154
292 75 11 13 0.0153
379 5 9 10 0.0153
665 228 11 14 0.0153
869 397 12 14 0.0152
558 634 12 12 0.0152
921 279 10 12 0.0151
73 300 11 16 0.0151
63 478 11 18 0.0151
388 3 9 10 0.0151
423 0 9 9 0.0150
849 141 9 15 0.0150
794 11 8 11 0.0149
965 0 9 11 0.0149
834 113 11 14 0.0149
723 176 10 13 0.0149
267 151 12 14 0.0149
390 62 9 11 0.0149
128 210 11 14 0.0149
910 307 10 13 0.0149
157 264 10 15 0.0147
295 128 10 13 0.0147
286 342 11 15 0.0147
414 175 11 13 0.0147
640 189 9 12 0.0147
316 2 9 12 0.0146
394 598 13 15 0.0146
149 299 11 13 0.0146
935 493 11 14 0.0145
537 2 8 10 0.0145
796 37 9 13 0.0144
123 48 9 13 0.0144
184 401 12 16 0.0143
996 381 11 11 0.0142
967 144 10 14 0.0141
278 562 13 15 0.0141
435 523 13 17 0.0141
677 66 9 12 0.0141
78 81 9 12 0.0141
186 64 10 14 0.0140
644 189 9 12 0.0139
807 150 9 12 0.0139
575 3 8 12 0.0139
799 3 9 10 0.0139
324 213 10 12 0.0138
423 334 12 17 0.0136
636 580 11 17 0.0136
172 47 8 11 0.0136
105 550 11 16 0.0136
730 417 13 19 0.0136
435 334 11 16 0.0135
36 0 10 9 0.0135
473 125 10 13 0.0135
842 49 10 13 0.0135
28 73 9 12 0.0134
573 128 9 12 0.0134
949 327 10 12 0.0134
496 27 8 10 0.0133
545 382 10 16 0.0133
379 48 9 12 0.0132
393 171 11 13 0.0131
1007 130 10 12 0.0131
156 92 10 14 0.0131
983 151 9 12 0.0131
153 267 9 13 0.0130
266 129 11 13 0.0130
623 532 14 19 0.0130
395 163 9 13 0.0129
127 48 9 12 0.0129
862 84 9 12 0.0128
533 50 8 11 0.0128
45 581 14 16 0.0128
883 326 10 15 0.0128
295 188 9 13 0.0127
74 49 9 13 0.0127
14 78 9 12 0.0126
608 184 11 14 0.0126
156 18 9 12 0.0126
960 21 9 11 0.0126
31 111 9 12 0.0125
293 69 10 14 0.0125
986 152 9 12 0.0125
847 213 10 13 0.0125
664 81 10 13 0.0124
491 585 12 17 0.0124
135 1 8 11 0.0124
717 508 11 15 0.0124
819 609 13 17 0.0124
412 104 10 12 0.0123
524 408 11 15 0.0123
437 230 11 15 0.0122
7 148 11 14 0.0122
594 607 11 14 0.0122
60 0 9 8 0.0122
35 97 9 12 0.0121
935 0 8 8 0.0121
717 155 11 14 0.0121
475 1 8 10 0.0121
844 146 10 13 0.0121
958 20 10 12 0.0120
980 101 9 12 0.0120
1006 352 12 15 0.0120
523 72 10 14 0.0119
1012 20 7 10 0.0118
842 72 10 13 0.0118
109 300 13 16 0.0117
882 142 10 14 0.0117
896 478 11 15 0.0117
806 149 9 13 0.0117
360 123 9 12 0.0117
109 551 9 14 0.0117
210 80 10 14 0.0116
839 149 10 13 0.0116
647 87 10 14 0.0116
560 61 10 12 0.0115
524 1 8 10 0.0114
762 599 12 17 0.0114
441 213 10 13 0.0114
501 68 9 14 0.0114
816 409 13 16 0.0113
982 149 9 13 0.0113
883 480 11 15 0.0113
700 366 11 14 0.0113
586 0 10 3 0.0113
870 174 10 13 0.0113
116 282 11 15 0.0112
991 1 9 10 0.0112
233 309 13 16 0.0112
748 44 9 12 0.0112
632 580 12 17 0.0112
523 131 9 12 0.0112
905 132 10 12 0.0112
406 12 9 12 0.0112
412 154 10 13 0.0111
925 0 9 8 0.0110
882 479 11 15 0.0109
982 152 10 13 0.0109
63 479 12 18 0.0109
946 0 9 9 0.0108
982 521 11 16 0.0108
913 176 9 12 0.0108
591 0 9 7 0.0107
288 41 10 13 0.0107
763 593 12 17 0.0107
544 381 12 15 0.0107
318 104 10 14 0.0107
190 2 10 13 0.0107
913 280 9 12 0.0107
1005 117 8 11 0.0106
362 121 10 13 0.0106
946 138 9 13 0.0106
289 558 13 17 0.0106
390 27 10 13 0.0106
292 554 13 17 0.0105
946 145 9 12 0.0105
296 146 9 13 0.0105
575 59 9 12 0.0104
765 598 11 17 0.0104
843 148 9 13 0.0104
741 350 12 15 0.0103
829 87 10 12 0.0103
155 23 10 14 0.0103
914 178 9 12 0.0103
848 47 9 14 0.0103
776 473 12 16 0.0102
184 407 11 15 0.0102
376 38 9 13 0.0102
148 439 13 19 0.0102
204 495 12 19 0.0102
158 260 10 14 0.0101
744 58 10 13 0.0101
209 77 11 14 0.0101
765 64 9 13 0.0101
240 201 11 14 0.0100
572 2 8 12 0.0100
155 76 10 13 0.0100
267 455 14 19 0.0100
