2_Demonstration_Protesters_2_508
56
952 174 31 37 0.8324
314 177 31 39 0.8109
716 167 38 39 0.8097
958 109 23 32 0.7993
988 144 26 31 0.7847
790 140 23 27 0.7566
869 140 25 45 0.7541
182 202 27 29 0.7443
653 155 21 27 0.6130
92 174 25 34 0.4659
240 181 23 35 0.4494
936 157 21 29 0.4458
938 157 23 30 0.4442
672 154 15 22 0.3265
26 183 19 27 0.3054
87 173 27 36 0.2671
656 155 20 27 0.2263
245 180 22 37 0.2218
28 182 22 30 0.1653
435 204 22 23 0.0928
371 90 17 18 0.0917
370 86 15 16 0.0766
584 144 19 24 0.0670
269 74 17 19 0.0668
667 153 17 24 0.0658
439 199 21 25 0.0593
544 171 25 35 0.0587
433 199 20 24 0.0565
439 203 24 26 0.0542
865 123 16 23 0.0479
29 185 18 27 0.0410
541 174 19 31 0.0404
504 236 24 36 0.0361
272 76 16 17 0.0349
670 152 15 22 0.0323
273 74 16 18 0.0319
362 91 15 17 0.0302
543 168 23 36 0.0295
100 176 24 32 0.0291
30 185 21 29 0.0234
582 147 21 30 0.0224
436 200 25 29 0.0219
362 88 11 14 0.0216
76 173 29 38 0.0201
441 208 27 33 0.0153
499 238 24 34 0.0147
434 205 28 34 0.0136
863 123 14 21 0.0128
376 86 13 15 0.0126
640 155 18 25 0.0121
496 207 13 16 0.0111
1015 195 9 30 0.0110
1018 198 6 34 0.0109
84 173 26 36 0.0106
453 196 20 26 0.0103
578 144 21 25 0.0103
