2_Demonstration_Political_Rally_2_335
484
313 321 52 66 0.8791
848 213 43 43 0.8751
0 227 31 47 0.8739
672 415 56 67 0.8735
788 566 66 83 0.8709
66 205 39 44 0.8689
353 501 60 72 0.8682
111 265 45 52 0.8674
277 324 39 52 0.8648
449 375 42 56 0.8647
160 258 34 43 0.8636
755 175 35 41 0.8604
86 234 44 51 0.8596
490 242 43 48 0.8574
825 481 68 70 0.8562
251 555 69 78 0.8552
332 425 63 66 0.8547
213 281 47 62 0.8524
6 329 47 56 0.8520
921 194 33 40 0.8518
328 103 31 36 0.8512
195 262 31 47 0.8500
34 217 32 41 0.8499
618 78 29 35 0.8497
110 145 28 32 0.8489
607 161 34 39 0.8484
737 442 60 81 0.8482
273 265 46 52 0.8482
659 126 31 37 0.8466
558 569 72 86 0.8460
234 227 41 43 0.8438
131 477 47 75 0.8437
1 402 57 64 0.8424
572 327 44 54 0.8419
943 115 30 35 0.8415
477 172 32 39 0.8415
243 174 33 36 0.8410
732 78 30 34 0.8410
579 60 28 27 0.8400
881 150 29 36 0.8392
172 187 41 43 0.8390
475 296 41 49 0.8379
147 146 31 39 0.8379
896 336 50 66 0.8369
878 308 36 51 0.8339
274 192 30 38 0.8329
663 230 39 40 0.8322
487 441 50 67 0.8321
706 318 45 58 0.8307
248 91 25 37 0.8299
462 650 41 32 0.8291
63 137 35 38 0.8273
780 198 34 40 0.8273
757 248 41 46 0.8266
891 216 33 40 0.8260
0 491 41 59 0.8200
699 211 36 42 0.8189
580 137 29 35 0.8181
340 56 22 28 0.8179
70 87 27 31 0.8168
745 140 25 33 0.8149
667 63 26 30 0.8147
72 396 46 59 0.8133
0 140 23 36 0.8118
548 221 37 40 0.8107
32 144 28 33 0.8050
521 195 31 41 0.8038
844 166 38 39 0.7991
860 115 24 29 0.7984
357 228 41 41 0.7970
147 227 30 36 0.7905
446 151 31 40 0.7892
0 72 20 25 0.7829
364 157 39 39 0.7801
486 126 30 34 0.7762
337 148 29 39 0.7761
865 63 24 27 0.7721
565 476 52 66 0.7677
537 259 31 37 0.7623
76 182 36 36 0.7610
664 177 37 38 0.7460
119 348 50 61 0.7425
828 426 42 54 0.7419
773 155 31 32 0.7251
650 79 21 27 0.7216
340 276 48 55 0.7098
137 97 29 32 0.6977
380 332 53 59 0.6974
39 77 26 29 0.6958
931 402 45 58 0.6939
568 115 24 27 0.6907
611 409 54 49 0.6671
832 55 21 24 0.6603
457 111 22 26 0.6588
186 112 27 33 0.6476
32 35 17 19 0.6316
932 30 16 21 0.6073
13 31 21 22 0.6073
910 6 17 20 0.5948
510 370 53 66 0.5944
817 73 25 26 0.5925
298 103 28 33 0.5884
266 147 25 27 0.5833
688 119 23 28 0.5819
778 51 20 30 0.5782
819 104 30 33 0.5695
180 23 19 24 0.5687
881 80 22 27 0.5659
203 628 40 53 0.5616
574 191 35 41 0.5606
66 62 25 27 0.5525
987 4 19 22 0.5479
644 234 25 33 0.5437
410 90 20 29 0.5398
462 267 28 35 0.5341
660 520 66 79 0.5282
333 33 17 23 0.5253
369 203 38 47 0.5031
27 0 18 13 0.5030
276 248 40 40 0.4796
906 62 16 22 0.4755
157 400 52 66 0.4582
638 130 23 28 0.4570
0 559 40 93 0.4524
316 191 22 32 0.4511
406 64 18 24 0.4476
171 74 20 22 0.4428
922 96 18 25 0.4380
738 24 19 23 0.4365
1016 289 8 39 0.4269
23 76 17 25 0.4178
661 38 16 19 0.4150
802 123 26 29 0.4074
473 54 20 26 0.4045
802 122 26 30 0.3913
213 9 14 18 0.3787
543 301 34 47 0.3718
191 55 20 25 0.3644
588 105 22 25 0.3558
74 44 20 22 0.3404
30 0 17 13 0.3261
0 23 10 19 0.3213
736 23 19 24 0.3176
648 302 36 37 0.3153
989 4 19 22 0.3105
858 43 19 23 0.3104
232 2 15 22 0.3008
461 266 28 37 0.2854
413 90 20 28 0.2747
664 38 17 21 0.2742
479 30 18 21 0.2659
908 62 17 23 0.2657
281 427 49 61 0.2621
65 61 25 27 0.2600
717 75 14 18 0.2554
612 410 54 49 0.2501
222 216 27 35 0.2489
210 9 14 18 0.2435
406 257 51 62 0.2429
643 235 22 31 0.2403
304 49 16 22 0.2372
171 74 22 23 0.2360
475 29 19 22 0.2297
16 31 21 21 0.2248
157 402 52 63 0.2233
38 76 25 29 0.2231
347 205 35 37 0.2206
198 56 16 23 0.2150
119 349 51 60 0.2139
307 50 16 22 0.2125
104 533 42 60 0.2121
65 27 19 22 0.1889
363 156 39 40 0.1881
129 120 22 24 0.1817
64 25 17 19 0.1802
15 50 22 23 0.1783
281 167 33 36 0.1750
756 12 13 15 0.1735
690 65 17 21 0.1724
16 49 21 22 0.1607
466 28 14 20 0.1513
694 120 19 26 0.1507
787 123 26 28 0.1489
169 75 21 22 0.1478
687 62 17 22 0.1470
309 104 22 32 0.1467
826 189 27 31 0.1422
178 22 18 25 0.1344
27 55 21 23 0.1330
509 370 52 65 0.1309
591 104 22 25 0.1305
835 55 21 24 0.1286
475 54 22 27 0.1267
837 186 26 34 0.1222
324 251 26 35 0.1202
818 179 23 31 0.1179
407 258 51 62 0.1166
913 6 17 20 0.1162
777 96 20 20 0.1135
679 205 32 35 0.1125
248 397 39 46 0.1124
404 63 17 23 0.1117
183 21 19 25 0.1116
215 503 43 57 0.1110
65 6 17 19 0.1085
675 205 32 34 0.1077
787 125 30 30 0.1058
616 55 16 18 0.1043
21 52 24 26 0.1042
565 114 23 27 0.1020
207 502 41 59 0.1014
474 422 36 50 0.1009
754 53 17 20 0.1003
102 527 43 65 0.0971
400 425 32 53 0.0967
467 127 22 25 0.0966
916 23 15 18 0.0956
925 96 20 26 0.0945
0 117 15 30 0.0940
279 168 31 33 0.0912
293 104 28 32 0.0907
474 426 32 43 0.0876
317 251 30 38 0.0869
400 430 34 52 0.0866
0 26 12 22 0.0863
969 0 13 15 0.0832
22 75 17 25 0.0830
816 174 21 27 0.0814
445 151 31 40 0.0814
281 427 50 62 0.0800
715 126 19 29 0.0799
718 8 13 18 0.0796
168 146 35 35 0.0789
337 31 17 24 0.0772
291 92 27 34 0.0761
487 440 46 67 0.0731
475 431 35 46 0.0731
14 48 20 22 0.0703
168 150 37 37 0.0696
546 302 36 47 0.0692
861 44 19 23 0.0681
718 76 16 21 0.0681
777 125 30 31 0.0680
783 13 13 15 0.0676
785 16 13 16 0.0671
693 304 37 41 0.0665
236 2 14 22 0.0663
63 60 23 26 0.0661
24 495 36 57 0.0638
118 41 16 20 0.0632
70 7 16 18 0.0627
116 66 17 24 0.0616
12 405 49 60 0.0608
476 438 30 40 0.0607
597 42 15 19 0.0594
0 112 10 28 0.0588
930 402 46 58 0.0587
183 54 17 21 0.0587
859 35 16 19 0.0565
694 298 35 39 0.0563
102 41 15 19 0.0563
68 25 17 19 0.0560
211 92 21 26 0.0555
788 29 15 20 0.0555
510 370 48 63 0.0555
548 220 37 40 0.0549
587 100 21 24 0.0535
346 207 28 30 0.0521
1020 291 4 42 0.0518
785 30 14 18 0.0515
754 52 15 18 0.0508
222 218 21 26 0.0507
970 12 15 22 0.0502
1018 19 6 24 0.0497
222 501 49 57 0.0486
444 136 26 31 0.0485
965 0 13 15 0.0481
215 39 17 23 0.0481
131 119 28 27 0.0472
334 35 19 25 0.0471
0 166 9 29 0.0469
223 214 24 31 0.0462
772 54 18 26 0.0458
963 2 16 21 0.0454
291 91 21 25 0.0451
184 23 20 25 0.0440
166 128 31 33 0.0436
760 12 11 14 0.0428
298 94 27 36 0.0426
713 124 17 27 0.0417
912 20 17 21 0.0404
380 332 53 58 0.0404
967 7 17 24 0.0404
853 49 21 30 0.0398
357 113 19 24 0.0389
103 64 16 21 0.0389
965 13 15 22 0.0388
123 69 14 21 0.0387
466 27 11 17 0.0385
933 58 18 24 0.0384
822 187 24 30 0.0381
468 116 24 29 0.0379
733 24 20 24 0.0377
787 14 13 14 0.0370
247 395 37 47 0.0360
584 195 31 39 0.0360
118 16 11 15 0.0357
692 65 17 22 0.0351
174 147 32 30 0.0350
822 185 26 32 0.0346
752 0 14 10 0.0339
463 125 24 28 0.0336
817 73 27 29 0.0332
472 60 21 28 0.0331
653 96 22 30 0.0325
465 155 27 35 0.0322
930 63 21 25 0.0319
206 92 21 26 0.0314
782 52 22 30 0.0313
0 177 9 31 0.0312
540 151 36 36 0.0309
28 36 19 22 0.0305
322 55 15 19 0.0304
632 300 36 40 0.0301
884 80 23 27 0.0301
477 0 15 7 0.0298
768 129 24 28 0.0296
276 251 45 51 0.0294
561 101 23 26 0.0291
123 40 14 21 0.0288
81 45 15 19 0.0287
402 64 18 25 0.0287
470 28 14 17 0.0286
249 399 44 47 0.0286
593 42 16 19 0.0282
323 191 17 31 0.0278
471 52 17 22 0.0275
788 16 13 15 0.0273
743 0 14 10 0.0272
752 13 14 17 0.0270
691 11 13 16 0.0268
693 308 26 29 0.0263
214 38 14 19 0.0262
47 374 45 57 0.0262
808 123 23 29 0.0260
542 145 34 34 0.0258
863 35 16 20 0.0258
299 50 18 23 0.0256
1014 289 10 40 0.0255
68 28 19 23 0.0255
77 43 18 21 0.0252
463 55 15 22 0.0252
795 326 34 47 0.0251
323 250 26 36 0.0247
954 32 18 22 0.0247
405 424 34 55 0.0247
23 492 36 54 0.0246
110 60 19 25 0.0244
907 42 16 18 0.0240
824 0 12 14 0.0239
117 14 11 15 0.0237
722 9 12 16 0.0236
935 0 12 9 0.0236
468 31 17 22 0.0234
827 0 12 14 0.0233
481 0 13 7 0.0231
924 65 17 22 0.0229
721 10 14 18 0.0229
124 75 15 22 0.0226
549 142 30 33 0.0225
784 0 13 13 0.0222
27 59 21 25 0.0218
173 152 34 34 0.0216
643 301 34 34 0.0216
193 113 22 31 0.0215
779 51 16 24 0.0215
821 98 28 31 0.0214
214 281 46 62 0.0214
101 62 15 21 0.0213
820 73 25 26 0.0212
788 0 14 14 0.0206
248 396 44 48 0.0206
535 302 31 43 0.0197
913 26 14 18 0.0188
211 38 17 21 0.0186
496 0 12 16 0.0186
808 120 24 30 0.0181
346 145 27 37 0.0179
133 123 26 29 0.0176
0 666 6 20 0.0176
821 106 29 34 0.0176
0 13 11 18 0.0175
931 26 16 19 0.0171
182 58 21 27 0.0171
119 75 16 22 0.0170
1 402 48 63 0.0167
406 430 36 53 0.0166
631 299 29 32 0.0166
739 60 23 25 0.0166
233 0 12 16 0.0164
495 129 30 31 0.0164
732 22 18 23 0.0163
65 41 22 23 0.0161
1 561 29 87 0.0161
596 39 15 19 0.0160
1011 285 13 47 0.0160
928 30 16 21 0.0160
122 8 15 21 0.0159
1012 304 12 48 0.0158
336 668 39 16 0.0157
1019 22 5 24 0.0157
471 415 33 53 0.0155
498 0 13 19 0.0155
469 56 19 26 0.0154
74 0 15 14 0.0154
852 43 17 22 0.0153
107 62 18 24 0.0153
209 89 20 27 0.0152
168 74 20 22 0.0152
730 62 21 24 0.0152
357 111 17 23 0.0149
619 55 15 18 0.0148
100 38 13 20 0.0147
928 62 16 23 0.0146
121 15 12 17 0.0146
695 64 15 19 0.0146
324 64 17 20 0.0145
861 63 22 27 0.0144
699 293 40 45 0.0144
674 261 26 31 0.0141
338 669 40 15 0.0139
335 33 19 25 0.0137
692 15 13 17 0.0132
291 108 28 32 0.0132
540 0 10 7 0.0132
818 104 28 33 0.0130
239 34 14 24 0.0129
409 63 18 24 0.0129
656 99 24 29 0.0128
728 71 21 27 0.0128
0 397 21 52 0.0127
583 190 31 41 0.0124
104 40 15 19 0.0123
1018 257 6 33 0.0121
164 126 27 28 0.0121
164 130 29 35 0.0120
152 21 12 16 0.0120
11 309 42 43 0.0120
616 53 13 15 0.0119
2 19 14 18 0.0118
211 10 15 19 0.0118
780 14 12 15 0.0117
21 305 46 45 0.0117
286 39 15 20 0.0117
777 122 25 29 0.0116
283 164 30 30 0.0116
288 102 27 34 0.0115
750 0 12 7 0.0115
769 95 22 21 0.0115
777 99 23 24 0.0115
905 39 15 18 0.0114
285 42 13 18 0.0113
581 117 28 33 0.0113
136 54 15 20 0.0113
300 89 24 28 0.0112
824 2 13 17 0.0112
288 89 24 31 0.0111
268 148 26 26 0.0111
493 2 11 16 0.0111
560 108 21 27 0.0111
62 11 14 15 0.0110
928 32 18 21 0.0110
539 5 11 17 0.0110
758 14 13 15 0.0109
695 12 13 15 0.0107
712 164 23 27 0.0107
311 48 14 21 0.0107
677 199 31 32 0.0105
592 38 15 20 0.0105
165 406 48 58 0.0104
481 438 36 60 0.0103
0 653 6 33 0.0103
656 89 21 26 0.0103
927 266 24 34 0.0102
