2_Demonstration_Political_Rally_2_577
21
177 1095 29 34 0.8213
933 1252 33 36 0.8088
373 1119 29 39 0.8077
640 1182 26 34 0.7902
80 1082 32 37 0.7790
479 1141 29 33 0.6059
481 1141 29 33 0.5641
552 1148 27 35 0.5464
867 1237 26 28 0.5044
748 1200 21 29 0.4458
556 1149 27 33 0.4182
863 1237 26 28 0.3270
745 1200 21 28 0.2996
719 1198 21 27 0.2449
751 1200 20 28 0.1429
752 1201 20 28 0.0551
477 1141 29 34 0.0499
716 1199 19 24 0.0497
843 1237 20 23 0.0339
723 1200 20 27 0.0310
715 1200 21 26 0.0106
