2_Demonstration_Protesters_2_901
104
580 170 36 46 0.7964
788 345 60 64 0.7642
278 352 50 66 0.7510
903 682 70 107 0.7433
409 353 41 53 0.7430
518 646 69 114 0.7066
680 336 46 53 0.6750
150 342 43 58 0.6484
468 641 64 105 0.6318
540 192 30 39 0.5815
604 358 43 51 0.5598
448 343 51 63 0.5404
536 439 31 62 0.4853
491 335 36 51 0.3168
600 361 45 51 0.2862
886 0 44 27 0.2685
723 201 42 50 0.2604
492 334 36 50 0.2601
679 337 43 51 0.2600
447 342 53 65 0.2447
1 188 28 37 0.1838
818 771 108 59 0.1683
0 552 29 85 0.1601
820 106 35 48 0.1532
533 439 34 62 0.1455
0 362 19 48 0.1407
36 337 41 55 0.1289
841 94 42 59 0.1052
886 0 52 27 0.1037
734 643 68 115 0.1017
0 366 19 44 0.0985
924 507 32 38 0.0844
944 676 69 105 0.0815
72 306 39 46 0.0763
0 188 22 36 0.0753
29 338 38 52 0.0632
0 358 29 49 0.0548
835 92 48 63 0.0532
817 108 30 45 0.0485
886 0 44 26 0.0478
850 86 46 65 0.0464
0 353 21 49 0.0459
0 354 26 55 0.0456
30 196 25 31 0.0395
887 0 49 25 0.0388
746 376 37 43 0.0372
32 197 26 32 0.0357
15 263 36 46 0.0350
915 507 36 41 0.0350
941 667 72 113 0.0337
826 96 50 60 0.0332
594 363 41 48 0.0316
519 646 69 115 0.0298
751 377 37 42 0.0288
298 673 53 65 0.0259
42 336 39 55 0.0254
36 342 41 54 0.0251
490 333 34 48 0.0242
834 663 39 64 0.0239
44 342 38 53 0.0237
327 321 27 36 0.0232
27 343 42 54 0.0231
0 187 14 30 0.0224
27 354 39 46 0.0216
885 0 30 26 0.0216
39 353 37 45 0.0211
123 723 77 106 0.0208
0 556 28 72 0.0204
935 504 28 40 0.0194
959 690 56 77 0.0192
244 118 28 32 0.0192
752 541 48 53 0.0179
480 637 52 73 0.0176
0 349 18 44 0.0175
468 644 62 103 0.0164
122 413 31 37 0.0156
0 351 29 51 0.0155
818 777 85 52 0.0154
328 322 30 42 0.0153
0 360 23 56 0.0149
697 203 23 33 0.0146
27 605 41 65 0.0144
33 607 45 64 0.0140
937 648 77 124 0.0131
946 566 37 50 0.0128
821 787 87 43 0.0127
142 336 41 58 0.0125
235 117 33 33 0.0125
548 444 31 57 0.0122
151 323 42 59 0.0121
155 315 35 51 0.0118
130 412 28 38 0.0116
965 688 45 69 0.0113
17 337 37 52 0.0113
120 598 35 58 0.0112
675 338 35 47 0.0112
478 338 41 59 0.0110
728 175 25 29 0.0108
943 650 45 62 0.0104
125 596 38 62 0.0104
728 173 21 25 0.0104
271 585 55 59 0.0104
622 360 30 46 0.0102
641 509 34 56 0.0101
