2_Demonstration_Political_Rally_2_545
38
107 77 74 85 0.8698
450 107 61 73 0.8681
714 141 47 55 0.8654
332 80 62 74 0.8637
192 86 53 61 0.8586
536 159 38 47 0.8329
917 147 68 100 0.8316
927 86 61 75 0.8210
659 149 38 46 0.7964
590 144 28 33 0.7863
290 139 30 34 0.7791
784 145 31 48 0.6808
675 191 50 57 0.6403
829 129 43 54 0.5509
571 168 20 27 0.5038
501 141 32 55 0.4701
760 154 24 32 0.1715
676 191 49 56 0.1575
329 129 23 30 0.1548
511 143 25 53 0.1122
756 154 22 34 0.0612
329 132 27 36 0.0392
861 176 64 87 0.0354
781 150 26 40 0.0308
579 169 15 23 0.0227
759 152 24 32 0.0217
782 161 24 35 0.0210
785 165 32 43 0.0205
509 140 24 53 0.0182
328 121 22 31 0.0162
639 156 20 29 0.0156
517 150 26 50 0.0152
265 158 21 22 0.0131
325 133 17 25 0.0124
560 163 26 34 0.0124
491 139 36 53 0.0116
755 161 24 33 0.0111
760 160 25 31 0.0108
