2_Demonstration_Protesters_2_369
25
537 381 117 125 0.8819
961 199 63 105 0.8609
280 451 109 110 0.8449
659 313 39 46 0.8093
604 269 28 28 0.8000
609 305 34 42 0.7793
187 89 44 50 0.7658
640 355 50 62 0.7321
736 459 48 70 0.7092
61 516 85 102 0.4884
698 283 23 26 0.2165
422 54 15 20 0.1782
459 50 12 14 0.1419
457 50 11 14 0.1255
643 353 46 63 0.1098
735 459 45 67 0.0851
695 284 19 23 0.0743
329 386 37 62 0.0477
311 383 47 67 0.0466
303 382 53 67 0.0340
420 54 13 17 0.0283
735 458 44 68 0.0156
427 56 13 19 0.0147
637 261 17 21 0.0145
694 285 24 29 0.0133
