2_Demonstration_Demonstrators_2_547
35
218 137 54 67 0.8768
0 211 27 44 0.8662
683 136 54 81 0.8572
641 160 44 58 0.8498
484 163 41 49 0.8424
170 156 46 59 0.8296
879 178 39 46 0.8260
457 199 30 41 0.8155
935 201 28 38 0.8027
411 189 35 44 0.7832
987 205 30 56 0.7784
822 135 44 59 0.7753
732 203 26 33 0.5853
764 212 25 32 0.5782
588 231 34 42 0.3062
799 205 19 24 0.1695
989 205 29 54 0.1485
796 205 18 23 0.1336
772 209 19 25 0.0930
917 185 25 32 0.0473
769 211 23 31 0.0377
193 175 35 46 0.0359
588 229 33 40 0.0339
26 245 43 44 0.0318
358 195 33 40 0.0262
362 194 27 30 0.0245
205 180 26 40 0.0232
132 201 25 33 0.0174
765 209 22 29 0.0157
404 221 25 31 0.0152
32 245 37 40 0.0146
0 328 6 27 0.0136
799 206 23 30 0.0122
916 184 22 31 0.0116
484 202 33 42 0.0113
