2_Demonstration_Demonstration_Or_Protest_2_430
39
288 206 54 70 0.8694
109 240 50 65 0.8678
609 127 48 67 0.8642
491 137 60 86 0.8622
679 120 58 87 0.8570
857 218 55 62 0.8523
657 106 42 65 0.8175
13 364 60 75 0.7379
0 137 16 67 0.7320
352 183 47 59 0.7117
857 167 49 60 0.6864
352 182 48 60 0.6616
763 146 49 59 0.6218
236 217 33 39 0.3948
813 120 25 46 0.1557
967 510 48 63 0.1307
58 215 21 25 0.0797
762 144 50 61 0.0758
830 130 31 47 0.0735
814 122 29 45 0.0592
0 136 19 70 0.0585
970 515 42 57 0.0560
819 122 28 48 0.0506
826 126 29 47 0.0480
405 182 48 57 0.0304
58 215 18 20 0.0290
728 75 7 8 0.0213
58 221 22 30 0.0213
814 115 23 40 0.0204
725 75 7 8 0.0202
805 122 26 42 0.0189
501 96 36 44 0.0183
988 170 36 48 0.0155
990 180 33 39 0.0150
764 129 44 58 0.0149
814 119 34 53 0.0148
609 127 48 68 0.0145
405 182 47 58 0.0141
152 243 29 45 0.0117
