2_Demonstration_Demonstration_Or_Protest_2_117
300
700 451 32 44 0.8569
803 454 33 34 0.8423
937 471 32 39 0.8408
662 417 29 36 0.8331
780 527 29 30 0.8321
516 437 27 35 0.8278
610 456 28 35 0.8267
165 418 21 26 0.8266
439 427 25 31 0.8256
913 610 34 42 0.8222
15 525 27 31 0.8176
63 414 20 28 0.8057
882 489 37 43 0.8051
627 411 23 28 0.8009
598 431 24 32 0.7984
971 431 26 33 0.7879
174 386 19 23 0.7762
283 438 21 30 0.7591
227 412 23 30 0.7571
128 428 21 25 0.7569
374 421 23 32 0.7555
372 367 15 17 0.7406
433 404 20 25 0.7333
23 414 22 28 0.6820
201 364 13 17 0.5389
667 330 12 16 0.5299
531 377 20 27 0.5093
435 331 11 13 0.5079
409 354 15 16 0.4822
992 265 17 22 0.4807
138 346 12 14 0.4394
277 335 13 15 0.4278
362 346 14 15 0.4253
184 344 12 15 0.4199
781 308 10 12 0.4151
64 331 12 15 0.4130
489 361 17 24 0.3874
187 343 12 16 0.3859
365 346 13 15 0.3639
495 327 11 14 0.3517
989 265 17 22 0.3405
297 352 13 17 0.3313
275 335 12 15 0.3306
748 278 10 13 0.3091
830 291 7 10 0.3009
758 297 9 12 0.2948
681 323 10 12 0.2930
751 278 10 13 0.2925
491 361 18 24 0.2908
422 335 10 13 0.2811
135 345 12 15 0.2768
812 291 7 9 0.2680
39 308 9 11 0.2680
791 294 9 10 0.2661
684 323 10 12 0.2630
37 308 9 11 0.2603
780 295 9 10 0.2569
769 313 9 11 0.2556
827 292 7 9 0.2550
492 327 11 14 0.2503
784 308 10 12 0.2356
652 316 10 12 0.2352
766 313 9 12 0.2290
379 332 10 12 0.2246
767 312 9 12 0.2197
198 364 13 17 0.2192
382 332 10 12 0.2125
511 319 8 10 0.2124
47 239 12 14 0.2110
669 312 8 10 0.2072
671 313 9 10 0.2035
43 239 13 14 0.1995
528 378 18 25 0.1976
508 319 8 11 0.1897
419 335 10 13 0.1856
777 294 9 10 0.1849
648 316 10 12 0.1838
95 309 10 12 0.1760
682 300 9 10 0.1723
98 310 10 12 0.1674
684 300 9 11 0.1664
686 301 9 11 0.1573
761 299 8 11 0.1564
730 392 16 22 0.1564
407 364 15 19 0.1478
187 430 19 24 0.1463
447 348 11 15 0.1426
611 310 11 12 0.1422
300 352 12 17 0.1399
685 300 9 11 0.1390
339 404 18 24 0.1364
188 328 11 14 0.1273
449 351 11 14 0.1268
711 331 8 11 0.1236
612 313 11 13 0.1220
809 291 7 9 0.1212
104 318 9 12 0.1189
381 397 15 19 0.1174
51 401 14 19 0.1165
62 331 11 15 0.1141
797 283 8 9 0.1091
714 331 9 11 0.1057
173 330 10 12 0.1041
2 401 17 22 0.1007
382 399 18 24 0.0960
609 314 10 12 0.0950
422 337 11 14 0.0935
178 329 12 14 0.0914
6 401 18 21 0.0913
643 309 9 10 0.0903
603 305 8 11 0.0874
773 283 8 10 0.0863
418 337 11 14 0.0863
408 322 8 11 0.0849
155 347 10 13 0.0843
42 308 8 11 0.0808
482 332 10 14 0.0797
337 404 15 22 0.0779
1 656 19 6 0.0773
406 322 7 10 0.0768
778 282 8 10 0.0716
442 351 11 16 0.0699
599 305 9 11 0.0698
671 313 9 10 0.0666
896 269 7 10 0.0661
760 322 8 10 0.0639
898 269 8 10 0.0635
489 316 8 10 0.0630
466 312 8 9 0.0627
665 329 10 16 0.0616
66 320 9 11 0.0600
438 331 10 12 0.0576
419 336 11 13 0.0548
66 331 12 15 0.0539
778 294 7 10 0.0532
809 291 8 9 0.0525
664 300 8 9 0.0521
734 393 16 21 0.0514
828 289 8 10 0.0509
469 312 8 9 0.0497
826 292 7 9 0.0494
160 353 10 13 0.0493
826 290 7 9 0.0486
82 400 17 25 0.0484
682 324 11 13 0.0483
650 316 9 11 0.0478
373 421 23 32 0.0470
819 259 6 9 0.0466
97 311 10 14 0.0464
441 348 11 15 0.0461
346 332 11 14 0.0459
156 352 11 13 0.0458
661 302 7 8 0.0457
600 314 9 11 0.0448
106 319 9 13 0.0444
821 259 7 9 0.0443
646 327 10 13 0.0431
414 354 12 15 0.0419
829 280 7 10 0.0418
384 334 9 11 0.0411
835 474 27 31 0.0405
406 354 12 15 0.0405
489 360 13 19 0.0404
3 657 23 5 0.0401
707 315 9 12 0.0400
158 349 10 12 0.0396
470 315 9 11 0.0394
640 308 9 11 0.0385
341 408 17 24 0.0374
492 324 9 13 0.0370
385 333 10 11 0.0365
670 330 11 15 0.0361
491 317 8 10 0.0358
467 314 9 12 0.0355
779 308 10 12 0.0351
502 306 8 9 0.0345
4 397 19 23 0.0345
484 336 10 11 0.0344
928 281 9 13 0.0333
931 281 10 13 0.0333
41 309 9 12 0.0329
649 315 8 10 0.0327
730 395 18 24 0.0317
784 309 10 11 0.0317
228 359 13 17 0.0314
78 388 17 25 0.0313
50 400 14 19 0.0306
189 433 19 25 0.0306
404 365 13 18 0.0303
203 331 10 13 0.0300
601 307 9 11 0.0294
434 407 22 28 0.0293
711 317 9 11 0.0288
601 304 8 9 0.0284
171 329 9 10 0.0284
290 351 11 16 0.0281
294 349 12 16 0.0275
503 329 10 12 0.0273
697 301 8 10 0.0272
703 316 9 10 0.0271
152 427 16 20 0.0270
413 355 14 19 0.0267
519 315 8 11 0.0266
823 260 6 8 0.0264
707 313 8 11 0.0261
105 315 9 13 0.0254
200 339 11 16 0.0254
615 311 9 11 0.0253
468 312 9 11 0.0248
647 331 11 13 0.0242
686 324 10 12 0.0241
183 326 11 13 0.0232
512 298 9 12 0.0226
437 332 10 13 0.0225
511 318 9 11 0.0225
187 326 11 13 0.0224
37 309 9 11 0.0223
711 314 8 10 0.0222
105 323 9 12 0.0219
0 504 7 24 0.0213
63 322 9 12 0.0210
908 291 7 9 0.0210
642 304 8 10 0.0210
914 265 7 9 0.0209
64 319 8 10 0.0208
204 202 6 7 0.0207
207 201 6 8 0.0207
3 402 20 27 0.0206
648 279 6 7 0.0200
337 409 16 24 0.0199
481 337 10 13 0.0197
64 644 35 18 0.0196
81 390 18 25 0.0196
911 291 7 10 0.0196
343 332 10 14 0.0194
379 396 13 18 0.0194
156 336 9 12 0.0191
1 396 15 24 0.0191
431 330 9 11 0.0190
917 266 7 8 0.0187
913 262 7 9 0.0185
452 347 11 15 0.0185
767 277 8 9 0.0176
79 384 12 16 0.0176
223 415 18 26 0.0176
645 280 6 7 0.0175
899 271 8 9 0.0172
670 287 8 9 0.0171
0 449 13 30 0.0167
598 303 7 9 0.0166
205 325 9 10 0.0166
822 260 7 9 0.0162
519 313 8 10 0.0162
338 395 19 25 0.0162
195 431 16 22 0.0158
898 268 8 9 0.0157
76 652 34 10 0.0156
228 360 16 20 0.0155
349 333 10 12 0.0154
1016 266 8 18 0.0151
895 272 7 10 0.0151
639 311 9 11 0.0145
421 363 13 17 0.0145
714 370 17 21 0.0144
825 259 7 9 0.0143
457 327 9 11 0.0143
0 410 7 22 0.0142
629 334 12 14 0.0142
344 334 11 13 0.0139
68 319 10 12 0.0138
93 311 9 11 0.0135
36 310 9 11 0.0135
504 302 8 10 0.0135
916 262 8 9 0.0135
819 261 7 8 0.0132
1016 272 8 18 0.0131
684 335 10 12 0.0131
163 334 10 14 0.0130
383 329 9 12 0.0125
534 376 22 29 0.0124
123 386 16 23 0.0123
80 385 14 21 0.0122
61 332 12 14 0.0118
129 449 16 19 0.0117
412 321 8 11 0.0117
887 242 13 18 0.0117
300 349 11 15 0.0115
959 259 11 13 0.0115
444 355 12 15 0.0112
475 336 10 12 0.0111
433 330 10 12 0.0111
750 277 9 10 0.0109
395 326 10 11 0.0107
224 359 12 16 0.0107
891 243 12 16 0.0107
135 343 12 15 0.0107
205 201 6 7 0.0104
593 284 7 9 0.0103
716 331 10 11 0.0103
65 317 9 10 0.0100
