2_Demonstration_Protesters_2_57
39
30 237 32 43 0.8725
223 226 38 43 0.8714
385 232 37 50 0.8693
72 221 38 47 0.8587
711 190 32 41 0.8582
513 256 32 40 0.8576
932 259 24 37 0.8137
362 261 26 33 0.8035
654 240 30 35 0.7674
901 230 24 37 0.5606
802 263 26 33 0.4840
571 295 28 33 0.4270
898 230 22 36 0.1342
162 283 28 39 0.1288
480 268 26 32 0.1279
453 274 12 19 0.1193
449 277 17 26 0.1152
482 270 27 32 0.0887
0 285 4 27 0.0854
458 274 9 16 0.0744
489 266 27 34 0.0618
476 268 17 27 0.0481
898 229 19 37 0.0479
968 279 22 28 0.0468
0 285 6 31 0.0434
551 282 14 22 0.0309
489 269 28 34 0.0238
474 271 24 31 0.0230
455 277 14 25 0.0230
572 295 28 33 0.0196
485 267 27 33 0.0164
976 279 19 26 0.0145
442 273 21 28 0.0136
165 284 28 37 0.0134
557 283 10 19 0.0125
23 274 18 22 0.0123
823 234 23 37 0.0104
575 298 29 38 0.0103
460 273 13 22 0.0102
