2_Demonstration_Demonstration_Or_Protest_2_476
2048
922 624 24 29 0.8501
992 593 25 32 0.8375
624 562 26 30 0.8346
824 587 27 31 0.8341
782 504 25 28 0.8335
138 495 20 26 0.8325
696 603 28 28 0.8287
276 500 20 28 0.8282
213 649 27 29 0.8235
751 469 22 25 0.8229
997 522 24 26 0.8218
904 389 21 24 0.8172
192 552 22 28 0.8152
880 474 22 26 0.8140
524 567 22 29 0.8137
639 372 22 25 0.8135
332 494 22 26 0.8121
515 398 23 26 0.8116
827 433 22 26 0.8115
802 415 23 23 0.8111
877 536 24 30 0.8104
469 543 22 25 0.8064
492 649 28 29 0.8042
627 456 22 27 0.8031
329 617 22 28 0.8008
884 417 20 26 0.8006
757 579 27 30 0.7987
678 465 22 24 0.7982
425 490 25 27 0.7974
950 445 23 27 0.7961
420 406 21 23 0.7954
35 417 23 23 0.7933
305 610 20 24 0.7926
652 496 22 25 0.7908
931 404 22 23 0.7898
228 425 18 25 0.7891
580 436 22 25 0.7888
390 604 20 27 0.7867
915 320 19 22 0.7854
109 427 21 23 0.7851
217 480 18 23 0.7830
907 238 17 19 0.7826
200 447 21 23 0.7825
190 326 17 19 0.7815
946 291 19 22 0.7814
434 300 18 21 0.7810
525 467 18 23 0.7803
991 376 21 23 0.7788
665 364 19 20 0.7771
691 377 21 24 0.7728
462 429 20 22 0.7718
708 548 24 30 0.7708
521 301 18 20 0.7693
576 363 18 22 0.7692
907 292 18 22 0.7688
556 469 19 26 0.7686
934 227 17 18 0.7681
64 439 18 22 0.7674
127 291 15 18 0.7669
51 254 17 19 0.7659
138 381 17 20 0.7650
788 445 20 24 0.7641
672 430 23 25 0.7632
101 304 16 19 0.7628
331 431 22 25 0.7625
730 509 20 23 0.7577
252 344 19 21 0.7557
501 497 23 25 0.7547
656 532 23 28 0.7541
385 277 15 19 0.7531
623 304 19 20 0.7525
954 386 20 23 0.7480
193 499 20 26 0.7462
238 311 18 22 0.7460
372 294 16 19 0.7439
753 263 18 21 0.7434
365 403 20 23 0.7404
640 430 19 21 0.7399
123 358 17 22 0.7390
174 303 17 21 0.7359
507 331 19 20 0.7354
139 470 21 21 0.7319
986 323 19 22 0.7305
305 344 18 20 0.7304
811 643 24 27 0.7286
589 624 26 28 0.7213
510 215 16 17 0.7204
322 252 15 19 0.7194
327 332 19 22 0.7181
573 505 22 27 0.7169
283 405 18 23 0.7137
754 294 18 20 0.7135
827 180 15 17 0.7121
10 330 15 21 0.7121
187 638 23 25 0.7117
279 556 20 22 0.7104
974 225 17 19 0.7088
500 350 18 22 0.7088
423 342 15 19 0.7068
857 177 15 17 0.7023
910 217 14 17 0.7018
403 456 23 27 0.6999
457 263 15 21 0.6977
441 344 19 23 0.6964
366 323 19 21 0.6961
320 200 13 17 0.6957
276 294 18 20 0.6946
494 294 17 21 0.6915
801 320 18 21 0.6894
663 216 15 18 0.6876
691 214 16 18 0.6876
268 227 14 17 0.6832
13 250 15 19 0.6829
601 156 14 16 0.6829
865 391 21 24 0.6795
313 371 19 22 0.6784
956 501 21 22 0.6770
458 242 15 16 0.6765
384 223 16 18 0.6753
664 245 16 17 0.6753
486 383 20 21 0.6743
88 261 14 19 0.6672
146 430 20 22 0.6652
443 462 18 21 0.6610
909 188 13 16 0.6607
84 420 17 20 0.6603
741 236 16 19 0.6549
326 294 19 21 0.6528
103 402 19 22 0.6499
735 421 20 22 0.6477
280 431 20 24 0.6469
475 282 16 21 0.6465
986 414 21 25 0.6455
195 236 13 17 0.6423
577 328 19 21 0.6395
945 361 21 23 0.6384
622 265 17 19 0.6372
294 245 13 16 0.6346
386 188 14 18 0.6298
888 359 19 22 0.6289
207 376 16 19 0.6287
371 557 20 25 0.6283
46 379 16 19 0.6279
87 192 15 17 0.6268
246 485 22 25 0.6195
4 652 22 26 0.6153
167 349 17 20 0.6148
281 359 18 21 0.6102
28 223 15 17 0.6062
62 550 22 25 0.6046
516 608 20 25 0.6026
187 429 17 21 0.6001
255 245 13 16 0.5972
562 283 14 16 0.5965
969 207 14 17 0.5956
437 212 15 16 0.5935
738 448 20 23 0.5927
842 265 16 17 0.5899
214 278 14 17 0.5899
303 276 14 18 0.5888
417 265 17 21 0.5886
522 285 15 16 0.5879
398 433 21 22 0.5876
244 387 17 20 0.5866
562 151 13 15 0.5856
45 280 17 18 0.5855
538 180 14 15 0.5845
430 367 16 21 0.5835
264 428 17 27 0.5814
700 245 15 17 0.5758
179 161 14 14 0.5750
377 376 17 20 0.5739
558 228 16 19 0.5714
361 248 16 19 0.5688
448 150 14 16 0.5686
483 452 20 23 0.5676
688 173 13 15 0.5675
813 291 17 20 0.5672
815 268 16 18 0.5640
885 178 14 16 0.5625
834 236 16 17 0.5599
654 187 13 15 0.5597
557 314 19 22 0.5590
154 186 15 15 0.5553
189 284 16 17 0.5551
456 174 15 17 0.5550
537 117 12 14 0.5544
603 333 17 22 0.5542
168 271 15 17 0.5520
973 169 15 17 0.5510
943 195 14 17 0.5500
195 262 15 17 0.5482
220 406 17 20 0.5473
678 180 12 15 0.5463
77 100 12 15 0.5448
256 165 12 15 0.5439
231 199 12 16 0.5430
89 130 12 14 0.5324
46 233 15 16 0.5312
615 226 13 15 0.5305
38 203 15 17 0.5299
92 480 18 21 0.5296
947 244 18 21 0.5270
3 652 22 26 0.5246
113 178 13 15 0.5245
182 403 16 19 0.5245
773 548 23 25 0.5203
542 364 20 23 0.5198
640 164 14 15 0.5184
645 325 20 22 0.5179
846 325 20 23 0.5145
1008 445 15 27 0.5143
590 290 15 18 0.5133
189 75 11 13 0.5130
113 105 11 13 0.5110
772 405 20 22 0.5094
893 227 14 17 0.5072
680 155 14 17 0.5059
809 247 17 20 0.5057
921 97 13 15 0.5032
83 342 18 21 0.5031
590 386 21 26 0.5025
2 487 14 20 0.5011
386 345 17 20 0.5011
297 188 14 16 0.5007
930 165 14 16 0.4997
64 64 11 13 0.4975
115 156 12 15 0.4970
212 300 16 19 0.4949
599 132 13 15 0.4938
531 251 16 18 0.4935
503 181 12 16 0.4927
5 535 22 25 0.4901
551 126 12 14 0.4885
472 375 16 20 0.4881
296 209 14 17 0.4851
334 179 15 18 0.4850
806 221 17 19 0.4844
316 169 13 16 0.4838
688 53 10 12 0.4828
339 271 17 18 0.4823
333 111 12 14 0.4810
28 359 15 19 0.4770
744 377 20 22 0.4762
702 144 12 17 0.4754
111 131 14 16 0.4743
898 201 14 16 0.4714
989 151 14 17 0.4706
725 151 15 17 0.4701
245 589 22 25 0.4697
439 230 14 17 0.4665
563 555 21 27 0.4658
408 61 11 13 0.4654
138 233 16 18 0.4652
794 132 12 14 0.4641
615 280 17 19 0.4618
994 114 13 15 0.4615
528 163 12 15 0.4608
553 257 15 16 0.4607
360 440 20 24 0.4606
768 114 14 15 0.4597
552 297 16 18 0.4594
142 105 10 13 0.4586
332 222 14 17 0.4579
20 271 16 18 0.4570
736 205 16 19 0.4568
396 256 16 18 0.4562
362 440 20 24 0.4545
152 166 14 16 0.4534
205 103 12 13 0.4533
212 239 14 18 0.4533
900 76 12 14 0.4521
57 88 10 12 0.4517
718 128 12 14 0.4512
80 381 16 19 0.4509
859 116 12 14 0.4494
746 377 20 22 0.4486
272 166 14 16 0.4471
253 188 12 16 0.4471
623 176 14 16 0.4469
881 208 14 18 0.4465
975 263 18 19 0.4455
423 150 12 15 0.4453
593 386 20 25 0.4446
583 257 15 18 0.4438
259 266 14 17 0.4424
168 98 11 14 0.4405
481 217 15 17 0.4403
631 235 15 19 0.4374
235 164 14 16 0.4370
261 204 13 17 0.4345
142 208 15 16 0.4337
346 244 15 17 0.4335
264 204 13 17 0.4330
867 296 17 21 0.4326
872 87 12 14 0.4304
920 137 15 16 0.4290
205 163 13 14 0.4268
238 164 14 16 0.4268
403 225 17 18 0.4266
336 355 17 20 0.4258
445 198 15 18 0.4257
131 404 17 21 0.4247
732 282 18 19 0.4241
951 103 14 15 0.4237
397 114 11 13 0.4235
483 99 13 18 0.4230
72 327 16 19 0.4226
133 404 17 21 0.4222
840 200 16 19 0.4220
579 124 13 15 0.4200
76 132 11 14 0.4193
366 203 13 16 0.4178
478 217 15 17 0.4171
132 155 12 16 0.4170
361 368 16 19 0.4166
633 235 16 19 0.4162
545 206 15 18 0.4152
524 130 13 14 0.4152
93 232 15 17 0.4146
259 75 13 15 0.4143
409 142 11 14 0.4132
869 297 17 20 0.4120
82 382 16 19 0.4108
181 221 13 16 0.4104
361 173 14 16 0.4104
321 129 12 16 0.4101
790 101 13 15 0.4093
954 103 14 15 0.4089
387 305 15 17 0.4087
932 73 12 13 0.4061
476 181 13 16 0.4051
706 183 15 18 0.4049
735 282 17 19 0.4013
734 104 12 15 0.4012
849 325 19 23 0.4007
626 51 11 15 0.3998
334 222 14 17 0.3995
739 449 20 23 0.3982
334 90 10 12 0.3982
506 237 16 18 0.3976
625 196 14 17 0.3974
94 480 18 21 0.3973
217 223 13 17 0.3954
814 169 15 19 0.3920
390 305 15 17 0.3914
674 274 15 19 0.3911
883 209 14 18 0.3908
57 112 11 13 0.3902
701 67 11 14 0.3900
240 138 13 15 0.3896
243 234 13 17 0.3877
692 103 12 15 0.3866
783 185 15 18 0.3861
206 77 11 13 0.3852
704 182 14 18 0.3851
351 128 10 14 0.3826
221 261 15 17 0.3823
733 205 16 19 0.3820
17 161 15 18 0.3815
804 221 17 18 0.3808
643 325 19 22 0.3803
932 213 15 16 0.3785
588 139 12 14 0.3782
338 354 17 21 0.3775
991 114 13 15 0.3770
434 73 11 13 0.3769
627 197 14 16 0.3767
306 112 12 13 0.3761
770 405 20 22 0.3748
664 198 14 16 0.3747
11 180 12 19 0.3746
79 52 10 11 0.3737
80 342 18 21 0.3737
624 92 12 15 0.3734
210 139 11 13 0.3730
611 64 12 15 0.3730
319 66 11 13 0.3726
620 177 14 15 0.3726
67 195 12 14 0.3716
627 138 11 14 0.3707
46 321 18 21 0.3703
18 73 10 12 0.3703
294 156 15 18 0.3701
315 242 12 16 0.3699
31 359 15 19 0.3699
60 112 11 13 0.3692
501 91 11 12 0.3689
515 198 15 17 0.3688
340 397 19 21 0.3678
652 41 10 12 0.3677
305 87 10 14 0.3676
21 73 9 12 0.3667
515 106 13 14 0.3656
141 73 11 12 0.3651
836 46 12 14 0.3638
830 73 11 13 0.3632
135 155 12 16 0.3631
20 161 15 17 0.3627
363 203 13 16 0.3617
552 99 12 13 0.3608
438 101 13 16 0.3596
513 128 11 13 0.3590
354 127 10 14 0.3587
402 127 11 13 0.3580
443 50 10 13 0.3575
271 153 14 15 0.3569
440 50 10 13 0.3559
534 94 12 13 0.3556
96 232 15 18 0.3548
672 110 11 14 0.3539
172 72 11 13 0.3534
708 548 23 29 0.3532
637 97 11 14 0.3530
540 142 13 14 0.3519
503 164 12 15 0.3506
531 163 12 15 0.3502
540 365 19 22 0.3499
580 256 15 19 0.3491
927 165 14 15 0.3487
514 63 11 13 0.3474
302 87 10 14 0.3465
188 95 13 14 0.3463
664 93 11 14 0.3459
992 151 14 17 0.3456
185 403 15 19 0.3445
646 73 11 14 0.3430
269 111 12 14 0.3419
649 73 11 14 0.3415
245 235 13 17 0.3411
861 37 10 12 0.3406
542 206 15 18 0.3400
131 248 15 17 0.3399
898 57 13 15 0.3396
233 111 11 13 0.3384
294 208 15 18 0.3381
500 61 11 14 0.3376
513 609 22 24 0.3363
608 64 12 15 0.3346
15 99 10 13 0.3337
650 41 9 12 0.3337
71 86 9 12 0.3325
978 264 17 19 0.3319
882 58 11 13 0.3319
865 221 15 17 0.3311
511 127 10 14 0.3304
152 308 17 19 0.3303
827 73 11 13 0.3289
432 73 10 14 0.3288
772 60 11 13 0.3285
330 76 10 12 0.3282
207 59 10 12 0.3261
528 250 17 19 0.3259
402 171 13 17 0.3248
48 326 17 19 0.3246
802 162 13 18 0.3244
866 240 17 19 0.3236
270 468 16 20 0.3229
853 232 14 17 0.3221
678 120 11 13 0.3216
223 405 17 21 0.3214
864 265 16 18 0.3210
25 89 10 14 0.3209
689 339 17 19 0.3204
61 212 14 16 0.3192
285 212 11 15 0.3185
469 127 12 14 0.3179
954 501 21 22 0.3178
644 61 11 13 0.3172
244 14 11 13 0.3161
152 97 10 12 0.3151
489 34 11 14 0.3145
811 291 16 19 0.3135
561 111 11 14 0.3126
411 38 11 12 0.3122
171 98 11 13 0.3106
472 149 14 15 0.3102
505 39 11 14 0.3100
18 99 10 13 0.3090
505 182 13 16 0.3090
568 52 11 13 0.3088
170 119 12 15 0.3084
880 144 13 15 0.3082
603 82 13 17 0.3079
186 62 11 12 0.3069
262 266 14 17 0.3067
213 139 12 14 0.3056
68 86 10 12 0.3052
337 90 10 12 0.3047
623 52 11 14 0.3047
580 328 18 21 0.3033
621 92 12 15 0.3029
209 300 16 19 0.3027
677 55 10 12 0.3027
903 76 11 14 0.3015
405 127 11 13 0.2998
480 100 13 17 0.2989
703 112 12 14 0.2989
71 298 14 17 0.2984
23 118 12 15 0.2980
799 162 13 18 0.2977
25 122 12 13 0.2976
89 219 15 16 0.2976
803 65 13 14 0.2976
556 257 14 16 0.2969
241 387 17 20 0.2959
552 12 10 13 0.2945
523 42 11 14 0.2936
101 61 10 11 0.2932
924 259 18 20 0.2928
374 375 18 22 0.2922
960 61 12 16 0.2920
400 203 13 15 0.2912
442 230 13 17 0.2906
606 333 17 22 0.2891
427 367 16 21 0.2886
234 88 11 13 0.2882
737 104 13 16 0.2882
471 329 18 20 0.2881
90 70 12 14 0.2875
284 359 17 21 0.2874
313 242 11 15 0.2873
564 138 13 14 0.2868
226 68 11 14 0.2853
864 37 10 11 0.2836
949 66 11 13 0.2830
675 55 9 12 0.2828
44 231 14 17 0.2826
491 474 21 24 0.2824
41 165 13 15 0.2823
572 52 11 14 0.2823
503 237 15 18 0.2819
478 81 11 13 0.2814
508 39 11 15 0.2813
303 112 12 13 0.2813
585 23 9 12 0.2792
588 23 9 12 0.2788
758 149 13 15 0.2786
775 60 11 12 0.2784
446 88 11 13 0.2779
556 228 15 19 0.2777
91 51 11 12 0.2767
426 125 13 16 0.2760
153 68 10 12 0.2759
862 116 11 14 0.2755
400 225 16 19 0.2748
748 64 11 14 0.2737
215 222 13 16 0.2736
722 151 15 16 0.2735
1005 268 16 19 0.2733
457 75 11 12 0.2732
943 361 20 22 0.2730
466 127 12 15 0.2718
229 53 9 11 0.2716
165 349 17 20 0.2716
879 58 11 13 0.2715
484 67 11 14 0.2710
210 59 9 12 0.2708
648 61 10 13 0.2687
194 186 14 17 0.2685
923 257 18 21 0.2679
42 9 10 12 0.2675
226 53 9 11 0.2668
203 44 9 12 0.2661
815 171 15 18 0.2651
244 50 9 10 0.2645
148 290 16 17 0.2645
943 154 13 15 0.2641
284 128 13 14 0.2627
101 31 10 11 0.2626
949 244 18 22 0.2621
14 216 13 16 0.2615
681 91 12 14 0.2607
1005 218 17 20 0.2605
45 9 9 12 0.2601
290 97 11 13 0.2601
519 105 12 15 0.2595
426 49 11 13 0.2594
88 69 11 13 0.2593
75 223 14 16 0.2578
387 71 10 12 0.2577
588 107 12 14 0.2574
640 205 15 18 0.2570
75 101 11 13 0.2566
132 186 13 15 0.2560
581 124 13 14 0.2553
453 173 15 18 0.2548
287 97 11 13 0.2543
139 235 16 18 0.2541
861 265 15 18 0.2540
480 181 11 15 0.2537
175 72 10 13 0.2533
481 80 12 14 0.2528
171 180 13 15 0.2523
470 374 15 21 0.2513
294 37 10 13 0.2513
675 180 12 15 0.2512
101 106 11 13 0.2505
715 96 11 15 0.2495
553 298 17 19 0.2494
389 345 17 19 0.2492
750 65 11 14 0.2486
701 53 10 12 0.2481
839 46 12 14 0.2475
184 26 11 13 0.2472
375 558 19 23 0.2471
558 111 12 13 0.2462
250 188 12 15 0.2446
592 52 10 12 0.2439
126 79 11 13 0.2433
198 262 14 17 0.2433
208 103 11 14 0.2431
849 232 14 17 0.2429
565 124 12 14 0.2424
329 55 10 12 0.2423
319 96 10 13 0.2422
183 223 14 17 0.2422
645 138 12 14 0.2410
728 191 13 16 0.2406
372 105 12 13 0.2405
846 129 13 15 0.2394
944 143 14 14 0.2390
331 111 11 13 0.2384
593 8 10 13 0.2383
417 91 12 14 0.2377
294 28 10 13 0.2377
891 107 13 15 0.2373
646 16 10 13 0.2368
381 29 11 13 0.2367
187 26 11 14 0.2364
807 27 10 13 0.2364
691 10 10 12 0.2354
414 266 16 20 0.2352
131 182 13 16 0.2351
670 11 9 11 0.2350
297 158 14 17 0.2330
746 161 13 16 0.2328
173 119 12 15 0.2327
648 138 13 14 0.2327
184 429 17 20 0.2305
649 15 10 14 0.2304
401 169 13 18 0.2300
364 248 16 19 0.2290
893 109 13 14 0.2273
771 91 13 14 0.2267
315 157 12 14 0.2259
561 69 12 14 0.2248
13 50 10 14 0.2246
812 171 14 17 0.2245
601 81 13 16 0.2242
775 551 23 25 0.2239
342 153 13 15 0.2234
244 589 20 24 0.2232
812 247 17 20 0.2231
262 74 13 15 0.2231
76 52 10 11 0.2229
629 30 9 12 0.2222
747 116 12 15 0.2219
689 10 9 13 0.2217
414 89 12 14 0.2215
694 124 13 14 0.2211
190 96 12 14 0.2201
606 190 14 15 0.2189
661 93 11 13 0.2188
869 142 12 14 0.2188
194 117 12 13 0.2186
565 176 12 13 0.2184
554 191 13 16 0.2178
917 79 12 13 0.2176
502 70 11 12 0.2175
261 136 13 15 0.2175
506 164 12 14 0.2170
474 48 11 13 0.2161
542 74 10 13 0.2159
10 288 12 17 0.2154
482 201 14 15 0.2150
75 208 13 15 0.2144
304 672 26 17 0.2141
535 55 10 11 0.2138
81 24 10 13 0.2137
365 173 13 16 0.2136
523 370 17 21 0.2132
365 131 13 15 0.2124
615 143 12 16 0.2123
209 77 10 13 0.2123
298 60 10 12 0.2116
703 145 13 16 0.2115
609 189 14 16 0.2111
155 71 10 12 0.2106
567 554 20 27 0.2105
595 52 10 12 0.2102
866 224 16 17 0.2099
681 120 10 13 0.2093
601 179 13 14 0.2092
389 71 10 12 0.2085
281 79 12 13 0.2085
831 87 12 13 0.2085
745 91 11 12 0.2082
491 475 20 24 0.2081
73 131 11 14 0.2077
11 50 9 14 0.2070
45 59 10 13 0.2070
259 90 12 13 0.2065
193 127 12 14 0.2063
616 148 13 14 0.2056
237 61 11 13 0.2054
49 59 10 13 0.2047
800 65 12 14 0.2043
500 497 22 25 0.2027
521 150 11 13 0.2024
591 108 12 14 0.2018
96 92 11 13 0.2010
273 91 11 13 0.2010
325 129 11 15 0.2004
443 88 11 12 0.2003
749 116 13 15 0.2001
404 171 13 17 0.2001
426 119 13 14 0.1998
244 589 22 25 0.1994
493 476 22 24 0.1986
780 183 15 17 0.1985
291 27 10 12 0.1983
376 9 10 13 0.1982
517 64 11 13 0.1981
174 181 13 14 0.1979
611 115 12 14 0.1976
386 87 10 12 0.1975
399 432 22 23 0.1971
99 92 11 13 0.1969
609 204 14 16 0.1966
301 60 10 12 0.1954
43 379 16 19 0.1952
67 65 10 13 0.1952
725 29 9 12 0.1949
264 136 13 15 0.1948
237 290 17 19 0.1945
323 293 18 21 0.1943
741 47 10 13 0.1941
313 168 13 16 0.1938
753 42 12 14 0.1937
728 29 9 12 0.1934
544 142 12 14 0.1934
816 137 13 16 0.1929
518 84 11 13 0.1926
1002 268 16 19 0.1926
261 428 17 27 0.1923
345 27 10 12 0.1922
43 280 16 18 0.1918
560 216 15 16 0.1918
446 68 10 12 0.1901
758 175 15 17 0.1898
379 9 10 12 0.1896
68 298 13 17 0.1893
404 84 10 12 0.1892
369 69 10 12 0.1891
152 154 12 14 0.1879
171 66 11 14 0.1877
519 198 14 17 0.1875
394 114 11 13 0.1875
578 165 13 16 0.1874
681 71 11 12 0.1866
781 252 16 18 0.1864
175 35 10 11 0.1862
406 141 11 15 0.1860
205 45 10 11 0.1859
308 131 12 13 0.1857
191 285 16 18 0.1854
227 140 11 13 0.1850
445 36 10 11 0.1849
525 231 14 17 0.1848
896 57 12 14 0.1842
697 244 15 19 0.1841
300 276 14 17 0.1836
902 200 12 16 0.1825
601 133 12 15 0.1816
84 292 15 17 0.1815
172 34 9 12 0.1814
249 112 11 14 0.1810
150 96 10 12 0.1806
327 76 10 13 0.1799
404 168 13 18 0.1798
8 112 9 14 0.1798
634 97 11 14 0.1796
113 156 11 15 0.1795
940 195 15 16 0.1794
368 134 12 14 0.1790
441 101 13 16 0.1789
275 166 13 16 0.1787
999 244 16 20 0.1774
84 25 10 11 0.1773
184 221 14 16 0.1771
424 24 11 12 0.1769
662 29 9 12 0.1768
458 32 9 12 0.1765
418 199 13 14 0.1762
417 195 14 17 0.1753
129 319 17 20 0.1749
608 372 17 19 0.1747
746 173 13 15 0.1744
237 88 11 13 0.1741
446 79 11 13 0.1740
316 95 11 12 0.1736
788 101 12 14 0.1736
651 304 17 19 0.1735
91 167 14 15 0.1731
44 165 13 16 0.1731
690 109 12 14 0.1729
530 11 9 12 0.1725
104 31 9 12 0.1720
913 59 11 14 0.1714
671 274 14 20 0.1713
659 28 10 13 0.1713
831 234 16 18 0.1710
244 486 21 24 0.1709
346 43 11 12 0.1705
521 84 11 13 0.1704
69 298 14 18 0.1701
242 39 9 11 0.1700
144 37 11 13 0.1699
975 170 15 18 0.1699
702 5 9 11 0.1698
377 39 11 13 0.1698
748 90 10 13 0.1696
228 71 11 13 0.1693
576 211 14 17 0.1692
109 132 13 15 0.1691
668 141 13 16 0.1688
122 62 10 11 0.1683
232 278 15 17 0.1681
228 199 12 15 0.1679
350 73 10 12 0.1677
411 17 10 11 0.1677
274 468 17 21 0.1676
496 142 11 14 0.1672
628 124 12 15 0.1669
238 38 10 12 0.1667
765 164 14 16 0.1664
111 178 12 15 0.1658
72 299 14 17 0.1657
620 20 11 13 0.1652
315 97 11 13 0.1651
585 140 12 14 0.1646
711 97 12 14 0.1645
770 154 13 16 0.1641
534 65 11 14 0.1641
174 65 11 13 0.1636
578 64 11 13 0.1635
427 45 10 12 0.1623
156 311 16 21 0.1618
386 70 9 13 0.1618
354 73 10 12 0.1617
566 82 13 15 0.1609
300 189 14 15 0.1607
123 79 11 12 0.1607
588 73 11 13 0.1606
774 153 12 14 0.1606
890 109 12 14 0.1605
698 123 11 14 0.1605
1003 244 16 19 0.1602
713 93 12 16 0.1600
415 199 13 14 0.1597
157 22 11 13 0.1593
288 128 12 14 0.1591
632 31 9 12 0.1591
183 48 10 11 0.1588
272 53 9 11 0.1584
491 141 12 15 0.1579
740 10 9 12 0.1579
545 74 10 13 0.1578
11 112 9 14 0.1574
692 205 15 18 0.1573
856 80 10 14 0.1568
69 328 15 18 0.1561
805 77 12 14 0.1559
777 17 11 13 0.1559
146 208 14 16 0.1552
148 95 10 13 0.1550
103 109 10 12 0.1550
919 98 12 14 0.1546
286 405 17 23 0.1545
881 58 10 12 0.1544
658 155 12 15 0.1543
732 421 20 22 0.1541
343 398 19 22 0.1539
50 154 13 14 0.1524
683 155 13 16 0.1520
445 461 18 23 0.1518
332 36 10 12 0.1518
564 23 9 12 0.1516
882 147 13 15 0.1516
564 78 14 16 0.1512
488 474 20 22 0.1511
609 10 10 12 0.1510
171 121 13 15 0.1507
247 105 11 13 0.1501
125 62 10 12 0.1501
247 13 10 13 0.1498
409 37 10 12 0.1495
1002 217 16 21 0.1495
785 316 15 18 0.1494
405 287 15 18 0.1493
761 175 16 18 0.1492
9 521 23 30 0.1490
649 268 17 20 0.1487
134 248 15 17 0.1486
79 40 10 11 0.1485
336 270 17 20 0.1480
380 38 11 13 0.1480
371 28 10 12 0.1479
117 15 9 11 0.1472
554 314 19 22 0.1471
599 250 16 19 0.1470
316 50 10 12 0.1464
250 105 10 12 0.1462
113 133 13 15 0.1456
144 209 15 17 0.1451
736 10 10 12 0.1445
318 51 12 12 0.1441
3 488 15 21 0.1435
640 211 17 18 0.1431
738 47 10 13 0.1430
81 420 17 21 0.1429
557 193 13 15 0.1424
22 205 13 15 0.1423
613 10 10 12 0.1422
684 90 12 14 0.1421
875 86 11 14 0.1417
940 152 13 16 0.1415
886 359 18 21 0.1415
421 179 12 15 0.1415
603 371 18 20 0.1413
9 178 11 19 0.1411
810 26 10 13 0.1410
236 110 11 14 0.1409
100 110 10 12 0.1409
340 64 10 12 0.1408
224 262 14 16 0.1403
371 71 9 12 0.1403
749 11 10 11 0.1393
429 126 13 16 0.1393
414 94 12 15 0.1392
273 112 11 14 0.1386
428 25 10 12 0.1386
58 212 13 16 0.1382
720 128 12 14 0.1382
169 50 10 11 0.1378
73 220 14 17 0.1377
434 3 10 13 0.1376
134 182 14 16 0.1375
474 407 17 19 0.1373
498 283 15 17 0.1372
18 271 14 18 0.1370
196 148 11 13 0.1370
491 51 11 12 0.1366
926 258 18 19 0.1364
224 259 14 18 0.1353
774 17 11 13 0.1350
444 196 14 18 0.1341
723 49 10 13 0.1340
775 91 12 13 0.1338
411 45 10 12 0.1335
364 135 12 13 0.1333
140 104 11 14 0.1329
22 122 11 13 0.1327
606 203 14 17 0.1324
960 57 11 14 0.1323
302 135 12 14 0.1318
759 192 14 17 0.1314
961 226 14 17 0.1312
426 56 11 12 0.1304
518 149 11 14 0.1300
348 44 11 13 0.1285
188 74 11 13 0.1273
237 284 17 19 0.1271
791 668 21 14 0.1271
801 157 14 18 0.1261
194 146 12 13 0.1258
12 182 13 18 0.1252
526 44 10 12 0.1249
805 27 10 13 0.1245
340 272 17 19 0.1238
487 31 11 14 0.1232
234 290 17 19 0.1231
370 224 14 17 0.1229
414 196 13 15 0.1229
77 150 12 15 0.1228
575 205 14 16 0.1228
394 152 13 15 0.1226
472 34 10 12 0.1225
70 150 12 14 0.1220
220 259 15 18 0.1220
138 71 11 12 0.1217
185 143 11 13 0.1213
583 99 11 13 0.1213
627 120 12 15 0.1212
843 144 13 15 0.1209
518 194 15 18 0.1208
147 35 10 12 0.1205
287 42 9 12 0.1204
203 25 9 12 0.1201
5 487 14 20 0.1200
726 140 13 15 0.1199
152 184 14 16 0.1198
307 261 12 14 0.1197
787 186 14 17 0.1197
131 245 15 18 0.1195
888 178 13 16 0.1194
889 107 12 14 0.1191
287 75 10 13 0.1189
289 144 12 14 0.1182
587 240 16 18 0.1179
797 131 12 15 0.1172
567 4 11 13 0.1171
26 222 14 18 0.1167
700 70 10 12 0.1167
787 85 10 11 0.1164
535 34 9 12 0.1163
95 70 11 13 0.1161
207 188 13 16 0.1160
721 176 11 15 0.1156
559 68 11 13 0.1155
417 83 10 12 0.1152
168 140 13 14 0.1151
373 114 12 13 0.1150
120 97 11 13 0.1148
332 57 10 11 0.1146
749 160 12 15 0.1144
990 244 16 19 0.1143
8 538 20 22 0.1136
571 4 11 14 0.1134
756 147 12 14 0.1133
796 72 13 14 0.1133
382 221 15 20 0.1130
201 46 10 11 0.1127
573 6 11 14 0.1125
286 143 13 14 0.1121
172 272 14 16 0.1120
155 268 14 18 0.1118
217 17 9 11 0.1117
390 65 10 13 0.1115
357 185 13 14 0.1115
96 50 10 12 0.1113
472 66 10 13 0.1112
739 234 16 19 0.1111
575 194 14 16 0.1106
454 21 9 11 0.1104
628 3 11 13 0.1104
486 163 12 15 0.1103
178 159 13 15 0.1102
687 171 13 16 0.1098
537 95 11 13 0.1094
594 204 12 15 0.1091
296 57 10 13 0.1090
135 186 13 15 0.1087
840 32 10 11 0.1085
284 209 12 16 0.1078
620 19 11 13 0.1078
292 245 12 16 0.1076
866 141 12 15 0.1076
520 82 11 13 0.1075
469 64 10 13 0.1074
478 282 16 22 0.1071
211 187 11 15 0.1070
262 193 12 14 0.1070
836 32 10 11 0.1063
439 344 18 23 0.1061
235 93 12 15 0.1058
214 16 9 11 0.1058
126 42 10 11 0.1056
100 368 15 18 0.1054
129 327 18 22 0.1050
98 103 11 14 0.1050
710 93 12 15 0.1048
591 6 10 13 0.1047
85 152 12 14 0.1044
773 24 11 12 0.1044
256 43 10 11 0.1041
161 21 10 13 0.1040
140 593 22 24 0.1038
359 165 15 18 0.1036
478 199 14 17 0.1035
288 146 13 15 0.1030
324 33 10 12 0.1029
704 69 11 13 0.1029
414 18 9 11 0.1025
357 100 10 13 0.1024
389 189 14 17 0.1024
19 204 12 15 0.1022
303 668 25 18 0.1021
316 67 11 13 0.1016
930 119 13 14 0.1010
274 152 14 16 0.1010
853 165 13 15 0.1005
15 223 12 16 0.1000
233 108 11 14 0.0996
77 178 12 14 0.0996
470 48 11 12 0.0993
865 76 12 14 0.0992
890 228 14 16 0.0991
696 122 12 14 0.0990
704 6 8 11 0.0989
762 192 14 17 0.0988
522 43 11 13 0.0987
916 59 12 13 0.0987
1001 92 12 15 0.0986
316 95 11 13 0.0984
39 153 14 15 0.0984
275 51 10 13 0.0980
470 16 10 13 0.0979
350 43 10 12 0.0977
451 21 10 11 0.0975
479 82 11 14 0.0974
336 112 11 14 0.0970
559 152 12 14 0.0964
226 392 15 18 0.0961
706 264 16 20 0.0956
276 91 12 14 0.0947
708 56 10 12 0.0945
376 105 10 12 0.0937
977 225 17 19 0.0932
368 28 9 12 0.0931
260 44 10 12 0.0930
48 57 10 13 0.0927
161 20 10 11 0.0923
1006 222 16 20 0.0922
269 103 12 14 0.0919
96 33 10 12 0.0918
210 376 15 19 0.0916
263 42 10 11 0.0915
348 247 15 17 0.0913
178 12 10 11 0.0912
368 69 10 13 0.0912
967 207 13 17 0.0910
387 51 11 12 0.0910
674 143 13 15 0.0905
555 299 17 20 0.0905
720 12 10 12 0.0904
8 288 9 17 0.0903
113 34 9 11 0.0903
145 290 15 17 0.0898
338 179 14 17 0.0897
353 89 10 12 0.0896
523 287 16 17 0.0895
140 16 11 12 0.0895
569 6 11 15 0.0893
266 29 10 11 0.0891
699 5 10 12 0.0886
336 71 11 12 0.0882
837 201 15 19 0.0879
288 94 11 14 0.0873
192 182 13 16 0.0871
516 82 11 13 0.0869
519 147 12 14 0.0864
891 261 17 20 0.0863
354 100 10 13 0.0861
844 153 14 17 0.0857
224 24 9 12 0.0857
44 57 10 13 0.0855
261 46 9 11 0.0851
556 101 12 13 0.0849
227 24 10 12 0.0845
347 164 13 14 0.0844
916 600 22 25 0.0844
569 78 11 16 0.0843
10 182 11 18 0.0838
156 68 9 12 0.0837
462 89 11 13 0.0837
469 69 12 14 0.0837
173 187 13 16 0.0837
287 124 12 13 0.0835
31 92 11 13 0.0835
143 429 21 24 0.0832
549 11 10 13 0.0832
950 169 13 16 0.0831
455 300 17 22 0.0830
139 72 9 12 0.0826
185 46 10 12 0.0825
509 109 10 13 0.0822
404 283 14 19 0.0822
383 86 10 12 0.0822
733 59 10 13 0.0818
961 69 13 14 0.0810
499 68 11 14 0.0808
263 29 9 11 0.0806
158 20 10 12 0.0802
917 604 24 27 0.0801
912 188 12 16 0.0800
92 131 11 14 0.0800
756 44 11 13 0.0797
657 188 13 14 0.0795
12 216 10 15 0.0795
480 633 25 27 0.0794
40 71 10 13 0.0793
773 93 13 15 0.0792
322 32 9 11 0.0791
482 83 11 12 0.0789
701 46 10 12 0.0789
930 72 11 12 0.0788
366 67 10 13 0.0781
550 97 12 13 0.0781
516 65 11 13 0.0781
668 10 9 11 0.0780
241 48 10 12 0.0779
222 392 16 18 0.0774
622 19 10 12 0.0774
853 80 10 13 0.0773
22 272 16 18 0.0773
143 592 23 24 0.0767
471 47 10 12 0.0767
1000 245 17 20 0.0766
927 119 13 15 0.0764
611 7 11 13 0.0764
680 69 9 13 0.0763
459 3 10 12 0.0761
273 294 17 19 0.0760
838 59 11 13 0.0757
567 70 12 14 0.0757
40 144 12 14 0.0754
917 137 13 16 0.0754
524 137 12 13 0.0751
662 32 10 12 0.0748
691 54 9 11 0.0748
771 98 13 15 0.0747
582 150 12 14 0.0744
148 118 11 13 0.0743
863 221 15 17 0.0742
208 164 12 14 0.0742
916 57 11 13 0.0742
612 216 13 17 0.0739
661 159 14 16 0.0738
228 119 9 11 0.0735
30 187 13 16 0.0734
261 92 12 13 0.0733
864 258 17 19 0.0729
516 145 12 14 0.0728
712 264 15 19 0.0720
651 188 13 15 0.0718
781 47 11 13 0.0716
650 107 10 12 0.0716
796 133 12 15 0.0716
448 117 14 16 0.0716
170 1 11 10 0.0715
12 171 10 16 0.0715
539 119 11 14 0.0715
715 177 14 18 0.0713
486 1 10 10 0.0712
209 75 11 12 0.0709
597 245 15 18 0.0708
620 149 12 14 0.0707
341 150 12 14 0.0705
409 16 9 12 0.0704
413 41 10 13 0.0702
451 151 13 15 0.0700
624 120 12 15 0.0698
159 213 12 15 0.0698
207 238 15 18 0.0698
88 69 10 13 0.0695
721 174 12 15 0.0692
662 154 13 16 0.0692
952 66 11 14 0.0690
777 24 10 12 0.0690
635 96 11 13 0.0685
619 265 17 19 0.0682
317 49 11 12 0.0681
815 132 13 15 0.0681
1003 221 16 20 0.0680
984 322 19 23 0.0678
292 40 10 12 0.0677
928 137 12 15 0.0675
598 178 11 14 0.0675
85 261 15 18 0.0674
813 137 13 15 0.0674
437 177 13 16 0.0674
723 48 10 12 0.0673
171 304 17 20 0.0672
929 123 13 15 0.0669
54 85 11 12 0.0666
837 149 14 17 0.0665
564 172 12 15 0.0664
131 84 11 13 0.0663
535 33 9 11 0.0661
700 145 12 16 0.0660
560 23 10 13 0.0660
593 106 11 14 0.0660
345 44 10 12 0.0659
592 219 15 16 0.0657
694 101 10 13 0.0657
388 70 11 13 0.0657
388 91 10 13 0.0652
285 74 11 13 0.0649
786 78 11 13 0.0646
175 1 11 11 0.0646
542 72 11 13 0.0642
963 65 12 15 0.0640
648 133 13 15 0.0640
726 223 13 16 0.0636
174 121 12 15 0.0636
142 0 9 10 0.0635
516 107 13 15 0.0633
402 287 14 18 0.0632
207 44 9 11 0.0630
827 87 11 14 0.0629
193 235 12 16 0.0627
416 93 13 14 0.0623
392 152 12 15 0.0618
809 97 12 14 0.0617
418 246 13 15 0.0616
718 95 11 14 0.0616
895 123 14 16 0.0614
583 62 11 14 0.0613
722 224 14 17 0.0611
570 82 11 14 0.0609
492 39 10 12 0.0608
447 20 10 12 0.0607
594 109 11 14 0.0607
595 221 13 16 0.0606
772 114 13 15 0.0606
539 118 11 13 0.0605
79 120 11 13 0.0603
190 146 12 15 0.0602
672 13 9 11 0.0602
502 251 14 18 0.0598
678 73 10 12 0.0596
190 123 11 14 0.0596
747 170 14 16 0.0594
647 17 10 12 0.0593
455 264 14 19 0.0592
930 73 11 13 0.0591
456 3 10 13 0.0591
241 14 11 12 0.0590
642 527 20 26 0.0588
284 71 10 12 0.0586
336 273 18 19 0.0586
479 1 10 11 0.0585
779 44 11 12 0.0585
418 1 9 12 0.0583
669 197 13 15 0.0583
651 273 17 20 0.0581
749 118 12 14 0.0580
774 216 19 20 0.0579
3 537 18 22 0.0578
235 272 14 16 0.0577
640 96 11 14 0.0575
686 335 18 21 0.0574
446 150 12 16 0.0572
364 45 10 12 0.0570
879 145 12 15 0.0569
644 168 13 14 0.0568
525 355 15 19 0.0568
151 141 11 13 0.0567
156 167 14 16 0.0567
615 146 12 15 0.0566
335 27 10 13 0.0564
414 18 9 11 0.0564
622 166 12 14 0.0562
516 6 9 12 0.0560
805 206 16 18 0.0558
398 261 15 17 0.0554
323 133 11 15 0.0552
665 95 11 14 0.0551
848 95 12 14 0.0544
159 209 12 15 0.0543
597 219 14 17 0.0543
553 469 20 25 0.0542
752 43 12 13 0.0540
747 92 11 13 0.0540
449 123 14 15 0.0539
549 98 11 14 0.0539
895 157 13 15 0.0539
207 166 13 15 0.0539
682 158 14 16 0.0539
481 449 19 23 0.0538
27 92 11 13 0.0536
236 270 14 15 0.0536
566 21 9 13 0.0535
870 159 13 15 0.0535
913 83 11 14 0.0534
755 149 12 14 0.0531
807 246 17 19 0.0531
677 121 11 13 0.0530
470 18 10 12 0.0529
215 18 10 11 0.0528
470 148 13 15 0.0528
807 31 11 13 0.0527
632 4 9 12 0.0525
952 169 13 16 0.0522
27 182 14 16 0.0522
274 55 9 11 0.0521
773 150 13 15 0.0517
513 4 10 12 0.0517
667 93 10 13 0.0516
775 19 11 12 0.0515
419 250 14 17 0.0513
228 117 10 12 0.0512
491 32 10 13 0.0512
767 125 13 14 0.0511
738 44 11 13 0.0511
801 67 12 14 0.0510
188 96 11 13 0.0510
394 149 12 16 0.0504
473 18 9 12 0.0504
60 209 13 16 0.0504
784 46 10 13 0.0504
598 263 14 17 0.0504
447 120 11 13 0.0503
272 228 12 17 0.0501
595 248 14 17 0.0500
102 400 17 20 0.0498
954 168 13 16 0.0497
401 29 10 12 0.0497
1012 447 12 25 0.0497
605 333 17 22 0.0496
359 160 13 15 0.0495
775 31 9 12 0.0495
106 3 10 12 0.0494
573 198 13 15 0.0491
647 71 11 14 0.0491
857 82 10 13 0.0491
725 31 10 13 0.0489
600 175 12 14 0.0489
325 134 11 14 0.0489
672 272 14 19 0.0488
160 21 10 12 0.0488
185 24 10 12 0.0488
927 121 13 15 0.0484
880 196 13 16 0.0484
746 158 13 16 0.0484
724 190 13 17 0.0484
262 74 12 14 0.0481
749 68 12 13 0.0480
84 193 14 15 0.0480
263 132 12 14 0.0479
448 252 13 16 0.0479
186 94 12 14 0.0479
399 244 16 19 0.0479
595 50 10 12 0.0478
447 143 13 16 0.0478
570 97 11 13 0.0476
952 142 12 14 0.0476
417 95 11 14 0.0476
746 120 13 15 0.0474
567 174 12 14 0.0474
208 176 13 17 0.0471
167 98 10 13 0.0470
147 51 10 12 0.0470
9 172 13 17 0.0470
116 106 10 12 0.0468
180 287 17 18 0.0468
231 70 10 12 0.0468
597 200 12 15 0.0466
850 164 13 15 0.0466
692 51 10 12 0.0466
148 141 11 14 0.0465
122 14 9 11 0.0465
733 5 10 13 0.0464
945 281 19 24 0.0464
495 143 11 15 0.0463
489 384 19 20 0.0462
367 223 15 16 0.0461
479 130 11 13 0.0460
913 217 13 17 0.0459
45 100 11 13 0.0459
771 58 11 13 0.0458
700 68 11 14 0.0457
633 30 10 13 0.0457
366 225 14 16 0.0456
62 196 12 15 0.0455
726 193 13 16 0.0454
516 197 14 16 0.0453
1002 244 18 19 0.0452
949 144 13 15 0.0450
83 148 12 15 0.0449
43 144 11 13 0.0449
424 293 14 19 0.0449
542 143 13 15 0.0445
729 31 10 12 0.0445
538 184 15 17 0.0444
724 222 14 16 0.0443
128 43 9 10 0.0442
498 91 11 13 0.0442
437 5 9 12 0.0441
118 18 9 10 0.0441
121 20 8 10 0.0440
600 90 12 14 0.0440
696 45 11 12 0.0438
1001 96 13 15 0.0438
771 116 14 15 0.0438
47 29 11 14 0.0437
549 14 10 12 0.0436
196 235 12 16 0.0434
145 121 12 14 0.0434
15 521 20 27 0.0434
41 8 10 12 0.0433
779 46 11 13 0.0433
238 142 13 15 0.0431
693 23 10 13 0.0429
675 57 10 12 0.0428
666 246 16 17 0.0428
476 635 22 22 0.0427
847 146 12 14 0.0427
623 50 12 13 0.0426
609 6 10 13 0.0426
212 176 12 15 0.0426
257 67 11 13 0.0424
589 22 10 12 0.0424
566 282 12 15 0.0421
84 23 10 12 0.0421
47 181 13 15 0.0420
532 33 9 12 0.0417
363 172 14 17 0.0416
749 13 10 11 0.0416
441 49 10 12 0.0414
139 17 10 12 0.0414
378 6 10 13 0.0413
183 161 13 14 0.0413
688 8 10 12 0.0412
91 454 17 21 0.0412
549 4 10 12 0.0412
260 133 12 14 0.0411
804 31 10 13 0.0411
339 154 13 14 0.0410
144 106 10 13 0.0410
887 262 17 19 0.0410
1017 80 7 17 0.0410
876 74 11 13 0.0409
370 46 10 12 0.0409
58 467 15 23 0.0408
619 281 16 18 0.0404
336 91 10 13 0.0404
613 21 9 12 0.0404
565 149 13 15 0.0402
257 166 13 15 0.0401
737 7 10 12 0.0399
80 51 10 11 0.0399
375 6 10 13 0.0398
615 35 11 13 0.0397
210 191 13 17 0.0397
59 90 11 13 0.0396
403 246 14 16 0.0394
518 101 11 13 0.0394
27 115 12 14 0.0393
241 16 11 12 0.0392
89 169 13 15 0.0390
135 41 10 11 0.0390
139 54 11 13 0.0389
721 125 11 14 0.0389
545 4 9 11 0.0388
100 361 14 17 0.0387
522 374 18 21 0.0387
145 20 10 12 0.0386
622 92 11 15 0.0384
440 98 12 14 0.0384
365 323 18 20 0.0383
199 153 13 14 0.0383
167 43 10 11 0.0381
749 68 10 13 0.0381
291 25 10 12 0.0381
344 26 9 11 0.0379
62 65 11 14 0.0378
792 670 22 15 0.0378
458 5 9 12 0.0377
851 95 11 14 0.0376
194 42 11 12 0.0376
158 223 13 16 0.0376
925 141 14 15 0.0376
341 246 15 18 0.0373
371 101 10 13 0.0373
782 230 17 20 0.0373
616 166 14 14 0.0372
235 311 18 21 0.0371
825 222 15 17 0.0369
165 226 13 16 0.0368
556 296 16 19 0.0368
1020 59 4 18 0.0368
924 96 12 15 0.0367
843 128 12 15 0.0367
111 176 13 15 0.0366
14 97 10 13 0.0366
752 68 11 13 0.0365
431 3 11 13 0.0365
693 12 9 11 0.0364
506 251 14 17 0.0364
115 17 9 11 0.0364
879 667 22 15 0.0364
959 156 13 16 0.0363
577 123 11 14 0.0363
634 82 11 13 0.0363
243 82 11 13 0.0362
817 216 16 19 0.0362
73 134 12 13 0.0361
491 293 17 21 0.0361
644 430 17 21 0.0361
798 320 17 20 0.0361
878 57 10 13 0.0361
156 148 12 14 0.0360
307 668 25 17 0.0360
839 196 15 17 0.0359
829 89 11 13 0.0357
247 231 13 15 0.0357
718 172 13 15 0.0357
546 0 9 10 0.0356
233 199 12 16 0.0355
103 63 10 12 0.0354
111 4 9 12 0.0354
310 114 11 13 0.0353
416 246 14 17 0.0352
953 67 10 13 0.0352
652 98 12 14 0.0351
11 315 14 16 0.0351
977 169 13 16 0.0350
411 64 11 13 0.0350
647 270 16 19 0.0350
438 108 13 14 0.0349
834 43 12 15 0.0348
950 172 15 16 0.0347
612 226 12 15 0.0347
36 201 14 16 0.0346
821 155 13 16 0.0346
617 224 14 16 0.0346
401 256 14 17 0.0345
876 284 18 18 0.0345
682 339 19 19 0.0344
571 49 11 13 0.0342
859 34 10 13 0.0341
171 272 14 17 0.0341
267 114 12 13 0.0340
678 120 11 13 0.0338
29 397 15 18 0.0338
139 0 9 10 0.0338
422 147 12 15 0.0337
528 229 13 16 0.0337
492 10 10 13 0.0336
1003 219 18 22 0.0335
748 9 9 12 0.0335
651 4 10 13 0.0334
679 105 12 14 0.0334
1004 446 15 24 0.0332
582 196 13 14 0.0331
679 151 11 14 0.0331
207 82 11 13 0.0330
386 42 10 12 0.0329
1000 190 15 17 0.0329
97 167 13 16 0.0328
771 216 18 19 0.0327
924 98 12 14 0.0327
417 19 10 12 0.0327
877 149 13 15 0.0327
828 73 10 13 0.0326
435 72 10 13 0.0326
84 194 15 16 0.0324
469 0 9 11 0.0323
556 462 18 21 0.0323
212 117 12 14 0.0323
49 31 11 14 0.0322
418 169 12 14 0.0322
28 120 11 14 0.0320
892 304 14 19 0.0320
603 65 11 14 0.0320
87 408 17 19 0.0320
84 23 9 11 0.0319
212 279 13 16 0.0319
949 213 13 15 0.0319
113 12 9 12 0.0318
214 222 12 15 0.0317
808 643 23 26 0.0316
94 173 14 15 0.0316
354 47 11 14 0.0316
36 197 15 16 0.0315
377 165 11 14 0.0315
839 145 13 15 0.0314
70 83 10 12 0.0314
72 224 13 15 0.0313
214 157 11 14 0.0312
77 133 11 14 0.0311
207 108 12 14 0.0311
590 226 16 17 0.0309
127 339 18 19 0.0309
363 125 11 14 0.0309
805 26 10 12 0.0307
160 314 14 19 0.0306
401 464 18 22 0.0305
488 0 9 10 0.0305
32 397 15 19 0.0304
143 583 24 30 0.0303
110 102 11 12 0.0303
812 96 12 14 0.0302
246 589 22 25 0.0301
452 18 9 12 0.0301
770 172 13 17 0.0299
229 197 12 16 0.0298
846 235 16 19 0.0298
850 157 13 16 0.0297
315 372 19 22 0.0296
923 127 15 18 0.0296
625 1 10 11 0.0296
919 95 13 15 0.0295
632 121 11 13 0.0294
963 58 11 13 0.0294
798 156 14 17 0.0293
897 87 12 14 0.0293
646 141 12 15 0.0292
468 124 11 14 0.0292
595 89 12 14 0.0291
435 208 15 18 0.0290
54 151 12 14 0.0290
222 39 10 12 0.0289
228 0 11 11 0.0288
786 253 15 17 0.0288
404 48 10 12 0.0288
455 242 14 16 0.0287
1003 94 13 16 0.0287
913 56 12 14 0.0285
812 268 15 18 0.0284
213 224 14 16 0.0283
599 126 11 13 0.0283
549 346 19 20 0.0283
562 550 18 26 0.0282
110 133 12 16 0.0282
614 65 11 13 0.0282
384 128 11 14 0.0281
49 465 19 25 0.0280
642 171 12 14 0.0279
37 149 12 15 0.0279
324 333 18 20 0.0279
415 197 14 16 0.0277
395 116 11 14 0.0276
275 0 10 10 0.0276
365 366 17 19 0.0276
852 95 12 14 0.0275
901 199 13 17 0.0275
648 0 9 10 0.0275
150 120 11 13 0.0273
325 253 15 18 0.0273
75 25 10 12 0.0273
265 7 9 11 0.0272
944 196 15 17 0.0272
911 152 13 16 0.0272
11 50 10 13 0.0271
569 1 9 11 0.0271
515 126 11 13 0.0271
713 84 12 13 0.0269
642 524 17 25 0.0269
795 111 12 14 0.0269
209 99 11 14 0.0267
44 31 11 14 0.0267
957 123 12 14 0.0265
179 251 13 17 0.0264
440 44 10 13 0.0263
221 1 10 11 0.0263
133 321 16 18 0.0263
639 159 14 16 0.0262
876 193 14 16 0.0261
365 160 13 14 0.0261
134 321 15 17 0.0261
835 46 10 12 0.0260
396 111 11 13 0.0259
306 673 27 15 0.0258
647 302 16 17 0.0258
27 19 12 14 0.0258
421 149 12 16 0.0257
696 339 14 18 0.0256
673 0 9 10 0.0255
773 73 12 14 0.0255
123 48 10 13 0.0254
44 7 10 12 0.0253
293 192 14 16 0.0253
890 258 17 20 0.0252
43 204 13 15 0.0251
88 640 23 28 0.0250
642 218 14 16 0.0250
323 201 12 15 0.0249
142 0 8 6 0.0249
80 23 10 11 0.0248
362 402 19 23 0.0246
1005 247 15 20 0.0246
211 83 10 13 0.0245
735 107 12 14 0.0245
650 42 10 13 0.0245
862 391 19 23 0.0244
577 173 14 16 0.0244
871 243 16 18 0.0244
809 94 11 14 0.0244
346 22 9 12 0.0243
418 1 9 10 0.0243
261 247 13 14 0.0242
542 208 16 18 0.0242
121 358 15 21 0.0242
887 359 19 22 0.0241
440 211 14 17 0.0241
839 43 11 14 0.0240
495 11 11 14 0.0240
558 198 13 15 0.0239
444 197 13 17 0.0238
1005 89 13 17 0.0238
280 0 10 11 0.0238
5 378 11 21 0.0238
10 218 14 18 0.0237
16 50 10 13 0.0237
852 83 12 14 0.0236
258 245 13 16 0.0236
786 183 12 15 0.0236
483 627 24 25 0.0235
246 16 10 12 0.0235
37 540 20 26 0.0235
9 115 11 14 0.0233
560 282 13 17 0.0233
650 161 14 16 0.0232
26 17 11 13 0.0232
334 114 11 14 0.0232
509 46 11 13 0.0232
838 265 15 17 0.0232
517 5 10 12 0.0231
139 0 9 9 0.0231
179 240 14 18 0.0230
944 270 16 19 0.0229
541 176 13 15 0.0228
505 45 11 13 0.0228
276 553 19 23 0.0227
654 292 16 20 0.0226
679 56 9 12 0.0226
517 1 9 10 0.0224
167 0 9 10 0.0224
447 248 13 15 0.0223
875 90 12 14 0.0223
608 375 17 21 0.0223
527 14 9 11 0.0222
261 2 9 12 0.0221
771 547 20 24 0.0221
52 187 13 15 0.0221
17 274 15 17 0.0220
826 318 15 18 0.0220
305 156 14 16 0.0220
139 106 10 13 0.0220
7 331 14 20 0.0219
337 176 14 15 0.0218
265 26 8 11 0.0218
391 255 15 17 0.0217
457 297 13 17 0.0217
775 220 17 18 0.0216
1002 194 16 19 0.0216
690 172 12 15 0.0215
552 462 18 22 0.0215
210 141 12 14 0.0214
852 235 14 17 0.0214
895 160 14 15 0.0213
486 631 25 25 0.0212
682 41 11 12 0.0212
212 278 14 16 0.0211
36 537 19 25 0.0210
13 42 11 15 0.0210
296 247 13 16 0.0210
776 249 16 19 0.0209
438 1 9 11 0.0209
504 332 17 18 0.0209
179 1 10 9 0.0209
238 136 12 13 0.0208
770 553 22 25 0.0207
88 127 11 13 0.0206
116 158 12 15 0.0205
609 279 13 17 0.0205
472 144 13 17 0.0205
739 188 14 16 0.0205
727 1 9 10 0.0204
232 0 10 9 0.0203
147 307 14 17 0.0203
956 225 15 17 0.0203
168 119 11 14 0.0203
699 2 10 10 0.0202
506 100 11 15 0.0202
499 349 16 20 0.0202
508 1 9 10 0.0200
604 157 13 16 0.0200
365 364 16 19 0.0199
194 17 10 12 0.0198
93 191 13 16 0.0197
676 53 9 12 0.0195
696 200 13 15 0.0195
478 405 16 19 0.0194
653 186 12 14 0.0194
235 113 12 14 0.0194
961 186 14 17 0.0194
8 380 13 20 0.0193
620 133 12 14 0.0193
794 99 11 14 0.0193
891 127 11 14 0.0193
94 219 13 15 0.0192
539 50 10 11 0.0192
144 232 14 17 0.0191
44 30 10 13 0.0190
491 27 10 11 0.0189
824 216 13 17 0.0189
59 130 11 14 0.0188
364 169 13 17 0.0187
727 27 9 11 0.0187
898 44 11 13 0.0187
314 169 14 17 0.0187
107 1 9 10 0.0186
872 222 15 17 0.0186
133 328 17 21 0.0186
724 4 10 12 0.0186
623 197 13 15 0.0186
495 278 13 16 0.0186
314 15 9 11 0.0185
478 282 16 21 0.0185
240 3 11 11 0.0185
292 26 9 10 0.0184
298 30 9 12 0.0184
403 221 15 18 0.0183
361 690 29 0 0.0183
479 452 18 22 0.0183
168 187 14 16 0.0182
648 124 11 14 0.0181
142 120 11 14 0.0181
31 399 16 17 0.0181
519 372 17 21 0.0181
167 98 10 13 0.0180
268 150 12 15 0.0180
826 124 13 15 0.0180
872 283 18 20 0.0179
807 24 10 11 0.0179
26 271 16 18 0.0179
765 7 10 12 0.0179
799 165 14 18 0.0178
71 323 16 18 0.0176
245 486 21 25 0.0176
951 243 17 21 0.0175
311 13 9 12 0.0175
1019 51 5 19 0.0175
791 131 12 15 0.0175
721 95 10 14 0.0175
955 121 13 15 0.0174
484 0 9 7 0.0174
543 145 11 14 0.0173
762 148 13 14 0.0171
14 98 10 14 0.0171
393 252 14 16 0.0170
910 114 12 15 0.0170
880 62 11 13 0.0170
901 52 10 13 0.0169
697 205 13 16 0.0169
307 82 10 13 0.0169
616 284 17 19 0.0168
988 376 21 24 0.0168
217 0 9 10 0.0167
209 389 14 20 0.0167
854 75 11 13 0.0167
133 246 15 18 0.0166
821 142 13 15 0.0165
498 272 13 15 0.0165
483 107 12 14 0.0164
405 461 21 25 0.0164
782 310 15 18 0.0163
659 288 15 20 0.0163
957 59 10 12 0.0162
777 298 14 17 0.0162
456 97 11 14 0.0161
209 4 10 12 0.0161
580 122 12 13 0.0161
816 272 17 18 0.0161
236 296 18 20 0.0161
422 336 16 19 0.0160
907 219 14 16 0.0159
206 374 16 20 0.0159
44 326 17 19 0.0159
946 14 8 11 0.0159
749 267 18 20 0.0158
445 150 12 16 0.0158
719 134 14 16 0.0158
699 23 10 13 0.0158
1001 200 14 18 0.0158
690 267 17 20 0.0157
79 222 14 16 0.0157
1005 189 12 18 0.0157
481 258 13 16 0.0156
730 251 14 17 0.0156
369 27 10 11 0.0156
780 239 19 21 0.0156
94 457 20 23 0.0154
727 247 13 17 0.0154
757 296 17 18 0.0154
210 242 13 17 0.0154
854 175 14 18 0.0153
535 180 13 15 0.0152
402 3 10 13 0.0152
497 144 11 12 0.0152
184 222 15 17 0.0151
907 269 16 19 0.0151
132 215 14 16 0.0150
337 396 16 20 0.0150
691 274 16 19 0.0149
81 99 10 13 0.0149
719 120 12 13 0.0149
775 299 14 17 0.0148
881 201 13 17 0.0147
292 189 13 15 0.0147
519 108 12 13 0.0147
423 123 12 13 0.0147
149 0 9 8 0.0147
480 107 12 15 0.0147
314 33 10 12 0.0145
578 436 22 25 0.0145
720 200 14 16 0.0145
622 175 12 15 0.0144
57 108 10 13 0.0144
258 247 13 15 0.0144
55 52 10 12 0.0143
4 529 22 28 0.0143
478 184 13 16 0.0143
593 2 10 10 0.0142
313 152 12 14 0.0142
250 296 13 16 0.0141
694 216 15 17 0.0141
593 290 14 17 0.0140
857 198 13 15 0.0140
971 209 13 17 0.0138
863 34 9 12 0.0138
86 261 13 18 0.0137
1004 96 11 13 0.0137
295 185 14 16 0.0136
589 286 14 18 0.0135
741 20 10 12 0.0135
956 172 13 16 0.0134
949 15 8 10 0.0134
951 125 13 14 0.0134
784 445 19 24 0.0134
317 200 13 17 0.0134
927 260 18 19 0.0134
843 311 17 19 0.0133
13 99 10 13 0.0133
674 29 10 12 0.0132
1019 201 5 19 0.0132
878 672 26 15 0.0132
629 54 10 13 0.0131
263 321 15 18 0.0130
700 146 12 15 0.0130
354 690 29 0 0.0130
260 324 15 18 0.0130
254 162 12 14 0.0130
857 117 12 14 0.0130
110 126 12 14 0.0129
290 1 10 11 0.0129
341 24 8 10 0.0129
13 224 9 16 0.0128
305 604 19 22 0.0128
336 221 13 16 0.0128
343 244 13 16 0.0128
8 284 10 18 0.0127
599 156 12 15 0.0127
