2_Demonstration_Demonstrators_2_231
38
488 408 119 180 0.8825
38 460 57 66 0.8744
925 422 46 56 0.8643
264 476 40 51 0.8492
981 418 16 20 0.5856
137 466 16 21 0.4552
227 456 49 65 0.4445
92 464 14 19 0.4288
1015 429 9 22 0.3872
227 457 48 64 0.3839
139 466 16 21 0.3703
360 462 10 12 0.2763
96 465 14 17 0.2558
978 418 17 20 0.2464
358 462 9 12 0.2207
905 434 13 19 0.1628
1012 429 11 22 0.1205
901 435 13 16 0.0958
362 462 10 13 0.0440
1018 467 6 27 0.0404
915 419 23 37 0.0374
361 483 74 102 0.0251
113 465 12 15 0.0211
902 432 15 22 0.0210
895 443 8 11 0.0170
1017 461 7 27 0.0154
1010 428 13 23 0.0150
999 457 15 21 0.0147
0 569 6 43 0.0136
918 425 25 40 0.0133
0 581 7 35 0.0129
91 466 16 20 0.0121
910 438 15 21 0.0119
134 467 15 20 0.0109
905 432 10 15 0.0107
897 445 9 11 0.0102
894 446 8 10 0.0102
361 461 11 13 0.0100
