2_Demonstration_Protesters_2_352
47
588 189 44 56 0.8721
134 464 35 49 0.8444
136 408 40 51 0.8367
679 528 45 71 0.7879
614 631 41 52 0.4228
67 228 12 14 0.4006
924 503 36 54 0.3985
0 521 17 53 0.3830
930 204 14 16 0.3609
677 231 11 14 0.3441
148 224 10 12 0.3041
152 224 10 12 0.2862
675 231 10 14 0.2626
928 509 38 51 0.2625
70 228 12 14 0.2443
926 204 14 17 0.2235
0 518 15 57 0.1954
612 633 35 49 0.1378
393 222 9 14 0.1232
397 222 10 14 0.1142
395 220 10 14 0.0704
0 515 29 56 0.0425
8 220 7 10 0.0403
927 206 14 16 0.0403
616 636 45 47 0.0378
921 503 29 49 0.0370
679 232 10 13 0.0352
615 629 41 55 0.0301
11 221 8 9 0.0297
150 222 10 12 0.0276
392 220 9 14 0.0268
0 515 22 60 0.0255
393 222 10 14 0.0222
927 505 37 51 0.0217
675 233 10 13 0.0214
13 222 7 9 0.0203
0 529 16 48 0.0200
9 222 8 9 0.0198
933 205 13 16 0.0187
0 510 12 61 0.0178
936 205 11 14 0.0169
0 521 30 52 0.0160
438 470 23 59 0.0142
153 223 9 12 0.0134
680 529 44 71 0.0115
0 512 22 62 0.0109
401 223 9 13 0.0100
