2_Demonstration_Political_Rally_2_171
25
853 656 54 85 0.8516
618 667 56 81 0.8361
401 699 49 69 0.8168
150 711 32 51 0.8112
125 568 17 22 0.7827
104 621 43 56 0.7778
44 708 44 59 0.7768
444 648 29 49 0.7452
947 620 20 21 0.7348
551 661 26 41 0.6341
737 723 50 45 0.4922
1004 627 18 21 0.3669
1001 628 18 20 0.3661
738 724 48 44 0.2528
419 597 21 38 0.1917
950 621 19 21 0.1546
203 662 36 44 0.1216
1002 629 18 20 0.0427
737 724 51 44 0.0238
1018 644 6 25 0.0202
714 639 26 35 0.0143
721 640 21 33 0.0134
205 661 32 35 0.0130
419 597 17 34 0.0116
364 666 26 39 0.0110
