2_Demonstration_Demonstration_Or_Protest_2_420
596
405 230 54 77 0.8641
475 161 40 44 0.8514
721 159 31 47 0.8501
312 168 30 45 0.8417
811 182 30 42 0.8415
598 166 32 50 0.8367
420 132 25 33 0.8248
390 205 33 48 0.8197
373 171 27 35 0.8194
641 124 27 36 0.8154
210 270 39 53 0.8100
73 182 25 45 0.8081
517 141 24 33 0.7986
572 160 25 34 0.7785
109 277 52 68 0.7760
651 274 48 66 0.7732
211 148 26 31 0.7696
836 298 65 54 0.7659
984 186 28 40 0.7491
841 164 26 41 0.7452
555 235 43 59 0.7345
910 112 15 19 0.7021
990 145 27 33 0.7014
18 144 25 33 0.6857
747 268 38 62 0.6734
262 168 19 30 0.5959
978 132 22 30 0.5929
63 129 21 31 0.5554
30 120 23 26 0.5456
0 303 46 49 0.5398
974 112 16 18 0.5319
694 135 24 32 0.5158
922 239 35 55 0.4520
199 199 27 38 0.4364
693 136 22 31 0.4309
603 105 14 18 0.4155
116 151 22 37 0.4062
511 87 9 11 0.4060
119 152 22 37 0.4056
179 121 16 25 0.4023
770 122 19 23 0.4013
1008 97 12 14 0.3979
0 304 45 49 0.3966
988 144 27 32 0.3865
307 109 14 20 0.3856
860 97 11 12 0.3728
408 105 15 20 0.3715
229 101 18 21 0.3591
773 122 19 22 0.3535
391 131 18 27 0.3483
258 133 17 22 0.3424
630 104 16 20 0.3382
515 110 14 19 0.3304
140 126 19 24 0.3304
921 241 31 49 0.3275
102 105 16 19 0.3165
1010 112 13 17 0.3089
951 99 10 13 0.2974
972 121 15 20 0.2958
860 117 16 15 0.2936
168 103 12 15 0.2711
983 94 10 12 0.2704
3 133 17 22 0.2679
261 133 18 23 0.2652
201 104 17 17 0.2642
371 94 11 14 0.2570
486 278 35 47 0.2568
393 96 12 16 0.2549
199 123 20 24 0.2415
518 111 14 18 0.2413
294 94 11 13 0.2406
200 126 21 24 0.2289
873 88 8 10 0.2253
577 89 9 11 0.2206
6 134 18 22 0.2198
305 98 13 17 0.2144
827 113 15 16 0.2128
912 170 25 27 0.2114
0 172 17 34 0.2101
953 99 10 13 0.2083
804 127 16 23 0.2047
920 96 13 15 0.2032
706 118 15 16 0.2001
464 93 9 12 0.1961
858 77 9 11 0.1960
633 104 16 21 0.1928
1017 84 7 9 0.1921
928 98 11 13 0.1917
546 124 12 20 0.1899
935 147 19 23 0.1852
780 89 7 8 0.1834
753 97 8 9 0.1820
466 94 9 10 0.1816
803 161 26 35 0.1787
0 170 11 32 0.1781
1 84 7 9 0.1750
739 101 9 11 0.1744
389 96 13 16 0.1720
1006 97 12 13 0.1718
707 95 9 10 0.1709
227 100 16 20 0.1707
885 93 9 12 0.1687
759 110 12 13 0.1677
976 132 20 27 0.1676
777 89 8 8 0.1609
166 102 12 15 0.1603
980 94 11 12 0.1591
503 88 8 10 0.1571
904 145 15 21 0.1530
260 168 17 30 0.1469
899 190 27 35 0.1367
139 126 15 19 0.1363
884 92 8 10 0.1339
65 129 23 32 0.1322
528 99 9 10 0.1289
769 93 7 8 0.1278
759 89 7 7 0.1265
709 97 9 9 0.1251
326 128 25 32 0.1249
458 124 14 17 0.1241
104 100 12 13 0.1237
676 88 7 8 0.1221
840 142 24 30 0.1213
531 99 8 10 0.1209
890 123 15 18 0.1191
245 121 13 17 0.1190
909 170 24 26 0.1177
803 160 23 30 0.1174
762 110 11 13 0.1165
491 118 13 17 0.1142
604 90 8 9 0.1130
736 101 9 11 0.1122
575 89 8 10 0.1104
38 93 11 15 0.1103
542 123 13 21 0.1102
935 156 20 25 0.1063
824 113 14 16 0.1057
500 77 7 7 0.1005
171 199 26 35 0.0998
551 109 12 14 0.0994
688 87 8 8 0.0977
578 91 10 12 0.0946
786 138 20 30 0.0936
291 94 9 12 0.0930
856 77 8 11 0.0924
181 122 17 26 0.0921
912 112 15 19 0.0921
387 134 19 29 0.0917
2 98 11 14 0.0910
128 97 8 10 0.0899
386 84 9 10 0.0894
446 109 11 14 0.0889
388 131 17 27 0.0888
368 93 10 15 0.0874
672 87 8 9 0.0872
163 301 39 51 0.0865
322 81 10 12 0.0857
891 128 14 17 0.0855
28 120 21 24 0.0848
916 96 12 14 0.0839
803 126 14 21 0.0831
553 96 10 12 0.0828
828 116 15 17 0.0822
542 87 8 8 0.0814
407 102 12 17 0.0810
463 92 8 11 0.0810
860 78 8 11 0.0803
969 90 10 11 0.0801
52 93 12 13 0.0799
767 79 6 6 0.0794
493 118 15 19 0.0786
1014 114 10 18 0.0786
548 126 12 20 0.0766
887 124 16 17 0.0762
982 82 8 9 0.0748
934 107 13 16 0.0732
939 160 18 22 0.0712
0 83 6 9 0.0703
543 126 14 21 0.0689
864 118 14 14 0.0686
930 121 16 19 0.0681
735 136 17 23 0.0674
147 89 6 8 0.0673
481 83 7 8 0.0670
164 90 7 7 0.0670
857 97 10 12 0.0650
556 90 9 10 0.0645
143 96 8 9 0.0638
513 89 8 11 0.0630
392 133 21 30 0.0628
898 76 9 10 0.0612
694 97 8 10 0.0610
864 96 10 12 0.0609
966 110 11 13 0.0599
791 132 16 24 0.0599
500 90 9 11 0.0597
201 102 15 16 0.0592
949 341 71 78 0.0591
222 87 7 8 0.0589
965 133 14 19 0.0585
888 127 15 19 0.0573
230 86 7 8 0.0565
410 82 8 10 0.0555
496 89 9 11 0.0549
981 81 8 9 0.0546
781 89 7 8 0.0544
195 103 15 17 0.0544
979 82 8 9 0.0540
728 85 8 9 0.0535
1007 96 11 12 0.0535
977 112 16 19 0.0533
213 125 14 18 0.0532
278 95 9 11 0.0530
859 115 14 15 0.0530
3 135 18 26 0.0528
65 132 20 29 0.0528
125 97 8 10 0.0524
882 77 6 8 0.0524
667 105 15 18 0.0522
793 125 15 19 0.0522
603 94 11 14 0.0514
192 101 11 15 0.0510
991 110 12 15 0.0508
308 261 42 50 0.0506
783 141 19 27 0.0506
675 100 10 11 0.0503
961 174 24 31 0.0503
1007 113 14 17 0.0501
704 82 7 8 0.0501
927 96 11 12 0.0501
879 77 7 8 0.0499
467 92 9 12 0.0492
482 81 7 8 0.0491
591 78 7 7 0.0477
264 119 14 18 0.0476
277 93 8 9 0.0476
71 100 11 15 0.0471
254 79 8 9 0.0463
978 111 16 18 0.0454
458 139 18 25 0.0453
251 79 8 9 0.0453
601 89 8 9 0.0447
326 131 27 34 0.0447
901 144 14 20 0.0446
490 93 9 11 0.0446
574 89 9 12 0.0445
1016 83 6 9 0.0445
191 85 7 8 0.0444
441 110 13 14 0.0440
467 75 6 7 0.0439
980 94 12 12 0.0438
195 126 19 24 0.0436
37 92 8 10 0.0435
104 82 6 7 0.0432
170 102 11 13 0.0431
703 82 7 7 0.0427
700 106 10 12 0.0427
978 81 8 9 0.0427
881 93 10 11 0.0425
385 82 7 9 0.0425
72 102 14 18 0.0422
794 89 8 9 0.0419
823 116 16 19 0.0419
765 78 6 7 0.0419
606 105 13 17 0.0413
423 74 7 8 0.0413
45 124 18 23 0.0412
752 96 8 9 0.0412
126 107 11 14 0.0410
165 104 10 14 0.0410
901 76 9 10 0.0409
455 123 13 17 0.0409
389 102 16 19 0.0408
440 71 6 7 0.0401
309 112 16 21 0.0401
899 192 30 38 0.0399
188 85 7 8 0.0398
588 78 7 7 0.0396
921 238 29 49 0.0396
300 79 8 10 0.0394
856 79 8 10 0.0393
514 77 6 9 0.0391
425 95 10 13 0.0390
163 102 10 13 0.0389
70 103 11 15 0.0388
151 89 6 7 0.0388
859 96 10 11 0.0384
704 94 9 10 0.0383
666 100 10 12 0.0383
412 67 7 8 0.0380
950 121 13 15 0.0379
291 93 10 13 0.0379
970 122 12 16 0.0379
550 94 9 11 0.0378
0 173 21 38 0.0378
51 126 18 27 0.0366
825 114 16 18 0.0365
304 78 8 10 0.0364
204 88 8 8 0.0362
249 120 11 16 0.0362
557 93 10 11 0.0362
222 98 12 17 0.0359
0 220 13 54 0.0359
479 81 7 8 0.0359
651 75 6 7 0.0357
601 90 8 10 0.0355
709 117 14 15 0.0354
122 94 8 9 0.0354
369 93 11 14 0.0352
952 96 11 13 0.0351
28 81 6 7 0.0348
641 80 6 7 0.0348
391 95 12 15 0.0348
309 251 43 50 0.0347
310 109 15 21 0.0346
258 95 11 13 0.0342
53 79 7 7 0.0341
796 92 9 10 0.0340
777 88 8 9 0.0340
459 91 8 11 0.0339
925 128 16 18 0.0336
429 95 9 11 0.0335
732 134 16 26 0.0334
323 134 21 30 0.0334
462 108 13 17 0.0333
513 87 10 11 0.0332
428 91 8 11 0.0332
490 87 8 10 0.0332
701 82 6 7 0.0330
36 93 11 13 0.0328
461 93 9 11 0.0327
527 77 7 8 0.0325
896 191 25 33 0.0324
445 75 7 9 0.0323
323 132 18 27 0.0322
3 134 22 27 0.0320
19 100 9 10 0.0319
437 71 6 7 0.0318
633 102 12 17 0.0317
740 103 10 11 0.0316
411 67 6 7 0.0312
308 94 11 14 0.0308
584 98 10 11 0.0308
723 86 7 9 0.0308
19 104 11 12 0.0307
161 136 16 20 0.0306
620 94 9 11 0.0304
68 99 10 15 0.0304
907 84 9 10 0.0303
55 92 10 13 0.0302
7 125 17 21 0.0301
737 103 9 11 0.0300
756 94 7 8 0.0300
672 106 15 17 0.0299
903 142 15 19 0.0299
775 106 12 13 0.0299
404 103 14 19 0.0298
131 82 7 7 0.0297
792 112 12 14 0.0297
497 77 6 7 0.0297
32 122 27 30 0.0294
320 79 9 10 0.0293
235 103 15 18 0.0291
673 87 9 10 0.0290
5 84 8 9 0.0289
1001 93 10 10 0.0287
706 115 12 14 0.0284
841 133 20 29 0.0283
789 83 7 8 0.0281
902 76 8 9 0.0279
107 108 14 15 0.0277
369 92 10 12 0.0275
19 72 7 8 0.0275
963 77 8 9 0.0275
493 112 13 16 0.0275
356 120 16 20 0.0274
107 98 11 11 0.0274
67 82 6 8 0.0272
688 85 6 7 0.0271
55 79 7 8 0.0271
491 116 15 18 0.0270
360 78 8 9 0.0270
926 123 15 17 0.0269
945 135 16 19 0.0268
0 176 17 39 0.0266
269 76 6 8 0.0264
102 81 6 7 0.0264
629 102 13 17 0.0263
217 89 9 10 0.0261
292 93 9 11 0.0260
99 101 11 13 0.0260
100 82 7 8 0.0257
125 94 8 9 0.0256
140 104 12 14 0.0254
888 93 9 11 0.0254
2 85 10 11 0.0251
661 85 8 9 0.0251
399 60 5 7 0.0251
409 68 7 7 0.0249
425 91 8 12 0.0249
489 112 13 17 0.0247
227 84 6 8 0.0247
847 111 11 14 0.0246
961 158 19 22 0.0243
25 102 9 12 0.0243
468 75 6 8 0.0240
287 92 9 10 0.0238
616 94 11 13 0.0237
516 113 16 22 0.0235
710 115 12 12 0.0234
797 91 8 10 0.0234
470 142 21 25 0.0233
793 81 7 8 0.0231
252 79 8 10 0.0228
846 123 13 16 0.0227
864 116 12 13 0.0226
901 75 7 9 0.0226
556 106 12 13 0.0225
601 106 11 15 0.0224
256 79 7 9 0.0221
727 88 7 8 0.0219
161 139 18 24 0.0219
411 109 17 21 0.0217
311 109 13 19 0.0216
190 84 6 7 0.0216
222 85 6 8 0.0215
930 144 17 19 0.0213
836 144 17 25 0.0213
1002 76 7 8 0.0212
922 93 10 12 0.0211
879 78 6 7 0.0211
154 303 43 50 0.0210
396 60 5 7 0.0209
295 110 11 15 0.0208
313 81 9 11 0.0207
105 107 16 19 0.0207
290 80 7 8 0.0206
422 93 10 13 0.0205
2 125 15 22 0.0205
346 76 8 10 0.0204
935 161 22 26 0.0204
978 136 19 26 0.0203
440 71 6 8 0.0202
848 132 21 27 0.0202
605 76 6 7 0.0202
856 117 13 15 0.0202
392 94 9 11 0.0201
929 119 13 16 0.0201
648 75 6 7 0.0201
51 79 6 7 0.0201
136 95 9 10 0.0199
543 110 12 15 0.0199
368 165 21 26 0.0196
551 86 7 7 0.0195
372 65 6 7 0.0193
609 90 8 9 0.0192
835 136 15 23 0.0192
189 87 8 9 0.0192
216 126 17 18 0.0191
938 150 19 21 0.0191
961 171 22 29 0.0190
703 117 13 16 0.0190
366 92 8 11 0.0190
730 85 7 8 0.0189
63 80 7 9 0.0187
336 128 26 30 0.0187
576 124 13 17 0.0186
928 94 10 11 0.0185
932 78 8 8 0.0184
541 85 7 8 0.0184
724 84 6 8 0.0182
58 130 20 31 0.0180
182 118 14 21 0.0177
934 214 32 45 0.0175
636 79 6 7 0.0173
912 170 31 33 0.0173
266 107 13 15 0.0172
600 109 13 17 0.0172
516 75 6 8 0.0172
165 97 9 11 0.0171
964 169 24 31 0.0171
669 84 6 7 0.0171
886 104 12 15 0.0169
192 121 17 24 0.0168
85 79 7 8 0.0167
23 74 6 8 0.0165
4 119 16 18 0.0163
382 81 8 9 0.0163
993 157 28 37 0.0162
145 130 22 25 0.0162
599 141 17 21 0.0162
393 126 15 22 0.0162
742 71 6 7 0.0161
287 110 12 15 0.0161
48 113 13 16 0.0160
796 131 20 27 0.0159
326 81 12 15 0.0159
501 125 20 23 0.0158
1 106 9 15 0.0158
412 67 7 8 0.0158
662 101 10 12 0.0157
235 100 14 18 0.0156
939 161 21 25 0.0156
577 128 15 19 0.0156
857 78 7 8 0.0156
167 199 27 35 0.0156
754 71 5 7 0.0155
225 103 13 18 0.0155
726 116 11 14 0.0154
309 69 6 7 0.0154
263 117 15 18 0.0154
18 143 24 32 0.0154
2 163 20 32 0.0153
409 115 17 22 0.0152
234 96 12 15 0.0152
963 173 25 33 0.0149
771 138 19 23 0.0149
1 173 26 33 0.0149
783 148 19 25 0.0148
756 111 11 13 0.0148
292 76 7 8 0.0146
397 59 6 7 0.0146
952 101 12 14 0.0145
265 93 9 11 0.0143
931 218 36 52 0.0143
798 91 8 9 0.0143
599 140 15 18 0.0142
86 82 7 7 0.0142
849 70 7 7 0.0142
910 95 10 11 0.0141
371 132 17 21 0.0141
267 308 45 46 0.0140
845 139 19 25 0.0140
560 84 7 8 0.0139
89 77 6 8 0.0138
516 111 15 20 0.0138
610 76 6 7 0.0138
309 254 43 52 0.0138
0 161 10 28 0.0137
457 134 17 26 0.0136
115 84 6 6 0.0136
187 83 6 7 0.0135
316 76 8 9 0.0134
930 128 17 18 0.0133
981 136 25 31 0.0131
605 113 15 19 0.0131
723 116 12 14 0.0131
532 94 7 8 0.0131
442 112 14 17 0.0131
808 158 23 30 0.0130
769 79 6 7 0.0130
928 79 8 9 0.0128
17 72 6 7 0.0128
477 68 6 7 0.0128
450 91 8 11 0.0128
625 109 14 18 0.0128
917 168 23 26 0.0127
112 131 14 20 0.0126
261 78 6 7 0.0125
840 160 22 32 0.0125
26 109 14 17 0.0125
168 74 6 7 0.0124
845 143 28 32 0.0124
156 81 6 8 0.0124
0 214 17 44 0.0124
596 75 6 8 0.0124
649 74 6 8 0.0122
637 80 7 8 0.0121
466 108 13 16 0.0121
98 105 14 16 0.0120
756 70 6 7 0.0119
21 72 6 7 0.0119
949 333 63 35 0.0119
498 70 6 7 0.0118
0 215 20 61 0.0118
839 155 16 25 0.0116
799 157 23 34 0.0116
836 300 61 52 0.0115
930 215 31 44 0.0113
951 96 8 11 0.0113
442 71 5 7 0.0113
204 85 6 7 0.0111
652 274 48 65 0.0111
0 225 14 54 0.0111
979 77 8 9 0.0110
419 66 6 8 0.0108
965 160 20 23 0.0108
396 61 7 8 0.0107
916 165 20 20 0.0107
369 65 6 7 0.0107
340 123 18 26 0.0106
510 130 17 24 0.0106
290 112 13 16 0.0104
740 119 14 16 0.0103
583 104 12 14 0.0102
605 62 6 7 0.0101
