2_Demonstration_Demonstration_Or_Protest_2_617
26
56 414 55 63 0.8737
591 486 61 64 0.8677
8 402 42 42 0.8580
542 441 43 47 0.8506
731 82 68 80 0.8450
155 391 53 63 0.8429
266 463 66 73 0.8421
646 461 44 50 0.8412
811 501 160 114 0.8223
415 453 44 45 0.8214
365 430 28 37 0.8045
311 436 52 66 0.7640
232 412 30 34 0.6120
715 514 35 40 0.1179
998 95 26 66 0.1101
999 100 25 56 0.0551
290 430 20 25 0.0428
0 412 11 30 0.0339
0 427 8 29 0.0295
1001 99 23 60 0.0274
312 438 49 62 0.0201
502 417 31 37 0.0197
253 586 75 29 0.0149
143 397 27 37 0.0108
1010 120 14 42 0.0107
954 0 69 15 0.0101
