2_Demonstration_Demonstrators_2_181
114
884 590 47 62 0.8571
663 520 36 49 0.8404
942 540 35 46 0.8241
412 530 24 33 0.7717
720 512 22 29 0.7356
847 500 25 30 0.6424
530 560 22 34 0.6342
760 561 30 36 0.5974
76 528 56 75 0.5973
260 529 15 17 0.4933
75 528 58 76 0.4784
785 500 18 22 0.4337
283 527 18 23 0.4243
188 553 20 26 0.4182
464 532 14 17 0.3707
561 543 16 21 0.3522
233 542 21 27 0.3486
546 513 13 16 0.3483
279 527 17 22 0.3353
852 500 23 30 0.3082
338 533 12 15 0.3075
229 542 21 28 0.2660
549 514 13 16 0.2542
782 499 17 23 0.2440
534 561 22 33 0.1824
635 506 9 12 0.1822
381 519 12 14 0.1804
377 519 11 14 0.1715
423 513 12 14 0.1685
366 538 13 16 0.1506
341 533 12 16 0.1463
653 505 10 13 0.1436
306 528 13 16 0.1428
630 506 10 13 0.1425
380 518 11 13 0.1286
469 532 13 16 0.1258
543 538 15 17 0.1148
183 552 20 26 0.1143
541 538 13 17 0.1087
376 518 10 13 0.1072
544 514 12 15 0.1031
191 513 15 19 0.1013
400 512 10 11 0.0999
568 541 19 25 0.0961
467 533 15 17 0.0856
59 549 25 36 0.0845
336 532 11 15 0.0828
649 505 10 12 0.0760
319 514 11 14 0.0724
341 533 12 16 0.0714
634 506 8 11 0.0697
54 553 19 27 0.0616
434 510 11 13 0.0613
314 514 11 14 0.0567
230 542 22 28 0.0543
629 506 9 11 0.0537
350 515 9 11 0.0535
462 532 13 17 0.0472
471 513 11 12 0.0440
346 515 9 12 0.0409
59 551 27 38 0.0379
344 534 12 16 0.0375
510 524 12 15 0.0369
441 510 10 12 0.0325
188 514 14 17 0.0317
506 524 11 15 0.0306
337 535 11 15 0.0300
264 529 14 18 0.0297
399 512 9 10 0.0295
555 544 17 23 0.0290
423 515 14 18 0.0277
192 515 17 21 0.0267
310 530 12 16 0.0241
265 528 12 15 0.0228
161 531 22 26 0.0219
437 551 14 21 0.0216
194 550 18 26 0.0215
564 545 18 23 0.0209
300 526 14 17 0.0208
482 502 10 12 0.0204
172 531 17 21 0.0193
380 534 12 17 0.0191
434 509 10 12 0.0184
441 551 13 19 0.0182
369 513 8 10 0.0181
161 527 15 20 0.0179
402 527 13 22 0.0178
189 548 17 19 0.0167
344 637 42 48 0.0165
578 542 17 24 0.0161
195 515 14 18 0.0159
512 516 11 13 0.0157
364 540 13 16 0.0157
790 500 16 21 0.0157
232 525 12 15 0.0156
372 520 11 14 0.0155
230 528 14 18 0.0152
395 512 9 10 0.0150
463 534 14 17 0.0149
549 514 13 15 0.0143
55 556 22 33 0.0142
515 521 11 14 0.0140
648 509 13 16 0.0138
385 518 11 15 0.0133
506 516 10 14 0.0131
766 523 17 19 0.0130
60 538 25 39 0.0128
182 541 17 23 0.0126
579 538 17 25 0.0124
622 507 9 12 0.0122
480 505 9 12 0.0120
235 542 22 28 0.0106
165 524 14 17 0.0105
544 518 12 14 0.0105
