2_Demonstration_Protesters_2_531
2048
928 538 22 27 0.8153
365 581 22 27 0.8123
294 649 22 26 0.8018
227 646 21 28 0.8015
0 602 12 28 0.7991
126 537 18 26 0.7981
162 642 21 25 0.7966
409 475 17 22 0.7949
315 488 18 26 0.7932
61 490 19 24 0.7839
766 537 21 26 0.7825
844 409 17 24 0.7775
879 536 20 26 0.7713
571 548 19 24 0.7661
751 359 16 21 0.7618
11 412 17 22 0.7526
587 491 17 23 0.7488
280 435 16 21 0.7486
615 299 15 21 0.7432
282 497 19 24 0.7412
456 508 18 24 0.7404
280 325 15 20 0.7385
663 540 18 28 0.7339
866 461 18 22 0.7278
23 471 17 22 0.7262
919 479 19 26 0.7227
827 402 17 20 0.7201
959 236 14 18 0.7198
702 410 16 19 0.7195
522 565 20 23 0.7109
868 246 15 18 0.7084
628 388 15 19 0.7074
1003 577 20 27 0.7066
0 323 10 17 0.7051
960 311 14 19 0.7016
25 518 19 21 0.6996
20 433 18 21 0.6994
495 444 17 22 0.6969
39 284 13 18 0.6946
357 478 17 20 0.6944
933 259 14 17 0.6941
808 357 15 19 0.6926
420 336 15 18 0.6909
896 405 16 22 0.6900
754 404 17 21 0.6882
518 461 19 23 0.6835
882 231 13 19 0.6816
357 300 14 17 0.6787
499 283 14 18 0.6768
500 312 15 20 0.6682
109 581 19 26 0.6673
431 413 16 19 0.6657
973 218 14 17 0.6644
842 262 15 19 0.6636
49 370 15 20 0.6603
116 507 21 25 0.6583
995 643 19 28 0.6543
193 430 16 23 0.6531
90 277 15 18 0.6488
348 413 16 21 0.6399
410 197 12 17 0.6389
793 391 15 20 0.6381
53 315 13 18 0.6333
750 420 16 21 0.6245
974 297 15 18 0.6242
654 314 14 19 0.6230
897 308 14 20 0.6179
979 432 19 26 0.6158
266 275 14 17 0.6145
21 360 17 22 0.6091
423 299 14 16 0.6043
962 421 16 21 0.6021
775 449 17 22 0.5980
0 283 8 20 0.5948
64 260 13 16 0.5929
565 277 14 16 0.5927
667 232 13 18 0.5920
475 309 15 20 0.5907
908 181 13 17 0.5888
872 221 13 18 0.5818
123 472 17 21 0.5810
834 311 15 19 0.5804
467 479 18 24 0.5783
241 227 13 16 0.5753
37 354 15 19 0.5743
38 314 13 17 0.5720
71 314 14 19 0.5706
679 387 17 20 0.5688
426 83 9 11 0.5648
678 119 11 13 0.5626
346 339 13 19 0.5623
662 353 14 18 0.5563
473 403 16 17 0.5555
744 245 12 16 0.5553
294 143 9 13 0.5553
424 206 13 17 0.5503
730 195 12 17 0.5495
525 302 14 17 0.5472
843 328 13 18 0.5403
679 196 13 17 0.5403
14 564 20 27 0.5386
749 486 17 24 0.5375
740 329 16 20 0.5371
415 521 19 25 0.5365
173 509 17 24 0.5362
202 308 15 19 0.5360
418 444 17 21 0.5356
276 462 15 23 0.5346
117 318 13 19 0.5339
201 295 15 16 0.5336
713 299 14 17 0.5302
93 238 12 18 0.5299
345 395 14 18 0.5292
783 484 17 24 0.5281
156 470 17 24 0.5274
480 426 17 20 0.5246
904 362 16 20 0.5237
944 223 13 17 0.5226
83 456 18 27 0.5226
399 249 13 18 0.5201
694 321 15 19 0.5162
233 488 18 23 0.5146
731 230 13 18 0.5141
154 285 14 17 0.5132
320 174 11 15 0.5131
142 619 19 25 0.5125
602 454 17 23 0.5108
270 572 16 23 0.5108
715 187 12 17 0.5098
847 195 13 17 0.5089
591 260 14 17 0.5089
894 108 11 15 0.5076
585 326 14 17 0.5067
603 454 18 23 0.4986
137 301 14 17 0.4978
351 449 17 19 0.4978
356 222 12 16 0.4962
681 245 12 16 0.4950
339 511 17 21 0.4939
143 405 18 22 0.4923
537 319 13 17 0.4912
538 99 10 12 0.4911
498 192 12 17 0.4901
399 505 18 23 0.4894
458 85 9 12 0.4893
602 94 9 12 0.4876
460 137 12 15 0.4856
682 172 11 15 0.4828
784 436 17 23 0.4820
378 424 16 18 0.4807
212 270 14 16 0.4798
992 387 17 23 0.4797
346 285 12 16 0.4787
56 297 12 15 0.4787
989 262 14 19 0.4776
470 370 15 20 0.4768
236 488 17 23 0.4763
406 123 9 12 0.4753
685 473 17 21 0.4748
97 424 16 21 0.4746
793 118 11 14 0.4735
772 122 10 14 0.4725
151 323 13 16 0.4710
301 385 15 18 0.4688
756 119 10 14 0.4685
809 255 13 17 0.4685
772 258 13 17 0.4661
606 242 12 18 0.4646
813 105 10 14 0.4600
206 187 11 15 0.4598
240 284 12 16 0.4596
565 7 9 11 0.4594
899 263 13 17 0.4589
0 87 7 13 0.4582
371 380 15 18 0.4579
273 183 11 16 0.4578
299 99 10 11 0.4576
451 236 13 16 0.4575
230 245 12 15 0.4575
599 111 10 14 0.4573
295 184 11 14 0.4568
617 432 18 25 0.4567
488 124 10 13 0.4557
16 565 20 26 0.4555
470 278 14 18 0.4532
573 305 13 18 0.4531
703 7 9 10 0.4518
586 207 12 16 0.4495
248 471 17 24 0.4493
871 106 10 13 0.4479
103 265 12 15 0.4463
656 262 14 19 0.4461
687 446 14 20 0.4458
484 109 8 11 0.4451
638 234 13 18 0.4449
184 209 11 15 0.4446
377 260 12 16 0.4442
321 224 12 15 0.4437
502 225 11 16 0.4433
779 15 10 13 0.4427
339 212 11 17 0.4414
410 156 12 15 0.4401
635 94 9 13 0.4394
987 335 14 16 0.4391
630 406 17 21 0.4379
244 117 10 13 0.4377
347 67 9 11 0.4376
718 269 13 17 0.4371
743 108 11 14 0.4369
643 478 17 22 0.4361
1008 227 12 16 0.4360
990 163 11 16 0.4356
814 85 10 14 0.4356
580 286 13 17 0.4352
831 186 12 15 0.4351
636 213 12 17 0.4351
721 248 13 18 0.4333
802 287 14 19 0.4323
707 167 11 14 0.4319
887 382 15 21 0.4309
458 221 12 15 0.4305
996 317 14 17 0.4300
402 505 17 23 0.4299
620 432 18 25 0.4297
691 117 10 14 0.4290
246 372 15 19 0.4269
778 283 12 18 0.4265
158 470 18 24 0.4258
885 99 10 14 0.4250
286 161 11 14 0.4248
457 352 13 18 0.4245
942 91 10 14 0.4242
989 181 10 13 0.4236
455 318 15 19 0.4235
14 402 16 19 0.4233
943 161 12 15 0.4227
513 106 9 11 0.4223
617 359 15 16 0.4207
583 285 13 18 0.4193
333 123 9 11 0.4185
138 248 12 17 0.4182
887 190 14 18 0.4178
822 228 13 17 0.4173
757 148 10 14 0.4160
541 215 13 19 0.4153
747 487 17 23 0.4144
590 112 10 13 0.4127
356 156 11 14 0.4122
69 204 12 16 0.4121
488 71 9 11 0.4120
862 178 12 16 0.4120
747 171 12 15 0.4117
1005 105 10 14 0.4106
757 315 13 16 0.4103
172 237 12 16 0.4100
423 129 10 15 0.4100
249 372 15 18 0.4099
456 203 13 17 0.4096
420 129 11 14 0.4083
993 66 10 13 0.4082
521 93 9 13 0.4080
417 277 14 20 0.4072
72 222 10 14 0.4067
587 55 9 10 0.4050
246 471 16 23 0.4045
452 203 14 17 0.4045
550 88 10 12 0.4039
308 210 12 15 0.4038
660 118 10 13 0.4037
452 318 15 19 0.4036
646 478 17 22 0.4033
785 326 15 17 0.4033
608 327 15 21 0.4021
821 131 11 14 0.4007
783 90 10 15 0.4001
814 72 10 12 0.4001
667 383 14 17 0.3997
316 111 9 12 0.3987
582 93 9 13 0.3976
895 293 15 20 0.3971
322 160 9 12 0.3971
604 327 15 21 0.3968
795 265 14 17 0.3960
386 118 10 13 0.3950
246 309 13 17 0.3949
485 146 10 14 0.3947
141 619 18 25 0.3946
209 269 14 17 0.3939
31 161 11 16 0.3931
891 190 13 18 0.3921
234 184 11 14 0.3917
65 41 8 10 0.3906
996 642 20 29 0.3906
799 287 14 18 0.3906
609 117 10 13 0.3902
647 78 10 13 0.3895
94 423 16 22 0.3891
924 333 16 20 0.3886
334 136 10 13 0.3886
634 406 16 21 0.3885
181 164 11 13 0.3885
35 161 11 16 0.3878
165 193 10 15 0.3873
690 29 8 12 0.3872
216 257 12 14 0.3872
786 436 17 23 0.3864
342 212 12 17 0.3859
517 93 10 13 0.3853
567 54 9 11 0.3845
711 116 10 13 0.3839
788 326 15 17 0.3837
473 98 9 11 0.3822
162 193 10 14 0.3818
775 283 12 18 0.3815
393 135 10 13 0.3808
134 301 14 18 0.3791
346 35 9 11 0.3778
128 216 12 16 0.3777
13 205 11 15 0.3775
899 170 11 15 0.3775
865 119 10 14 0.3775
738 329 15 20 0.3770
146 405 17 22 0.3765
80 456 19 27 0.3760
358 136 9 12 0.3757
759 90 9 13 0.3751
353 156 11 14 0.3749
776 259 12 16 0.3749
503 38 8 10 0.3747
412 229 12 15 0.3741
620 83 9 12 0.3740
659 263 14 18 0.3737
442 84 8 11 0.3730
389 68 8 11 0.3726
327 69 8 11 0.3724
21 241 13 17 0.3720
1001 47 9 11 0.3710
585 93 10 13 0.3709
378 205 10 15 0.3704
511 36 9 11 0.3701
750 171 12 15 0.3682
545 61 9 11 0.3682
298 385 15 18 0.3679
668 21 8 12 0.3669
1011 31 9 12 0.3669
682 473 17 21 0.3656
96 214 11 15 0.3651
266 153 11 15 0.3647
612 117 10 13 0.3647
609 241 12 18 0.3640
709 42 9 12 0.3635
901 362 15 20 0.3628
325 105 9 11 0.3626
828 186 12 15 0.3620
679 140 10 15 0.3613
743 72 10 14 0.3612
835 111 10 13 0.3611
451 115 9 11 0.3608
434 117 9 12 0.3607
787 569 16 22 0.3604
865 178 12 16 0.3600
352 111 9 12 0.3588
959 179 11 15 0.3581
724 248 14 19 0.3577
46 48 9 13 0.3574
765 226 14 17 0.3573
527 62 8 12 0.3573
331 29 8 12 0.3570
1012 417 12 17 0.3562
816 104 11 15 0.3559
470 97 9 12 0.3556
275 223 12 15 0.3555
269 153 11 15 0.3552
451 75 8 10 0.3549
676 277 13 17 0.3546
963 4 9 10 0.3544
628 110 9 13 0.3542
227 126 10 14 0.3534
89 60 9 12 0.3534
940 160 12 16 0.3532
546 3 8 10 0.3525
500 370 13 16 0.3524
385 30 8 10 0.3522
989 387 17 23 0.3517
454 236 13 16 0.3516
380 260 12 16 0.3507
349 449 16 19 0.3507
552 176 11 14 0.3505
445 84 9 11 0.3501
1007 105 11 14 0.3501
495 192 12 17 0.3495
175 238 12 15 0.3493
703 24 9 10 0.3493
663 118 10 13 0.3490
615 66 9 11 0.3489
996 66 10 13 0.3489
187 209 10 14 0.3483
42 48 9 13 0.3483
908 82 10 13 0.3479
572 103 9 12 0.3476
510 56 8 11 0.3462
796 31 10 11 0.3460
677 15 9 10 0.3460
467 72 9 12 0.3459
127 380 15 20 0.3453
489 81 9 11 0.3453
501 103 9 12 0.3449
370 290 13 16 0.3447
301 133 9 11 0.3434
876 443 17 18 0.3428
513 118 10 13 0.3427
542 118 10 13 0.3420
1008 31 8 11 0.3419
583 207 12 16 0.3415
458 137 10 15 0.3410
698 321 14 19 0.3409
197 252 12 17 0.3403
137 455 15 18 0.3398
425 110 8 12 0.3397
548 61 8 11 0.3394
236 284 13 16 0.3393
817 85 10 14 0.3388
613 66 9 11 0.3384
637 94 10 13 0.3383
575 103 9 12 0.3381
481 146 11 14 0.3379
692 29 9 11 0.3377
336 511 18 21 0.3373
142 144 10 12 0.3370
571 54 9 11 0.3369
572 118 9 12 0.3367
503 169 11 15 0.3363
760 13 8 11 0.3362
911 102 10 14 0.3360
130 380 15 22 0.3359
594 177 10 13 0.3356
470 72 9 12 0.3355
733 25 9 11 0.3350
941 223 12 17 0.3348
243 99 9 12 0.3348
304 133 9 11 0.3338
744 18 8 10 0.3328
328 29 8 11 0.3326
473 278 13 18 0.3325
208 91 10 13 0.3324
520 509 17 19 0.3318
135 248 11 17 0.3313
797 266 13 17 0.3311
279 104 10 13 0.3306
756 331 12 16 0.3304
544 216 12 18 0.3301
200 252 13 18 0.3300
99 214 12 15 0.3287
956 179 10 15 0.3283
858 73 10 12 0.3275
282 103 10 14 0.3270
630 300 13 18 0.3263
902 263 13 17 0.3259
514 135 10 13 0.3256
604 23 9 10 0.3247
179 126 10 13 0.3244
956 21 9 11 0.3244
945 92 10 13 0.3242
976 432 18 25 0.3234
178 5 9 11 0.3226
676 140 10 15 0.3225
278 224 12 15 0.3223
516 118 10 13 0.3223
498 351 15 18 0.3213
992 262 14 18 0.3208
594 259 13 18 0.3208
577 64 9 11 0.3206
1007 58 10 12 0.3203
873 443 17 19 0.3199
398 33 8 10 0.3198
295 115 10 13 0.3196
712 186 12 17 0.3194
238 184 11 14 0.3183
389 118 10 12 0.3181
276 182 11 16 0.3180
292 115 10 14 0.3180
381 205 10 15 0.3178
492 81 9 12 0.3175
581 242 11 16 0.3175
339 75 9 11 0.3171
994 2 8 11 0.3168
775 121 10 15 0.3166
363 47 8 11 0.3162
75 222 11 14 0.3162
991 180 11 14 0.3159
963 98 10 12 0.3156
993 163 11 16 0.3153
974 83 10 12 0.3144
824 131 11 15 0.3143
625 109 10 13 0.3143
642 29 8 11 0.3142
396 135 10 13 0.3141
715 116 9 13 0.3133
781 161 10 14 0.3132
685 172 11 15 0.3132
505 225 11 16 0.3128
633 213 12 17 0.3125
148 323 13 16 0.3124
46 227 10 14 0.3124
579 12 7 10 0.3124
187 235 10 14 0.3121
278 139 10 13 0.3120
518 507 17 18 0.3117
175 6 9 10 0.3112
273 463 15 22 0.3111
515 2 8 11 0.3110
872 139 10 14 0.3107
758 0 9 10 0.3106
641 122 10 11 0.3101
575 118 9 12 0.3100
817 72 10 12 0.3094
584 243 11 15 0.3093
211 91 10 12 0.3093
374 423 17 19 0.3090
687 14 9 11 0.3084
547 118 10 13 0.3081
697 141 9 14 0.3077
318 253 12 16 0.3077
361 82 8 10 0.3076
517 21 7 10 0.3069
231 219 11 15 0.3068
452 28 8 11 0.3068
959 21 9 11 0.3068
651 79 9 12 0.3064
367 241 12 16 0.3062
632 339 13 16 0.3061
582 326 14 17 0.3057
890 381 15 22 0.3056
438 27 9 11 0.3055
448 99 9 12 0.3054
786 484 17 24 0.3048
850 196 12 16 0.3042
478 426 16 19 0.3040
867 120 11 13 0.3039
329 241 12 14 0.3033
591 73 9 11 0.3031
298 165 10 14 0.3030
710 298 14 18 0.3021
853 360 14 19 0.3018
307 46 9 11 0.3014
280 139 10 13 0.3013
387 46 8 10 0.3013
363 172 10 13 0.3007
850 360 13 19 0.3004
319 111 9 12 0.3002
355 111 9 12 0.3001
389 193 11 15 0.2995
245 154 10 13 0.2995
762 13 9 11 0.2989
454 352 13 17 0.2989
616 35 9 10 0.2989
550 3 7 11 0.2988
371 35 7 11 0.2987
49 227 10 14 0.2981
980 115 8 13 0.2974
356 344 14 17 0.2969
464 40 8 11 0.2954
232 141 10 13 0.2949
882 99 10 13 0.2949
997 2 8 11 0.2948
969 277 13 15 0.2943
818 10 8 11 0.2942
170 509 17 24 0.2941
24 241 13 17 0.2941
416 444 17 21 0.2940
73 204 12 16 0.2939
505 25 8 10 0.2934
464 23 8 10 0.2929
390 46 8 11 0.2928
902 170 11 15 0.2922
455 221 12 15 0.2922
430 117 9 12 0.2922
507 56 8 11 0.2918
10 205 10 15 0.2916
1004 226 13 17 0.2909
727 284 13 15 0.2905
812 255 12 18 0.2905
636 235 12 17 0.2904
410 228 12 16 0.2904
728 3 8 10 0.2901
927 334 16 19 0.2896
621 17 7 10 0.2896
634 53 9 11 0.2896
657 55 8 11 0.2894
242 154 9 13 0.2892
963 110 9 12 0.2892
461 111 9 11 0.2888
344 372 13 16 0.2876
209 188 11 14 0.2870
322 52 9 10 0.2869
731 2 9 11 0.2866
435 28 9 10 0.2857
158 5 8 9 0.2851
713 42 9 11 0.2846
636 339 12 17 0.2843
1018 196 6 15 0.2832
520 20 8 10 0.2832
634 300 13 18 0.2832
308 193 11 14 0.2828
471 123 8 12 0.2826
301 165 11 14 0.2821
922 22 8 11 0.2820
747 419 16 21 0.2818
343 284 12 16 0.2814
399 76 9 11 0.2813
229 99 9 11 0.2812
139 144 9 12 0.2812
716 88 10 13 0.2808
684 245 12 17 0.2791
59 296 12 17 0.2782
228 245 11 15 0.2777
711 167 10 14 0.2768
761 90 10 14 0.2765
827 353 13 17 0.2764
422 110 8 11 0.2763
789 202 10 15 0.2760
62 182 11 13 0.2747
271 82 10 12 0.2745
468 123 8 12 0.2739
742 108 10 14 0.2734
96 238 12 18 0.2734
592 27 9 11 0.2724
507 169 10 14 0.2721
780 76 9 12 0.2719
9 61 9 11 0.2719
623 84 9 11 0.2710
76 50 8 10 0.2707
325 224 11 15 0.2707
284 202 10 13 0.2705
412 520 19 26 0.2703
598 177 10 13 0.2696
848 239 14 16 0.2694
368 92 9 12 0.2691
228 219 11 14 0.2688
862 72 9 13 0.2686
803 186 10 14 0.2684
760 149 10 13 0.2683
889 0 9 10 0.2682
857 165 11 13 0.2667
653 249 12 15 0.2665
361 93 9 12 0.2653
49 191 12 14 0.2651
502 63 8 10 0.2646
394 85 9 12 0.2642
998 317 14 18 0.2639
786 90 10 14 0.2635
436 76 9 11 0.2634
800 31 9 11 0.2633
718 15 8 11 0.2626
413 156 11 15 0.2622
208 117 10 13 0.2620
823 353 13 17 0.2620
683 386 16 22 0.2611
621 358 14 17 0.2606
386 245 12 16 0.2606
120 472 16 21 0.2591
364 82 8 10 0.2589
1011 214 11 16 0.2589
393 102 9 11 0.2584
525 75 9 11 0.2584
677 139 10 15 0.2581
424 65 8 11 0.2578
426 65 8 11 0.2578
6 61 9 11 0.2571
548 28 8 11 0.2571
402 249 13 18 0.2565
425 17 8 10 0.2562
800 186 10 14 0.2560
736 25 9 12 0.2560
638 53 8 11 0.2559
513 2 8 10 0.2556
362 22 8 11 0.2556
211 117 10 13 0.2555
608 52 9 11 0.2552
337 136 10 13 0.2542
837 311 15 19 0.2542
555 176 11 14 0.2541
785 568 14 22 0.2538
1004 47 9 11 0.2532
976 11 9 11 0.2530
517 136 10 12 0.2524
733 25 9 12 0.2523
848 103 10 12 0.2516
124 194 10 13 0.2514
79 155 10 14 0.2511
719 89 10 13 0.2503
367 35 8 10 0.2500
511 119 10 14 0.2494
246 117 10 13 0.2494
741 17 8 10 0.2490
533 36 7 10 0.2489
747 245 12 17 0.2487
726 46 10 12 0.2482
427 206 13 17 0.2481
275 84 9 11 0.2478
127 194 10 13 0.2476
793 153 9 12 0.2473
374 381 15 18 0.2469
311 210 11 15 0.2469
154 40 8 11 0.2463
666 21 9 12 0.2462
464 479 18 24 0.2461
624 17 8 11 0.2450
402 77 8 11 0.2449
966 276 13 16 0.2444
462 41 7 10 0.2439
851 103 10 12 0.2436
893 0 8 11 0.2429
328 87 9 11 0.2429
667 88 9 13 0.2428
591 25 8 11 0.2416
895 76 10 13 0.2411
336 50 8 10 0.2409
499 103 9 11 0.2407
298 36 7 9 0.2405
977 13 8 11 0.2403
358 94 9 11 0.2403
366 172 9 13 0.2398
125 216 12 16 0.2396
542 75 8 12 0.2392
377 120 10 14 0.2388
390 102 9 11 0.2388
317 76 9 11 0.2383
252 88 9 12 0.2382
808 23 8 11 0.2376
705 111 10 12 0.2375
85 50 8 10 0.2372
254 89 9 11 0.2365
610 376 14 18 0.2364
816 10 7 10 0.2360
571 305 14 18 0.2360
419 278 14 19 0.2351
983 116 9 13 0.2348
308 90 8 11 0.2348
894 292 14 18 0.2346
875 221 13 17 0.2339
821 228 12 17 0.2337
670 72 9 12 0.2328
417 570 14 23 0.2327
873 140 11 15 0.2326
785 202 11 15 0.2323
706 24 8 11 0.2318
901 77 9 13 0.2303
491 0 7 7 0.2303
644 29 8 11 0.2301
399 14 7 9 0.2300
665 379 14 19 0.2299
890 162 10 14 0.2297
741 72 10 14 0.2296
310 91 9 11 0.2294
96 30 8 10 0.2290
535 36 8 10 0.2282
611 51 9 12 0.2278
370 72 8 10 0.2275
379 56 7 11 0.2275
392 193 11 15 0.2271
980 13 8 10 0.2270
226 127 10 13 0.2269
605 327 16 21 0.2259
375 56 8 10 0.2249
301 36 7 10 0.2248
338 50 8 11 0.2243
541 100 9 12 0.2240
520 319 12 16 0.2230
779 161 9 13 0.2227
314 74 8 12 0.2224
924 329 13 16 0.2224
466 39 8 11 0.2213
582 12 8 10 0.2206
366 47 9 11 0.2202
669 91 9 12 0.2198
219 157 9 12 0.2198
619 187 10 13 0.2198
291 20 8 11 0.2198
0 187 10 15 0.2197
915 15 8 10 0.2196
349 35 8 11 0.2179
641 182 11 14 0.2177
700 141 10 13 0.2176
481 43 8 10 0.2170
256 89 8 11 0.2167
795 153 9 13 0.2166
859 166 11 14 0.2166
893 163 11 15 0.2162
503 1 8 9 0.2161
787 3 8 9 0.2155
670 233 13 17 0.2148
455 29 8 10 0.2148
369 242 12 15 0.2146
343 395 14 16 0.2145
894 77 9 13 0.2144
727 68 9 13 0.2137
270 60 10 13 0.2131
306 210 11 14 0.2130
570 304 13 19 0.2129
585 54 8 11 0.2126
323 174 11 15 0.2121
872 21 9 12 0.2107
99 30 8 11 0.2106
479 57 8 10 0.2095
317 39 8 10 0.2089
425 99 8 10 0.2086
93 77 10 13 0.2081
960 160 11 14 0.2075
660 55 9 11 0.2075
249 309 13 17 0.2074
529 63 9 11 0.2068
963 143 10 13 0.2061
52 192 11 14 0.2060
977 83 9 13 0.2060
113 169 12 14 0.2059
255 322 13 19 0.2057
521 74 9 11 0.2057
23 69 8 11 0.2056
427 64 9 11 0.2056
529 11 7 10 0.2053
151 40 8 11 0.2049
657 93 10 12 0.2041
482 57 8 10 0.2041
746 189 10 15 0.2039
692 85 10 12 0.2032
467 22 8 10 0.2030
909 102 10 13 0.2019
128 235 12 16 0.2019
553 88 9 13 0.2018
358 194 10 15 0.2017
303 45 9 13 0.2016
474 1 8 9 0.2014
685 14 9 10 0.2013
965 421 15 21 0.2011
938 0 9 10 0.2007
668 300 15 18 0.2003
716 90 9 12 0.2003
472 348 11 15 0.2002
733 195 12 17 0.1999
394 88 8 11 0.1995
486 10 8 10 0.1994
768 214 11 15 0.1992
631 40 9 11 0.1992
229 127 10 13 0.1985
401 76 8 12 0.1984
530 208 12 15 0.1980
366 242 11 15 0.1978
298 165 11 15 0.1974
285 73 9 12 0.1971
324 160 10 13 0.1965
355 194 10 15 0.1959
358 22 8 11 0.1945
633 36 9 11 0.1944
256 359 13 16 0.1941
988 210 11 15 0.1938
354 222 11 15 0.1938
477 1 7 9 0.1936
1000 576 21 28 0.1930
109 47 8 11 0.1922
976 36 8 10 0.1920
805 0 8 8 0.1919
436 6 9 10 0.1919
684 446 14 20 0.1912
991 334 13 15 0.1907
465 2 8 8 0.1907
772 448 18 23 0.1906
170 23 8 10 0.1905
598 81 8 11 0.1904
288 20 8 11 0.1900
220 168 10 13 0.1894
497 367 14 18 0.1890
857 73 10 12 0.1886
852 240 13 16 0.1883
271 43 9 10 0.1883
672 416 15 19 0.1879
515 461 20 23 0.1877
393 69 8 12 0.1876
672 92 9 11 0.1870
604 4 8 9 0.1867
514 36 8 10 0.1867
162 273 13 16 0.1867
707 0 8 7 0.1857
320 254 11 16 0.1851
324 145 9 12 0.1849
258 262 12 15 0.1847
389 100 9 12 0.1838
196 124 9 12 0.1836
808 0 7 8 0.1834
961 3 9 11 0.1833
152 25 7 10 0.1830
408 39 8 11 0.1825
97 77 9 13 0.1798
119 507 20 25 0.1792
581 12 7 10 0.1791
130 22 8 12 0.1791
782 77 9 11 0.1779
310 7 8 10 0.1778
912 182 12 16 0.1777
178 66 7 10 0.1775
253 44 9 10 0.1771
623 187 10 13 0.1771
745 72 10 13 0.1769
607 51 9 11 0.1769
1017 371 7 23 0.1768
768 228 13 16 0.1761
875 139 11 14 0.1759
940 1 9 10 0.1757
320 95 9 11 0.1755
144 2 8 9 0.1753
125 216 12 17 0.1753
159 273 12 16 0.1750
773 2 7 10 0.1750
232 99 9 11 0.1748
148 25 8 10 0.1745
78 50 8 10 0.1737
683 196 12 18 0.1732
729 2 8 10 0.1727
433 449 13 19 0.1724
914 103 11 13 0.1722
467 24 8 10 0.1720
397 13 7 10 0.1719
565 33 9 12 0.1714
103 188 9 12 0.1713
334 10 8 9 0.1712
419 571 14 25 0.1700
675 15 8 10 0.1700
913 15 7 9 0.1700
762 0 8 10 0.1684
220 37 8 11 0.1681
149 61 8 10 0.1679
74 50 8 11 0.1678
92 277 15 19 0.1672
411 26 8 10 0.1672
796 117 10 14 0.1660
373 295 12 17 0.1658
263 77 9 12 0.1655
979 36 8 10 0.1654
944 1 8 10 0.1654
76 155 10 14 0.1652
462 2 8 8 0.1649
607 376 14 18 0.1648
301 165 11 14 0.1646
546 28 7 9 0.1643
517 319 12 16 0.1642
737 95 8 12 0.1642
506 27 8 10 0.1641
488 11 8 9 0.1640
739 95 9 11 0.1637
754 329 13 17 0.1636
350 413 16 21 0.1633
696 139 9 14 0.1632
159 181 11 14 0.1626
655 109 10 13 0.1626
556 70 9 11 0.1625
243 153 9 12 0.1624
119 319 14 17 0.1623
112 47 8 11 0.1623
408 156 11 15 0.1622
942 0 9 11 0.1622
507 131 10 13 0.1613
262 117 10 13 0.1612
967 99 9 12 0.1612
495 0 8 9 0.1610
897 76 10 14 0.1610
366 70 8 11 0.1610
376 24 8 10 0.1609
247 42 9 11 0.1605
1014 421 10 18 0.1603
498 250 12 14 0.1602
174 66 7 11 0.1601
689 117 9 12 0.1599
760 0 8 10 0.1595
696 95 9 11 0.1595
640 179 11 13 0.1591
83 35 8 11 0.1587
875 16 8 12 0.1584
734 231 12 16 0.1583
673 73 9 11 0.1579
849 242 14 17 0.1577
821 203 11 16 0.1574
966 143 10 13 0.1573
943 29 8 11 0.1567
972 82 9 13 0.1563
95 168 10 14 0.1562
658 49 8 12 0.1562
567 9 8 10 0.1554
78 77 9 11 0.1552
746 107 10 15 0.1552
805 21 9 11 0.1550
534 317 14 17 0.1549
332 87 8 10 0.1548
153 26 7 10 0.1545
639 29 9 10 0.1541
145 60 9 11 0.1535
245 100 8 12 0.1535
175 225 11 14 0.1532
0 363 6 17 0.1528
610 51 9 11 0.1514
251 323 12 17 0.1512
353 342 14 18 0.1505
720 269 13 16 0.1502
529 302 13 16 0.1500
893 76 9 13 0.1488
330 10 8 10 0.1479
116 137 9 11 0.1477
91 61 9 12 0.1476
182 127 10 12 0.1469
290 54 9 12 0.1468
160 142 10 13 0.1466
696 41 9 11 0.1463
749 189 10 15 0.1463
127 22 8 12 0.1459
699 139 9 14 0.1453
330 242 11 15 0.1452
172 39 9 12 0.1450
925 22 8 11 0.1446
663 45 9 10 0.1445
267 571 17 24 0.1443
847 101 10 13 0.1442
415 571 13 25 0.1441
0 218 6 18 0.1419
224 37 8 11 0.1411
467 370 14 20 0.1410
779 76 8 11 0.1410
643 312 12 17 0.1405
155 4 8 10 0.1401
980 114 9 13 0.1398
916 15 8 10 0.1397
39 354 15 21 0.1396
825 228 12 17 0.1395
645 181 10 14 0.1389
670 22 8 11 0.1385
893 405 16 22 0.1385
139 457 14 19 0.1380
757 90 9 12 0.1376
517 1 8 11 0.1374
191 429 15 24 0.1370
912 84 9 12 0.1367
414 228 12 16 0.1367
847 87 10 12 0.1364
140 2 8 10 0.1364
682 14 8 10 0.1364
800 266 13 17 0.1363
20 69 8 11 0.1362
570 36 9 11 0.1362
109 104 9 13 0.1357
57 28 8 10 0.1353
553 103 9 11 0.1350
940 30 8 10 0.1348
266 322 12 19 0.1347
454 5 8 9 0.1344
870 38 8 10 0.1344
723 301 13 17 0.1340
107 67 9 11 0.1328
925 22 9 12 0.1327
669 422 14 18 0.1326
229 142 9 12 0.1325
516 509 18 19 0.1320
409 25 7 10 0.1319
142 1 8 10 0.1314
149 26 8 11 0.1313
340 50 9 11 0.1310
229 216 11 15 0.1309
679 279 14 17 0.1309
764 299 13 17 0.1303
365 240 11 16 0.1300
381 29 8 10 0.1300
292 114 10 13 0.1295
644 0 8 6 0.1295
99 168 10 13 0.1294
282 140 9 12 0.1293
267 152 11 15 0.1291
78 123 11 14 0.1290
81 156 10 14 0.1286
21 241 12 17 0.1286
187 5 8 10 0.1278
68 260 12 16 0.1278
753 119 10 14 0.1274
689 85 8 11 0.1271
112 166 11 13 0.1267
49 192 11 14 0.1266
554 178 12 15 0.1265
159 139 10 13 0.1261
749 191 10 15 0.1261
274 60 9 12 0.1257
995 1 8 11 0.1255
113 104 9 12 0.1254
685 445 13 19 0.1251
195 59 7 11 0.1249
187 162 10 14 0.1245
548 136 10 13 0.1240
106 264 12 15 0.1238
497 102 8 12 0.1236
472 232 10 12 0.1235
172 223 11 14 0.1231
163 138 10 14 0.1231
163 180 11 14 0.1224
436 27 8 10 0.1224
123 85 8 11 0.1224
791 312 14 17 0.1223
779 77 9 12 0.1221
100 187 10 13 0.1212
114 317 14 19 0.1211
711 0 7 7 0.1210
973 103 9 12 0.1205
657 313 14 20 0.1204
169 111 10 12 0.1203
841 88 9 12 0.1203
702 385 14 18 0.1192
173 24 7 10 0.1190
891 106 11 15 0.1188
167 97 9 12 0.1182
593 229 11 16 0.1175
774 1 8 10 0.1170
315 253 12 15 0.1170
672 300 15 18 0.1170
60 26 8 11 0.1169
47 190 11 14 0.1168
63 314 14 19 0.1164
740 48 10 14 0.1154
631 131 11 13 0.1152
126 85 8 11 0.1150
142 106 10 14 0.1150
110 67 9 11 0.1148
221 323 11 16 0.1143
264 275 13 17 0.1141
791 152 9 13 0.1132
316 254 11 17 0.1129
176 39 8 12 0.1126
443 84 9 11 0.1124
660 353 13 18 0.1121
935 160 10 14 0.1113
820 11 8 10 0.1110
163 141 11 13 0.1107
157 386 13 16 0.1096
921 23 9 11 0.1095
173 112 9 12 0.1092
725 284 12 15 0.1090
112 102 10 12 0.1085
849 286 14 17 0.1083
867 38 8 11 0.1081
262 116 9 13 0.1081
1003 98 10 14 0.1075
666 0 8 7 0.1073
740 0 8 8 0.1071
890 1 8 10 0.1071
0 155 7 17 0.1069
593 112 10 13 0.1064
109 122 9 13 0.1063
242 43 8 11 0.1059
271 63 10 12 0.1058
537 37 8 10 0.1054
870 22 9 12 0.1052
853 286 13 17 0.1049
181 27 8 10 0.1048
876 140 11 15 0.1046
157 287 13 16 0.1044
450 101 9 11 0.1041
56 26 8 11 0.1039
317 72 9 11 0.1035
432 116 9 12 0.1034
132 24 8 11 0.1034
310 90 8 11 0.1032
492 68 8 10 0.1032
630 112 9 11 0.1032
742 51 9 13 0.1032
198 253 12 18 0.1031
760 315 13 16 0.1028
397 0 8 8 0.1028
545 135 10 13 0.1027
978 297 13 18 0.1026
114 136 8 12 0.1024
977 38 8 11 0.1023
292 9 7 9 0.1020
19 360 15 22 0.1011
600 204 10 15 0.1011
344 339 12 18 0.1010
957 178 10 15 0.1008
286 203 11 14 0.1007
150 87 10 13 0.1004
198 59 7 10 0.1002
898 252 12 16 0.1000
855 166 10 13 0.0997
635 130 11 13 0.0995
450 27 8 11 0.0992
462 62 9 11 0.0992
568 277 12 17 0.0990
87 60 9 12 0.0985
876 13 8 9 0.0981
293 73 10 12 0.0975
365 48 8 11 0.0972
112 123 9 12 0.0966
979 11 9 12 0.0964
850 101 10 13 0.0963
492 125 10 13 0.0958
533 38 8 10 0.0957
558 89 10 12 0.0956
225 322 11 17 0.0955
207 116 9 12 0.0950
17 401 16 20 0.0950
61 180 10 13 0.0948
266 33 8 10 0.0942
391 67 8 11 0.0936
777 2 8 10 0.0935
346 35 8 11 0.0932
518 317 13 17 0.0932
595 0 8 7 0.0932
468 367 14 19 0.0931
644 179 10 13 0.0930
677 196 11 16 0.0929
162 179 10 13 0.0926
761 298 12 17 0.0926
510 154 11 13 0.0923
845 328 14 19 0.0920
847 151 11 14 0.0920
672 421 15 19 0.0914
913 101 10 13 0.0912
538 214 13 18 0.0910
182 299 12 17 0.0910
415 279 14 18 0.0910
500 38 8 10 0.0907
176 65 8 10 0.0906
147 87 9 13 0.0901
647 0 8 6 0.0901
133 454 15 19 0.0901
199 294 14 17 0.0899
867 36 8 11 0.0897
819 202 10 15 0.0894
765 213 11 15 0.0894
426 299 13 17 0.0893
191 47 9 10 0.0892
263 33 7 10 0.0891
932 208 9 14 0.0890
815 149 10 13 0.0884
177 127 10 12 0.0880
422 17 8 10 0.0877
596 28 9 12 0.0877
158 180 10 13 0.0873
10 204 11 15 0.0872
624 70 9 12 0.0871
786 204 11 14 0.0870
244 227 12 17 0.0870
54 252 12 16 0.0868
173 65 7 11 0.0864
744 15 8 11 0.0863
516 506 17 19 0.0858
29 517 18 21 0.0856
223 38 8 11 0.0855
408 0 7 10 0.0854
195 84 9 11 0.0849
796 390 14 22 0.0847
366 69 9 11 0.0844
475 461 15 18 0.0838
367 38 8 11 0.0836
62 41 8 11 0.0835
569 38 9 11 0.0834
405 0 7 7 0.0833
595 230 12 15 0.0832
275 572 14 22 0.0829
727 68 10 11 0.0829
696 70 10 13 0.0828
425 185 12 15 0.0828
495 249 11 14 0.0826
232 140 9 12 0.0824
341 369 13 17 0.0818
414 443 17 22 0.0818
584 183 10 13 0.0818
301 248 12 17 0.0813
928 329 13 16 0.0813
926 246 11 15 0.0811
534 207 11 14 0.0809
79 93 10 13 0.0807
331 137 10 12 0.0806
421 110 9 12 0.0805
82 123 10 14 0.0801
623 15 8 10 0.0800
289 9 8 9 0.0798
545 61 9 11 0.0798
470 230 10 12 0.0797
640 68 10 12 0.0796
490 10 7 10 0.0796
190 348 13 18 0.0794
1004 94 10 12 0.0794
929 208 9 13 0.0793
893 1 8 10 0.0792
125 192 10 13 0.0792
108 102 10 13 0.0788
396 14 7 9 0.0787
357 190 9 14 0.0783
991 210 12 16 0.0775
42 284 13 18 0.0773
777 15 9 11 0.0772
75 77 9 11 0.0772
676 14 8 10 0.0770
148 90 10 12 0.0770
210 22 8 11 0.0769
537 101 9 12 0.0769
33 313 14 18 0.0766
395 13 8 10 0.0766
970 259 12 16 0.0765
548 2 7 11 0.0765
600 1 7 9 0.0760
580 240 11 16 0.0760
716 269 12 17 0.0760
900 308 13 20 0.0758
444 90 9 11 0.0756
468 119 10 11 0.0755
479 243 11 14 0.0755
165 259 12 15 0.0752
288 164 10 14 0.0750
669 417 15 18 0.0749
7 63 9 11 0.0748
492 444 16 22 0.0747
388 191 11 14 0.0746
333 11 7 8 0.0745
395 0 7 8 0.0745
26 323 12 15 0.0744
572 101 9 12 0.0735
474 78 9 12 0.0728
466 39 8 11 0.0725
700 9 8 9 0.0724
479 310 13 19 0.0722
94 5 7 9 0.0718
628 38 9 10 0.0717
68 112 9 11 0.0717
635 40 8 11 0.0717
262 320 13 19 0.0716
599 94 9 12 0.0716
1013 257 10 16 0.0714
1005 158 9 14 0.0714
706 166 10 14 0.0713
919 0 8 7 0.0713
71 112 9 11 0.0712
283 387 13 16 0.0709
213 23 8 10 0.0709
836 137 9 13 0.0709
792 116 10 13 0.0708
244 40 9 12 0.0707
60 31 8 11 0.0703
377 203 10 14 0.0702
261 261 12 16 0.0701
390 45 8 10 0.0701
564 5 9 11 0.0699
873 0 7 8 0.0698
452 155 10 13 0.0695
1 88 7 13 0.0695
428 413 16 19 0.0694
346 67 9 11 0.0694
671 89 10 12 0.0692
305 49 9 11 0.0685
850 88 10 13 0.0684
965 3 9 11 0.0683
696 85 9 12 0.0682
980 37 9 11 0.0682
700 70 9 12 0.0681
152 90 9 12 0.0679
612 0 8 7 0.0677
566 46 9 12 0.0676
110 164 11 14 0.0676
836 112 9 13 0.0674
312 41 9 11 0.0673
280 103 10 12 0.0671
415 277 13 19 0.0670
267 61 10 12 0.0669
362 21 8 10 0.0669
967 259 12 15 0.0668
714 88 10 13 0.0666
315 111 9 12 0.0662
79 128 10 14 0.0661
140 1 7 10 0.0660
542 117 10 13 0.0659
340 7 8 10 0.0658
236 141 9 12 0.0657
981 35 8 11 0.0650
738 52 10 12 0.0650
126 100 9 12 0.0648
377 296 12 16 0.0648
211 117 10 12 0.0647
374 0 8 8 0.0646
51 76 8 11 0.0646
15 121 9 12 0.0646
598 203 10 14 0.0642
805 356 15 19 0.0642
198 127 9 11 0.0640
676 118 9 13 0.0632
747 190 11 16 0.0632
256 6 8 10 0.0627
411 38 8 11 0.0624
285 497 18 24 0.0624
185 4 7 10 0.0624
48 93 9 11 0.0623
375 291 11 15 0.0622
377 0 8 10 0.0618
700 4 9 10 0.0618
626 111 10 12 0.0618
393 87 9 11 0.0618
784 75 9 12 0.0614
643 119 9 12 0.0613
292 115 10 13 0.0612
55 315 14 19 0.0611
210 156 10 12 0.0609
74 74 9 12 0.0609
693 117 9 12 0.0608
87 61 9 12 0.0608
44 23 8 10 0.0604
448 72 8 10 0.0603
855 164 10 13 0.0602
993 1 8 10 0.0602
353 190 9 14 0.0601
811 435 14 17 0.0599
335 370 12 16 0.0598
817 203 10 15 0.0596
334 87 9 11 0.0591
45 93 8 12 0.0589
838 112 9 13 0.0589
310 192 11 14 0.0589
53 77 8 11 0.0586
916 0 9 7 0.0586
1017 249 7 16 0.0585
3 189 11 15 0.0584
392 191 11 14 0.0584
965 111 9 12 0.0580
1016 464 8 20 0.0578
255 357 13 15 0.0576
95 28 8 11 0.0576
385 244 11 14 0.0575
891 165 11 15 0.0574
18 433 17 21 0.0574
670 440 12 16 0.0573
1004 54 9 12 0.0573
336 10 8 10 0.0572
276 41 9 11 0.0569
595 112 11 13 0.0565
147 62 8 11 0.0563
503 313 15 18 0.0563
469 71 8 10 0.0562
243 41 9 12 0.0560
246 1 9 9 0.0560
448 0 8 9 0.0556
831 156 10 13 0.0554
786 571 15 20 0.0554
87 180 10 13 0.0552
77 154 9 13 0.0551
128 101 9 12 0.0551
713 115 9 13 0.0551
333 368 12 16 0.0547
390 193 11 15 0.0545
571 117 10 13 0.0544
49 78 8 11 0.0544
268 62 9 12 0.0543
671 0 9 8 0.0542
301 539 18 20 0.0541
990 103 10 12 0.0540
375 380 14 18 0.0540
83 113 10 13 0.0538
183 165 11 13 0.0538
19 121 8 11 0.0537
269 43 8 10 0.0536
819 151 9 11 0.0534
497 370 12 16 0.0532
1017 86 7 15 0.0532
525 189 11 14 0.0531
71 129 9 14 0.0531
543 215 11 17 0.0529
883 276 12 17 0.0529
210 115 10 13 0.0528
980 114 10 13 0.0527
786 88 10 13 0.0526
185 27 8 11 0.0522
162 386 12 15 0.0521
438 9 8 10 0.0519
110 168 11 13 0.0518
995 251 13 15 0.0516
482 41 8 10 0.0514
645 0 7 8 0.0510
20 289 10 14 0.0510
200 309 13 18 0.0510
104 188 10 13 0.0510
151 62 8 10 0.0505
108 65 8 12 0.0504
629 155 11 15 0.0503
18 150 10 13 0.0502
671 69 9 11 0.0501
297 35 8 10 0.0501
790 203 10 15 0.0501
876 17 8 11 0.0501
526 62 9 11 0.0500
82 127 10 14 0.0496
226 215 10 15 0.0495
854 349 14 17 0.0495
118 138 9 11 0.0494
2 496 15 20 0.0493
778 24 8 11 0.0492
469 347 12 15 0.0492
514 34 8 11 0.0492
1004 27 8 11 0.0491
312 8 8 10 0.0490
79 48 8 10 0.0490
852 244 14 17 0.0488
161 139 10 13 0.0488
1 177 9 15 0.0487
249 1 8 10 0.0485
360 136 9 12 0.0484
567 8 8 10 0.0484
546 137 10 13 0.0483
640 272 13 17 0.0482
620 16 7 10 0.0479
709 57 10 13 0.0478
253 252 12 15 0.0477
391 67 9 11 0.0476
421 98 9 12 0.0475
414 228 11 15 0.0473
557 211 11 15 0.0472
186 236 12 15 0.0471
274 569 15 24 0.0471
336 119 10 11 0.0470
783 311 13 18 0.0469
113 49 8 11 0.0467
1004 92 10 12 0.0466
427 10 8 11 0.0466
194 126 9 12 0.0465
159 6 7 10 0.0465
109 50 8 10 0.0465
435 3 7 10 0.0462
801 189 11 15 0.0462
621 188 12 14 0.0459
292 142 10 13 0.0455
813 435 15 17 0.0454
180 25 8 11 0.0453
250 1 8 10 0.0453
577 132 10 13 0.0452
545 2 8 10 0.0452
698 69 8 10 0.0452
491 0 8 6 0.0451
720 43 9 11 0.0451
186 164 10 14 0.0449
104 266 12 15 0.0445
58 180 11 13 0.0445
806 20 9 10 0.0442
184 25 8 10 0.0442
360 194 10 13 0.0438
622 16 8 10 0.0437
901 169 12 15 0.0432
217 168 9 13 0.0432
602 18 9 10 0.0430
341 396 14 18 0.0430
415 569 12 23 0.0429
113 138 10 12 0.0427
288 162 12 14 0.0427
86 176 11 14 0.0426
841 91 9 12 0.0424
55 191 10 13 0.0423
634 0 8 5 0.0422
81 91 9 13 0.0420
313 9 7 10 0.0420
594 32 9 11 0.0420
161 271 12 15 0.0420
17 290 10 14 0.0419
291 19 8 10 0.0419
517 135 10 13 0.0418
106 581 19 26 0.0417
0 119 8 15 0.0417
62 243 11 15 0.0415
466 21 7 10 0.0414
570 56 9 11 0.0414
447 299 14 17 0.0413
549 62 8 11 0.0413
622 85 10 12 0.0413
616 65 9 11 0.0413
1007 214 13 18 0.0411
797 153 9 13 0.0410
960 109 10 12 0.0410
578 178 11 14 0.0409
926 20 8 11 0.0409
257 89 9 11 0.0408
826 41 9 12 0.0407
870 34 8 11 0.0406
336 414 13 18 0.0406
530 216 12 16 0.0406
85 314 12 17 0.0405
530 206 10 14 0.0404
834 139 10 12 0.0403
961 139 11 14 0.0403
104 188 11 14 0.0402
22 151 9 13 0.0401
911 15 8 10 0.0400
216 166 11 13 0.0399
928 243 13 15 0.0399
963 44 10 12 0.0398
361 8 8 10 0.0396
861 164 10 13 0.0396
710 41 9 10 0.0395
49 37 9 11 0.0395
66 8 7 9 0.0395
81 91 10 12 0.0394
508 145 11 14 0.0393
138 142 11 14 0.0392
235 47 9 11 0.0392
824 228 12 16 0.0391
754 148 10 13 0.0391
470 95 8 11 0.0391
1006 98 10 14 0.0391
72 203 11 15 0.0390
875 22 8 12 0.0390
425 130 10 14 0.0389
551 138 9 12 0.0387
100 189 9 13 0.0386
455 203 13 16 0.0385
470 347 12 14 0.0385
856 166 11 14 0.0385
982 0 10 7 0.0384
185 349 14 17 0.0383
578 229 11 14 0.0383
515 118 11 13 0.0383
2 150 7 16 0.0383
242 97 9 11 0.0382
207 90 10 12 0.0381
341 370 13 17 0.0381
538 36 9 11 0.0381
538 19 8 10 0.0380
92 4 7 9 0.0379
797 391 14 19 0.0378
57 257 13 18 0.0377
1017 344 7 18 0.0377
663 383 13 17 0.0376
235 207 12 15 0.0374
779 161 10 14 0.0373
961 110 10 13 0.0373
293 184 11 15 0.0373
771 0 8 6 0.0373
960 22 9 11 0.0372
648 0 8 7 0.0370
431 187 12 15 0.0370
152 284 12 17 0.0368
96 6 7 9 0.0367
163 94 10 12 0.0366
355 300 13 16 0.0365
955 32 9 12 0.0363
176 4 8 11 0.0361
929 249 14 17 0.0361
128 25 9 10 0.0361
8 62 9 12 0.0358
81 153 9 13 0.0358
671 420 14 17 0.0358
3 187 11 14 0.0358
211 90 9 12 0.0358
982 59 9 13 0.0357
376 170 10 13 0.0357
25 315 11 16 0.0357
145 618 18 25 0.0357
308 134 9 12 0.0355
477 403 14 16 0.0354
99 25 9 12 0.0354
311 192 10 13 0.0354
976 217 13 17 0.0353
2 451 15 21 0.0352
305 233 11 14 0.0350
363 83 8 11 0.0350
547 139 9 12 0.0348
698 140 10 13 0.0348
422 64 8 11 0.0348
524 189 10 14 0.0347
339 135 10 13 0.0345
706 0 7 5 0.0344
474 102 9 11 0.0344
254 139 10 14 0.0343
407 330 12 17 0.0343
475 407 16 17 0.0343
166 348 13 17 0.0343
155 39 8 11 0.0343
1 493 15 20 0.0342
137 87 10 12 0.0342
784 162 9 13 0.0341
640 190 11 14 0.0341
436 114 10 13 0.0340
105 14 8 10 0.0340
790 570 15 21 0.0339
730 229 12 16 0.0339
927 112 10 13 0.0338
646 0 8 5 0.0336
347 329 14 17 0.0336
220 37 9 11 0.0335
196 62 8 11 0.0335
111 45 8 10 0.0334
681 276 13 16 0.0331
769 67 10 12 0.0330
963 312 14 18 0.0330
584 240 11 16 0.0329
81 118 10 14 0.0329
850 240 14 18 0.0329
241 117 9 12 0.0327
762 225 13 18 0.0327
999 134 10 13 0.0327
964 159 10 14 0.0327
359 343 13 17 0.0325
55 88 10 12 0.0325
720 88 10 13 0.0323
7 155 11 15 0.0323
304 82 9 12 0.0323
476 459 13 15 0.0320
525 214 11 15 0.0319
668 0 8 5 0.0317
502 282 13 18 0.0317
898 292 15 19 0.0315
167 112 10 12 0.0315
332 240 12 14 0.0315
364 131 9 12 0.0314
754 46 10 12 0.0314
819 9 8 11 0.0313
759 404 14 20 0.0313
536 529 15 19 0.0313
765 229 12 15 0.0313
969 135 11 15 0.0311
131 21 8 11 0.0311
828 298 14 17 0.0311
606 93 9 12 0.0310
96 216 12 15 0.0309
433 2 7 10 0.0309
394 0 7 6 0.0308
290 36 8 11 0.0307
648 78 9 12 0.0306
20 68 8 10 0.0305
309 4 7 10 0.0304
491 84 9 11 0.0303
976 85 10 12 0.0303
251 17 8 12 0.0303
680 47 9 12 0.0303
261 186 11 14 0.0301
674 138 10 15 0.0300
139 110 10 13 0.0298
849 288 14 18 0.0298
970 217 13 18 0.0298
143 60 9 12 0.0297
727 232 12 17 0.0296
2 160 11 15 0.0296
569 4 8 10 0.0296
109 119 10 13 0.0295
934 162 11 14 0.0294
781 90 11 14 0.0294
78 239 12 15 0.0294
297 98 8 10 0.0293
885 232 13 18 0.0292
361 136 9 12 0.0292
1016 365 8 26 0.0291
316 113 8 11 0.0290
247 17 9 13 0.0289
609 327 15 21 0.0289
713 61 10 13 0.0288
352 113 9 11 0.0288
75 94 10 12 0.0287
669 369 14 18 0.0285
182 377 12 17 0.0285
987 566 14 19 0.0285
792 29 10 12 0.0283
489 109 9 12 0.0283
218 39 8 10 0.0281
804 0 8 6 0.0280
594 178 11 14 0.0280
721 267 13 17 0.0279
128 193 10 13 0.0279
71 124 10 15 0.0277
108 581 19 26 0.0276
1 530 10 16 0.0276
676 119 9 13 0.0275
405 332 12 18 0.0275
807 254 12 17 0.0275
503 371 12 15 0.0275
41 354 14 18 0.0273
693 30 8 11 0.0273
214 53 8 12 0.0272
818 339 13 15 0.0272
498 410 12 16 0.0271
418 335 13 19 0.0270
495 175 11 15 0.0270
923 113 11 12 0.0269
814 358 16 19 0.0267
377 116 9 12 0.0267
314 71 9 10 0.0267
344 3 8 9 0.0266
245 225 11 16 0.0266
210 156 9 11 0.0265
840 261 14 19 0.0265
180 359 16 19 0.0264
1015 341 9 16 0.0264
301 233 11 14 0.0264
926 111 10 13 0.0264
114 140 9 12 0.0264
516 565 18 22 0.0263
673 312 14 20 0.0263
517 14 9 11 0.0263
873 444 18 21 0.0263
143 113 9 13 0.0262
215 10 7 11 0.0261
388 157 10 13 0.0261
677 52 9 11 0.0260
331 370 11 16 0.0260
643 31 9 11 0.0258
473 0 8 6 0.0258
229 316 12 17 0.0257
522 187 10 15 0.0256
594 0 9 5 0.0256
864 177 12 16 0.0255
232 219 11 14 0.0255
913 153 10 13 0.0254
870 0 7 8 0.0253
264 31 8 10 0.0252
444 0 7 5 0.0251
745 295 13 17 0.0251
96 4 6 8 0.0249
646 85 10 13 0.0249
212 22 7 9 0.0249
56 107 9 12 0.0248
589 56 9 11 0.0248
946 365 15 19 0.0248
141 60 9 11 0.0247
422 66 9 11 0.0247
1018 381 6 20 0.0245
162 233 11 15 0.0245
818 131 10 13 0.0244
540 318 12 17 0.0244
300 144 10 13 0.0242
631 388 15 19 0.0241
667 41 9 11 0.0240
717 439 17 19 0.0240
948 370 14 17 0.0240
750 414 17 23 0.0239
671 315 14 18 0.0239
643 186 11 14 0.0239
481 242 11 14 0.0238
934 153 11 14 0.0237
174 4 8 11 0.0237
579 92 9 12 0.0237
385 335 12 16 0.0237
290 59 9 11 0.0236
926 33 9 12 0.0236
734 228 12 16 0.0236
907 85 10 14 0.0236
829 41 10 12 0.0235
320 113 8 10 0.0234
720 387 13 18 0.0234
193 85 8 11 0.0234
181 39 10 12 0.0234
516 412 13 18 0.0232
757 0 8 6 0.0232
212 10 8 10 0.0230
59 22 7 9 0.0229
184 163 11 14 0.0229
0 576 7 21 0.0229
606 427 14 19 0.0228
759 331 12 16 0.0228
665 354 14 18 0.0228
66 112 10 12 0.0227
208 309 11 17 0.0227
770 218 12 15 0.0227
779 164 10 13 0.0227
827 39 10 12 0.0227
175 338 14 18 0.0226
827 40 9 10 0.0224
439 30 8 10 0.0223
122 191 10 13 0.0223
366 345 12 17 0.0223
917 479 19 26 0.0221
58 243 12 15 0.0220
861 74 9 12 0.0219
139 142 10 13 0.0219
824 39 9 10 0.0219
372 0 7 8 0.0218
258 9 8 9 0.0218
179 7 8 10 0.0217
47 49 9 12 0.0217
248 115 9 13 0.0217
871 36 8 11 0.0216
749 294 13 16 0.0215
478 169 10 15 0.0214
36 333 12 13 0.0213
459 63 8 12 0.0213
364 170 10 13 0.0212
872 107 10 13 0.0212
578 163 11 12 0.0212
882 97 9 12 0.0211
518 82 10 13 0.0210
581 92 9 12 0.0210
824 299 11 17 0.0210
710 166 10 13 0.0210
389 118 10 13 0.0210
797 114 10 14 0.0210
41 133 10 14 0.0209
1016 63 7 12 0.0208
21 470 16 22 0.0208
620 190 10 12 0.0208
4 81 9 12 0.0207
495 369 14 18 0.0207
188 61 9 12 0.0207
1018 192 6 15 0.0206
904 183 13 16 0.0206
495 349 13 15 0.0205
1008 32 10 12 0.0204
337 137 9 13 0.0203
1008 30 8 10 0.0203
419 391 14 16 0.0202
623 321 12 17 0.0202
371 0 8 5 0.0202
548 89 10 12 0.0201
753 317 14 16 0.0200
825 348 14 17 0.0200
10 53 9 11 0.0199
964 463 12 16 0.0197
968 52 9 12 0.0197
525 366 10 12 0.0197
455 156 10 13 0.0196
727 0 8 6 0.0196
956 38 9 11 0.0196
657 412 11 15 0.0195
832 111 10 14 0.0195
230 80 11 12 0.0195
204 255 14 18 0.0195
44 49 9 13 0.0194
37 145 11 14 0.0194
393 136 10 14 0.0193
404 328 12 18 0.0193
396 247 11 15 0.0193
520 93 10 12 0.0193
807 86 10 14 0.0193
298 540 17 19 0.0193
44 370 15 20 0.0192
294 193 11 14 0.0192
193 158 9 12 0.0192
521 413 12 18 0.0191
187 347 13 17 0.0191
645 19 9 10 0.0191
63 10 7 9 0.0191
1005 228 13 16 0.0190
690 51 9 12 0.0189
27 67 8 11 0.0188
170 65 8 11 0.0187
181 123 9 12 0.0187
558 137 10 13 0.0187
858 72 9 11 0.0187
936 0 9 6 0.0186
326 239 13 16 0.0186
962 237 13 17 0.0185
746 38 9 12 0.0185
674 280 14 16 0.0184
991 164 11 16 0.0184
809 198 11 17 0.0183
923 34 9 11 0.0183
349 341 14 19 0.0183
955 19 9 11 0.0182
137 45 8 12 0.0182
730 5 8 10 0.0181
626 156 10 14 0.0181
322 1 8 9 0.0181
764 422 14 18 0.0180
492 444 17 22 0.0180
1001 317 13 16 0.0179
131 217 11 15 0.0179
0 352 8 17 0.0177
927 243 10 14 0.0176
780 431 15 20 0.0175
93 7 8 9 0.0174
11 120 11 14 0.0174
317 164 11 14 0.0174
588 135 11 12 0.0173
132 379 16 21 0.0173
563 49 8 11 0.0173
65 253 13 19 0.0173
655 56 8 11 0.0172
496 352 13 17 0.0172
973 80 10 12 0.0171
155 383 14 17 0.0170
578 53 9 11 0.0170
330 368 11 16 0.0169
245 16 8 11 0.0169
378 474 12 17 0.0168
423 200 13 17 0.0168
536 66 9 12 0.0168
326 28 8 10 0.0168
850 362 15 20 0.0168
899 290 13 17 0.0167
633 114 10 13 0.0167
100 216 11 15 0.0167
2 493 18 22 0.0166
987 207 11 14 0.0166
798 150 9 13 0.0165
1009 228 12 16 0.0165
5 43 8 11 0.0164
266 148 10 12 0.0163
229 77 10 12 0.0163
411 0 7 5 0.0163
498 252 13 16 0.0163
181 305 13 18 0.0163
246 247 12 15 0.0162
671 298 13 15 0.0162
628 0 8 2 0.0161
625 188 10 13 0.0161
89 188 10 14 0.0160
451 202 13 17 0.0160
575 165 10 13 0.0160
828 356 15 17 0.0160
2 86 9 12 0.0160
47 72 8 12 0.0160
779 47 10 12 0.0159
162 259 11 15 0.0158
388 386 10 15 0.0157
62 57 8 11 0.0157
936 258 13 18 0.0156
527 565 18 23 0.0156
358 112 9 11 0.0155
149 107 10 13 0.0154
1001 154 10 13 0.0154
397 312 12 17 0.0153
424 83 9 11 0.0152
35 315 13 16 0.0151
465 479 18 25 0.0150
624 130 10 13 0.0150
548 5 8 9 0.0149
3 47 9 12 0.0149
472 124 8 12 0.0149
479 461 13 18 0.0148
199 63 8 11 0.0148
636 179 11 14 0.0147
876 445 17 19 0.0147
140 41 8 11 0.0146
73 24 8 11 0.0146
605 241 11 17 0.0146
718 266 12 16 0.0146
281 399 14 18 0.0145
670 369 13 16 0.0144
886 380 13 19 0.0144
522 366 12 16 0.0144
812 2 7 10 0.0143
999 64 10 13 0.0143
447 435 14 18 0.0143
43 48 8 11 0.0142
591 88 9 13 0.0142
910 15 8 10 0.0142
232 244 12 14 0.0142
103 267 13 17 0.0142
242 47 8 12 0.0142
130 215 11 15 0.0141
502 351 13 17 0.0141
516 137 10 13 0.0140
36 143 10 13 0.0140
1 535 10 17 0.0140
961 143 11 14 0.0139
347 159 10 13 0.0139
392 163 10 13 0.0139
