2_Demonstration_Political_Rally_2_264
765
679 590 17 21 0.6019
602 517 14 18 0.5431
651 467 14 18 0.5225
624 566 16 20 0.4998
988 523 14 18 0.4764
443 500 15 22 0.4387
238 574 18 24 0.4334
931 597 22 24 0.4250
396 425 13 16 0.4241
615 471 13 16 0.4190
500 512 13 16 0.4113
585 462 12 18 0.4064
532 513 15 17 0.3938
314 513 18 21 0.3909
387 550 17 21 0.3829
529 513 15 17 0.3632
439 500 16 22 0.3614
390 549 17 22 0.3610
581 462 13 18 0.3576
281 347 11 13 0.3566
335 400 11 14 0.3489
278 347 11 13 0.3273
907 405 12 14 0.3103
482 517 15 17 0.3096
336 457 15 17 0.3092
731 440 10 12 0.3076
41 364 11 12 0.2867
711 504 15 19 0.2866
797 405 11 13 0.2801
54 345 11 13 0.2780
339 359 10 13 0.2770
961 387 10 11 0.2755
334 456 14 17 0.2746
359 527 14 17 0.2729
612 470 12 17 0.2723
333 312 9 12 0.2723
707 503 15 20 0.2711
602 368 10 12 0.2698
343 359 10 13 0.2682
599 368 9 11 0.2680
957 387 10 11 0.2666
754 359 9 12 0.2606
93 357 11 14 0.2606
330 312 9 12 0.2600
155 334 11 13 0.2571
585 600 17 21 0.2503
619 422 12 14 0.2501
513 411 13 16 0.2457
142 483 14 17 0.2446
791 365 9 11 0.2436
552 336 9 11 0.2398
694 373 9 11 0.2377
733 440 10 13 0.2372
785 455 13 16 0.2365
963 454 13 16 0.2316
788 455 13 16 0.2315
549 336 9 12 0.2300
794 365 9 11 0.2295
45 364 10 12 0.2282
992 523 12 18 0.2271
750 359 9 12 0.2249
479 517 14 17 0.2227
362 402 11 13 0.2221
1007 396 11 15 0.2216
58 345 10 13 0.2168
801 406 10 12 0.2157
224 547 19 22 0.2146
463 349 11 12 0.2146
453 303 9 11 0.2077
457 452 13 18 0.2060
449 350 9 12 0.2054
97 358 10 12 0.2008
337 400 12 13 0.1983
691 373 9 11 0.1958
1003 396 12 14 0.1952
451 425 12 15 0.1946
216 361 12 15 0.1946
311 513 17 21 0.1935
140 482 13 16 0.1849
682 590 17 21 0.1847
967 453 13 17 0.1825
445 350 10 12 0.1823
729 440 10 12 0.1811
641 354 9 10 0.1805
904 405 11 14 0.1794
241 388 13 16 0.1746
365 402 11 13 0.1737
78 325 10 12 0.1733
457 303 9 11 0.1722
153 334 10 13 0.1699
623 422 11 13 0.1685
738 606 18 16 0.1641
103 500 14 18 0.1604
99 417 13 16 0.1598
922 385 10 11 0.1583
513 449 13 17 0.1540
212 361 12 15 0.1519
386 345 9 12 0.1512
28 459 14 16 0.1508
220 548 17 22 0.1506
638 354 9 10 0.1502
467 349 10 12 0.1416
113 346 9 11 0.1388
696 372 9 12 0.1329
394 426 12 15 0.1305
322 389 10 13 0.1300
665 404 15 17 0.1300
488 574 17 20 0.1288
918 385 10 12 0.1268
60 290 9 12 0.1258
81 325 10 12 0.1247
420 347 10 12 0.1240
522 333 9 11 0.1235
92 356 11 13 0.1215
625 296 10 12 0.1198
621 296 10 12 0.1191
723 424 8 11 0.1182
526 332 9 12 0.1181
624 363 8 10 0.1180
455 425 11 15 0.1135
158 334 11 14 0.1130
744 338 9 11 0.1127
417 347 9 12 0.1121
338 456 15 16 0.1120
56 290 9 12 0.1119
726 424 9 11 0.1110
454 453 13 16 0.1106
741 338 8 11 0.1068
141 591 16 20 0.1065
620 363 9 11 0.1057
384 344 8 11 0.1037
164 487 16 19 0.1006
205 304 9 11 0.0987
281 415 12 15 0.0985
1016 440 8 15 0.0962
124 324 9 10 0.0955
420 389 11 14 0.0949
128 323 9 10 0.0942
417 333 9 11 0.0919
202 303 9 11 0.0889
861 412 11 15 0.0887
840 417 9 12 0.0882
613 471 11 16 0.0879
76 326 10 11 0.0870
844 418 9 11 0.0866
783 328 9 11 0.0864
815 537 14 15 0.0863
881 375 10 13 0.0854
523 331 10 12 0.0853
494 332 9 11 0.0850
761 324 9 11 0.0845
925 324 9 10 0.0834
194 364 11 14 0.0829
422 332 10 13 0.0826
937 302 8 10 0.0825
73 466 14 17 0.0822
507 327 9 11 0.0821
112 345 8 11 0.0819
531 285 7 9 0.0812
692 372 9 11 0.0811
417 389 10 13 0.0810
420 331 10 12 0.0810
40 349 9 11 0.0778
873 314 9 11 0.0777
36 430 12 15 0.0774
811 537 14 15 0.0771
535 285 7 9 0.0768
898 313 9 11 0.0765
786 458 13 16 0.0750
497 332 10 11 0.0748
915 312 9 10 0.0745
655 467 12 17 0.0727
517 411 12 14 0.0726
864 413 12 14 0.0721
400 425 11 15 0.0718
408 317 10 12 0.0717
936 322 9 12 0.0717
687 462 17 21 0.0714
668 366 10 11 0.0711
339 458 14 16 0.0710
642 354 9 11 0.0710
931 361 10 12 0.0707
383 346 9 12 0.0704
238 388 12 16 0.0704
765 324 10 11 0.0700
877 375 10 12 0.0692
109 344 9 12 0.0691
655 467 13 18 0.0690
458 457 13 16 0.0690
740 418 12 14 0.0670
877 314 9 10 0.0664
344 339 10 12 0.0664
50 377 10 13 0.0663
96 356 10 13 0.0661
364 346 10 12 0.0657
787 328 9 12 0.0656
371 427 12 15 0.0652
725 422 9 11 0.0651
927 360 10 12 0.0644
941 302 8 10 0.0640
389 317 8 9 0.0633
668 406 14 17 0.0628
469 365 9 11 0.0622
645 304 8 10 0.0619
740 609 19 15 0.0612
466 365 9 11 0.0609
223 543 19 24 0.0609
393 315 8 10 0.0605
319 389 10 13 0.0603
920 383 10 12 0.0602
53 344 11 13 0.0599
798 407 12 14 0.0599
604 369 9 11 0.0592
294 427 13 17 0.0591
738 598 16 18 0.0588
861 344 8 10 0.0583
910 406 11 15 0.0578
881 417 10 14 0.0578
308 328 11 15 0.0574
32 459 13 16 0.0570
361 341 10 12 0.0566
405 299 10 12 0.0562
490 400 10 14 0.0559
492 574 16 20 0.0556
78 525 16 21 0.0555
402 299 9 12 0.0554
363 526 14 17 0.0548
679 326 10 12 0.0547
411 318 9 11 0.0547
96 416 13 16 0.0546
624 559 16 17 0.0545
618 419 11 15 0.0542
207 305 9 11 0.0538
496 329 10 13 0.0538
506 303 9 11 0.0534
511 407 12 16 0.0532
454 457 13 17 0.0530
721 336 9 11 0.0528
37 349 9 11 0.0527
605 517 13 17 0.0526
733 353 8 10 0.0519
33 430 12 14 0.0514
722 422 8 11 0.0511
509 412 11 15 0.0511
554 336 9 12 0.0510
1003 394 11 14 0.0505
493 330 9 12 0.0505
340 338 10 13 0.0501
203 306 9 11 0.0498
57 293 9 11 0.0493
796 367 8 10 0.0490
1007 394 11 13 0.0488
27 455 14 17 0.0488
709 508 15 18 0.0488
25 490 13 18 0.0476
509 303 10 12 0.0476
622 420 11 13 0.0468
290 413 12 14 0.0468
600 370 9 11 0.0464
407 319 9 11 0.0463
210 372 12 14 0.0461
214 373 11 13 0.0458
101 419 13 17 0.0450
96 508 17 22 0.0447
142 447 14 18 0.0443
1018 340 6 13 0.0439
965 425 11 14 0.0436
969 425 10 13 0.0435
277 415 12 15 0.0433
69 466 14 17 0.0433
156 410 12 13 0.0428
757 435 10 14 0.0428
649 306 8 9 0.0427
466 347 10 13 0.0424
446 348 9 13 0.0424
242 395 11 15 0.0422
96 286 9 11 0.0418
846 361 10 12 0.0418
108 500 12 16 0.0417
367 344 10 12 0.0414
643 353 9 11 0.0411
714 507 14 18 0.0410
100 286 9 10 0.0408
860 375 11 13 0.0406
146 590 15 20 0.0406
497 508 14 18 0.0402
864 344 9 10 0.0401
191 364 10 13 0.0399
646 306 8 10 0.0399
648 578 14 18 0.0398
310 330 10 15 0.0397
677 582 17 20 0.0394
902 314 9 10 0.0394
660 297 8 11 0.0393
126 322 9 10 0.0390
61 293 9 11 0.0390
118 366 10 13 0.0390
234 351 10 14 0.0387
620 421 12 15 0.0386
743 378 11 13 0.0380
695 371 9 11 0.0380
214 327 11 14 0.0380
426 362 10 13 0.0374
488 314 9 12 0.0371
417 346 11 13 0.0371
695 371 9 12 0.0370
93 503 15 20 0.0369
959 416 10 14 0.0369
211 326 11 15 0.0365
791 368 9 11 0.0364
430 362 9 11 0.0364
494 401 10 14 0.0364
454 305 8 10 0.0362
235 575 17 23 0.0361
644 579 13 17 0.0361
121 366 10 13 0.0361
371 434 13 17 0.0358
949 367 11 12 0.0358
364 400 10 12 0.0358
816 422 8 12 0.0357
905 407 11 14 0.0355
705 335 8 10 0.0353
503 512 13 17 0.0350
863 345 8 11 0.0349
742 422 11 13 0.0349
363 406 11 15 0.0346
269 462 14 19 0.0346
143 397 11 15 0.0346
387 343 9 12 0.0345
219 543 15 21 0.0344
83 525 16 21 0.0342
803 302 10 13 0.0337
917 383 9 12 0.0335
597 487 14 17 0.0334
73 415 12 15 0.0332
676 327 10 11 0.0331
110 346 10 12 0.0331
92 508 17 22 0.0326
812 422 9 12 0.0325
517 449 12 16 0.0325
575 300 9 13 0.0324
476 301 9 10 0.0322
799 303 10 12 0.0322
550 334 9 11 0.0319
1006 396 12 14 0.0319
553 340 8 11 0.0317
725 423 9 12 0.0317
670 404 13 16 0.0316
17 477 11 15 0.0313
56 344 11 14 0.0310
426 331 9 11 0.0309
181 429 14 17 0.0308
840 421 10 12 0.0307
355 429 11 13 0.0306
879 418 11 13 0.0306
38 348 10 12 0.0304
36 435 14 18 0.0304
1002 424 11 14 0.0304
146 484 13 16 0.0304
931 592 20 24 0.0303
515 414 13 16 0.0299
24 299 10 13 0.0298
548 337 10 12 0.0298
617 369 9 10 0.0298
238 395 11 15 0.0295
362 524 15 18 0.0294
599 368 10 12 0.0294
312 331 10 14 0.0294
342 341 11 13 0.0293
88 396 11 14 0.0293
939 322 9 11 0.0290
790 459 12 15 0.0288
332 400 11 14 0.0287
769 502 11 15 0.0287
458 304 8 11 0.0286
844 420 10 12 0.0286
621 365 9 12 0.0285
161 411 11 14 0.0285
0 364 9 14 0.0284
393 424 13 16 0.0283
106 499 14 17 0.0283
826 285 7 10 0.0283
145 481 12 16 0.0282
246 298 10 12 0.0282
939 303 8 10 0.0277
953 316 8 12 0.0276
310 486 13 16 0.0276
448 346 9 12 0.0276
670 367 10 12 0.0272
756 434 9 11 0.0272
810 331 9 11 0.0271
1018 344 6 14 0.0270
785 330 9 11 0.0270
416 397 12 15 0.0268
649 304 7 10 0.0268
135 398 10 14 0.0268
319 391 11 13 0.0268
953 369 10 11 0.0267
237 352 11 13 0.0267
32 454 13 17 0.0266
663 314 9 10 0.0266
21 299 10 12 0.0266
872 302 9 11 0.0265
649 466 13 18 0.0265
485 588 17 18 0.0264
859 497 12 17 0.0264
746 337 9 11 0.0261
701 336 9 11 0.0261
813 420 9 12 0.0260
924 358 10 11 0.0260
223 375 10 12 0.0259
1016 408 8 13 0.0258
742 602 16 17 0.0257
388 343 9 12 0.0256
955 416 11 13 0.0255
592 487 13 17 0.0255
168 531 13 16 0.0254
57 343 10 13 0.0253
345 324 10 12 0.0253
153 360 12 14 0.0252
38 322 11 12 0.0250
643 289 8 10 0.0249
64 471 15 18 0.0249
195 289 10 11 0.0249
391 316 9 11 0.0248
671 366 10 12 0.0248
884 419 9 12 0.0248
795 364 9 12 0.0248
69 416 12 14 0.0247
20 477 11 15 0.0245
744 418 11 14 0.0245
728 440 11 13 0.0244
419 397 12 16 0.0243
183 435 13 15 0.0243
901 313 9 12 0.0243
88 392 11 13 0.0243
123 322 9 10 0.0242
621 361 9 10 0.0242
389 344 9 12 0.0241
77 441 12 16 0.0240
744 339 9 10 0.0240
80 328 9 11 0.0237
32 445 14 16 0.0236
859 407 12 15 0.0235
822 286 8 9 0.0234
82 324 9 12 0.0233
810 478 11 15 0.0233
279 303 8 10 0.0233
51 416 12 15 0.0232
986 521 13 18 0.0231
814 330 9 12 0.0231
956 316 8 12 0.0230
723 309 8 10 0.0228
620 566 16 21 0.0228
533 283 7 9 0.0227
656 294 9 11 0.0225
230 545 18 23 0.0224
280 325 12 14 0.0224
617 470 11 15 0.0224
627 328 9 11 0.0223
660 294 8 10 0.0223
951 368 10 13 0.0223
811 333 10 12 0.0223
476 483 14 18 0.0222
848 292 8 10 0.0221
726 309 8 10 0.0220
979 316 9 12 0.0219
275 303 8 10 0.0218
394 380 11 13 0.0218
530 283 7 9 0.0218
410 317 10 12 0.0217
679 337 9 11 0.0215
699 412 10 13 0.0215
78 313 10 11 0.0214
271 312 11 13 0.0214
957 419 11 14 0.0214
957 388 11 13 0.0213
473 479 14 20 0.0213
104 498 12 16 0.0213
211 364 13 16 0.0212
875 317 9 10 0.0211
462 347 10 12 0.0210
849 294 8 9 0.0210
192 365 11 15 0.0209
139 484 12 15 0.0209
803 407 10 12 0.0208
571 299 9 13 0.0207
333 313 10 12 0.0206
715 324 9 10 0.0206
161 490 15 18 0.0206
272 326 11 14 0.0205
197 372 11 14 0.0205
808 349 10 12 0.0205
858 494 12 16 0.0204
84 397 11 13 0.0203
52 526 16 20 0.0203
675 336 9 11 0.0202
814 478 11 15 0.0202
33 322 10 12 0.0201
549 341 9 11 0.0200
388 319 9 11 0.0200
369 422 12 15 0.0200
468 364 10 12 0.0199
815 333 9 12 0.0199
939 592 16 21 0.0199
878 373 10 14 0.0198
198 289 9 11 0.0198
814 534 13 16 0.0198
284 415 12 16 0.0197
859 511 13 20 0.0196
142 393 11 15 0.0195
312 515 18 22 0.0195
621 367 8 11 0.0193
982 316 10 12 0.0193
153 332 11 13 0.0192
337 399 11 13 0.0192
483 364 10 11 0.0192
512 489 13 15 0.0191
627 568 16 21 0.0191
535 493 15 19 0.0190
833 360 11 14 0.0190
827 360 10 13 0.0190
41 364 9 12 0.0190
485 312 9 13 0.0189
148 361 10 13 0.0189
936 321 8 11 0.0189
295 436 13 16 0.0189
35 334 9 12 0.0189
642 352 8 11 0.0188
646 575 13 17 0.0188
38 363 10 12 0.0187
965 457 12 16 0.0187
467 346 9 12 0.0187
33 435 13 16 0.0187
624 328 9 11 0.0186
329 561 15 19 0.0186
417 391 13 15 0.0185
897 294 8 10 0.0185
846 417 11 13 0.0184
877 314 9 11 0.0181
735 603 16 17 0.0181
58 291 10 13 0.0181
706 351 9 12 0.0179
760 436 11 14 0.0179
639 588 14 18 0.0178
2 327 10 14 0.0178
3 366 11 14 0.0177
487 571 15 19 0.0176
958 384 10 13 0.0176
955 319 9 12 0.0174
85 395 12 14 0.0174
447 433 13 16 0.0174
75 471 15 17 0.0173
251 298 9 12 0.0173
1005 422 12 15 0.0173
390 282 8 11 0.0173
624 294 9 12 0.0172
141 594 18 22 0.0171
313 486 13 16 0.0171
735 597 14 17 0.0171
845 377 10 12 0.0171
722 338 8 10 0.0171
929 359 10 11 0.0171
484 400 11 14 0.0170
516 408 11 14 0.0169
622 295 11 13 0.0169
527 477 13 15 0.0168
928 596 21 24 0.0167
492 398 11 15 0.0166
159 359 12 15 0.0165
225 341 9 11 0.0165
128 322 10 11 0.0164
74 311 9 11 0.0163
387 282 8 10 0.0162
449 424 11 15 0.0162
110 511 13 18 0.0162
607 422 12 15 0.0161
238 390 14 17 0.0161
928 364 10 11 0.0161
696 412 9 13 0.0160
695 319 8 10 0.0159
981 392 10 12 0.0159
871 436 12 16 0.0158
339 418 13 15 0.0157
600 517 11 17 0.0156
866 406 12 14 0.0156
341 416 13 16 0.0155
722 307 8 10 0.0155
159 330 10 14 0.0154
358 522 13 18 0.0153
800 305 10 12 0.0153
963 387 9 12 0.0153
894 295 7 9 0.0152
333 315 9 11 0.0152
36 523 17 23 0.0150
359 532 16 21 0.0149
866 346 9 12 0.0148
245 268 8 8 0.0147
109 498 11 13 0.0147
138 396 12 14 0.0147
1005 425 11 13 0.0147
813 347 9 11 0.0145
449 422 11 13 0.0145
85 393 10 12 0.0145
742 335 9 10 0.0144
38 339 9 13 0.0144
118 369 10 13 0.0143
663 320 8 10 0.0142
751 362 10 12 0.0142
582 596 17 23 0.0142
4 366 9 12 0.0141
685 381 9 12 0.0141
688 380 9 12 0.0140
543 299 10 12 0.0140
581 600 17 21 0.0140
461 296 9 11 0.0140
147 394 11 13 0.0140
621 568 17 21 0.0139
283 346 11 13 0.0139
497 514 12 16 0.0139
245 289 12 14 0.0138
236 547 16 21 0.0136
672 407 12 16 0.0136
711 353 8 10 0.0136
690 370 9 11 0.0136
853 293 7 10 0.0135
466 368 9 11 0.0135
1000 421 11 12 0.0135
876 291 8 10 0.0134
489 573 18 20 0.0134
559 327 10 12 0.0133
641 376 10 14 0.0132
471 367 8 10 0.0132
857 373 11 13 0.0132
921 387 10 12 0.0132
127 562 16 21 0.0132
900 315 9 10 0.0132
390 380 11 13 0.0132
395 383 11 14 0.0131
385 280 9 11 0.0131
1018 445 6 13 0.0131
238 298 10 12 0.0131
532 504 16 21 0.0130
547 299 9 13 0.0130
81 521 16 22 0.0129
480 300 9 11 0.0129
242 298 11 12 0.0128
697 321 8 10 0.0128
423 365 11 12 0.0128
97 420 12 16 0.0128
620 294 9 12 0.0128
852 292 8 10 0.0128
112 302 8 12 0.0128
445 346 9 12 0.0128
699 319 8 10 0.0128
366 406 11 14 0.0127
155 355 11 13 0.0127
880 387 11 13 0.0127
337 419 14 16 0.0126
698 319 9 11 0.0126
1015 486 9 15 0.0126
378 326 10 12 0.0125
758 325 8 10 0.0125
753 358 9 11 0.0124
55 419 11 14 0.0124
172 530 13 17 0.0124
868 316 9 11 0.0124
0 441 6 15 0.0123
700 321 8 9 0.0123
375 345 8 10 0.0123
461 300 8 11 0.0123
309 307 9 11 0.0123
676 324 10 12 0.0122
34 321 10 13 0.0122
335 416 14 17 0.0122
9 442 11 15 0.0122
164 480 16 20 0.0122
299 426 12 16 0.0122
867 420 9 13 0.0122
185 430 13 16 0.0121
1002 319 9 10 0.0121
766 502 11 15 0.0121
699 304 8 10 0.0121
878 422 10 13 0.0121
311 309 10 12 0.0120
553 310 9 12 0.0120
845 279 8 10 0.0120
457 364 9 12 0.0119
365 399 11 12 0.0118
469 383 9 12 0.0118
736 299 8 10 0.0118
6 327 10 13 0.0118
466 383 9 12 0.0118
211 331 11 14 0.0117
77 467 13 16 0.0117
948 510 13 16 0.0116
516 447 13 17 0.0116
812 407 10 12 0.0116
26 297 9 12 0.0116
918 356 9 11 0.0115
149 358 9 11 0.0115
485 322 9 11 0.0115
844 359 9 12 0.0114
300 440 11 15 0.0114
82 319 10 12 0.0114
186 435 13 15 0.0114
789 331 9 11 0.0114
598 518 14 18 0.0113
61 470 14 17 0.0113
103 417 13 15 0.0112
777 325 10 12 0.0112
22 491 12 17 0.0111
561 579 15 19 0.0111
735 354 9 10 0.0111
729 322 8 11 0.0111
861 344 9 12 0.0111
230 424 13 16 0.0110
602 322 8 11 0.0110
796 364 9 11 0.0110
63 487 13 16 0.0109
523 335 9 11 0.0109
944 356 10 12 0.0109
13 449 12 15 0.0109
683 300 9 11 0.0109
832 312 9 11 0.0109
557 313 9 12 0.0109
460 450 12 15 0.0109
29 491 13 17 0.0109
770 299 8 10 0.0108
289 433 12 15 0.0108
46 415 12 15 0.0108
342 420 13 15 0.0108
897 294 9 10 0.0108
26 307 9 11 0.0108
684 462 14 20 0.0107
306 331 10 14 0.0107
44 366 10 12 0.0107
511 305 9 10 0.0106
13 350 10 13 0.0106
390 384 12 14 0.0106
702 339 9 12 0.0106
649 572 13 17 0.0106
87 475 14 18 0.0106
492 572 15 18 0.0105
331 490 14 17 0.0105
251 291 10 12 0.0105
291 407 10 13 0.0105
294 447 13 15 0.0105
796 283 9 12 0.0103
158 364 12 15 0.0103
565 404 12 16 0.0103
24 296 9 10 0.0103
1 369 10 14 0.0103
895 294 7 9 0.0102
80 443 12 16 0.0102
442 435 12 16 0.0102
428 402 12 16 0.0102
604 417 12 15 0.0102
894 325 9 11 0.0102
842 279 8 10 0.0101
884 342 9 11 0.0101
674 340 10 12 0.0101
820 283 8 9 0.0100
482 597 19 19 0.0100
157 336 11 14 0.0100
