2_Demonstration_Demonstration_Or_Protest_2_799
209
167 277 14 16 0.6232
278 301 14 19 0.6086
165 226 13 17 0.5383
666 322 14 15 0.5287
872 232 12 15 0.4610
196 224 12 14 0.4216
366 304 14 19 0.4214
622 236 12 16 0.4208
118 269 15 17 0.4192
56 260 11 18 0.4138
28 211 11 14 0.4000
469 268 14 16 0.3896
619 236 12 16 0.3846
434 228 11 13 0.3831
875 309 14 16 0.3756
268 282 11 16 0.3685
879 309 13 16 0.3678
558 197 9 12 0.3620
555 198 9 11 0.3585
597 203 8 11 0.3551
199 223 12 15 0.3498
594 203 9 11 0.3439
121 269 15 17 0.3339
463 242 11 13 0.3211
803 236 10 12 0.3208
363 304 14 19 0.3053
153 259 14 15 0.2996
799 236 11 12 0.2891
265 282 11 16 0.2882
59 260 11 18 0.2809
30 211 11 14 0.2594
470 268 14 16 0.2512
431 228 10 13 0.2435
703 125 12 16 0.2350
860 243 9 11 0.2282
857 271 9 13 0.2271
853 271 10 13 0.2213
466 242 10 13 0.2151
267 282 11 15 0.1755
650 230 9 10 0.1697
718 328 13 15 0.1683
467 268 13 17 0.1642
874 233 11 14 0.1638
61 251 12 15 0.1581
214 312 14 15 0.1523
275 301 14 19 0.1424
616 190 8 9 0.1415
643 224 8 10 0.1386
485 196 10 10 0.1361
408 231 8 10 0.1352
614 191 7 9 0.1328
664 321 14 15 0.1309
870 232 11 15 0.1226
162 226 12 16 0.1220
857 243 9 10 0.1198
467 268 13 16 0.1194
481 196 10 10 0.1175
248 228 9 13 0.1163
911 237 9 10 0.1155
369 201 8 11 0.1131
252 229 9 12 0.1093
861 244 9 10 0.1050
819 314 13 15 0.1033
640 225 8 10 0.1013
366 201 8 10 0.0975
211 312 13 15 0.0965
451 187 9 12 0.0933
648 232 9 10 0.0902
653 231 8 10 0.0874
411 232 7 10 0.0859
404 231 9 10 0.0855
909 237 9 11 0.0832
700 125 12 15 0.0831
311 287 12 15 0.0794
661 197 8 10 0.0793
658 197 8 10 0.0752
910 235 8 9 0.0742
449 188 8 11 0.0740
151 260 12 14 0.0702
913 237 9 10 0.0693
808 303 11 16 0.0632
405 232 9 11 0.0610
792 231 9 10 0.0601
26 211 10 14 0.0572
363 304 15 20 0.0557
789 230 8 11 0.0532
314 287 12 15 0.0519
483 195 10 10 0.0503
354 286 10 13 0.0503
722 329 12 14 0.0487
688 200 8 10 0.0467
857 245 9 10 0.0452
453 186 9 13 0.0451
812 306 12 14 0.0448
809 308 11 16 0.0431
481 195 9 10 0.0423
642 221 8 11 0.0411
151 256 14 17 0.0409
351 286 10 13 0.0399
685 199 8 11 0.0398
617 191 7 9 0.0397
858 243 9 11 0.0392
493 227 8 10 0.0359
913 235 8 9 0.0358
855 270 10 13 0.0354
790 232 9 10 0.0354
497 227 8 10 0.0346
824 314 11 15 0.0342
310 235 11 14 0.0333
1004 276 19 22 0.0322
814 254 8 10 0.0315
232 242 9 12 0.0315
639 219 8 11 0.0303
466 243 11 13 0.0295
265 282 10 15 0.0291
398 122 11 14 0.0286
617 190 7 10 0.0283
810 253 9 11 0.0277
728 299 9 11 0.0273
249 232 9 11 0.0272
739 286 10 14 0.0257
475 232 11 12 0.0249
711 302 9 10 0.0242
331 187 9 12 0.0239
165 277 12 15 0.0238
643 223 8 10 0.0234
660 196 8 10 0.0230
909 239 9 11 0.0230
708 302 9 11 0.0222
657 196 7 10 0.0221
466 241 11 14 0.0220
170 276 14 17 0.0218
1012 240 9 10 0.0213
478 235 10 12 0.0210
59 249 12 15 0.0209
367 200 9 10 0.0208
368 197 8 10 0.0208
365 198 7 10 0.0205
1009 240 9 10 0.0203
328 187 9 12 0.0200
683 197 8 10 0.0199
908 235 8 10 0.0199
371 203 8 9 0.0198
401 122 10 13 0.0195
807 298 10 11 0.0194
822 316 13 15 0.0190
389 227 9 12 0.0190
353 284 10 12 0.0187
1001 275 18 21 0.0187
953 251 10 13 0.0186
461 242 9 12 0.0184
956 251 11 13 0.0184
253 232 8 11 0.0183
687 198 7 9 0.0182
259 196 9 11 0.0179
313 235 10 13 0.0173
819 319 14 16 0.0168
56 252 13 18 0.0167
230 245 12 15 0.0162
350 284 10 12 0.0161
735 286 9 13 0.0159
449 189 8 10 0.0159
314 283 10 12 0.0158
948 229 9 11 0.0158
1007 278 17 23 0.0157
360 213 8 10 0.0155
311 284 9 11 0.0154
435 229 11 14 0.0154
367 305 14 18 0.0149
760 219 6 6 0.0147
804 302 11 15 0.0147
664 322 12 14 0.0146
619 190 7 10 0.0145
423 351 16 21 0.0145
613 283 12 14 0.0143
745 279 10 12 0.0143
160 258 12 14 0.0142
805 299 11 15 0.0140
749 284 13 18 0.0139
805 310 10 14 0.0139
874 232 11 13 0.0138
689 332 11 14 0.0138
166 222 11 12 0.0137
228 241 10 12 0.0134
432 347 16 20 0.0133
869 295 10 12 0.0131
640 212 8 9 0.0127
169 225 11 15 0.0126
313 290 12 16 0.0126
725 298 9 11 0.0125
431 230 10 14 0.0124
705 216 8 9 0.0122
701 215 8 9 0.0122
357 213 8 10 0.0120
297 261 8 11 0.0120
718 331 15 17 0.0120
775 217 8 10 0.0117
296 258 8 11 0.0115
691 332 12 16 0.0113
468 243 11 13 0.0112
853 269 9 13 0.0108
736 282 9 13 0.0107
234 243 10 13 0.0106
762 219 7 8 0.0105
763 340 16 16 0.0104
159 255 11 15 0.0104
656 198 8 10 0.0104
721 326 12 13 0.0104
772 218 7 8 0.0101
