2_Demonstration_Demonstration_Or_Protest_2_895
329
674 331 31 41 0.8615
483 350 55 67 0.8484
632 337 31 43 0.8055
276 305 22 31 0.8028
24 284 19 25 0.7689
803 304 23 29 0.7534
375 318 22 31 0.7323
139 271 15 20 0.6203
115 284 15 21 0.5588
209 369 22 41 0.5496
48 295 20 25 0.5080
300 310 17 23 0.4748
614 330 21 31 0.4351
342 278 14 18 0.4214
968 306 15 18 0.4076
522 291 14 19 0.4039
70 283 16 21 0.4008
0 282 10 17 0.3914
205 306 22 28 0.3858
67 283 16 21 0.3668
610 280 13 17 0.3656
424 310 17 30 0.3625
386 273 12 15 0.3556
417 279 14 15 0.3305
197 272 13 17 0.3260
804 335 22 32 0.3228
200 272 14 17 0.3208
464 307 22 29 0.3201
414 279 13 16 0.3192
620 332 19 31 0.3013
607 280 13 17 0.2968
207 369 21 42 0.2696
428 311 16 25 0.2577
297 293 16 20 0.2515
964 306 16 17 0.2482
0 282 12 18 0.2461
256 267 11 13 0.2403
136 315 23 21 0.2288
300 293 16 19 0.2165
208 307 22 27 0.2055
678 276 12 14 0.2027
450 304 14 19 0.2009
153 286 13 16 0.1999
371 268 9 11 0.1917
331 291 14 16 0.1798
368 268 8 11 0.1732
456 287 13 18 0.1623
729 278 10 11 0.1615
226 315 17 22 0.1600
453 287 13 17 0.1599
810 336 19 31 0.1589
745 299 17 21 0.1574
339 278 14 17 0.1570
462 306 21 29 0.1548
923 287 14 17 0.1511
708 283 9 12 0.1488
59 267 15 18 0.1461
463 302 16 22 0.1459
711 283 10 11 0.1457
867 327 19 23 0.1444
749 299 16 20 0.1425
213 281 15 17 0.1409
389 274 11 14 0.1367
534 276 11 13 0.1345
548 301 18 21 0.1308
865 327 24 31 0.1244
519 291 14 18 0.1236
228 315 18 28 0.1173
296 308 18 26 0.1158
530 277 11 12 0.1157
1014 300 10 22 0.1063
675 276 11 13 0.1034
923 310 17 18 0.1007
994 324 21 25 0.0987
573 350 19 28 0.0985
65 312 17 22 0.0976
254 267 10 13 0.0971
296 293 18 23 0.0898
277 291 14 18 0.0862
618 264 10 12 0.0815
56 267 14 17 0.0792
153 281 12 17 0.0707
465 304 18 22 0.0707
886 269 9 11 0.0695
47 294 18 21 0.0690
303 276 13 16 0.0687
372 318 22 31 0.0680
259 267 10 12 0.0677
782 262 6 9 0.0671
564 279 14 15 0.0667
687 299 17 20 0.0655
975 271 8 10 0.0646
300 294 17 21 0.0639
622 265 10 11 0.0635
830 292 17 17 0.0625
778 263 7 8 0.0623
522 243 7 9 0.0604
590 264 11 14 0.0599
452 305 15 20 0.0599
275 256 8 9 0.0599
28 405 37 67 0.0597
667 258 9 9 0.0591
121 286 14 19 0.0590
149 286 13 16 0.0585
273 290 15 19 0.0585
525 243 7 8 0.0573
300 275 13 15 0.0552
889 269 9 11 0.0550
413 317 18 29 0.0550
408 285 13 15 0.0547
619 330 17 30 0.0537
129 268 12 16 0.0526
666 296 13 20 0.0512
384 272 11 14 0.0502
69 312 16 22 0.0501
205 305 17 22 0.0499
626 295 18 22 0.0487
664 294 12 17 0.0473
979 270 8 11 0.0472
257 291 12 16 0.0468
137 271 14 19 0.0462
195 256 9 10 0.0458
215 282 16 19 0.0453
924 307 14 15 0.0452
801 278 7 9 0.0450
157 281 11 15 0.0444
278 256 8 9 0.0434
573 266 12 13 0.0421
328 290 13 16 0.0413
113 283 14 18 0.0410
830 296 17 20 0.0409
406 285 11 15 0.0402
627 293 16 17 0.0382
157 284 11 16 0.0382
53 292 18 23 0.0378
248 345 23 32 0.0360
860 261 8 10 0.0358
569 279 13 15 0.0357
928 310 14 18 0.0357
197 256 9 10 0.0354
804 278 8 9 0.0352
669 258 9 9 0.0351
665 257 8 10 0.0350
209 306 17 21 0.0346
676 276 10 13 0.0344
799 259 7 9 0.0335
304 273 10 11 0.0329
511 266 9 12 0.0328
802 259 7 9 0.0326
136 272 15 19 0.0319
56 270 16 20 0.0318
821 310 14 18 0.0317
368 269 10 13 0.0316
474 258 9 11 0.0316
469 291 17 20 0.0312
775 345 22 36 0.0311
552 250 9 10 0.0308
877 267 10 12 0.0306
466 317 20 26 0.0305
858 289 10 11 0.0301
780 261 7 9 0.0298
993 325 23 31 0.0296
56 269 16 18 0.0295
1017 296 7 13 0.0293
792 256 6 8 0.0289
464 318 18 24 0.0287
763 302 11 15 0.0286
709 284 10 12 0.0282
669 294 13 18 0.0275
507 266 10 12 0.0271
556 261 10 13 0.0271
549 251 8 9 0.0270
689 259 10 12 0.0270
388 273 11 14 0.0266
927 288 14 16 0.0266
977 272 8 10 0.0261
614 255 7 9 0.0260
421 312 19 32 0.0260
816 256 9 11 0.0260
259 267 10 13 0.0259
812 257 8 10 0.0257
857 259 10 11 0.0253
874 282 11 14 0.0253
854 289 10 11 0.0251
2 256 8 10 0.0251
579 349 17 30 0.0249
464 300 17 22 0.0247
242 344 26 35 0.0246
830 255 9 10 0.0241
822 267 9 10 0.0238
565 282 15 18 0.0237
154 265 11 15 0.0237
676 274 10 13 0.0236
610 256 8 9 0.0235
726 278 9 11 0.0234
856 262 8 9 0.0230
291 265 9 11 0.0228
230 313 19 27 0.0227
122 259 10 15 0.0226
416 313 18 30 0.0224
495 258 8 11 0.0224
728 277 9 11 0.0223
334 291 14 16 0.0223
220 281 12 15 0.0222
777 261 7 9 0.0216
119 258 10 13 0.0215
491 258 9 11 0.0214
929 308 12 13 0.0213
258 268 11 14 0.0209
874 285 12 15 0.0208
559 259 9 10 0.0206
311 281 11 13 0.0206
912 276 12 15 0.0204
1010 299 13 19 0.0203
865 254 9 11 0.0203
525 294 14 18 0.0203
611 262 9 11 0.0201
747 298 17 20 0.0201
997 321 21 25 0.0195
538 288 12 15 0.0193
308 274 11 14 0.0192
340 276 13 16 0.0190
712 284 9 12 0.0190
252 259 9 11 0.0188
294 264 10 12 0.0188
689 256 10 12 0.0187
560 261 10 13 0.0183
657 295 16 23 0.0183
333 311 18 21 0.0182
801 276 9 10 0.0182
389 273 10 12 0.0181
549 250 8 9 0.0180
28 399 34 66 0.0179
475 259 10 11 0.0179
568 276 12 14 0.0178
137 253 8 9 0.0178
412 313 17 30 0.0177
301 253 9 11 0.0177
260 293 14 18 0.0175
304 253 10 11 0.0175
158 265 10 13 0.0174
891 282 9 12 0.0174
157 276 12 15 0.0174
693 297 15 17 0.0174
954 267 9 10 0.0172
471 258 9 10 0.0172
135 271 15 20 0.0171
155 288 14 17 0.0170
5 256 9 10 0.0170
912 262 10 11 0.0168
318 302 14 18 0.0164
945 269 8 10 0.0164
575 349 20 36 0.0163
878 285 11 15 0.0161
134 253 7 10 0.0161
923 281 12 15 0.0158
924 290 16 18 0.0156
840 346 23 28 0.0152
633 291 15 17 0.0151
682 274 10 13 0.0150
870 325 18 22 0.0150
856 286 9 12 0.0149
567 349 21 30 0.0149
910 261 10 10 0.0149
882 269 10 12 0.0149
827 295 16 18 0.0146
561 276 11 15 0.0145
852 260 9 10 0.0145
543 288 11 14 0.0143
112 287 16 21 0.0141
430 309 12 17 0.0140
994 318 19 20 0.0140
193 257 8 11 0.0138
253 291 12 17 0.0137
941 269 9 10 0.0134
348 279 11 14 0.0133
751 296 13 15 0.0130
978 270 9 11 0.0130
846 342 19 26 0.0130
1016 304 8 22 0.0129
605 330 22 33 0.0128
824 268 10 10 0.0127
492 260 10 11 0.0126
453 285 11 13 0.0125
706 312 15 20 0.0123
194 256 8 9 0.0121
746 264 9 10 0.0121
746 295 14 16 0.0120
809 306 22 26 0.0120
603 244 6 7 0.0120
669 257 8 10 0.0119
725 277 9 11 0.0118
568 346 23 34 0.0117
616 330 23 36 0.0117
471 260 9 11 0.0117
732 276 10 13 0.0116
253 268 12 14 0.0116
620 263 9 11 0.0116
750 264 8 10 0.0116
532 300 15 18 0.0115
27 407 27 61 0.0114
891 270 9 11 0.0114
727 286 13 16 0.0112
330 294 16 20 0.0112
308 336 17 22 0.0111
134 252 9 10 0.0111
780 349 18 33 0.0110
780 264 8 9 0.0110
415 277 13 14 0.0108
522 244 7 10 0.0108
799 335 23 35 0.0107
785 346 19 31 0.0106
980 271 8 10 0.0106
457 284 11 14 0.0106
209 282 16 18 0.0105
829 263 9 11 0.0105
345 281 13 17 0.0105
537 248 7 8 0.0105
425 308 13 21 0.0105
238 254 9 10 0.0104
549 251 8 10 0.0104
544 297 15 21 0.0103
177 287 13 19 0.0103
659 293 13 18 0.0103
63 313 22 29 0.0103
807 336 21 33 0.0102
623 295 14 19 0.0102
861 332 19 25 0.0101
790 254 6 8 0.0101
