2_Demonstration_Demonstration_Or_Protest_2_795
127
451 439 138 151 0.8761
410 141 11 13 0.2458
444 138 10 11 0.2100
447 138 10 11 0.2033
624 148 10 13 0.1937
463 131 11 14 0.1931
619 148 12 13 0.1930
408 140 11 13 0.1869
407 142 10 13 0.1713
753 142 11 13 0.1282
751 140 12 13 0.1274
677 147 12 14 0.1256
576 135 10 13 0.1155
588 137 11 13 0.1143
467 132 10 13 0.1129
749 143 11 13 0.1115
369 139 10 13 0.0965
573 135 10 12 0.0959
529 138 9 10 0.0947
674 147 11 13 0.0942
748 140 11 13 0.0865
533 138 8 10 0.0774
406 140 11 13 0.0733
654 127 9 11 0.0697
382 137 10 13 0.0678
553 136 9 10 0.0678
657 129 9 10 0.0530
223 134 10 12 0.0524
462 129 10 13 0.0521
484 144 12 14 0.0509
366 139 10 13 0.0509
729 139 10 12 0.0490
658 127 9 10 0.0473
444 141 10 11 0.0460
720 143 10 11 0.0452
591 139 10 12 0.0440
679 134 11 12 0.0439
385 139 8 11 0.0422
449 140 9 11 0.0415
371 141 10 12 0.0411
90 145 7 9 0.0403
93 145 8 10 0.0397
530 141 9 10 0.0367
481 144 11 12 0.0363
541 129 9 11 0.0356
658 147 11 12 0.0354
236 137 8 10 0.0351
676 134 10 11 0.0348
613 136 11 13 0.0337
412 140 10 12 0.0333
750 141 11 13 0.0322
333 139 10 12 0.0322
75 140 7 9 0.0307
491 134 9 11 0.0307
262 136 9 12 0.0300
674 143 12 14 0.0297
572 137 11 12 0.0291
444 139 10 12 0.0290
265 136 10 13 0.0285
495 134 9 10 0.0284
367 141 10 12 0.0273
239 137 9 10 0.0270
544 130 9 11 0.0267
591 137 10 12 0.0266
714 131 9 10 0.0263
71 140 7 9 0.0261
610 143 11 12 0.0260
386 138 9 11 0.0253
620 151 10 11 0.0251
367 140 10 12 0.0245
680 150 9 12 0.0245
621 144 11 14 0.0236
132 141 9 11 0.0234
624 139 11 13 0.0233
722 140 10 12 0.0226
533 140 9 10 0.0223
136 141 9 11 0.0220
466 129 10 13 0.0217
345 136 9 12 0.0215
699 143 10 11 0.0214
698 141 10 13 0.0213
162 150 9 10 0.0212
547 136 9 11 0.0210
166 150 8 10 0.0199
674 150 10 11 0.0197
712 133 9 11 0.0197
134 143 8 10 0.0186
335 141 9 11 0.0184
696 143 9 12 0.0180
467 137 9 10 0.0180
677 132 10 10 0.0179
466 135 10 12 0.0176
0 217 11 30 0.0171
138 143 8 10 0.0168
760 137 10 12 0.0168
331 139 9 12 0.0165
710 131 9 10 0.0161
817 135 7 9 0.0159
105 143 7 9 0.0151
696 140 10 11 0.0150
109 143 7 8 0.0149
105 146 8 9 0.0144
334 129 10 11 0.0142
335 139 10 12 0.0141
728 141 9 11 0.0140
314 146 9 11 0.0139
717 137 11 13 0.0137
520 135 9 11 0.0134
412 139 11 13 0.0130
572 140 9 10 0.0128
488 142 10 13 0.0126
659 151 10 10 0.0125
821 135 7 8 0.0122
528 139 9 11 0.0120
625 151 10 10 0.0114
490 132 9 10 0.0113
237 137 8 11 0.0113
109 145 8 9 0.0111
76 142 7 8 0.0107
313 144 9 11 0.0106
308 129 9 11 0.0106
494 132 8 10 0.0106
763 143 10 13 0.0105
576 139 9 11 0.0104
89 146 8 9 0.0104
300 140 8 10 0.0104
641 123 8 10 0.0101
