2_Demonstration_Political_Rally_2_22
39
75 390 104 113 0.8773
385 330 55 92 0.8339
869 406 46 79 0.8322
578 478 49 66 0.8300
455 382 21 25 0.8068
575 411 24 33 0.7169
426 442 22 31 0.7079
763 364 32 47 0.6270
714 431 22 35 0.1803
761 362 34 49 0.1461
564 365 18 41 0.1100
450 425 16 19 0.1016
1010 391 14 28 0.0947
1010 394 14 33 0.0725
1011 398 13 40 0.0575
454 424 16 21 0.0560
719 430 24 38 0.0541
596 412 25 34 0.0481
562 359 19 41 0.0473
569 366 15 39 0.0457
600 496 32 49 0.0359
593 416 30 37 0.0331
562 371 21 42 0.0325
707 433 22 33 0.0309
448 422 15 20 0.0238
713 429 20 35 0.0224
601 412 23 33 0.0209
1003 390 21 41 0.0207
568 359 15 40 0.0192
454 420 17 22 0.0188
1001 391 20 28 0.0162
999 394 23 36 0.0156
466 419 15 20 0.0146
564 361 19 42 0.0134
1004 399 20 46 0.0129
569 373 17 39 0.0117
718 426 23 38 0.0112
0 411 6 13 0.0109
435 428 19 26 0.0103
