2_Demonstration_Demonstration_Or_Protest_2_367
40
386 249 71 84 0.8752
506 243 47 56 0.8476
780 341 51 63 0.8408
122 259 26 33 0.8155
260 275 26 37 0.8097
181 305 34 43 0.7890
40 274 25 33 0.7867
306 303 22 28 0.7749
50 251 19 23 0.7076
90 259 17 22 0.6373
202 271 17 22 0.6149
200 271 16 21 0.3063
291 283 15 20 0.2219
294 284 15 20 0.1797
334 306 14 19 0.1351
709 324 48 55 0.1109
55 251 17 22 0.1006
278 295 17 25 0.0979
240 267 17 24 0.0869
243 271 17 24 0.0715
703 320 56 60 0.0544
95 259 17 22 0.0526
309 302 21 29 0.0469
339 306 12 18 0.0340
289 283 14 21 0.0318
88 259 16 22 0.0315
237 273 13 19 0.0282
236 270 13 20 0.0265
297 284 14 17 0.0234
333 308 17 23 0.0187
676 233 46 60 0.0165
280 308 18 27 0.0161
676 232 52 66 0.0158
273 284 18 28 0.0128
556 45 12 13 0.0128
560 45 11 13 0.0120
325 287 11 13 0.0117
0 252 7 37 0.0108
285 298 13 18 0.0105
336 306 15 22 0.0103
