2_Demonstration_Demonstrators_2_425
471
791 427 64 76 0.8839
432 564 68 109 0.8707
565 463 40 59 0.8679
635 392 35 46 0.8592
786 303 40 47 0.8544
991 344 33 77 0.8513
225 422 37 51 0.8490
864 300 30 38 0.8443
579 385 26 34 0.8353
16 474 45 47 0.8342
702 375 27 32 0.8007
700 312 17 24 0.7832
487 368 19 25 0.7781
203 402 21 28 0.7556
728 334 23 26 0.7514
345 395 31 35 0.7472
448 348 17 22 0.7278
47 431 22 27 0.6962
614 303 13 16 0.6924
111 379 15 19 0.6535
404 369 18 24 0.6428
622 389 18 23 0.6354
253 368 14 18 0.6312
795 271 18 20 0.6215
92 378 14 16 0.6126
863 271 25 27 0.6071
139 375 13 16 0.6056
510 352 15 18 0.5598
617 329 18 24 0.5418
465 406 29 34 0.5411
740 304 14 16 0.5405
643 304 12 16 0.5366
576 329 15 20 0.5343
846 283 15 19 0.5315
529 329 16 23 0.4662
660 304 17 22 0.4654
279 416 21 31 0.4516
775 311 17 26 0.4447
631 298 10 12 0.4267
540 312 12 14 0.4010
772 312 16 23 0.3948
620 329 17 24 0.3945
401 346 12 16 0.3922
516 314 11 14 0.3855
157 421 15 20 0.3833
527 329 16 22 0.3833
394 336 11 15 0.3797
290 349 11 14 0.3766
46 399 16 20 0.3754
361 341 9 12 0.3686
486 314 9 12 0.3552
167 367 11 14 0.3438
363 341 9 12 0.3410
354 433 49 59 0.3409
156 351 9 10 0.3405
519 314 10 14 0.3244
708 300 12 14 0.3220
483 314 9 11 0.3169
454 320 9 12 0.3163
287 349 11 14 0.3151
708 277 11 14 0.3121
711 299 11 14 0.3090
403 346 12 15 0.3085
941 261 16 20 0.3066
579 330 14 19 0.3063
468 344 12 17 0.2987
232 365 12 14 0.2965
270 347 10 13 0.2922
464 344 13 17 0.2893
363 324 8 10 0.2813
202 389 16 18 0.2786
281 365 13 16 0.2764
711 277 10 14 0.2679
641 291 8 10 0.2602
193 353 9 11 0.2556
584 294 8 11 0.2540
777 268 8 9 0.2525
391 336 11 14 0.2516
774 268 8 9 0.2506
190 354 9 10 0.2502
401 369 18 24 0.2479
657 305 17 21 0.2459
158 350 9 11 0.2438
172 367 9 12 0.2410
258 346 10 12 0.2393
384 323 9 11 0.2346
447 312 8 11 0.2340
581 294 8 11 0.2299
16 372 9 11 0.2299
620 389 16 22 0.2268
595 307 10 13 0.2182
939 261 14 20 0.2166
169 394 17 21 0.2141
380 323 9 11 0.2141
19 372 9 11 0.2127
311 355 12 14 0.2054
432 326 10 12 0.2034
645 304 13 17 0.2012
215 347 8 10 0.1964
592 307 10 14 0.1942
212 347 8 9 0.1929
658 304 17 21 0.1868
444 312 8 11 0.1839
159 421 17 20 0.1809
170 345 8 9 0.1762
538 300 8 9 0.1760
798 271 17 20 0.1740
560 323 12 16 0.1704
734 281 9 11 0.1704
696 281 8 9 0.1689
0 378 8 16 0.1682
429 326 10 12 0.1671
139 352 8 11 0.1671
554 302 7 8 0.1662
271 333 7 9 0.1662
361 324 7 9 0.1643
738 304 13 15 0.1633
191 392 12 17 0.1612
143 364 10 11 0.1610
381 323 9 10 0.1599
261 346 10 12 0.1596
593 308 11 14 0.1594
217 363 10 12 0.1593
544 311 11 14 0.1573
43 399 15 19 0.1506
399 321 8 10 0.1504
136 375 12 15 0.1480
525 303 7 9 0.1480
173 345 7 9 0.1443
489 294 8 9 0.1439
167 393 17 21 0.1436
631 297 8 11 0.1388
315 355 11 13 0.1373
453 320 10 13 0.1362
195 368 11 14 0.1332
231 354 10 12 0.1325
182 333 6 7 0.1293
558 312 9 11 0.1273
508 326 9 14 0.1263
557 323 12 18 0.1251
133 348 8 11 0.1248
576 310 11 13 0.1208
737 281 8 11 0.1204
268 333 8 9 0.1187
333 330 9 11 0.1161
506 328 9 12 0.1146
426 311 7 9 0.1144
16 398 14 18 0.1132
130 348 8 9 0.1123
530 329 16 22 0.1118
346 356 11 14 0.1111
57 388 13 16 0.1091
656 293 10 12 0.1089
95 378 13 16 0.1075
114 352 7 10 0.1055
736 268 8 9 0.1049
739 268 8 9 0.1041
697 282 8 10 0.1034
93 367 11 13 0.1019
86 357 8 10 0.0989
659 295 10 11 0.0973
465 345 13 18 0.0970
271 333 8 10 0.0963
172 394 16 19 0.0958
521 303 8 9 0.0952
233 345 9 11 0.0949
421 336 12 15 0.0919
491 295 7 9 0.0913
216 348 8 10 0.0910
20 398 15 18 0.0906
278 365 12 15 0.0903
157 339 7 9 0.0902
212 348 8 10 0.0893
51 391 14 17 0.0832
111 352 7 10 0.0818
286 332 7 8 0.0813
83 358 8 10 0.0807
424 311 7 9 0.0806
611 286 8 9 0.0801
394 333 10 13 0.0799
126 428 23 29 0.0794
703 272 8 9 0.0788
47 378 9 11 0.0783
125 425 23 30 0.0772
96 367 10 13 0.0757
291 332 7 8 0.0755
256 368 15 19 0.0752
17 373 10 12 0.0749
366 315 7 9 0.0748
316 335 9 11 0.0741
457 320 9 12 0.0740
44 378 9 11 0.0738
910 278 11 13 0.0727
487 294 7 9 0.0722
149 364 10 12 0.0708
609 287 7 9 0.0705
368 312 6 7 0.0703
173 395 17 19 0.0703
459 290 8 10 0.0698
552 301 7 8 0.0697
202 364 10 14 0.0682
308 330 8 9 0.0670
190 353 8 10 0.0667
673 285 8 9 0.0662
830 273 9 10 0.0649
263 346 11 13 0.0648
857 282 18 20 0.0639
201 330 6 8 0.0635
686 311 12 16 0.0629
235 365 12 14 0.0621
254 345 9 11 0.0619
413 314 8 9 0.0612
198 330 6 7 0.0611
191 348 8 10 0.0609
150 339 6 8 0.0608
365 312 6 8 0.0606
133 348 9 10 0.0603
503 289 7 9 0.0602
162 337 7 8 0.0594
506 290 7 8 0.0593
188 393 13 18 0.0587
596 309 11 13 0.0586
537 300 6 8 0.0583
418 321 10 12 0.0580
673 283 7 8 0.0578
608 285 7 7 0.0564
312 336 10 11 0.0560
629 298 10 12 0.0552
56 369 8 10 0.0547
522 303 7 8 0.0542
860 264 8 10 0.0540
671 284 7 8 0.0539
735 282 9 12 0.0532
233 351 9 11 0.0527
458 407 29 38 0.0524
512 343 12 15 0.0520
237 390 17 19 0.0518
163 368 11 13 0.0517
583 296 9 11 0.0512
197 371 11 15 0.0507
551 302 8 9 0.0506
418 325 10 12 0.0503
283 418 22 31 0.0502
486 336 13 18 0.0501
347 359 12 14 0.0498
446 312 7 10 0.0493
334 361 12 16 0.0492
857 264 8 10 0.0482
455 290 8 10 0.0478
738 282 9 11 0.0477
562 289 7 8 0.0475
235 366 12 15 0.0471
336 356 11 15 0.0467
612 285 6 7 0.0467
327 327 8 10 0.0459
333 341 10 12 0.0455
826 275 10 12 0.0455
944 274 15 22 0.0454
192 369 11 13 0.0452
45 376 8 9 0.0447
329 326 6 8 0.0447
82 375 10 13 0.0441
151 342 7 9 0.0440
457 410 30 38 0.0439
20 373 10 11 0.0438
234 389 17 20 0.0435
469 344 13 18 0.0433
556 304 7 10 0.0432
383 323 9 11 0.0426
215 365 11 13 0.0424
541 314 11 14 0.0422
491 294 7 9 0.0420
201 371 12 17 0.0410
576 296 9 10 0.0408
9 382 9 12 0.0407
158 351 8 10 0.0407
360 324 8 11 0.0405
19 395 13 17 0.0405
756 300 12 15 0.0402
277 414 19 31 0.0401
325 325 6 8 0.0400
652 287 8 9 0.0399
167 372 12 15 0.0398
335 329 8 10 0.0396
523 299 7 9 0.0394
705 277 8 11 0.0390
492 296 7 8 0.0384
709 280 10 12 0.0384
810 261 7 9 0.0383
506 352 14 18 0.0380
83 363 8 10 0.0378
112 350 7 10 0.0375
692 264 7 9 0.0370
402 345 11 15 0.0368
311 357 14 16 0.0365
829 272 9 11 0.0364
213 348 9 10 0.0359
363 324 8 10 0.0357
431 364 14 17 0.0351
130 427 22 26 0.0351
283 366 12 15 0.0347
1018 300 6 16 0.0336
111 352 8 10 0.0331
443 311 7 10 0.0328
775 269 8 10 0.0324
560 289 6 7 0.0319
289 332 7 9 0.0318
421 311 7 9 0.0318
470 296 8 10 0.0314
688 265 7 9 0.0313
293 322 5 7 0.0310
2 381 9 15 0.0310
313 352 11 13 0.0301
109 351 7 9 0.0299
669 269 7 8 0.0297
596 286 7 8 0.0294
359 340 9 12 0.0294
844 281 14 19 0.0289
67 363 8 9 0.0285
835 262 8 10 0.0281
89 377 11 15 0.0278
290 322 5 7 0.0274
630 284 7 9 0.0272
710 265 8 10 0.0268
323 326 8 10 0.0265
131 429 22 28 0.0265
155 350 8 10 0.0265
232 372 13 15 0.0265
446 299 7 9 0.0265
596 304 9 11 0.0261
448 318 9 12 0.0259
269 333 7 9 0.0254
66 365 9 11 0.0254
0 373 6 11 0.0251
305 322 6 7 0.0248
914 278 9 12 0.0246
340 351 10 13 0.0245
776 268 9 11 0.0245
46 430 20 26 0.0244
779 268 7 10 0.0242
908 277 10 14 0.0241
55 371 10 12 0.0238
155 420 15 20 0.0237
557 289 6 8 0.0237
860 274 20 23 0.0237
366 389 18 22 0.0237
814 262 8 10 0.0236
374 345 10 11 0.0234
491 344 14 17 0.0234
226 329 6 9 0.0232
673 280 8 10 0.0230
483 333 10 13 0.0228
869 258 8 9 0.0227
945 278 13 19 0.0226
933 309 17 23 0.0225
645 270 6 8 0.0224
85 356 7 9 0.0223
283 370 13 17 0.0222
465 344 13 19 0.0222
164 394 14 19 0.0222
229 329 6 9 0.0216
51 398 14 17 0.0215
639 283 7 9 0.0214
287 367 11 16 0.0214
575 289 7 8 0.0213
831 258 7 10 0.0213
645 303 11 14 0.0211
187 427 14 18 0.0209
126 419 17 22 0.0207
245 332 8 10 0.0205
856 267 11 13 0.0204
648 269 6 8 0.0201
0 413 6 18 0.0201
923 289 16 19 0.0198
843 285 12 16 0.0197
479 334 10 13 0.0192
13 372 11 13 0.0190
502 288 6 8 0.0188
908 276 10 13 0.0187
129 423 21 25 0.0185
438 292 6 8 0.0183
488 314 9 13 0.0183
889 295 23 27 0.0182
962 359 40 53 0.0181
236 363 10 12 0.0180
235 391 18 21 0.0179
757 294 11 13 0.0175
825 256 8 9 0.0171
110 377 13 17 0.0170
183 333 6 8 0.0167
618 279 7 7 0.0166
428 363 13 17 0.0166
245 321 6 8 0.0163
406 315 7 8 0.0163
472 407 25 30 0.0163
32 421 15 20 0.0163
358 323 7 8 0.0162
512 319 9 11 0.0161
706 297 11 14 0.0161
808 268 9 12 0.0159
645 272 6 9 0.0159
692 264 6 8 0.0159
866 258 8 9 0.0159
289 349 10 14 0.0157
743 268 7 9 0.0157
42 377 8 11 0.0156
196 329 6 7 0.0155
85 394 13 17 0.0154
124 364 10 12 0.0151
255 386 14 16 0.0148
32 423 14 19 0.0147
381 365 12 16 0.0146
640 275 6 7 0.0145
1 449 18 21 0.0144
184 426 14 17 0.0144
770 307 13 16 0.0143
828 326 16 21 0.0143
251 370 13 17 0.0143
354 434 48 57 0.0142
86 354 7 8 0.0142
731 278 8 11 0.0140
287 348 9 12 0.0139
422 309 7 8 0.0138
706 265 7 8 0.0137
616 278 6 7 0.0137
242 329 8 8 0.0136
56 367 7 8 0.0136
762 299 11 13 0.0136
433 338 11 15 0.0136
86 397 14 17 0.0133
174 368 11 12 0.0132
136 374 13 16 0.0131
226 327 6 7 0.0130
200 329 5 7 0.0129
105 410 14 17 0.0129
459 305 8 10 0.0128
702 375 27 32 0.0127
923 293 17 22 0.0124
417 339 12 16 0.0123
748 262 7 9 0.0122
258 367 14 17 0.0122
57 387 10 13 0.0121
11 398 12 16 0.0120
44 395 12 16 0.0119
445 349 14 19 0.0118
505 288 7 8 0.0118
133 369 11 14 0.0117
749 260 7 8 0.0117
316 358 12 15 0.0117
291 373 14 19 0.0117
461 319 9 13 0.0116
936 265 12 16 0.0116
867 237 5 7 0.0115
718 299 12 13 0.0112
378 345 10 12 0.0111
744 300 12 14 0.0111
107 383 14 18 0.0110
82 395 13 15 0.0109
865 277 24 26 0.0108
925 291 16 20 0.0108
518 316 11 14 0.0108
103 408 13 15 0.0107
864 238 5 6 0.0106
689 303 12 18 0.0106
38 400 12 16 0.0105
212 373 12 14 0.0104
746 260 7 9 0.0103
785 257 9 11 0.0103
458 289 6 8 0.0103
683 306 12 16 0.0103
774 308 14 20 0.0102
