2_Demonstration_Demonstration_Or_Protest_2_619
314
944 223 16 19 0.6752
909 117 14 19 0.6097
857 101 13 17 0.5253
678 95 13 17 0.5163
202 228 15 21 0.5151
988 194 15 18 0.4851
807 85 12 15 0.4801
204 150 14 17 0.4755
294 174 12 18 0.4559
552 111 12 16 0.4370
818 138 13 16 0.4293
986 286 12 18 0.4216
893 185 14 19 0.4018
984 255 13 19 0.3937
758 117 11 13 0.3886
733 48 10 14 0.3808
500 111 12 14 0.3707
156 198 12 15 0.3646
525 125 13 15 0.3527
593 23 10 12 0.3446
819 152 13 18 0.3387
650 183 15 17 0.3211
473 546 22 25 0.3192
419 113 12 14 0.3150
992 194 15 18 0.3148
597 23 9 12 0.3116
417 393 16 18 0.3113
206 198 12 16 0.3022
434 95 11 14 0.3001
497 133 12 14 0.2952
503 111 11 14 0.2910
739 138 11 13 0.2852
736 48 10 14 0.2833
13 147 9 12 0.2822
420 394 16 18 0.2793
573 129 12 15 0.2750
622 112 13 16 0.2723
619 112 11 15 0.2717
735 138 11 13 0.2699
560 195 12 16 0.2660
761 117 11 14 0.2623
24 142 9 11 0.2551
283 136 11 14 0.2529
570 129 11 14 0.2503
160 198 11 15 0.2500
494 133 12 14 0.2459
394 126 11 14 0.2440
556 195 12 17 0.2431
781 147 13 16 0.2386
648 136 13 19 0.2359
10 147 9 12 0.2315
472 542 19 23 0.2270
253 232 15 18 0.2249
431 95 11 14 0.2227
785 180 12 19 0.2225
555 111 12 16 0.2217
578 149 13 18 0.2194
649 138 13 20 0.2146
553 14 7 10 0.2108
416 113 11 14 0.2087
906 133 12 16 0.2070
790 180 11 19 0.2048
846 248 12 21 0.2021
529 125 12 15 0.2011
580 151 12 17 0.1993
430 184 14 16 0.1964
795 112 12 16 0.1955
646 138 12 19 0.1820
452 113 11 13 0.1770
456 113 11 14 0.1728
796 114 13 15 0.1723
287 136 10 14 0.1722
810 85 12 15 0.1711
894 264 14 16 0.1706
676 96 12 15 0.1676
396 127 11 15 0.1652
475 547 23 24 0.1634
549 15 8 9 0.1633
338 108 11 14 0.1632
427 184 13 15 0.1626
583 149 11 18 0.1613
23 142 9 11 0.1587
258 129 14 17 0.1579
528 126 12 15 0.1565
854 101 13 17 0.1564
820 139 13 16 0.1514
681 96 12 15 0.1510
210 199 11 15 0.1491
903 133 11 16 0.1454
463 204 14 19 0.1449
645 136 12 18 0.1424
98 251 14 18 0.1399
551 14 8 10 0.1336
421 114 11 14 0.1317
341 107 11 15 0.1295
981 253 14 20 0.1292
391 126 11 13 0.1281
931 199 13 18 0.1168
453 115 11 13 0.1118
464 199 14 19 0.1088
785 148 12 16 0.1063
417 114 11 15 0.1063
854 102 13 16 0.1054
800 110 12 16 0.1046
473 122 11 13 0.1001
647 183 14 17 0.1000
457 116 10 12 0.0983
1 154 7 11 0.0971
20 142 9 12 0.0971
207 150 14 18 0.0968
548 14 8 9 0.0948
419 265 15 17 0.0943
247 257 13 19 0.0932
817 153 11 16 0.0923
550 141 12 15 0.0916
468 199 13 17 0.0900
392 127 11 15 0.0878
213 161 13 16 0.0867
984 286 11 17 0.0862
620 113 12 16 0.0859
850 249 13 20 0.0850
756 115 11 14 0.0821
421 269 15 17 0.0812
981 256 12 18 0.0810
623 114 13 15 0.0799
297 174 11 17 0.0796
94 256 13 18 0.0774
202 269 12 18 0.0772
889 184 13 20 0.0760
199 226 15 22 0.0748
805 85 11 15 0.0736
907 117 11 17 0.0731
777 146 12 15 0.0723
896 267 14 15 0.0713
249 232 14 18 0.0668
499 111 11 13 0.0653
209 150 13 16 0.0651
554 112 12 16 0.0647
291 174 12 17 0.0646
199 228 14 21 0.0637
475 543 21 23 0.0637
227 352 14 19 0.0624
989 286 12 18 0.0618
584 151 11 17 0.0605
923 197 14 18 0.0602
251 257 12 18 0.0601
782 206 12 18 0.0600
197 269 13 19 0.0588
94 251 14 18 0.0568
628 234 11 17 0.0556
616 171 12 15 0.0553
297 175 12 17 0.0536
712 212 15 18 0.0535
232 157 12 15 0.0533
816 137 12 15 0.0529
766 102 11 12 0.0524
203 198 12 16 0.0521
520 105 11 14 0.0497
9 146 10 13 0.0494
546 141 11 15 0.0491
822 137 11 16 0.0479
416 394 15 18 0.0474
849 250 12 21 0.0427
99 254 13 18 0.0427
897 187 14 19 0.0426
911 35 8 11 0.0409
898 185 14 19 0.0399
341 94 10 13 0.0390
739 119 10 13 0.0386
799 114 12 15 0.0385
422 164 11 14 0.0375
334 132 12 16 0.0374
345 94 10 13 0.0372
201 150 12 16 0.0355
571 127 12 14 0.0353
869 262 14 17 0.0346
554 13 8 10 0.0343
912 117 13 19 0.0341
546 139 11 15 0.0328
908 35 8 11 0.0321
546 138 11 15 0.0318
708 211 14 19 0.0318
799 112 13 16 0.0317
735 119 11 13 0.0316
424 166 11 15 0.0314
763 101 10 13 0.0314
415 392 14 18 0.0310
521 103 9 12 0.0306
620 171 11 15 0.0303
433 288 15 19 0.0302
279 159 12 16 0.0301
222 352 14 19 0.0294
887 190 13 18 0.0290
933 201 15 19 0.0288
899 264 12 15 0.0282
409 190 12 14 0.0280
757 167 13 17 0.0276
213 162 12 16 0.0269
24 141 10 12 0.0269
822 138 13 17 0.0267
898 186 14 19 0.0262
200 264 15 21 0.0262
416 265 13 16 0.0258
261 129 13 16 0.0256
468 204 13 18 0.0256
625 235 11 17 0.0254
276 83 11 13 0.0252
286 136 11 15 0.0250
791 112 10 15 0.0246
236 157 11 14 0.0246
412 192 11 14 0.0245
255 130 12 16 0.0240
983 287 12 18 0.0236
517 103 10 12 0.0233
10 145 8 11 0.0232
549 15 8 10 0.0231
272 82 12 15 0.0230
778 144 11 15 0.0229
898 264 14 17 0.0220
913 36 8 10 0.0218
274 158 12 16 0.0216
462 127 12 15 0.0215
823 153 12 16 0.0210
784 150 12 15 0.0210
339 110 12 15 0.0209
356 90 11 13 0.0205
764 167 12 16 0.0203
416 269 14 16 0.0202
755 163 12 14 0.0202
904 132 12 17 0.0196
416 266 16 19 0.0195
208 229 11 18 0.0194
464 116 12 14 0.0191
714 216 14 18 0.0190
354 86 13 16 0.0189
469 546 19 23 0.0188
505 134 10 14 0.0187
929 195 12 16 0.0185
792 114 11 15 0.0183
420 163 10 14 0.0182
436 94 11 14 0.0180
495 134 12 15 0.0177
159 196 12 15 0.0175
533 258 15 16 0.0173
531 127 11 14 0.0172
420 165 11 15 0.0170
919 191 12 16 0.0170
563 193 11 17 0.0167
338 134 11 15 0.0166
651 269 14 19 0.0165
217 163 13 15 0.0164
434 293 16 20 0.0163
647 185 15 18 0.0159
342 93 11 14 0.0159
755 117 11 14 0.0159
734 50 11 13 0.0156
418 114 11 14 0.0155
414 190 11 14 0.0153
256 126 13 17 0.0153
209 196 12 15 0.0152
14 148 9 11 0.0151
780 182 11 17 0.0151
886 179 12 15 0.0149
292 177 11 16 0.0149
231 154 12 14 0.0149
529 257 13 16 0.0142
785 207 12 17 0.0141
165 218 12 15 0.0141
655 183 12 15 0.0141
905 117 14 18 0.0140
472 124 10 13 0.0140
788 176 11 19 0.0138
849 245 14 21 0.0136
742 137 10 13 0.0135
736 140 11 13 0.0135
912 37 8 11 0.0133
421 166 10 14 0.0133
559 190 12 17 0.0132
881 142 13 17 0.0128
260 133 14 17 0.0127
779 207 11 17 0.0126
595 25 9 11 0.0126
874 262 14 18 0.0126
892 268 13 15 0.0125
400 183 11 14 0.0124
677 199 12 18 0.0122
555 15 7 10 0.0120
340 89 11 14 0.0120
436 99 10 11 0.0119
793 183 12 18 0.0118
206 265 14 20 0.0117
240 73 11 15 0.0117
235 159 12 15 0.0116
619 168 12 16 0.0113
753 165 12 16 0.0113
885 188 11 17 0.0110
337 136 13 15 0.0110
981 260 14 19 0.0110
892 264 12 16 0.0109
741 139 10 13 0.0108
498 112 12 14 0.0107
458 206 13 18 0.0107
927 200 14 19 0.0105
708 215 16 20 0.0105
974 266 11 15 0.0105
937 199 12 17 0.0103
761 165 12 14 0.0103
680 204 12 17 0.0103
908 39 8 10 0.0103
647 270 13 18 0.0102
872 266 13 15 0.0101
599 24 9 11 0.0101
104 145 14 16 0.0101
336 139 11 15 0.0100
