2_Demonstration_Demonstrators_2_170
45
868 192 55 62 0.8914
929 175 82 81 0.8796
737 141 64 79 0.8659
322 117 55 88 0.8383
589 107 52 63 0.8329
719 123 39 46 0.8031
5 121 20 24 0.7572
41 118 24 31 0.6423
191 114 43 51 0.5278
493 168 35 47 0.4142
90 129 14 19 0.3821
0 111 8 20 0.2854
536 149 19 23 0.2079
71 119 15 22 0.1746
536 149 21 26 0.1512
65 118 17 26 0.1451
304 136 6 8 0.1401
40 117 22 31 0.1168
301 136 6 8 0.1162
90 127 11 16 0.0901
555 146 16 24 0.0840
545 148 17 23 0.0680
40 121 22 28 0.0671
94 129 14 18 0.0493
557 152 13 21 0.0462
94 127 11 14 0.0449
303 135 6 8 0.0405
256 129 21 25 0.0371
260 129 19 24 0.0354
549 150 16 22 0.0332
299 135 7 8 0.0326
539 145 21 29 0.0326
86 127 13 21 0.0261
3 120 19 25 0.0226
65 110 14 22 0.0200
686 162 33 54 0.0180
291 135 8 9 0.0156
71 112 13 19 0.0145
672 161 36 54 0.0137
688 164 42 55 0.0130
86 127 12 20 0.0129
39 114 16 23 0.0128
682 160 31 52 0.0126
818 85 34 51 0.0104
0 108 12 18 0.0103
