2_Demonstration_Political_Rally_2_410
239
635 449 93 114 0.8916
247 504 75 82 0.8854
5 529 65 74 0.8738
180 495 51 57 0.8707
505 491 37 51 0.8705
352 430 42 47 0.8692
469 456 35 41 0.8657
933 448 29 35 0.8473
726 472 51 62 0.8394
11 417 30 31 0.7831
560 518 40 67 0.7782
831 428 17 20 0.7757
509 428 19 23 0.7720
116 421 21 26 0.7574
857 421 38 44 0.7545
955 426 21 23 0.7409
807 448 21 23 0.7265
152 415 14 16 0.6423
607 434 19 25 0.6050
856 421 39 45 0.5966
1011 547 13 71 0.5477
206 415 14 18 0.5326
544 418 9 11 0.4603
532 419 9 12 0.4109
331 420 8 10 0.3623
328 420 8 10 0.3598
152 395 8 9 0.3572
409 421 9 13 0.3309
123 402 13 13 0.3296
179 410 9 12 0.3211
289 417 9 11 0.3167
534 419 9 11 0.3064
286 417 9 11 0.3009
149 395 8 9 0.2897
177 410 9 12 0.2465
605 434 18 25 0.2459
1013 414 8 10 0.2399
217 412 13 16 0.2322
120 402 13 14 0.2292
180 396 8 8 0.2247
104 400 9 11 0.2222
405 421 9 12 0.2218
390 418 8 12 0.2199
253 418 12 15 0.2086
268 415 11 13 0.2055
608 419 17 18 0.2033
562 419 11 18 0.1985
54 409 9 11 0.1875
177 395 8 9 0.1852
90 433 15 19 0.1849
1013 549 11 72 0.1738
1009 549 15 71 0.1721
564 423 13 21 0.1663
1008 427 10 12 0.1632
217 409 13 16 0.1626
915 413 6 8 0.1574
917 413 7 8 0.1556
250 415 11 13 0.1546
743 415 14 16 0.1529
91 433 16 21 0.1501
1009 415 8 10 0.1494
463 422 7 9 0.1470
102 399 9 11 0.1460
460 422 7 9 0.1393
100 401 9 10 0.1378
68 413 12 16 0.1328
1019 450 5 15 0.1289
181 496 50 55 0.1269
134 499 18 26 0.1210
266 400 6 8 0.1199
180 411 10 12 0.1191
1011 414 8 9 0.1181
988 420 7 9 0.1161
267 400 7 8 0.1157
56 408 9 12 0.1153
149 415 13 16 0.1125
324 446 9 11 0.1112
918 414 7 8 0.1109
915 414 7 8 0.1061
1006 427 9 12 0.0975
50 384 8 10 0.0952
72 412 13 18 0.0929
251 412 9 10 0.0901
1017 448 7 15 0.0892
263 400 6 7 0.0864
222 412 11 13 0.0854
936 432 16 19 0.0816
0 401 8 17 0.0760
100 399 8 11 0.0741
256 400 6 8 0.0740
326 446 9 11 0.0735
432 426 7 11 0.0714
1008 414 8 9 0.0698
771 419 9 10 0.0694
435 427 8 10 0.0679
560 518 40 66 0.0678
222 410 11 13 0.0674
982 420 8 11 0.0672
607 420 15 16 0.0662
845 402 11 12 0.0609
545 416 7 11 0.0595
210 417 13 15 0.0560
0 398 6 14 0.0558
566 420 12 19 0.0555
1007 427 9 12 0.0551
69 400 8 10 0.0514
978 412 7 8 0.0510
543 417 8 10 0.0509
897 454 16 20 0.0484
54 411 11 14 0.0472
34 383 10 13 0.0461
774 419 9 10 0.0461
982 423 9 11 0.0458
208 399 7 8 0.0447
257 420 10 12 0.0441
265 428 13 14 0.0440
354 388 8 10 0.0437
389 415 7 9 0.0436
463 422 9 11 0.0422
779 437 20 20 0.0422
543 418 10 13 0.0406
782 434 15 16 0.0399
81 414 12 14 0.0397
83 397 9 12 0.0396
390 420 10 14 0.0395
459 423 8 9 0.0395
176 411 10 13 0.0383
741 415 10 14 0.0377
749 417 13 14 0.0369
467 421 10 12 0.0367
131 500 17 25 0.0357
978 423 9 11 0.0354
320 457 12 13 0.0349
257 423 12 13 0.0348
956 435 22 24 0.0347
69 407 10 15 0.0346
407 423 8 11 0.0345
125 399 10 11 0.0339
535 420 9 11 0.0332
401 451 12 18 0.0332
411 421 9 12 0.0331
263 400 7 8 0.0330
33 414 22 25 0.0330
843 402 10 12 0.0329
954 442 21 27 0.0328
468 423 14 17 0.0328
94 432 15 18 0.0327
263 401 7 9 0.0321
199 414 12 16 0.0320
52 385 8 9 0.0318
317 463 17 19 0.0311
902 455 14 18 0.0308
463 421 9 11 0.0298
395 417 7 9 0.0297
566 420 11 17 0.0296
432 421 7 10 0.0291
982 412 7 9 0.0291
437 409 9 11 0.0286
352 388 7 10 0.0285
290 442 13 15 0.0283
252 421 10 13 0.0280
180 397 8 9 0.0274
411 422 9 13 0.0274
745 417 16 18 0.0273
893 457 22 25 0.0257
148 396 9 10 0.0251
1 400 12 16 0.0248
89 401 9 11 0.0246
105 399 8 11 0.0243
1 423 17 27 0.0241
845 402 8 9 0.0235
404 451 11 17 0.0223
120 400 10 11 0.0223
318 433 9 11 0.0222
57 407 8 10 0.0218
45 385 9 10 0.0218
206 400 7 8 0.0212
288 418 9 11 0.0210
7 419 26 28 0.0210
187 411 11 13 0.0208
437 426 8 10 0.0206
217 407 9 12 0.0202
792 420 9 11 0.0200
391 439 11 17 0.0198
568 424 13 20 0.0197
286 442 14 16 0.0194
789 435 16 19 0.0193
995 436 13 14 0.0191
774 420 10 12 0.0189
788 433 13 16 0.0189
179 393 7 8 0.0189
405 416 7 10 0.0182
33 385 12 14 0.0178
558 415 7 12 0.0178
287 443 14 17 0.0174
354 387 7 9 0.0171
351 387 7 9 0.0168
911 426 11 12 0.0163
440 409 8 10 0.0161
803 473 15 21 0.0159
951 411 7 8 0.0154
563 431 15 20 0.0153
743 419 18 19 0.0153
82 417 13 17 0.0151
289 415 8 10 0.0150
980 411 6 7 0.0150
318 440 9 11 0.0147
964 437 15 18 0.0146
309 412 7 10 0.0145
0 412 12 25 0.0138
155 395 9 11 0.0136
300 418 8 10 0.0135
182 423 11 13 0.0131
321 445 11 14 0.0131
267 437 14 16 0.0130
937 413 7 8 0.0129
45 384 9 11 0.0129
283 422 10 12 0.0128
157 415 12 15 0.0128
515 415 9 9 0.0123
440 407 7 10 0.0122
792 416 7 7 0.0117
182 417 11 13 0.0116
152 395 9 10 0.0115
259 435 15 15 0.0115
92 392 8 8 0.0113
432 410 8 11 0.0113
965 429 15 18 0.0113
53 385 6 8 0.0110
325 421 9 10 0.0109
900 458 23 25 0.0108
176 394 7 8 0.0107
286 416 8 10 0.0107
843 402 7 9 0.0106
1015 448 9 16 0.0106
211 401 7 10 0.0106
797 465 18 26 0.0105
95 435 17 20 0.0103
769 417 8 10 0.0101
