2_Demonstration_Protesters_2_178
45
265 495 67 84 0.8716
740 505 67 69 0.8612
551 541 66 76 0.8608
631 518 60 68 0.8466
596 109 42 55 0.8226
678 24 42 49 0.8218
911 577 72 66 0.8201
0 80 33 51 0.8087
466 67 45 46 0.7627
61 529 72 102 0.7258
361 62 45 51 0.6674
228 84 51 53 0.6220
142 64 33 37 0.6012
228 83 54 57 0.5740
361 63 42 50 0.5287
766 112 51 54 0.3524
766 112 52 54 0.3103
61 529 72 102 0.2267
442 164 46 49 0.1952
437 166 42 45 0.1304
221 641 73 27 0.1264
67 85 38 44 0.0927
71 84 41 47 0.0884
452 162 46 50 0.0882
224 644 73 25 0.0735
7 159 28 33 0.0689
71 79 42 48 0.0520
150 63 27 30 0.0485
315 389 27 41 0.0308
135 63 32 35 0.0283
456 159 41 44 0.0250
322 389 22 40 0.0242
137 65 35 36 0.0240
0 188 29 68 0.0228
82 79 37 44 0.0192
227 637 63 31 0.0189
233 643 63 26 0.0181
219 646 72 23 0.0158
229 84 53 54 0.0147
447 162 39 43 0.0135
56 76 34 42 0.0134
63 79 39 46 0.0119
61 75 37 40 0.0114
0 194 29 49 0.0110
640 182 33 38 0.0105
