2_Demonstration_Protesters_2_525
794
995 459 29 32 0.8611
553 483 30 38 0.8582
881 518 33 41 0.8560
417 513 30 39 0.8466
661 483 31 38 0.8446
656 426 29 29 0.8422
327 414 25 29 0.8420
483 434 28 34 0.8377
579 402 25 28 0.8360
764 399 24 28 0.8302
298 488 31 35 0.8276
761 456 28 34 0.8252
919 478 32 33 0.8239
390 435 23 30 0.8191
54 431 27 33 0.8143
849 424 26 30 0.8117
233 485 28 30 0.8054
920 375 22 25 0.8051
205 380 21 28 0.7976
948 431 27 28 0.7933
716 360 21 24 0.7926
533 555 32 19 0.7857
526 393 20 26 0.7650
251 369 20 23 0.7606
319 326 15 18 0.7596
765 302 16 18 0.7219
341 348 17 19 0.7202
480 395 19 25 0.7065
368 322 15 17 0.6984
62 343 17 19 0.6983
640 297 14 16 0.6950
470 327 15 18 0.6937
1000 397 23 27 0.6869
312 383 21 26 0.6824
833 338 17 20 0.6765
969 248 16 20 0.6694
951 348 22 25 0.6587
846 395 21 23 0.6577
83 510 27 30 0.6556
719 331 15 17 0.6546
767 509 22 33 0.6506
420 335 16 19 0.6479
81 379 20 25 0.6176
358 275 10 12 0.6170
0 344 13 18 0.6109
387 346 14 21 0.6102
1 370 21 28 0.6022
535 310 13 14 0.5969
714 308 15 17 0.5956
769 218 15 17 0.5929
23 335 14 16 0.5890
244 292 11 14 0.5783
127 300 12 14 0.5744
996 224 15 19 0.5738
674 321 15 19 0.5704
373 291 11 13 0.5693
960 234 14 17 0.5692
615 211 13 16 0.5675
1005 237 18 22 0.5633
537 332 16 20 0.5621
268 286 11 14 0.5536
448 210 11 14 0.5508
851 366 17 20 0.5467
458 307 12 16 0.5406
778 232 13 16 0.5373
502 283 13 15 0.5370
527 276 12 15 0.5342
724 223 14 18 0.5333
124 319 14 17 0.5299
22 296 13 15 0.5288
251 310 13 15 0.5273
228 310 11 15 0.5258
0 420 8 25 0.5109
784 317 16 19 0.5088
34 320 13 15 0.5006
687 218 14 18 0.4983
575 209 10 13 0.4959
413 313 13 16 0.4945
664 308 13 17 0.4924
362 306 14 17 0.4912
578 297 12 13 0.4867
374 211 9 11 0.4817
56 412 22 20 0.4811
501 316 14 17 0.4780
187 337 14 17 0.4764
992 380 18 20 0.4730
545 288 11 14 0.4711
384 280 11 13 0.4706
168 286 11 14 0.4703
54 297 11 15 0.4643
76 295 10 13 0.4614
867 227 13 17 0.4583
457 269 11 14 0.4561
271 263 8 11 0.4553
443 292 11 14 0.4553
592 342 17 21 0.4526
599 210 12 15 0.4524
217 298 10 13 0.4502
410 206 9 12 0.4430
80 315 15 17 0.4416
420 272 9 12 0.4377
643 216 14 17 0.4364
148 339 13 17 0.4352
477 293 11 15 0.4345
884 329 13 17 0.4330
84 315 13 17 0.4302
77 278 10 13 0.4295
798 362 18 22 0.4289
565 302 11 13 0.4288
79 379 21 25 0.4286
886 216 14 19 0.4278
783 343 17 19 0.4271
279 271 8 12 0.4245
347 265 9 12 0.4244
395 211 10 13 0.4192
964 552 37 23 0.4186
563 207 10 14 0.4182
149 390 19 17 0.4178
432 220 9 12 0.4159
810 226 15 20 0.4144
502 219 11 13 0.4143
345 210 9 11 0.4084
105 353 17 18 0.4042
1008 238 16 21 0.4040
594 342 17 21 0.4036
135 286 10 12 0.4035
525 206 12 14 0.4010
145 339 13 17 0.3873
865 329 14 18 0.3869
467 209 10 13 0.3862
373 267 9 11 0.3826
999 398 23 26 0.3810
297 313 13 15 0.3749
646 217 14 16 0.3742
795 363 18 21 0.3722
633 225 11 15 0.3589
108 352 17 19 0.3504
184 337 14 17 0.3504
475 212 10 14 0.3489
542 288 12 14 0.3466
911 235 16 17 0.3460
309 265 10 12 0.3459
192 322 13 14 0.3388
165 207 8 10 0.3372
56 297 11 14 0.3370
559 207 11 14 0.3356
781 342 17 18 0.3351
392 212 9 12 0.3335
309 210 8 10 0.3311
454 269 11 14 0.3307
294 292 11 13 0.3285
158 278 9 12 0.3265
289 202 8 11 0.3247
684 218 14 18 0.3240
153 209 8 10 0.3231
231 254 9 11 0.3181
229 210 7 9 0.3165
117 270 9 12 0.3155
813 227 15 20 0.3153
848 365 17 21 0.3138
285 202 8 10 0.3133
440 291 11 15 0.3128
132 286 10 13 0.3121
194 257 8 11 0.3085
248 310 13 15 0.3082
3 277 10 12 0.3067
225 210 8 9 0.3047
474 293 12 15 0.3016
191 275 9 12 0.2973
596 210 12 16 0.2952
268 205 8 10 0.2950
170 286 11 14 0.2948
429 221 9 11 0.2948
79 261 9 12 0.2946
168 256 9 10 0.2850
344 264 10 13 0.2837
222 283 11 13 0.2749
103 280 9 13 0.2749
415 313 13 16 0.2717
213 259 8 11 0.2716
7 277 9 11 0.2714
861 328 15 18 0.2686
74 278 10 13 0.2680
34 266 9 12 0.2670
271 204 8 11 0.2659
561 326 12 17 0.2649
331 208 8 11 0.2633
106 215 8 10 0.2630
972 213 11 16 0.2628
823 179 13 14 0.2623
428 207 8 12 0.2601
235 199 8 9 0.2597
325 295 10 12 0.2595
313 282 10 13 0.2581
864 226 13 17 0.2576
275 271 9 12 0.2568
187 206 8 10 0.2567
209 207 8 10 0.2546
365 200 8 10 0.2506
526 335 14 17 0.2493
362 200 8 11 0.2482
150 210 7 9 0.2480
359 216 8 11 0.2478
26 287 11 12 0.2464
265 286 11 14 0.2451
671 321 15 19 0.2443
83 214 8 9 0.2426
505 283 12 15 0.2393
374 234 10 12 0.2388
478 213 10 13 0.2375
894 182 10 13 0.2346
591 216 11 14 0.2327
38 280 11 13 0.2321
80 214 7 9 0.2292
305 210 8 10 0.2283
418 286 9 12 0.2280
184 207 7 9 0.2279
568 282 11 13 0.2253
504 219 11 13 0.2246
408 204 10 14 0.2245
143 360 14 17 0.2236
228 254 9 11 0.2229
364 306 14 17 0.2227
212 353 17 18 0.2216
570 281 11 13 0.2207
104 281 10 13 0.2166
529 276 11 15 0.2158
30 320 14 15 0.2153
251 204 8 11 0.2144
225 311 11 14 0.2133
214 298 10 13 0.2128
331 278 10 12 0.2127
41 281 10 12 0.2124
191 241 8 10 0.2120
0 263 8 11 0.2119
782 316 16 19 0.2111
19 296 13 15 0.2102
188 275 9 12 0.2096
417 272 9 12 0.2084
150 224 7 9 0.2083
455 307 12 16 0.2067
31 266 9 12 0.2060
727 208 13 15 0.2032
822 178 12 14 0.2031
713 218 11 15 0.2030
210 259 8 11 0.2024
163 207 8 10 0.1992
889 216 14 18 0.1986
826 179 13 14 0.1954
915 235 15 17 0.1952
522 207 11 13 0.1943
891 237 14 17 0.1933
326 208 9 11 0.1922
775 231 13 17 0.1916
171 255 9 11 0.1908
839 249 14 19 0.1906
362 216 8 11 0.1888
504 316 13 16 0.1887
312 265 9 12 0.1876
188 240 8 10 0.1845
925 260 14 17 0.1839
580 296 12 14 0.1822
889 182 11 14 0.1818
325 274 10 12 0.1784
147 224 7 10 0.1780
171 256 9 10 0.1754
260 255 9 12 0.1738
415 286 10 13 0.1730
269 355 18 22 0.1727
59 343 17 19 0.1713
0 343 11 18 0.1700
248 206 8 10 0.1696
887 237 14 16 0.1691
255 216 8 10 0.1690
874 206 13 16 0.1690
911 246 15 18 0.1657
322 294 10 12 0.1653
310 382 20 26 0.1634
247 205 8 10 0.1625
887 329 12 16 0.1623
121 319 14 17 0.1620
929 260 13 17 0.1610
310 280 11 13 0.1608
243 270 9 11 0.1599
809 226 14 20 0.1593
369 291 11 13 0.1588
268 353 16 21 0.1586
386 280 10 13 0.1576
566 280 12 14 0.1563
190 257 9 11 0.1545
269 253 9 11 0.1536
714 217 13 16 0.1535
717 330 14 18 0.1533
275 356 17 20 0.1528
472 229 11 13 0.1513
477 395 19 25 0.1504
307 265 10 11 0.1495
825 179 12 13 0.1490
252 206 7 10 0.1488
3 371 21 27 0.1484
156 312 12 15 0.1461
124 300 12 14 0.1458
532 310 13 14 0.1458
319 195 7 8 0.1446
968 212 11 16 0.1446
949 349 21 23 0.1437
206 207 8 10 0.1429
224 280 10 13 0.1427
242 269 8 10 0.1402
263 259 9 11 0.1394
618 211 12 15 0.1381
220 281 10 13 0.1373
571 282 11 13 0.1364
993 381 19 21 0.1362
192 256 8 11 0.1353
285 334 14 17 0.1331
466 327 15 18 0.1320
151 253 9 11 0.1304
376 234 10 12 0.1298
840 253 14 19 0.1295
48 218 7 9 0.1294
634 370 17 21 0.1277
500 219 10 13 0.1272
302 315 12 16 0.1257
836 249 14 19 0.1256
76 261 9 12 0.1255
375 267 10 12 0.1242
469 227 10 13 0.1235
382 199 8 10 0.1227
161 278 9 11 0.1217
122 215 8 10 0.1213
166 286 11 13 0.1207
935 214 12 15 0.1200
100 280 9 12 0.1189
426 205 9 12 0.1158
342 209 8 11 0.1156
288 269 10 12 0.1155
826 219 16 19 0.1150
563 302 9 13 0.1144
148 254 8 10 0.1138
993 224 14 18 0.1121
523 205 11 14 0.1114
837 253 13 19 0.1100
331 300 11 14 0.1087
630 370 17 21 0.1081
989 380 17 19 0.1071
109 215 8 11 0.1061
183 206 7 10 0.1061
430 205 9 12 0.1060
252 217 8 9 0.1060
0 446 7 25 0.1060
254 234 9 12 0.1060
67 217 7 9 0.1052
588 217 10 13 0.1044
120 214 7 10 0.1040
375 267 9 11 0.1038
112 257 8 10 0.1036
123 217 7 10 0.1034
786 316 15 18 0.1034
326 294 9 12 0.1029
504 316 13 18 0.1023
289 291 11 13 0.1022
812 226 15 20 0.1015
188 204 8 11 0.1013
360 305 14 16 0.1012
107 320 12 14 0.1000
469 229 11 13 0.0999
38 212 7 9 0.0985
93 301 10 13 0.0977
585 181 9 12 0.0975
425 298 11 14 0.0959
389 346 15 21 0.0927
289 335 13 16 0.0921
56 263 9 11 0.0910
406 204 10 13 0.0903
279 330 12 15 0.0893
597 322 14 15 0.0859
101 281 9 13 0.0859
719 221 14 18 0.0858
352 289 11 13 0.0852
35 212 7 9 0.0849
82 215 7 8 0.0846
67 205 7 8 0.0840
477 215 10 13 0.0838
317 194 8 9 0.0832
20 335 14 17 0.0826
297 293 10 13 0.0824
661 309 12 15 0.0821
477 293 12 14 0.0809
549 398 18 21 0.0808
371 267 9 12 0.0797
96 300 10 12 0.0796
233 255 8 11 0.0794
558 326 12 17 0.0784
358 216 8 11 0.0780
315 194 7 9 0.0779
75 311 11 13 0.0778
306 321 12 15 0.0772
990 381 17 21 0.0768
792 213 12 16 0.0768
469 207 9 12 0.0765
158 329 12 14 0.0763
727 204 12 15 0.0760
769 508 23 35 0.0748
165 368 13 16 0.0741
884 194 12 14 0.0741
81 262 9 11 0.0731
210 352 15 18 0.0724
108 257 9 10 0.0722
588 181 10 12 0.0721
467 372 17 18 0.0699
251 234 9 11 0.0692
435 318 13 14 0.0692
109 258 10 12 0.0690
465 207 10 13 0.0681
273 355 16 19 0.0672
344 302 11 14 0.0670
969 374 16 18 0.0669
887 329 12 17 0.0668
344 210 8 11 0.0663
633 366 17 20 0.0661
45 218 7 9 0.0659
255 271 9 12 0.0659
526 276 10 14 0.0657
789 219 12 15 0.0653
502 366 13 17 0.0650
388 278 11 13 0.0648
534 330 16 20 0.0642
337 348 17 19 0.0641
782 201 10 12 0.0639
240 269 9 11 0.0633
52 207 7 9 0.0632
443 209 10 12 0.0631
317 225 7 9 0.0621
836 338 16 20 0.0618
594 321 13 15 0.0612
233 199 7 9 0.0611
957 234 13 16 0.0602
438 319 12 15 0.0599
711 308 14 17 0.0595
630 366 16 19 0.0591
103 318 12 15 0.0577
70 205 8 9 0.0577
49 207 8 9 0.0577
113 258 9 11 0.0576
242 291 10 13 0.0573
237 199 7 9 0.0570
0 419 6 24 0.0561
156 302 12 13 0.0561
191 318 13 15 0.0552
24 222 6 7 0.0551
161 330 12 13 0.0550
334 253 10 12 0.0548
830 215 13 15 0.0548
292 292 12 14 0.0540
236 199 8 10 0.0539
132 205 7 9 0.0537
975 214 12 15 0.0536
637 335 15 16 0.0536
295 313 10 14 0.0534
793 200 12 14 0.0533
258 348 17 20 0.0531
161 207 8 10 0.0531
151 359 16 19 0.0527
464 373 16 18 0.0515
863 330 15 17 0.0515
314 225 7 9 0.0512
149 256 9 10 0.0507
88 348 12 13 0.0504
188 273 9 12 0.0504
268 264 10 11 0.0502
43 281 10 12 0.0499
365 322 14 17 0.0499
167 258 9 11 0.0489
765 219 13 16 0.0488
372 268 9 11 0.0486
212 356 19 21 0.0482
114 270 10 12 0.0482
946 212 12 15 0.0479
707 197 11 12 0.0479
873 204 12 14 0.0476
372 212 10 11 0.0476
632 336 15 17 0.0475
915 245 15 18 0.0472
373 232 9 12 0.0472
108 215 9 10 0.0471
597 316 13 16 0.0470
434 196 9 10 0.0466
937 235 13 16 0.0466
353 306 12 16 0.0464
619 267 13 17 0.0458
166 369 14 17 0.0447
288 203 8 10 0.0445
754 207 11 14 0.0444
572 209 10 12 0.0444
189 322 12 14 0.0440
64 216 8 9 0.0439
158 311 11 14 0.0435
498 219 11 13 0.0435
932 215 12 16 0.0433
474 214 10 13 0.0430
486 236 10 13 0.0427
365 200 8 10 0.0423
266 250 9 11 0.0421
154 246 9 10 0.0419
347 235 11 13 0.0416
151 394 20 16 0.0415
118 216 8 10 0.0414
187 242 9 11 0.0412
160 275 9 11 0.0410
893 181 10 12 0.0407
505 366 13 16 0.0407
196 321 11 15 0.0407
779 201 9 12 0.0406
13 221 6 8 0.0405
163 210 7 8 0.0402
83 214 7 9 0.0401
936 216 12 16 0.0398
773 218 13 16 0.0398
120 267 10 12 0.0396
711 216 12 15 0.0395
149 208 7 9 0.0390
849 425 27 29 0.0388
189 322 12 15 0.0385
825 218 14 18 0.0384
963 234 13 16 0.0384
289 293 11 12 0.0383
84 215 7 9 0.0380
336 308 11 14 0.0379
118 209 7 8 0.0371
315 196 8 9 0.0371
358 236 9 11 0.0371
211 208 7 9 0.0370
32 267 10 12 0.0364
633 227 11 14 0.0364
417 289 10 12 0.0361
711 306 16 17 0.0360
806 438 16 17 0.0356
894 191 11 13 0.0355
275 329 13 16 0.0354
883 214 13 17 0.0353
107 319 13 15 0.0350
329 207 9 11 0.0350
638 297 12 16 0.0349
380 198 8 10 0.0348
931 215 12 15 0.0346
393 212 9 11 0.0346
376 291 10 13 0.0337
306 209 8 10 0.0333
827 217 11 14 0.0333
899 347 15 18 0.0332
504 200 10 13 0.0328
766 216 14 17 0.0327
33 269 10 12 0.0327
622 267 13 17 0.0325
985 548 32 26 0.0321
1013 542 11 29 0.0319
309 210 9 10 0.0316
669 199 10 13 0.0313
277 226 8 11 0.0313
724 204 11 14 0.0311
312 265 10 13 0.0310
966 248 15 20 0.0309
54 411 22 22 0.0306
352 196 8 10 0.0304
321 295 10 12 0.0302
294 315 11 15 0.0299
431 197 8 10 0.0299
296 194 9 10 0.0299
673 198 9 12 0.0298
370 292 11 13 0.0296
594 316 12 16 0.0295
902 346 17 20 0.0295
755 205 9 11 0.0294
146 390 17 16 0.0294
209 258 9 10 0.0291
346 239 9 11 0.0290
274 228 8 11 0.0289
751 207 10 15 0.0287
10 222 6 7 0.0286
336 197 8 9 0.0282
11 220 6 8 0.0280
448 207 11 14 0.0279
951 214 11 15 0.0279
7 275 9 12 0.0278
146 376 19 20 0.0276
438 317 12 14 0.0275
266 204 8 9 0.0271
665 206 12 14 0.0270
338 298 10 13 0.0269
889 180 10 13 0.0268
573 210 10 13 0.0268
528 207 11 14 0.0267
36 213 7 9 0.0265
76 260 9 11 0.0265
772 217 13 17 0.0265
77 295 11 14 0.0264
0 423 11 36 0.0262
347 220 8 10 0.0262
337 198 9 10 0.0260
47 206 8 11 0.0259
1013 537 10 33 0.0256
752 204 8 11 0.0253
831 364 15 18 0.0253
436 197 9 10 0.0253
392 266 10 13 0.0251
500 217 12 14 0.0251
373 235 8 11 0.0250
636 227 11 14 0.0250
588 269 12 16 0.0250
888 241 13 17 0.0249
274 331 15 17 0.0248
547 404 20 23 0.0247
163 331 11 13 0.0244
22 289 11 13 0.0241
321 295 10 12 0.0240
86 511 29 29 0.0240
502 193 8 10 0.0234
662 203 10 13 0.0233
189 202 8 9 0.0231
944 326 14 18 0.0229
361 198 8 10 0.0228
484 207 9 12 0.0227
974 215 13 16 0.0225
51 297 11 14 0.0225
907 323 15 18 0.0224
883 190 12 14 0.0223
282 269 9 12 0.0223
640 329 13 16 0.0223
226 207 8 9 0.0220
272 316 11 14 0.0219
929 237 13 16 0.0219
865 330 16 18 0.0218
741 225 11 15 0.0216
445 212 10 12 0.0215
332 255 9 11 0.0214
58 266 9 11 0.0213
587 181 8 10 0.0212
154 390 18 17 0.0212
85 347 13 16 0.0210
115 232 9 10 0.0209
375 292 10 12 0.0209
161 368 15 18 0.0206
241 293 11 14 0.0206
258 215 9 9 0.0206
68 230 8 10 0.0205
186 209 8 9 0.0203
34 209 7 9 0.0203
957 237 14 16 0.0203
158 316 11 14 0.0202
842 237 14 17 0.0201
411 201 9 10 0.0199
1000 222 14 17 0.0197
287 202 8 9 0.0196
399 300 11 14 0.0195
603 181 10 11 0.0195
273 230 9 10 0.0195
575 296 12 14 0.0194
85 210 8 10 0.0193
976 213 13 16 0.0193
755 216 12 15 0.0193
209 356 18 21 0.0188
594 320 14 16 0.0188
407 402 17 21 0.0188
7 321 13 15 0.0187
0 547 12 24 0.0187
1012 213 11 16 0.0187
57 296 11 14 0.0186
567 303 11 13 0.0186
8 325 12 15 0.0184
140 270 9 12 0.0183
521 206 10 13 0.0182
33 319 13 15 0.0182
523 335 13 16 0.0181
0 541 10 22 0.0181
109 204 8 9 0.0180
597 211 12 15 0.0180
234 252 8 10 0.0179
387 241 10 11 0.0174
389 241 9 11 0.0173
6 280 10 13 0.0173
386 200 8 10 0.0172
144 378 17 19 0.0171
386 276 9 12 0.0169
12 306 11 14 0.0169
205 195 8 9 0.0169
965 375 17 17 0.0168
216 297 11 14 0.0166
247 369 20 23 0.0164
618 265 13 17 0.0163
209 202 8 9 0.0162
784 216 11 14 0.0160
265 289 11 14 0.0159
10 220 7 9 0.0159
145 223 7 9 0.0159
446 236 11 14 0.0157
212 262 8 10 0.0157
743 231 12 15 0.0156
66 326 14 16 0.0155
584 181 8 10 0.0154
621 265 12 17 0.0154
779 199 10 12 0.0152
16 235 8 10 0.0152
542 333 14 19 0.0152
257 256 8 11 0.0149
264 347 14 18 0.0148
318 313 12 14 0.0148
348 268 10 12 0.0147
0 453 11 28 0.0145
497 298 11 14 0.0144
417 335 14 19 0.0144
104 233 9 11 0.0143
868 227 14 18 0.0142
499 194 10 11 0.0142
867 249 12 15 0.0141
221 334 14 16 0.0140
705 196 9 11 0.0140
549 392 18 21 0.0140
801 218 13 16 0.0139
798 214 12 15 0.0138
546 262 11 14 0.0138
259 345 13 15 0.0137
276 270 9 11 0.0136
123 318 14 16 0.0135
873 374 14 18 0.0135
600 180 11 11 0.0134
343 267 11 12 0.0134
805 441 19 23 0.0133
506 194 7 10 0.0132
631 343 17 20 0.0132
287 339 14 17 0.0132
573 323 12 13 0.0130
232 209 7 9 0.0130
47 247 8 11 0.0129
796 198 10 12 0.0129
273 254 8 10 0.0128
961 552 29 22 0.0128
539 335 16 20 0.0127
243 294 10 12 0.0127
73 260 9 10 0.0126
468 203 9 10 0.0126
779 360 17 19 0.0126
478 294 12 14 0.0125
6 303 11 13 0.0124
29 254 9 11 0.0124
504 369 13 17 0.0120
672 198 9 11 0.0120
26 296 11 13 0.0120
662 307 14 16 0.0120
926 261 15 17 0.0118
341 237 10 13 0.0118
149 229 8 10 0.0118
9 219 5 8 0.0118
965 551 39 25 0.0117
1016 433 8 27 0.0117
91 517 28 27 0.0117
901 344 16 19 0.0117
797 200 10 13 0.0117
933 338 13 16 0.0116
871 208 11 14 0.0116
408 407 17 22 0.0116
528 205 10 13 0.0116
565 322 12 15 0.0114
912 183 9 11 0.0112
212 348 12 15 0.0111
309 260 10 11 0.0111
80 211 8 9 0.0111
88 346 12 14 0.0111
301 317 12 15 0.0110
167 254 9 10 0.0110
396 213 9 11 0.0110
896 185 10 13 0.0110
563 330 14 18 0.0109
52 294 12 15 0.0108
188 318 11 14 0.0107
774 526 22 39 0.0107
524 235 11 14 0.0107
722 221 13 17 0.0106
388 280 11 13 0.0106
437 354 14 17 0.0106
218 226 8 10 0.0106
222 327 12 16 0.0106
361 258 9 11 0.0106
705 197 9 11 0.0105
81 264 9 11 0.0105
370 199 8 10 0.0105
35 233 8 10 0.0104
194 309 12 14 0.0104
5 450 19 23 0.0103
155 194 9 10 0.0103
522 337 14 18 0.0103
634 342 17 20 0.0101
905 238 14 18 0.0101
420 215 9 11 0.0101
