2_Demonstration_Protesters_2_268
27
77 207 39 52 0.8640
843 208 36 47 0.8551
398 237 32 36 0.8455
592 207 36 41 0.8413
281 243 32 37 0.8288
535 257 28 32 0.7499
365 243 27 32 0.7469
473 232 31 38 0.6361
194 215 24 51 0.6142
987 253 26 33 0.5575
689 232 23 31 0.3555
191 215 25 51 0.3371
473 231 31 39 0.3073
694 231 23 32 0.2264
924 207 29 39 0.1631
923 208 31 42 0.0943
512 274 18 23 0.0677
748 213 13 37 0.0401
238 236 28 35 0.0307
238 233 27 34 0.0263
520 263 13 20 0.0253
750 210 18 42 0.0245
246 233 24 33 0.0242
517 268 12 17 0.0219
246 236 25 33 0.0210
517 272 18 24 0.0168
226 237 32 36 0.0146
