2_Demonstration_Demonstration_Or_Protest_2_606
88
767 257 59 65 0.8772
903 265 59 60 0.8718
1000 279 24 57 0.8711
338 281 76 95 0.8632
45 252 46 52 0.8627
446 224 31 47 0.8559
638 243 52 60 0.8521
545 302 80 100 0.8514
746 273 37 49 0.8463
713 258 36 44 0.8355
826 238 37 43 0.8350
107 304 50 46 0.8344
187 247 30 39 0.8297
218 298 43 59 0.8285
6 281 41 42 0.8232
219 241 37 39 0.8178
310 229 37 41 0.7753
148 256 25 26 0.7654
286 238 25 30 0.7282
708 219 24 29 0.7154
508 237 36 65 0.7151
508 233 35 69 0.6738
113 239 19 27 0.4528
694 228 16 24 0.2685
617 203 11 15 0.1646
964 239 13 17 0.1643
621 204 10 14 0.1195
968 240 12 15 0.1193
120 241 15 23 0.1100
0 249 10 28 0.1061
880 312 26 31 0.1026
424 214 10 12 0.1013
1010 228 14 22 0.0990
0 247 6 26 0.0981
102 237 20 30 0.0944
426 215 10 12 0.0900
628 239 23 36 0.0870
282 239 25 30 0.0763
0 276 13 34 0.0583
614 204 10 13 0.0550
427 213 10 13 0.0549
968 239 10 14 0.0530
628 238 30 45 0.0484
964 238 11 16 0.0475
708 220 23 27 0.0443
80 229 25 34 0.0425
884 311 26 32 0.0401
628 237 30 47 0.0345
613 201 12 16 0.0300
696 225 17 25 0.0299
619 202 12 15 0.0299
80 231 30 38 0.0291
423 216 9 10 0.0287
305 234 29 34 0.0283
0 251 12 39 0.0278
106 238 20 30 0.0277
0 246 16 31 0.0275
78 230 22 30 0.0244
695 223 13 20 0.0232
539 214 7 8 0.0226
527 209 6 9 0.0207
524 209 6 9 0.0197
888 232 20 21 0.0196
422 214 9 11 0.0192
918 239 30 31 0.0183
527 263 25 45 0.0182
631 234 21 31 0.0176
97 233 20 31 0.0173
249 238 23 29 0.0171
920 239 32 34 0.0164
884 231 20 22 0.0164
688 204 11 14 0.0163
541 216 6 7 0.0163
301 240 26 32 0.0159
684 204 13 15 0.0150
76 232 26 36 0.0147
428 214 11 13 0.0143
629 236 17 25 0.0128
623 238 27 43 0.0124
888 235 24 27 0.0123
922 236 26 24 0.0122
619 202 10 14 0.0120
262 206 16 19 0.0118
724 237 26 34 0.0114
80 227 23 30 0.0113
268 239 21 27 0.0110
883 235 25 27 0.0109
970 277 21 23 0.0105
