2_Demonstration_Demonstration_Or_Protest_2_158
96
518 184 43 56 0.8812
988 217 33 38 0.8415
857 239 20 22 0.7942
472 233 25 32 0.6464
183 218 31 41 0.6385
474 234 26 31 0.6149
177 252 28 38 0.6118
6 193 31 51 0.5709
502 236 13 18 0.4867
677 254 12 14 0.4821
103 254 13 15 0.4484
175 251 30 41 0.4422
62 266 13 14 0.4366
806 247 12 15 0.4016
33 248 9 12 0.3731
693 258 10 12 0.3450
254 260 11 12 0.3169
696 258 9 12 0.3111
251 260 11 12 0.3042
36 248 9 12 0.2685
505 235 13 18 0.2430
56 254 9 10 0.2272
395 252 12 16 0.1987
640 251 9 13 0.1858
106 255 12 15 0.1853
742 266 58 59 0.1732
744 270 52 51 0.1731
119 240 13 13 0.1714
637 251 9 13 0.1674
374 239 14 16 0.1639
804 247 11 16 0.1605
122 240 14 14 0.1546
59 254 9 10 0.1485
674 253 12 15 0.1319
809 248 11 14 0.1067
270 261 9 12 0.1018
380 238 11 15 0.0950
107 254 11 15 0.0877
680 255 11 13 0.0864
306 256 8 10 0.0721
393 251 10 16 0.0715
66 266 11 12 0.0707
64 267 13 14 0.0636
401 254 9 13 0.0602
60 266 11 13 0.0557
123 242 15 17 0.0496
279 252 12 16 0.0465
399 254 11 16 0.0451
373 240 16 20 0.0441
303 254 9 12 0.0432
109 255 11 15 0.0403
403 256 9 13 0.0400
57 255 10 12 0.0377
641 252 8 11 0.0369
393 252 11 16 0.0359
308 256 8 11 0.0353
696 257 9 11 0.0327
275 255 9 14 0.0309
693 258 9 11 0.0308
107 253 12 15 0.0308
257 273 9 10 0.0307
675 256 12 13 0.0298
675 254 12 13 0.0284
732 246 13 18 0.0273
829 240 8 9 0.0265
304 256 9 12 0.0263
285 253 12 15 0.0257
617 253 9 12 0.0255
275 256 12 16 0.0226
189 219 26 38 0.0218
257 260 8 11 0.0204
60 267 12 13 0.0192
825 240 8 11 0.0189
401 240 8 11 0.0187
802 248 14 17 0.0183
398 268 9 12 0.0180
404 239 8 11 0.0171
617 254 11 13 0.0164
620 253 10 12 0.0157
326 258 10 15 0.0154
64 281 11 13 0.0144
506 210 15 22 0.0141
308 254 9 12 0.0139
42 269 9 11 0.0134
636 254 9 13 0.0130
731 256 11 12 0.0129
656 251 9 13 0.0128
827 239 8 10 0.0126
393 256 12 18 0.0123
68 267 11 13 0.0114
329 257 12 18 0.0110
33 252 9 13 0.0108
726 256 12 13 0.0105
394 267 10 15 0.0105
501 238 15 20 0.0104
723 227 8 10 0.0102
