2_Demonstration_Political_Rally_2_339
27
617 292 34 57 0.8461
785 483 71 102 0.8424
888 454 28 39 0.8221
962 429 29 51 0.2120
958 430 29 50 0.1277
569 460 20 47 0.0535
567 458 16 47 0.0394
718 421 14 24 0.0376
253 420 9 13 0.0345
256 420 8 13 0.0279
885 425 14 18 0.0266
829 446 23 32 0.0260
836 446 19 32 0.0193
207 423 6 7 0.0164
977 417 25 50 0.0158
205 423 6 7 0.0151
857 418 11 15 0.0149
879 405 15 16 0.0149
743 433 12 15 0.0139
854 418 11 16 0.0131
954 430 33 50 0.0130
875 405 13 14 0.0124
745 435 14 18 0.0124
975 419 30 55 0.0107
715 418 12 26 0.0106
887 424 18 22 0.0105
565 451 15 51 0.0102
