2_Demonstration_Demonstration_Or_Protest_2_140
931
953 639 27 29 0.8253
842 630 25 30 0.7925
523 575 18 22 0.7848
742 547 16 21 0.7750
138 584 18 24 0.7744
768 540 18 22 0.7701
956 590 18 20 0.7698
764 624 17 22 0.7681
202 540 16 19 0.7635
547 524 15 19 0.7553
281 524 15 18 0.7548
906 643 25 26 0.7514
524 526 14 17 0.7477
803 643 18 22 0.7462
184 650 21 21 0.7429
624 627 19 20 0.7408
549 475 14 18 0.7326
638 487 14 18 0.7299
660 638 22 22 0.7173
757 577 16 18 0.6936
702 462 14 16 0.6891
513 502 12 17 0.6772
232 464 15 18 0.6716
333 519 15 19 0.6695
333 606 19 23 0.6688
607 657 24 14 0.6591
833 541 16 19 0.6575
302 606 16 20 0.6545
383 474 13 15 0.6541
639 384 12 15 0.6506
564 466 13 15 0.6477
559 501 14 19 0.6453
779 522 15 16 0.6430
533 490 14 19 0.6324
244 606 16 21 0.6202
650 528 14 15 0.5968
430 620 19 21 0.5964
629 470 15 17 0.5921
686 505 16 17 0.5913
450 484 14 18 0.5885
617 526 16 21 0.5844
414 654 20 16 0.5798
572 536 15 17 0.5751
806 568 16 22 0.5683
860 597 17 17 0.5566
434 590 15 20 0.5564
927 643 19 23 0.5557
181 615 17 18 0.5437
591 458 13 15 0.5419
232 485 14 16 0.5360
915 602 18 19 0.5357
366 599 16 19 0.5345
726 473 13 17 0.5237
911 575 15 18 0.5176
808 569 16 22 0.5042
787 561 17 19 0.5005
723 628 17 20 0.4976
305 558 16 19 0.4957
495 475 14 18 0.4935
688 414 12 16 0.4919
682 476 13 15 0.4915
744 242 7 10 0.4861
549 394 11 15 0.4784
601 379 11 15 0.4777
577 328 11 12 0.4774
414 562 18 20 0.4742
250 562 15 19 0.4647
762 595 18 20 0.4642
457 396 12 15 0.4612
431 620 19 21 0.4597
674 542 13 19 0.4578
159 593 17 19 0.4576
643 462 11 14 0.4559
453 643 18 18 0.4558
302 519 14 17 0.4533
493 629 16 20 0.4495
741 395 11 14 0.4491
378 571 16 18 0.4490
712 571 14 17 0.4489
482 636 15 18 0.4485
531 621 17 24 0.4481
625 376 10 14 0.4449
390 617 15 19 0.4440
513 385 11 14 0.4377
375 510 13 18 0.4367
897 281 10 12 0.4324
412 562 17 20 0.4319
376 631 19 22 0.4139
562 354 10 13 0.4125
535 298 9 12 0.4111
852 263 9 12 0.4090
413 476 15 17 0.4043
416 476 15 18 0.4042
859 288 10 12 0.4041
699 588 15 18 0.4010
218 619 19 21 0.4002
387 617 16 20 0.3956
617 285 8 10 0.3919
860 324 11 13 0.3909
720 312 10 13 0.3871
571 286 8 10 0.3860
750 286 8 10 0.3842
587 313 8 11 0.3830
931 324 11 13 0.3821
454 396 12 15 0.3814
723 312 10 13 0.3812
450 642 18 19 0.3808
680 298 9 12 0.3776
753 286 9 10 0.3758
713 391 10 12 0.3751
156 544 15 18 0.3736
584 313 9 11 0.3732
247 562 15 19 0.3730
375 571 16 18 0.3719
928 324 11 12 0.3711
446 608 15 19 0.3704
927 309 10 12 0.3693
783 262 10 12 0.3672
596 345 8 11 0.3655
619 526 16 21 0.3652
611 248 7 9 0.3651
863 324 10 13 0.3644
678 298 9 11 0.3616
595 287 8 10 0.3610
739 395 10 14 0.3601
784 560 17 20 0.3587
759 260 8 10 0.3584
569 286 7 10 0.3580
552 417 10 14 0.3576
870 237 8 10 0.3572
930 309 9 12 0.3556
622 376 11 13 0.3556
656 332 9 11 0.3546
710 390 10 13 0.3540
947 207 7 9 0.3533
760 296 9 11 0.3517
762 260 8 10 0.3513
763 296 9 11 0.3495
532 298 9 12 0.3485
378 511 13 17 0.3482
599 245 7 9 0.3475
492 475 14 17 0.3468
156 592 17 20 0.3444
720 628 18 20 0.3440
547 394 11 15 0.3435
593 345 9 11 0.3430
332 606 19 23 0.3428
204 588 13 19 0.3422
692 271 9 11 0.3408
855 264 9 11 0.3408
607 313 8 11 0.3403
685 476 12 15 0.3401
768 234 8 10 0.3388
598 287 8 10 0.3364
653 600 15 18 0.3343
822 272 10 12 0.3341
740 651 23 18 0.3321
544 257 7 9 0.3314
770 234 8 10 0.3314
686 414 12 16 0.3308
601 276 8 9 0.3288
872 236 9 11 0.3279
489 531 12 17 0.3269
157 544 15 18 0.3262
559 385 11 14 0.3262
935 244 7 10 0.3241
447 608 16 20 0.3232
604 313 8 11 0.3215
205 639 14 18 0.3191
683 281 9 10 0.3190
962 232 8 9 0.3181
785 318 10 11 0.3167
599 276 7 8 0.3165
658 331 9 12 0.3158
184 615 16 19 0.3141
932 245 8 9 0.3137
829 189 7 8 0.3128
787 262 9 12 0.3128
898 201 7 8 0.3125
788 318 9 11 0.3105
690 271 8 11 0.3100
556 385 11 14 0.3098
821 321 10 12 0.3079
559 354 10 13 0.3076
687 309 9 11 0.3075
874 286 9 11 0.3068
595 245 7 9 0.3063
668 249 8 11 0.3026
723 473 13 17 0.3025
686 281 8 10 0.3020
985 263 9 11 0.3002
655 271 9 12 0.3001
924 185 7 7 0.3000
303 558 15 18 0.2994
673 369 11 13 0.2978
592 385 9 12 0.2969
835 246 8 10 0.2966
511 385 11 14 0.2954
703 199 7 7 0.2954
630 246 8 9 0.2952
925 233 8 9 0.2940
412 654 20 16 0.2937
971 263 8 10 0.2918
685 309 8 11 0.2916
566 246 7 9 0.2913
731 233 8 9 0.2910
760 595 18 20 0.2905
905 325 9 11 0.2898
695 588 16 19 0.2897
676 368 11 13 0.2883
721 258 7 9 0.2879
490 629 16 20 0.2874
541 257 8 9 0.2867
968 263 8 10 0.2858
646 462 11 14 0.2849
492 429 10 13 0.2836
908 324 10 12 0.2832
938 227 8 9 0.2828
714 571 13 17 0.2824
666 250 8 10 0.2807
825 274 10 13 0.2784
738 268 7 10 0.2774
705 216 7 9 0.2768
758 209 7 9 0.2757
937 207 6 8 0.2753
805 303 9 12 0.2751
678 390 12 14 0.2734
598 551 16 19 0.2734
653 271 9 12 0.2724
741 225 6 9 0.2719
602 380 12 14 0.2710
701 216 7 9 0.2706
567 429 11 15 0.2698
528 621 18 23 0.2690
496 429 9 13 0.2689
913 602 17 18 0.2676
687 255 7 9 0.2672
660 562 14 17 0.2665
933 207 7 8 0.2662
803 303 9 12 0.2660
681 208 7 8 0.2649
734 268 8 10 0.2649
738 225 7 9 0.2640
858 596 17 18 0.2615
327 643 17 17 0.2609
740 186 6 8 0.2608
844 222 6 8 0.2595
331 519 15 19 0.2587
956 215 7 9 0.2583
728 233 7 9 0.2557
737 186 6 8 0.2553
936 279 9 12 0.2543
841 222 6 8 0.2516
610 431 12 14 0.2515
818 201 8 10 0.2507
453 485 13 17 0.2506
671 542 13 19 0.2503
820 272 9 12 0.2500
795 218 6 8 0.2492
702 236 7 10 0.2490
942 227 7 9 0.2482
570 429 11 15 0.2467
642 236 7 8 0.2448
934 278 10 12 0.2445
953 215 7 9 0.2436
304 578 12 16 0.2414
886 201 6 8 0.2409
798 241 7 10 0.2400
837 246 7 10 0.2397
639 235 7 9 0.2392
626 612 16 16 0.2390
656 272 10 12 0.2386
773 188 7 9 0.2375
877 284 9 12 0.2370
998 218 7 10 0.2366
761 210 7 9 0.2360
1001 218 8 10 0.2352
783 216 7 8 0.2352
892 190 6 7 0.2324
684 256 7 9 0.2311
823 321 10 12 0.2306
670 320 9 12 0.2306
867 181 6 8 0.2305
887 228 8 11 0.2301
745 651 20 18 0.2292
954 214 7 9 0.2286
673 319 9 13 0.2271
718 258 8 9 0.2250
363 599 16 19 0.2233
777 188 7 9 0.2219
890 228 8 11 0.2209
964 232 8 10 0.2199
531 490 14 19 0.2197
686 196 8 9 0.2190
690 196 7 9 0.2189
947 188 6 7 0.2181
940 227 7 9 0.2178
680 223 7 9 0.2170
975 216 7 9 0.2158
933 280 9 11 0.2149
858 289 9 11 0.2141
889 189 6 8 0.2130
801 241 7 10 0.2129
687 242 7 8 0.2116
160 544 14 18 0.2102
822 223 8 9 0.2093
781 209 7 8 0.2092
727 252 8 9 0.2089
819 321 10 12 0.2088
931 643 18 22 0.2071
912 177 7 9 0.2069
594 458 13 15 0.2063
670 251 8 9 0.2062
807 217 7 9 0.2060
844 196 7 8 0.2052
793 275 8 10 0.2040
512 576 13 17 0.2013
32 662 20 10 0.2007
682 350 10 12 0.2002
515 385 10 14 0.2001
806 304 9 11 0.1991
589 385 9 12 0.1990
671 391 10 13 0.1967
878 190 7 7 0.1959
741 212 7 8 0.1951
555 417 10 13 0.1941
716 185 7 8 0.1919
796 171 6 7 0.1914
840 178 7 8 0.1913
761 175 6 7 0.1910
656 561 14 18 0.1908
720 185 6 8 0.1903
839 300 8 11 0.1898
299 519 14 17 0.1897
733 167 6 7 0.1893
864 180 6 8 0.1889
833 246 8 11 0.1888
665 454 11 14 0.1858
674 216 6 8 0.1857
671 317 8 10 0.1855
398 391 13 14 0.1849
972 215 7 9 0.1849
299 519 14 18 0.1833
820 189 7 7 0.1817
576 328 9 12 0.1815
797 241 7 9 0.1799
816 188 6 8 0.1795
493 532 12 16 0.1794
563 247 8 9 0.1789
661 204 7 9 0.1776
608 433 11 14 0.1768
608 430 11 15 0.1767
793 185 7 8 0.1749
685 505 14 17 0.1743
800 240 7 10 0.1742
703 216 7 9 0.1727
627 213 5 7 0.1718
683 241 7 9 0.1716
806 216 6 9 0.1712
922 196 7 8 0.1712
842 300 9 11 0.1707
235 485 14 17 0.1698
684 242 7 9 0.1689
886 227 8 11 0.1688
819 188 6 8 0.1679
629 213 6 7 0.1677
879 221 7 9 0.1676
971 197 6 8 0.1672
784 317 10 11 0.1671
758 200 7 9 0.1660
874 573 15 19 0.1657
686 241 7 9 0.1652
927 184 6 8 0.1651
915 178 7 9 0.1647
932 278 10 12 0.1640
585 228 7 9 0.1637
365 548 16 18 0.1635
893 190 6 8 0.1623
693 137 7 9 0.1622
738 212 7 8 0.1620
480 637 15 17 0.1619
845 238 8 10 0.1610
793 172 6 7 0.1609
765 175 7 7 0.1604
659 204 6 10 0.1603
987 264 8 12 0.1600
803 305 9 11 0.1599
469 388 12 14 0.1577
701 237 8 10 0.1561
890 227 8 11 0.1558
373 631 20 23 0.1552
582 228 7 9 0.1534
949 188 6 8 0.1529
811 158 6 7 0.1518
975 247 8 9 0.1511
490 532 13 18 0.1510
568 432 11 14 0.1507
764 657 13 12 0.1496
789 198 7 8 0.1495
512 585 13 18 0.1484
628 503 12 14 0.1460
632 471 14 15 0.1452
629 283 8 10 0.1447
219 620 20 21 0.1442
681 143 6 8 0.1437
919 196 6 8 0.1436
611 433 12 15 0.1431
837 180 6 8 0.1416
564 246 7 9 0.1415
974 197 6 7 0.1413
814 159 6 7 0.1411
670 170 6 8 0.1408
692 359 10 13 0.1405
614 285 7 9 0.1402
744 175 7 8 0.1394
1017 198 6 9 0.1392
524 276 9 11 0.1379
701 165 5 7 0.1371
323 643 17 17 0.1364
586 229 8 9 0.1361
696 138 6 8 0.1349
681 393 11 14 0.1349
899 282 10 12 0.1348
731 167 6 7 0.1341
731 168 5 6 0.1336
301 578 13 16 0.1328
938 197 6 8 0.1321
890 271 9 12 0.1318
745 320 9 11 0.1307
824 169 6 7 0.1303
742 225 7 9 0.1274
860 192 7 8 0.1265
882 190 6 7 0.1264
530 255 7 8 0.1260
772 234 8 10 0.1259
583 229 7 10 0.1256
845 161 6 8 0.1249
246 606 16 21 0.1241
579 328 11 13 0.1229
698 166 5 7 0.1225
709 135 6 8 0.1223
682 163 6 7 0.1223
675 368 11 13 0.1213
527 255 7 8 0.1210
661 204 7 8 0.1206
221 618 19 22 0.1203
843 161 5 8 0.1202
855 217 8 9 0.1199
656 218 7 9 0.1192
557 501 13 19 0.1187
719 248 8 10 0.1183
644 210 7 9 0.1166
680 162 6 8 0.1163
694 270 9 11 0.1161
854 215 7 9 0.1161
745 599 13 15 0.1148
685 350 10 12 0.1146
919 233 8 9 0.1130
622 225 7 9 0.1124
759 595 17 20 0.1118
861 179 6 8 0.1101
749 158 5 7 0.1093
914 576 14 17 0.1085
31 660 19 12 0.1083
269 664 16 8 0.1072
570 536 14 17 0.1069
827 277 8 11 0.1064
712 135 7 9 0.1053
865 180 6 8 0.1045
790 277 9 11 0.1037
828 189 6 8 0.1036
762 176 6 8 0.1030
861 289 9 12 0.1027
626 611 14 14 0.1017
891 270 9 11 0.0991
769 217 7 8 0.0986
752 158 5 7 0.0982
630 213 6 7 0.0975
1000 216 7 10 0.0972
696 165 6 7 0.0971
672 368 11 13 0.0968
895 280 9 12 0.0965
700 238 8 9 0.0956
778 251 9 10 0.0954
567 466 12 15 0.0951
700 164 5 8 0.0947
737 187 7 8 0.0940
824 277 9 11 0.0940
880 189 7 8 0.0934
606 314 8 10 0.0925
721 186 6 8 0.0915
878 574 14 17 0.0910
442 480 10 15 0.0895
524 279 9 11 0.0895
567 246 7 9 0.0893
667 170 7 9 0.0892
521 276 9 12 0.0881
888 270 9 10 0.0876
362 547 17 20 0.0875
806 217 7 9 0.0874
701 215 6 9 0.0871
377 631 19 23 0.0869
923 232 7 9 0.0864
795 212 7 8 0.0863
736 267 7 9 0.0857
853 216 7 9 0.0852
792 158 6 8 0.0851
514 664 17 8 0.0841
413 530 15 17 0.0834
846 162 6 8 0.0832
519 627 12 17 0.0827
795 158 6 8 0.0824
954 215 7 9 0.0821
838 179 5 7 0.0820
520 279 9 12 0.0813
399 392 14 16 0.0812
637 384 12 15 0.0809
691 138 7 9 0.0807
693 650 17 19 0.0805
684 394 11 13 0.0804
978 248 8 9 0.0804
779 215 7 9 0.0800
730 657 22 14 0.0794
656 275 9 10 0.0781
970 168 7 8 0.0781
628 468 14 17 0.0779
675 211 6 9 0.0775
711 572 13 16 0.0767
658 203 6 9 0.0767
917 212 8 9 0.0765
728 250 7 9 0.0763
677 162 6 7 0.0763
838 219 7 8 0.0762
683 390 11 14 0.0759
834 218 7 10 0.0757
698 361 10 11 0.0756
874 237 8 11 0.0753
381 474 12 15 0.0750
800 263 8 11 0.0742
729 234 8 10 0.0725
201 587 12 19 0.0724
748 319 9 12 0.0724
673 392 9 12 0.0720
303 519 14 18 0.0718
774 189 7 9 0.0714
741 187 7 7 0.0712
540 256 8 9 0.0712
976 215 7 9 0.0710
802 191 7 8 0.0707
837 541 15 19 0.0705
671 318 9 11 0.0696
882 603 15 18 0.0693
702 199 6 7 0.0691
597 544 14 17 0.0690
572 432 10 15 0.0680
805 167 6 7 0.0678
698 650 16 19 0.0678
222 620 19 21 0.0675
636 184 7 8 0.0674
939 299 10 13 0.0669
858 189 7 8 0.0657
729 166 5 7 0.0656
647 210 7 8 0.0654
882 178 7 8 0.0650
268 660 16 11 0.0650
200 371 14 14 0.0647
724 349 8 10 0.0646
778 189 7 9 0.0642
597 244 7 9 0.0638
842 302 8 10 0.0633
418 530 12 16 0.0633
798 263 9 11 0.0631
823 148 6 7 0.0631
771 148 6 7 0.0627
973 168 7 9 0.0625
631 270 8 9 0.0625
912 231 8 9 0.0624
721 349 8 10 0.0623
816 194 7 10 0.0622
982 263 9 11 0.0622
235 464 14 17 0.0619
629 247 7 9 0.0619
927 186 6 7 0.0614
633 184 7 8 0.0610
572 445 12 14 0.0610
374 631 19 23 0.0608
824 239 8 10 0.0606
667 148 6 7 0.0603
555 418 10 14 0.0596
710 570 13 17 0.0596
977 246 8 9 0.0595
972 263 8 10 0.0590
197 371 14 15 0.0578
882 223 7 9 0.0576
759 577 16 18 0.0574
721 185 6 8 0.0569
848 237 8 10 0.0567
300 605 15 21 0.0564
732 428 12 15 0.0560
850 217 7 9 0.0559
651 560 11 16 0.0557
596 245 8 9 0.0554
642 236 7 9 0.0552
923 182 6 9 0.0550
877 285 9 12 0.0546
954 244 8 10 0.0545
305 658 22 13 0.0542
642 384 11 15 0.0541
825 168 6 7 0.0540
599 379 11 14 0.0540
611 246 8 9 0.0539
306 662 21 10 0.0539
664 148 6 7 0.0536
651 597 14 18 0.0534
736 429 10 14 0.0533
445 484 11 16 0.0532
530 376 9 11 0.0531
797 171 6 7 0.0529
655 331 9 11 0.0527
805 279 10 11 0.0526
613 249 7 9 0.0516
632 245 8 10 0.0513
862 289 10 11 0.0513
776 189 7 8 0.0513
699 165 7 7 0.0512
744 317 9 11 0.0511
647 528 14 15 0.0508
402 390 13 15 0.0504
400 101 8 10 0.0500
28 662 20 10 0.0499
728 232 7 8 0.0497
663 453 10 15 0.0494
934 207 7 8 0.0491
933 243 8 11 0.0491
624 568 11 15 0.0487
516 501 13 17 0.0481
160 544 14 18 0.0478
1019 200 5 9 0.0475
518 664 16 8 0.0474
998 215 6 10 0.0473
974 197 7 8 0.0471
599 288 7 9 0.0469
927 183 6 8 0.0467
528 375 9 12 0.0466
777 521 14 16 0.0463
949 188 7 8 0.0462
968 265 9 10 0.0459
548 475 13 18 0.0450
653 195 7 8 0.0447
833 246 8 9 0.0447
626 214 6 7 0.0444
771 173 6 8 0.0444
713 136 6 8 0.0444
1019 244 5 11 0.0442
747 318 9 11 0.0442
734 432 11 13 0.0442
839 302 8 10 0.0440
882 206 7 8 0.0440
652 556 13 18 0.0437
569 446 12 15 0.0435
730 168 5 7 0.0430
657 599 16 21 0.0430
392 663 21 9 0.0422
248 606 15 20 0.0419
876 287 8 10 0.0418
701 216 7 8 0.0416
556 383 10 13 0.0413
209 639 13 16 0.0413
406 80 6 7 0.0413
472 492 10 13 0.0408
645 202 7 9 0.0407
679 162 6 8 0.0403
834 245 8 9 0.0402
25 657 18 15 0.0399
764 256 7 10 0.0399
678 144 6 7 0.0399
1001 248 9 10 0.0397
799 146 6 7 0.0396
748 156 5 7 0.0394
403 80 6 7 0.0394
397 102 8 9 0.0391
737 432 10 14 0.0387
751 156 5 7 0.0386
876 569 16 20 0.0383
995 261 9 11 0.0380
972 196 6 7 0.0376
757 210 7 8 0.0374
677 140 6 9 0.0373
827 267 9 11 0.0373
745 186 6 8 0.0370
694 138 7 7 0.0369
18 654 15 15 0.0369
846 162 6 7 0.0367
682 241 8 9 0.0367
392 659 18 13 0.0364
836 637 18 22 0.0360
408 535 17 19 0.0356
891 246 9 10 0.0354
701 462 12 16 0.0350
562 246 7 9 0.0347
821 270 9 12 0.0347
509 576 12 16 0.0347
594 543 13 16 0.0346
826 150 6 7 0.0343
957 159 5 8 0.0339
975 153 5 7 0.0336
775 293 9 10 0.0332
313 659 17 12 0.0327
688 614 16 21 0.0325
874 235 8 10 0.0323
626 503 11 14 0.0322
968 194 6 8 0.0320
752 165 6 8 0.0319
431 590 13 19 0.0317
961 233 8 9 0.0314
786 263 9 12 0.0314
398 101 7 9 0.0312
769 168 6 8 0.0312
616 285 8 10 0.0311
563 355 10 12 0.0305
799 240 7 10 0.0302
567 246 7 9 0.0302
596 546 15 19 0.0301
750 435 13 16 0.0298
620 568 12 16 0.0297
518 624 15 19 0.0295
654 197 7 8 0.0293
640 216 6 8 0.0292
743 597 12 15 0.0290
590 457 12 15 0.0289
745 241 7 10 0.0288
810 157 5 8 0.0288
685 302 10 12 0.0284
653 270 8 11 0.0281
494 532 12 17 0.0277
530 620 16 22 0.0275
906 190 7 9 0.0275
769 235 9 10 0.0274
970 247 8 10 0.0270
512 572 13 16 0.0269
972 480 13 15 0.0268
670 657 18 14 0.0267
908 234 8 9 0.0265
525 256 8 9 0.0264
1018 256 6 11 0.0257
935 301 11 12 0.0257
436 591 17 20 0.0256
1003 217 8 10 0.0255
524 253 7 9 0.0254
973 152 5 7 0.0252
596 288 7 10 0.0248
506 323 8 11 0.0246
559 355 10 13 0.0242
597 210 7 8 0.0241
683 380 11 13 0.0241
1016 198 7 8 0.0240
732 266 8 10 0.0240
609 249 7 9 0.0240
774 147 6 7 0.0239
182 650 20 20 0.0234
595 343 8 11 0.0234
842 135 5 6 0.0233
885 325 9 11 0.0233
798 142 6 7 0.0232
777 522 14 17 0.0232
899 214 8 9 0.0231
523 272 8 11 0.0231
600 275 7 8 0.0231
629 268 8 10 0.0229
845 135 6 6 0.0229
872 568 16 20 0.0226
954 159 6 8 0.0224
407 349 10 12 0.0222
823 270 9 11 0.0221
696 357 9 12 0.0221
404 79 6 7 0.0220
823 319 10 12 0.0215
591 343 10 12 0.0213
401 79 6 7 0.0213
678 296 9 11 0.0212
971 152 5 7 0.0211
674 391 12 14 0.0210
870 238 8 10 0.0208
886 269 9 11 0.0206
748 316 9 11 0.0206
731 661 23 11 0.0205
731 419 11 13 0.0205
1018 240 6 11 0.0205
630 459 12 14 0.0204
683 197 7 8 0.0203
508 586 13 17 0.0203
820 143 5 7 0.0202
751 289 8 11 0.0202
800 146 7 8 0.0200
606 184 6 9 0.0198
824 148 6 6 0.0196
510 412 11 14 0.0195
635 182 6 8 0.0195
696 363 10 13 0.0193
177 476 14 17 0.0191
559 382 10 13 0.0191
594 210 7 9 0.0191
1015 243 8 9 0.0190
165 508 12 13 0.0190
650 599 14 18 0.0188
626 269 8 10 0.0188
783 262 8 11 0.0188
663 661 24 11 0.0188
759 259 8 9 0.0188
543 259 8 9 0.0187
273 659 15 11 0.0186
471 392 12 15 0.0183
329 647 16 17 0.0182
678 349 9 12 0.0181
925 643 19 23 0.0180
639 295 8 10 0.0179
693 269 8 11 0.0177
876 571 15 19 0.0176
141 613 13 18 0.0174
935 603 14 18 0.0172
134 571 15 18 0.0172
744 649 20 18 0.0172
504 323 8 11 0.0170
596 287 7 9 0.0169
997 199 7 8 0.0169
883 158 7 9 0.0167
887 156 6 8 0.0166
386 474 12 15 0.0166
657 441 11 14 0.0166
685 194 7 8 0.0164
679 348 9 11 0.0163
657 594 14 20 0.0162
765 229 7 9 0.0162
512 261 7 10 0.0162
404 349 9 12 0.0161
980 199 6 8 0.0160
790 153 6 7 0.0158
471 493 11 13 0.0157
502 240 8 10 0.0157
76 271 6 8 0.0156
72 271 6 8 0.0156
937 278 9 11 0.0156
507 412 10 13 0.0155
990 266 7 11 0.0155
734 222 7 8 0.0155
909 178 7 9 0.0155
596 549 14 19 0.0155
689 194 7 9 0.0154
505 241 8 10 0.0152
880 175 6 7 0.0152
631 184 7 8 0.0148
911 175 7 9 0.0148
649 556 12 17 0.0148
972 549 16 20 0.0147
723 347 9 12 0.0146
974 168 7 8 0.0145
905 322 11 13 0.0144
729 269 7 9 0.0144
899 280 9 12 0.0143
132 569 12 16 0.0142
654 332 9 12 0.0141
587 314 9 11 0.0141
506 240 8 10 0.0140
783 317 8 12 0.0139
835 630 15 20 0.0139
472 495 11 14 0.0138
401 102 8 9 0.0137
603 313 8 10 0.0137
707 143 7 8 0.0136
789 264 9 11 0.0135
311 662 19 10 0.0134
600 555 18 22 0.0133
883 328 10 11 0.0133
648 277 8 11 0.0131
490 626 17 20 0.0131
667 457 11 13 0.0129
752 282 8 10 0.0129
812 144 6 7 0.0129
625 571 11 16 0.0128
632 181 6 8 0.0128
692 291 9 11 0.0128
857 289 9 12 0.0126
135 570 13 16 0.0126
636 293 8 10 0.0126
771 541 17 21 0.0125
773 393 11 16 0.0124
857 148 6 8 0.0122
676 587 17 21 0.0120
729 420 11 13 0.0120
965 264 8 10 0.0120
862 595 16 18 0.0118
650 268 9 11 0.0118
547 393 12 16 0.0118
465 591 14 16 0.0116
749 645 18 20 0.0116
685 348 10 11 0.0116
654 268 9 12 0.0115
717 277 8 9 0.0114
562 386 10 14 0.0113
768 140 7 8 0.0112
366 609 15 17 0.0112
933 274 8 10 0.0111
833 458 13 16 0.0111
768 294 8 11 0.0111
605 380 10 14 0.0111
673 240 7 9 0.0110
998 243 8 10 0.0110
839 329 9 11 0.0109
608 315 8 10 0.0109
467 595 14 17 0.0109
691 309 9 11 0.0108
638 205 7 8 0.0108
596 214 7 9 0.0108
681 260 7 10 0.0107
0 637 9 18 0.0107
820 320 9 11 0.0106
897 273 9 11 0.0105
438 591 15 19 0.0105
651 564 13 16 0.0104
527 620 15 21 0.0104
773 390 10 15 0.0103
956 162 6 8 0.0103
644 464 12 15 0.0103
401 101 7 8 0.0103
576 330 10 12 0.0103
207 642 15 16 0.0102
741 645 21 21 0.0102
1020 297 4 13 0.0102
688 506 15 17 0.0101
280 427 12 14 0.0101
756 538 14 17 0.0101
