2_Demonstration_Demonstration_Or_Protest_2_441
35
235 155 39 47 0.8680
612 177 39 45 0.8620
855 172 36 43 0.8618
933 155 35 45 0.8591
328 209 37 43 0.8532
287 187 32 40 0.8522
500 163 37 53 0.8511
788 159 41 51 0.8474
111 187 39 48 0.8426
0 190 32 40 0.8367
569 176 35 44 0.8352
719 163 31 43 0.8093
401 166 37 43 0.7795
902 601 45 36 0.7699
852 357 27 30 0.7576
497 579 46 36 0.7135
310 173 32 41 0.7071
445 172 34 44 0.6471
141 166 29 37 0.6101
401 166 37 43 0.3040
497 579 46 41 0.2871
138 166 29 38 0.1866
933 155 35 46 0.0591
131 207 26 30 0.0510
302 171 33 39 0.0309
134 174 26 32 0.0207
0 211 11 34 0.0162
151 166 29 36 0.0160
361 563 30 26 0.0148
0 153 14 35 0.0141
990 73 21 25 0.0128
121 193 34 43 0.0123
499 584 40 47 0.0121
315 174 29 40 0.0109
461 681 39 28 0.0108
