25_Soldier_Patrol_Soldier_Patrol_25_515
71
535 311 14 20 0.7663
802 292 18 27 0.7623
637 311 16 22 0.7475
833 312 17 25 0.7201
575 324 14 18 0.6675
698 315 16 24 0.6427
614 321 15 19 0.6095
460 312 13 22 0.6090
666 312 16 22 0.5851
393 310 14 19 0.5812
718 300 20 26 0.5682
473 317 15 22 0.5489
563 338 12 17 0.5441
412 316 14 20 0.5376
883 325 18 27 0.5348
910 310 16 23 0.5304
787 307 17 25 0.5111
733 322 12 21 0.4952
372 319 14 20 0.4909
858 304 15 23 0.4805
366 295 14 21 0.4388
439 331 11 19 0.4344
522 316 12 17 0.4295
519 316 12 17 0.4240
55 307 15 21 0.4157
364 295 13 21 0.4154
785 307 17 25 0.3997
720 300 20 26 0.3945
58 308 15 19 0.3928
371 319 13 19 0.3604
476 318 14 21 0.2849
415 316 14 20 0.2195
860 304 15 23 0.2097
670 312 16 22 0.2095
914 310 17 23 0.2082
442 331 11 19 0.1900
736 323 12 20 0.1885
887 325 18 25 0.1830
863 304 13 22 0.1760
561 338 12 17 0.1546
173 300 8 11 0.1460
440 332 11 18 0.1419
457 313 12 20 0.1402
612 320 15 19 0.1302
836 312 17 25 0.1152
751 310 13 21 0.1135
176 300 8 11 0.1109
651 299 15 20 0.1013
477 318 14 21 0.0841
636 304 16 22 0.0794
172 298 7 11 0.0786
175 298 8 12 0.0776
696 315 15 23 0.0645
884 327 17 27 0.0388
579 325 13 18 0.0294
750 308 12 20 0.0252
565 338 13 17 0.0239
93 303 7 8 0.0214
468 316 15 22 0.0199
749 313 13 21 0.0197
573 322 13 18 0.0189
91 302 7 8 0.0185
571 324 14 18 0.0184
389 311 13 19 0.0175
90 303 8 10 0.0165
139 304 10 11 0.0162
443 332 11 18 0.0162
641 301 16 19 0.0148
618 319 15 19 0.0130
700 315 16 24 0.0114
135 304 10 10 0.0112
