25_Soldier_Patrol_Soldier_Patrol_25_679
32
597 153 84 100 0.8894
308 126 39 52 0.8714
436 61 37 43 0.8667
121 199 38 44 0.8656
869 37 39 48 0.8623
200 173 47 55 0.8538
308 97 29 30 0.8464
85 180 28 33 0.8463
491 150 29 35 0.8421
33 122 16 18 0.5114
30 122 16 18 0.3026
164 162 7 8 0.1751
161 162 7 8 0.1719
178 152 6 7 0.1347
181 152 6 7 0.1316
144 153 7 9 0.0736
147 154 6 8 0.0506
182 153 7 7 0.0436
163 161 6 8 0.0272
181 152 6 8 0.0240
91 158 6 7 0.0217
141 153 7 9 0.0210
143 154 7 9 0.0197
112 142 6 7 0.0184
183 152 7 8 0.0182
93 158 7 8 0.0174
110 142 6 7 0.0163
179 150 6 8 0.0160
161 159 6 8 0.0157
282 134 13 28 0.0130
176 150 6 8 0.0110
142 155 6 8 0.0107
