25_Soldier_Patrol_Soldier_Patrol_25_869
31
668 191 130 141 0.8530
317 236 33 39 0.8224
219 226 19 23 0.4229
27 212 18 21 0.4187
163 216 15 17 0.3548
222 226 19 23 0.3532
31 212 17 21 0.2744
137 157 8 11 0.2338
140 157 9 11 0.2316
158 216 16 17 0.1607
361 107 8 10 0.1496
365 108 8 10 0.1307
358 106 8 10 0.0735
160 212 15 19 0.0509
159 214 16 19 0.0364
363 110 8 9 0.0346
367 110 7 9 0.0311
359 104 9 10 0.0279
363 108 9 11 0.0263
169 216 11 15 0.0231
515 21 6 7 0.0227
513 20 5 8 0.0217
136 158 10 12 0.0211
445 47 7 8 0.0193
448 47 6 8 0.0140
138 154 9 12 0.0139
26 211 17 20 0.0125
518 20 5 7 0.0122
137 160 8 10 0.0115
356 103 8 10 0.0109
141 159 8 11 0.0107
