25_Soldier_Patrol_Soldier_Patrol_25_700
74
81 428 26 31 0.8184
539 369 33 43 0.8026
173 390 24 35 0.7249
479 415 18 23 0.6340
587 415 17 21 0.5314
432 416 14 19 0.4735
888 383 18 27 0.3995
218 405 18 24 0.3983
123 422 16 20 0.2798
477 415 19 23 0.2392
460 423 12 16 0.2264
886 383 18 25 0.2203
60 393 13 18 0.2179
409 426 13 16 0.2130
627 424 10 16 0.1567
56 393 14 18 0.1563
110 398 18 26 0.1438
111 395 18 27 0.1405
412 427 12 16 0.1384
429 416 13 19 0.1358
53 420 17 20 0.1311
394 413 11 14 0.1121
890 385 17 27 0.1088
106 399 19 26 0.1084
624 425 10 15 0.1010
457 423 12 16 0.0833
430 414 14 19 0.0816
506 414 18 21 0.0792
224 406 18 24 0.0790
594 415 13 19 0.0736
390 413 11 13 0.0723
230 413 15 19 0.0707
506 413 15 18 0.0692
120 423 16 19 0.0670
502 415 17 19 0.0651
118 423 19 23 0.0613
57 419 17 22 0.0566
596 410 11 16 0.0515
122 423 19 24 0.0456
461 427 12 17 0.0451
581 416 16 22 0.0411
631 424 9 15 0.0396
437 415 12 18 0.0396
629 428 9 15 0.0384
232 410 15 20 0.0367
625 428 10 14 0.0337
588 411 15 22 0.0329
391 414 13 15 0.0327
182 392 18 31 0.0312
886 385 19 26 0.0309
407 428 12 15 0.0284
234 409 12 19 0.0282
391 416 12 14 0.0270
455 428 13 16 0.0251
119 394 14 21 0.0240
213 405 18 25 0.0236
502 413 15 17 0.0220
935 429 9 10 0.0213
57 391 15 20 0.0207
226 399 17 23 0.0194
625 421 11 15 0.0190
571 419 14 21 0.0185
235 416 13 17 0.0185
69 395 14 18 0.0184
108 404 19 27 0.0180
590 413 17 22 0.0176
210 405 16 22 0.0175
221 409 18 22 0.0161
938 430 9 10 0.0146
632 431 8 14 0.0137
105 397 18 25 0.0132
109 392 18 25 0.0118
896 384 15 24 0.0117
512 412 17 21 0.0105
