25_Soldier_Patrol_Soldier_Patrol_25_1029
51
120 437 62 74 0.8759
253 358 58 68 0.8727
457 178 48 54 0.8716
875 170 41 46 0.8699
609 295 39 42 0.8685
738 144 57 71 0.8679
659 310 37 41 0.8673
248 179 43 54 0.8613
554 328 31 39 0.8591
580 142 31 44 0.8537
154 198 52 60 0.8531
717 185 37 45 0.8523
499 183 31 44 0.8261
657 192 29 41 0.7997
436 163 9 12 0.2961
433 163 9 12 0.2544
412 183 6 9 0.2523
518 384 38 64 0.2165
499 183 31 44 0.1981
389 181 7 10 0.1943
392 182 7 10 0.1674
552 164 9 11 0.1609
400 186 7 9 0.1477
551 164 8 10 0.1126
435 162 8 12 0.1077
982 244 42 62 0.0932
549 165 8 10 0.0928
518 385 38 62 0.0858
391 181 6 9 0.0747
424 177 8 9 0.0685
433 162 8 11 0.0610
987 244 37 64 0.0575
392 183 7 9 0.0419
991 244 33 61 0.0404
548 164 7 9 0.0387
387 180 7 10 0.0375
411 183 8 9 0.0373
386 182 8 10 0.0335
409 183 7 9 0.0320
549 164 10 12 0.0300
395 184 6 10 0.0293
556 160 10 14 0.0291
412 184 6 9 0.0257
543 172 11 13 0.0203
462 153 10 12 0.0190
508 156 10 13 0.0188
547 172 11 14 0.0183
504 156 12 14 0.0176
555 163 10 15 0.0172
437 162 9 12 0.0116
643 190 19 27 0.0101
